   0.0000000000   0.0000000000   0.0000000000   0.0000000000
   0.0050000000   0.0000000000   0.0000000000   0.0000000000
   0.0100000000   0.0000000000   0.0000000000   0.0000000000
   0.0149999999   0.0000000000   0.0000000000   0.0000000000
   0.0199999999   0.0000000000   0.0000000000   0.0000000000
   0.0249999999   0.0000000000   0.0000000000   0.0000000000
   0.0299999999   0.0000000000   0.0000000000   0.0000000000
   0.0349999999   0.0000000000   0.0000000000   0.0000000000
   0.0399999999   0.0000000000   0.0000000000   0.0000000000
   0.0449999998   0.0000000000   0.0000000000   0.0000000000
   0.0499999998   0.0000000000   0.0000000000   0.0000000000
   0.0549999998   0.0000000000   0.0000000000   0.0000000000
   0.0599999998   0.0000000000   0.0000000000   0.0000000000
   0.0649999998   0.0000000000   0.0000000000   0.0000000000
   0.0699999998   0.0000000000   0.0000000000   0.0000000000
   0.0749999997   0.0000000000   0.0000000000   0.0000000000
   0.0799999997   0.0000000000   0.0000000000   0.0000000000
   0.0849999997   0.0000000000  -0.0000000000   0.0000000000
   0.0899999997  -0.0000000000   0.0000000000  -0.0000000000
   0.0949999997   0.0000000000  -0.0000000000   0.0000000000
   0.0999999997  -0.0000000000   0.0000000000  -0.0000000000
   0.1049999996  -0.0000000000   0.0000000000  -0.0000000000
   0.1099999996  -0.0000000000   0.0000000000  -0.0000000000
   0.1149999996  -0.0000000000   0.0000000000  -0.0000000000
   0.1199999996  -0.0000000000   0.0000000000  -0.0000000000
   0.1249999996  -0.0000000000   0.0000000000  -0.0000000000
   0.1299999996   0.0000000000   0.0000000000   0.0000000000
   0.1349999995   0.0000000000  -0.0000000000   0.0000000000
   0.1399999995   0.0000000000  -0.0000000000   0.0000000000
   0.1449999995   0.0000000000  -0.0000000000   0.0000000000
   0.1499999995   0.0000000000  -0.0000000000   0.0000000000
   0.1549999995   0.0000000000  -0.0000000000   0.0000000000
   0.1599999995   0.0000000000  -0.0000000000   0.0000000000
   0.1649999994   0.0000000000  -0.0000000000   0.0000000000
   0.1699999994   0.0000000000  -0.0000000000   0.0000000000
   0.1749999994   0.0000000000  -0.0000000000   0.0000000000
   0.1799999994   0.0000000000  -0.0000000000   0.0000000000
   0.1849999994   0.0000000000  -0.0000000000   0.0000000000
   0.1899999994   0.0000000000  -0.0000000000   0.0000000000
   0.1949999993   0.0000000000  -0.0000000000   0.0000000000
   0.1999999993   0.0000000000  -0.0000000000   0.0000000000
   0.2049999993  -0.0000000000   0.0000000000   0.0000000000
   0.2099999993  -0.0000000000   0.0000000000  -0.0000000000
   0.2149999993  -0.0000000000   0.0000000000  -0.0000000000
   0.2199999993  -0.0000000000   0.0000000000  -0.0000000000
   0.2249999992  -0.0000000000   0.0000000000  -0.0000000000
   0.2299999992  -0.0000000000   0.0000000000  -0.0000000000
   0.2349999992  -0.0000000000   0.0000000000  -0.0000000000
   0.2399999992   0.0000000000   0.0000000000  -0.0000000000
   0.2449999992   0.0000000000  -0.0000000000   0.0000000000
   0.2499999992   0.0000000000  -0.0000000000   0.0000000000
   0.2549999991   0.0000000000  -0.0000000000   0.0000000000
   0.2599999991   0.0000000000  -0.0000000000   0.0000000000
   0.2649999991   0.0000000000  -0.0000000000   0.0000000000
   0.2699999991   0.0000000000  -0.0000000000   0.0000000000
   0.2749999991   0.0000000000  -0.0000000000   0.0000000000
   0.2799999991   0.0000000000  -0.0000000000   0.0000000000
   0.2849999990   0.0000000000  -0.0000000000   0.0000000000
   0.2899999990   0.0000000000  -0.0000000000   0.0000000000
   0.2949999990   0.0000000000  -0.0000000000   0.0000000000
   0.2999999990   0.0000000000  -0.0000000000   0.0000000000
   0.3049999990   0.0000000000  -0.0000000000   0.0000000000
   0.3099999990   0.0000000000  -0.0000000000   0.0000000000
   0.3149999989   0.0000000000  -0.0000000000   0.0000000000
   0.3199999989   0.0000000000  -0.0000000000   0.0000000000
   0.3249999989   0.0000000000  -0.0000000000   0.0000000000
   0.3299999989   0.0000000000  -0.0000000000   0.0000000000
   0.3349999989   0.0000000000  -0.0000000000   0.0000000000
   0.3399999989   0.0000000000  -0.0000000000   0.0000000000
   0.3449999988   0.0000000000  -0.0000000000   0.0000000000
   0.3499999988   0.0000000000  -0.0000000000   0.0000000000
   0.3549999988   0.0000000000  -0.0000000000   0.0000000000
   0.3599999988   0.0000000000  -0.0000000000   0.0000000000
   0.3649999988   0.0000000000  -0.0000000000   0.0000000000
   0.3699999988   0.0000000000  -0.0000000000   0.0000000000
   0.3749999987   0.0000000000  -0.0000000000   0.0000000000
   0.3799999987   0.0000000000  -0.0000000000   0.0000000000
   0.3849999987   0.0000000000  -0.0000000000   0.0000000000
   0.3899999987   0.0000000000  -0.0000000000   0.0000000000
   0.3949999987   0.0000000000   0.0000000000   0.0000000000
   0.3999999987  -0.0000000000   0.0000000000  -0.0000000000
   0.4049999986  -0.0000000000   0.0000000000  -0.0000000000
   0.4099999986  -0.0000000000   0.0000000000  -0.0000000000
   0.4149999986  -0.0000000000   0.0000000000  -0.0000000000
   0.4199999986  -0.0000000000   0.0000000000  -0.0000000000
   0.4249999986  -0.0000000000   0.0000000000  -0.0000000000
   0.4299999986  -0.0000000000   0.0000000000  -0.0000000000
   0.4349999985  -0.0000000000   0.0000000000  -0.0000000000
   0.4399999985  -0.0000000000   0.0000000000  -0.0000000000
   0.4449999985  -0.0000000000   0.0000000000  -0.0000000000
   0.4499999985  -0.0000000000   0.0000000000  -0.0000000000
   0.4549999985  -0.0000000000   0.0000000000  -0.0000000000
   0.4599999985  -0.0000000000   0.0000000000  -0.0000000000
   0.4649999984  -0.0000000000   0.0000000000  -0.0000000000
   0.4699999984  -0.0000000000   0.0000000000  -0.0000000000
   0.4749999984  -0.0000000000   0.0000000000  -0.0000000000
   0.4799999984  -0.0000000000   0.0000000000  -0.0000000000
   0.4849999984  -0.0000000000   0.0000000000  -0.0000000000
   0.4899999984  -0.0000000000   0.0000000000  -0.0000000000
   0.4949999983  -0.0000000000   0.0000000000  -0.0000000000
   0.4999999983  -0.0000000000   0.0000000000  -0.0000000000
   0.5049999983  -0.0000000000   0.0000000000  -0.0000000000
   0.5099999983  -0.0000000000   0.0000000000  -0.0000000000
   0.5149999983  -0.0000000000   0.0000000000  -0.0000000000
   0.5199999983  -0.0000000000   0.0000000000  -0.0000000000
   0.5249999982  -0.0000000000   0.0000000000  -0.0000000000
   0.5299999982  -0.0000000000   0.0000000000  -0.0000000000
   0.5349999982  -0.0000000000   0.0000000000  -0.0000000000
   0.5399999982  -0.0000000000   0.0000000000  -0.0000000000
   0.5449999982  -0.0000000000   0.0000000000  -0.0000000000
   0.5499999982  -0.0000000000   0.0000000000  -0.0000000000
   0.5549999981  -0.0000000000   0.0000000000  -0.0000000000
   0.5599999981  -0.0000000000   0.0000000000  -0.0000000000
   0.5649999981  -0.0000000000   0.0000000000  -0.0000000000
   0.5699999981  -0.0000000000   0.0000000000  -0.0000000000
   0.5749999981  -0.0000000000   0.0000000000  -0.0000000000
   0.5799999981  -0.0000000000   0.0000000000  -0.0000000000
   0.5849999980  -0.0000000000   0.0000000000   0.0000000000
   0.5899999980   0.0000000000   0.0000000000   0.0000000000
   0.5949999980   0.0000000000   0.0000000000   0.0000000000
   0.5999999980   0.0000000000   0.0000000000   0.0000000000
   0.6049999980   0.0000000000   0.0000000000   0.0000000000
   0.6099999980   0.0000000000   0.0000000000   0.0000000000
   0.6149999979   0.0000000000   0.0000000000   0.0000000000
   0.6199999979   0.0000000000   0.0000000000   0.0000000000
   0.6249999979   0.0000000000   0.0000000000   0.0000000000
   0.6299999979   0.0000000000   0.0000000000   0.0000000000
   0.6349999979   0.0000000000   0.0000000000   0.0000000000
   0.6399999979   0.0000000000   0.0000000000   0.0000000000
   0.6449999978   0.0000000000   0.0000000000   0.0000000000
   0.6499999978   0.0000000000  -0.0000000000   0.0000000000
   0.6549999978   0.0000000000  -0.0000000000   0.0000000000
   0.6599999978   0.0000000000  -0.0000000000   0.0000000000
   0.6649999978   0.0000000000  -0.0000000000   0.0000000000
   0.6699999978  -0.0000000000  -0.0000000000  -0.0000000000
   0.6749999977  -0.0000000000  -0.0000000000  -0.0000000000
   0.6799999977  -0.0000000000  -0.0000000000  -0.0000000000
   0.6849999977  -0.0000000000  -0.0000000000  -0.0000000000
   0.6899999977  -0.0000000000  -0.0000000000  -0.0000000000
   0.6949999977  -0.0000000000  -0.0000000000  -0.0000000000
   0.6999999976  -0.0000000000  -0.0000000000  -0.0000000000
   0.7049999976  -0.0000000000  -0.0000000000  -0.0000000000
   0.7099999976  -0.0000000000  -0.0000000000  -0.0000000000
   0.7149999976  -0.0000000000   0.0000000000  -0.0000000000
   0.7199999976  -0.0000000000   0.0000000000  -0.0000000000
   0.7249999976   0.0000000000   0.0000000000   0.0000000000
   0.7299999975   0.0000000000   0.0000000000   0.0000000000
   0.7349999975   0.0000000000   0.0000000000   0.0000000000
   0.7399999975   0.0000000000   0.0000000000   0.0000000000
   0.7449999975   0.0000000000   0.0000000000   0.0000000000
   0.7499999975   0.0000000000   0.0000000000   0.0000000000
   0.7549999975   0.0000000000   0.0000000000   0.0000000000
   0.7599999974   0.0000000000   0.0000000000   0.0000000000
   0.7649999974   0.0000000000   0.0000000000   0.0000000000
   0.7699999974   0.0000000000   0.0000000000   0.0000000000
   0.7749999974   0.0000000000   0.0000000000   0.0000000000
   0.7799999974   0.0000000000   0.0000000000   0.0000000000
   0.7849999974   0.0000000000   0.0000000000   0.0000000000
   0.7899999973   0.0000000000   0.0000000000   0.0000000000
   0.7949999973   0.0000000000   0.0000000000   0.0000000000
   0.7999999973   0.0000000000   0.0000000000   0.0000000000
   0.8049999973   0.0000000000   0.0000000000   0.0000000000
   0.8099999973   0.0000000000   0.0000000000   0.0000000000
   0.8149999973   0.0000000000   0.0000000000   0.0000000000
   0.8199999972   0.0000000000   0.0000000000   0.0000000000
   0.8249999972   0.0000000000   0.0000000000   0.0000000000
   0.8299999972   0.0000000000   0.0000000000   0.0000000000
   0.8349999972   0.0000000000   0.0000000000   0.0000000000
   0.8399999972   0.0000000000   0.0000000000   0.0000000000
   0.8449999972   0.0000000000   0.0000000000   0.0000000000
   0.8499999971   0.0000000000   0.0000000000   0.0000000000
   0.8549999971   0.0000000000   0.0000000000   0.0000000000
   0.8599999971   0.0000000000   0.0000000000   0.0000000000
   0.8649999971   0.0000000000   0.0000000000   0.0000000000
   0.8699999971   0.0000000000   0.0000000000   0.0000000000
   0.8749999971   0.0000000000   0.0000000000   0.0000000000
   0.8799999970   0.0000000000   0.0000000000   0.0000000000
   0.8849999970   0.0000000000   0.0000000000   0.0000000000
   0.8899999970   0.0000000000   0.0000000000   0.0000000000
   0.8949999970   0.0000000000   0.0000000000   0.0000000000
   0.8999999970   0.0000000000   0.0000000000   0.0000000000
   0.9049999970   0.0000000000   0.0000000000   0.0000000000
   0.9099999969   0.0000000000   0.0000000000   0.0000000000
   0.9149999969   0.0000000000   0.0000000000   0.0000000000
   0.9199999969   0.0000000000   0.0000000000   0.0000000000
   0.9249999969   0.0000000000   0.0000000000   0.0000000000
   0.9299999969   0.0000000000   0.0000000000   0.0000000000
   0.9349999969   0.0000000000   0.0000000000   0.0000000000
   0.9399999968   0.0000000000   0.0000000000   0.0000000000
   0.9449999968   0.0000000000   0.0000000000   0.0000000000
   0.9499999968   0.0000000000   0.0000000000   0.0000000000
   0.9549999968   0.0000000000   0.0000000000   0.0000000000
   0.9599999968   0.0000000000   0.0000000000   0.0000000000
   0.9649999968   0.0000000000   0.0000000000   0.0000000000
   0.9699999967   0.0000000000   0.0000000000   0.0000000000
   0.9749999967   0.0000000000   0.0000000000   0.0000000000
   0.9799999967   0.0000000000   0.0000000000   0.0000000000
   0.9849999967   0.0000000000   0.0000000000   0.0000000000
   0.9899999967   0.0000000000   0.0000000000   0.0000000000
   0.9949999967   0.0000000000   0.0000000000   0.0000000000
   0.9999999966   0.0000000000   0.0000000000   0.0000000000
   1.0049999966   0.0000000000   0.0000000000   0.0000000000
   1.0099999966   0.0000000000   0.0000000000   0.0000000000
   1.0149999966   0.0000000000   0.0000000000   0.0000000000
   1.0199999966   0.0000000000   0.0000000000   0.0000000000
   1.0249999966   0.0000000000   0.0000000000   0.0000000000
   1.0299999965   0.0000000000   0.0000000000   0.0000000000
   1.0349999965   0.0000000000   0.0000000000   0.0000000000
   1.0399999965   0.0000000000   0.0000000000   0.0000000000
   1.0449999965   0.0000000000   0.0000000000   0.0000000000
   1.0499999965   0.0000000000   0.0000000000   0.0000000000
   1.0549999965   0.0000000000   0.0000000000   0.0000000000
   1.0599999964   0.0000000000   0.0000000000   0.0000000000
   1.0649999964  -0.0000000000  -0.0000000000  -0.0000000000
   1.0699999964  -0.0000000000  -0.0000000000  -0.0000000000
   1.0749999964  -0.0000000000  -0.0000000000  -0.0000000000
   1.0799999964  -0.0000000000  -0.0000000000  -0.0000000000
   1.0849999964  -0.0000000000  -0.0000000000  -0.0000000000
   1.0899999963  -0.0000000000  -0.0000000000  -0.0000000000
   1.0949999963  -0.0000000000  -0.0000000000  -0.0000000000
   1.0999999963  -0.0000000000  -0.0000000000  -0.0000000000
   1.1049999963  -0.0000000000  -0.0000000000  -0.0000000000
   1.1099999963  -0.0000000000  -0.0000000000  -0.0000000000
   1.1149999963  -0.0000000000  -0.0000000000  -0.0000000000
   1.1199999962  -0.0000000000  -0.0000000000  -0.0000000000
   1.1249999962  -0.0000000000  -0.0000000000  -0.0000000000
   1.1299999962  -0.0000000000  -0.0000000000  -0.0000000000
   1.1349999962  -0.0000000000  -0.0000000000  -0.0000000000
   1.1399999962   0.0000000000   0.0000000000   0.0000000000
   1.1449999962   0.0000000000   0.0000000000   0.0000000000
   1.1499999961   0.0000000000   0.0000000000   0.0000000000
   1.1549999961   0.0000000000   0.0000000000   0.0000000000
   1.1599999961   0.0000000000   0.0000000000   0.0000000000
   1.1649999961   0.0000000000   0.0000000000   0.0000000000
   1.1699999961   0.0000000000   0.0000000000   0.0000000000
   1.1749999961   0.0000000000   0.0000000000   0.0000000000
   1.1799999960   0.0000000000   0.0000000000   0.0000000000
   1.1849999960   0.0000000000   0.0000000000   0.0000000000
   1.1899999960   0.0000000000   0.0000000000   0.0000000000
   1.1949999960   0.0000000000   0.0000000000   0.0000000000
   1.1999999960   0.0000000000   0.0000000000   0.0000000000
   1.2049999960  -0.0000000000  -0.0000000000  -0.0000000000
   1.2099999959  -0.0000000000  -0.0000000000  -0.0000000000
   1.2149999959  -0.0000000000  -0.0000000000  -0.0000000000
   1.2199999959  -0.0000000000  -0.0000000000  -0.0000000000
   1.2249999959  -0.0000000000  -0.0000000000  -0.0000000000
   1.2299999959  -0.0000000000  -0.0000000000  -0.0000000000
   1.2349999959  -0.0000000000  -0.0000000000  -0.0000000000
   1.2399999958  -0.0000000000  -0.0000000000  -0.0000000000
   1.2449999958  -0.0000000000  -0.0000000000  -0.0000000000
   1.2499999958  -0.0000000000  -0.0000000000  -0.0000000000
   1.2549999958  -0.0000000000  -0.0000000000  -0.0000000000
   1.2599999958  -0.0000000000  -0.0000000000   0.0000000000
   1.2649999958   0.0000000000   0.0000000000   0.0000000000
   1.2699999957   0.0000000000   0.0000000000   0.0000000000
   1.2749999957   0.0000000000   0.0000000000   0.0000000000
   1.2799999957   0.0000000000   0.0000000000   0.0000000000
   1.2849999957   0.0000000000   0.0000000000   0.0000000000
   1.2899999957   0.0000000000   0.0000000000   0.0000000000
   1.2949999957   0.0000000000   0.0000000000   0.0000000000
   1.2999999956   0.0000000000   0.0000000000   0.0000000000
   1.3049999956   0.0000000000   0.0000000000   0.0000000000
   1.3099999956   0.0000000000   0.0000000000   0.0000000000
   1.3149999956   0.0000000000   0.0000000000  -0.0000000000
   1.3199999956  -0.0000000000  -0.0000000000  -0.0000000000
   1.3249999956  -0.0000000000  -0.0000000000  -0.0000000000
   1.3299999955  -0.0000000000  -0.0000000000  -0.0000000000
   1.3349999955  -0.0000000000  -0.0000000000  -0.0000000000
   1.3399999955  -0.0000000000  -0.0000000000  -0.0000000000
   1.3449999955  -0.0000000000  -0.0000000000  -0.0000000000
   1.3499999955  -0.0000000000  -0.0000000000  -0.0000000000
   1.3549999954  -0.0000000000  -0.0000000000  -0.0000000000
   1.3599999954  -0.0000000000  -0.0000000000  -0.0000000000
   1.3649999954  -0.0000000000  -0.0000000000  -0.0000000000
   1.3699999954   0.0000000000   0.0000000000   0.0000000000
   1.3749999954   0.0000000000   0.0000000000   0.0000000000
   1.3799999954   0.0000000000   0.0000000000   0.0000000000
   1.3849999953   0.0000000000   0.0000000000   0.0000000000
   1.3899999953   0.0000000000   0.0000000000   0.0000000000
   1.3949999953   0.0000000000   0.0000000000   0.0000000000
   1.3999999953   0.0000000000   0.0000000000   0.0000000000
   1.4049999953   0.0000000000   0.0000000000   0.0000000000
   1.4099999953   0.0000000000   0.0000000000   0.0000000000
   1.4149999952   0.0000000000   0.0000000000   0.0000000000
   1.4199999952  -0.0000000000  -0.0000000000  -0.0000000000
   1.4249999952  -0.0000000000  -0.0000000000  -0.0000000000
   1.4299999952  -0.0000000000  -0.0000000000  -0.0000000000
   1.4349999952  -0.0000000000  -0.0000000000  -0.0000000000
   1.4399999952  -0.0000000000  -0.0000000000  -0.0000000000
   1.4449999951  -0.0000000000  -0.0000000000  -0.0000000000
   1.4499999951  -0.0000000000  -0.0000000000  -0.0000000000
   1.4549999951  -0.0000000000  -0.0000000000  -0.0000000000
   1.4599999951  -0.0000000000  -0.0000000000  -0.0000000000
   1.4649999951  -0.0000000000  -0.0000000000   0.0000000000
   1.4699999951   0.0000000000   0.0000000000   0.0000000000
   1.4749999950   0.0000000000   0.0000000000   0.0000000000
   1.4799999950   0.0000000000   0.0000000000   0.0000000000
   1.4849999950   0.0000000000   0.0000000000   0.0000000000
   1.4899999950   0.0000000000   0.0000000000   0.0000000000
   1.4949999950   0.0000000000   0.0000000000   0.0000000000
   1.4999999950   0.0000000000   0.0000000000   0.0000000000
   1.5049999949   0.0000000000   0.0000000000   0.0000000000
   1.5099999949   0.0000000000   0.0000000000   0.0000000000
   1.5149999949  -0.0000000000   0.0000000000  -0.0000000000
   1.5199999949  -0.0000000000  -0.0000000000  -0.0000000000
   1.5249999949  -0.0000000000  -0.0000000000  -0.0000000000
   1.5299999949  -0.0000000000  -0.0000000000  -0.0000000000
   1.5349999948  -0.0000000000  -0.0000000000  -0.0000000000
   1.5399999948  -0.0000000000  -0.0000000000  -0.0000000000
   1.5449999948  -0.0000000000  -0.0000000000  -0.0000000000
   1.5499999948  -0.0000000000  -0.0000000000  -0.0000000000
   1.5549999948  -0.0000000000  -0.0000000000  -0.0000000000
   1.5599999948  -0.0000000000  -0.0000000000   0.0000000000
   1.5649999947   0.0000000000   0.0000000000   0.0000000000
   1.5699999947   0.0000000000   0.0000000000   0.0000000000
   1.5749999947  -0.0000000000   0.0000000000   0.0000000000
   1.5799999947  -0.0000000000  -0.0000000000   0.0000000000
   1.5849999947  -0.0000000000  -0.0000000000  -0.0000000000
   1.5899999947  -0.0000000000  -0.0000000000  -0.0000000000
   1.5949999946  -0.0000000000  -0.0000000000  -0.0000000000
   1.5999999946  -0.0000000000  -0.0000000000  -0.0000000000
   1.6049999946  -0.0000000000  -0.0000000000  -0.0000000000
   1.6099999946  -0.0000000000  -0.0000000000  -0.0000000000
   1.6149999946  -0.0000000000  -0.0000000000  -0.0000000000
   1.6199999946  -0.0000000000  -0.0000000000  -0.0000000000
   1.6249999945   0.0000000000   0.0000000000   0.0000000000
   1.6299999945   0.0000000000   0.0000000000   0.0000000000
   1.6349999945   0.0000000000   0.0000000000   0.0000000000
   1.6399999945   0.0000000000   0.0000000000   0.0000000000
   1.6449999945   0.0000000000   0.0000000000   0.0000000000
   1.6499999945   0.0000000000   0.0000000000   0.0000000000
   1.6549999944   0.0000000000   0.0000000000   0.0000000000
   1.6599999944   0.0000000000   0.0000000000   0.0000000000
   1.6649999944   0.0000000000   0.0000000000   0.0000000000
   1.6699999944   0.0000000000   0.0000000000   0.0000000000
   1.6749999944   0.0000000000   0.0000000000   0.0000000000
   1.6799999944  -0.0000000000  -0.0000000000  -0.0000000000
   1.6849999943  -0.0000000000  -0.0000000000  -0.0000000000
   1.6899999943  -0.0000000000  -0.0000000000  -0.0000000000
   1.6949999943  -0.0000000000  -0.0000000000  -0.0000000000
   1.6999999943  -0.0000000000  -0.0000000000  -0.0000000000
   1.7049999943  -0.0000000000  -0.0000000000  -0.0000000000
   1.7099999943  -0.0000000000  -0.0000000000  -0.0000000000
   1.7149999942  -0.0000000000  -0.0000000000  -0.0000000000
   1.7199999942  -0.0000000000  -0.0000000000  -0.0000000000
   1.7249999942  -0.0000000000  -0.0000000000  -0.0000000000
   1.7299999942  -0.0000000000  -0.0000000000   0.0000000000
   1.7349999942   0.0000000000   0.0000000000   0.0000000000
   1.7399999942   0.0000000000   0.0000000000   0.0000000000
   1.7449999941   0.0000000000   0.0000000000   0.0000000000
   1.7499999941   0.0000000000   0.0000000000   0.0000000000
   1.7549999941   0.0000000000   0.0000000000   0.0000000000
   1.7599999941   0.0000000000   0.0000000000   0.0000000000
   1.7649999941   0.0000000000   0.0000000000   0.0000000000
   1.7699999941   0.0000000000   0.0000000000   0.0000000000
   1.7749999940   0.0000000000   0.0000000000   0.0000000000
   1.7799999940   0.0000000000   0.0000000000   0.0000000000
   1.7849999940   0.0000000000   0.0000000000  -0.0000000000
   1.7899999940  -0.0000000000  -0.0000000000  -0.0000000000
   1.7949999940  -0.0000000000  -0.0000000000  -0.0000000000
   1.7999999940  -0.0000000000  -0.0000000000  -0.0000000000
   1.8049999939  -0.0000000000  -0.0000000000  -0.0000000000
   1.8099999939  -0.0000000000  -0.0000000000  -0.0000000000
   1.8149999939  -0.0000000000  -0.0000000000  -0.0000000000
   1.8199999939  -0.0000000000  -0.0000000000  -0.0000000000
   1.8249999939  -0.0000000000  -0.0000000000  -0.0000000000
   1.8299999939  -0.0000000000  -0.0000000000  -0.0000000000
   1.8349999938   0.0000000000  -0.0000000000   0.0000000000
   1.8399999938   0.0000000000   0.0000000000   0.0000000000
   1.8449999938   0.0000000000   0.0000000000   0.0000000000
   1.8499999938   0.0000000001   0.0000000000   0.0000000001
   1.8549999938   0.0000000001   0.0000000000   0.0000000001
   1.8599999938   0.0000000001   0.0000000000   0.0000000001
   1.8649999937   0.0000000001   0.0000000000   0.0000000001
   1.8699999937   0.0000000001   0.0000000000   0.0000000000
   1.8749999937   0.0000000000   0.0000000000   0.0000000000
   1.8799999937   0.0000000000   0.0000000000  -0.0000000000
   1.8849999937  -0.0000000000  -0.0000000000  -0.0000000000
   1.8899999937  -0.0000000001  -0.0000000000  -0.0000000001
   1.8949999936  -0.0000000001  -0.0000000000  -0.0000000001
   1.8999999936  -0.0000000001  -0.0000000001  -0.0000000001
   1.9049999936  -0.0000000001  -0.0000000001  -0.0000000001
   1.9099999936  -0.0000000001  -0.0000000001  -0.0000000001
   1.9149999936  -0.0000000001  -0.0000000000  -0.0000000000
   1.9199999936  -0.0000000000  -0.0000000000   0.0000000000
   1.9249999935   0.0000000000  -0.0000000000   0.0000000000
   1.9299999935   0.0000000001   0.0000000000   0.0000000001
   1.9349999935   0.0000000001   0.0000000000   0.0000000001
   1.9399999935   0.0000000001   0.0000000001   0.0000000001
   1.9449999935   0.0000000001   0.0000000001   0.0000000001
   1.9499999935   0.0000000001   0.0000000001   0.0000000001
   1.9549999934   0.0000000001   0.0000000001   0.0000000000
   1.9599999934   0.0000000000   0.0000000000  -0.0000000000
   1.9649999934  -0.0000000001   0.0000000000  -0.0000000001
   1.9699999934  -0.0000000001  -0.0000000000  -0.0000000001
   1.9749999934  -0.0000000001  -0.0000000001  -0.0000000001
   1.9799999934  -0.0000000002  -0.0000000001  -0.0000000001
   1.9849999933  -0.0000000001  -0.0000000001  -0.0000000001
   1.9899999933  -0.0000000001  -0.0000000001  -0.0000000000
   1.9949999933  -0.0000000000  -0.0000000000   0.0000000000
   1.9999999933   0.0000000000  -0.0000000000   0.0000000001
   2.0049999933   0.0000000001   0.0000000000   0.0000000001
   2.0099999933   0.0000000002   0.0000000001   0.0000000001
   2.0149999932   0.0000000002   0.0000000001   0.0000000002
   2.0199999932   0.0000000002   0.0000000001   0.0000000001
   2.0249999932   0.0000000002   0.0000000001   0.0000000001
   2.0299999932   0.0000000001   0.0000000001   0.0000000000
   2.0349999932   0.0000000000   0.0000000000  -0.0000000000
   2.0399999931  -0.0000000001  -0.0000000000  -0.0000000001
   2.0449999931  -0.0000000001  -0.0000000000  -0.0000000001
   2.0499999931  -0.0000000002  -0.0000000001  -0.0000000002
   2.0549999931  -0.0000000002  -0.0000000001  -0.0000000002
   2.0599999931  -0.0000000002  -0.0000000001  -0.0000000001
   2.0649999931  -0.0000000001  -0.0000000001  -0.0000000001
   2.0699999930  -0.0000000000  -0.0000000001  -0.0000000000
   2.0749999930   0.0000000000  -0.0000000000   0.0000000001
   2.0799999930   0.0000000001  -0.0000000000   0.0000000001
   2.0849999930   0.0000000001   0.0000000000   0.0000000001
   2.0899999930   0.0000000002   0.0000000001   0.0000000001
   2.0949999930   0.0000000001   0.0000000001   0.0000000001
   2.0999999929   0.0000000001   0.0000000001   0.0000000001
   2.1049999929  -0.0000000000   0.0000000001   0.0000000000
   2.1099999929  -0.0000000001   0.0000000001   0.0000000000
   2.1149999929  -0.0000000002   0.0000000001  -0.0000000000
   2.1199999929  -0.0000000002   0.0000000001   0.0000000000
   2.1249999929  -0.0000000002   0.0000000000   0.0000000000
   2.1299999928  -0.0000000002   0.0000000000   0.0000000000
   2.1349999928  -0.0000000001   0.0000000000   0.0000000000
   2.1399999928  -0.0000000001   0.0000000000   0.0000000000
   2.1449999928   0.0000000001  -0.0000000000  -0.0000000000
   2.1499999928   0.0000000002  -0.0000000001  -0.0000000001
   2.1549999928   0.0000000003  -0.0000000001  -0.0000000002
   2.1599999927   0.0000000005  -0.0000000002  -0.0000000002
   2.1649999927   0.0000000006  -0.0000000002  -0.0000000002
   2.1699999927   0.0000000008  -0.0000000002  -0.0000000002
   2.1749999927   0.0000000009  -0.0000000002  -0.0000000001
   2.1799999927   0.0000000009  -0.0000000001   0.0000000001
   2.1849999927   0.0000000009  -0.0000000000   0.0000000003
   2.1899999926   0.0000000008   0.0000000001   0.0000000006
   2.1949999926   0.0000000006   0.0000000003   0.0000000009
   2.1999999926   0.0000000003   0.0000000005   0.0000000010
   2.2049999926  -0.0000000001   0.0000000006   0.0000000012
   2.2099999926  -0.0000000006   0.0000000008   0.0000000012
   2.2149999926  -0.0000000011   0.0000000008   0.0000000010
   2.2199999925  -0.0000000015   0.0000000008   0.0000000008
   2.2249999925  -0.0000000019   0.0000000007   0.0000000005
   2.2299999925  -0.0000000022   0.0000000006   0.0000000001
   2.2349999925  -0.0000000022   0.0000000004  -0.0000000004
   2.2399999925  -0.0000000020   0.0000000001  -0.0000000008
   2.2449999925  -0.0000000016  -0.0000000002  -0.0000000013
   2.2499999924  -0.0000000011  -0.0000000006  -0.0000000019
   2.2549999924  -0.0000000005  -0.0000000011  -0.0000000024
   2.2599999924  -0.0000000000  -0.0000000015  -0.0000000030
   2.2649999924   0.0000000003  -0.0000000020  -0.0000000035
   2.2699999924   0.0000000004  -0.0000000025  -0.0000000039
   2.2749999924   0.0000000003  -0.0000000029  -0.0000000041
   2.2799999923  -0.0000000001  -0.0000000032  -0.0000000040
   2.2849999923  -0.0000000007  -0.0000000033  -0.0000000035
   2.2899999923  -0.0000000012  -0.0000000032  -0.0000000026
   2.2949999923  -0.0000000016  -0.0000000028  -0.0000000012
   2.2999999923  -0.0000000017  -0.0000000020   0.0000000005
   2.3049999923  -0.0000000013  -0.0000000009   0.0000000023
   2.3099999922  -0.0000000002   0.0000000006   0.0000000039
   2.3149999922   0.0000000015   0.0000000025   0.0000000050
   2.3199999922   0.0000000039   0.0000000046   0.0000000052
   2.3249999922   0.0000000069   0.0000000068   0.0000000044
   2.3299999922   0.0000000102   0.0000000091   0.0000000024
   2.3349999922   0.0000000135   0.0000000112  -0.0000000005
   2.3399999921   0.0000000163   0.0000000127  -0.0000000038
   2.3449999921   0.0000000180   0.0000000135  -0.0000000065
   2.3499999921   0.0000000176   0.0000000131  -0.0000000076
   2.3549999921   0.0000000144   0.0000000109  -0.0000000056
   2.3599999921   0.0000000073   0.0000000065   0.0000000010
   2.3649999921  -0.0000000046  -0.0000000007   0.0000000133
   2.3699999920  -0.0000000218  -0.0000000111   0.0000000323
   2.3749999920  -0.0000000443  -0.0000000247   0.0000000578
   2.3799999920  -0.0000000713  -0.0000000413   0.0000000888
   2.3849999920  -0.0000001009  -0.0000000599   0.0000001226
   2.3899999920  -0.0000001296  -0.0000000789   0.0000001549
   2.3949999920  -0.0000001528  -0.0000000955   0.0000001797
   2.3999999919  -0.0000001644  -0.0000001064   0.0000001896
   2.4049999919  -0.0000001573  -0.0000001071   0.0000001760
   2.4099999919  -0.0000001243  -0.0000000932   0.0000001300
   2.4149999919  -0.0000000591  -0.0000000601   0.0000000435
   2.4199999919   0.0000000429  -0.0000000041  -0.0000000889
   2.4249999919   0.0000001827   0.0000000766  -0.0000002690
   2.4299999918   0.0000003569   0.0000001814  -0.0000004926
   2.4349999918   0.0000005563   0.0000003061  -0.0000007485
   2.4399999918   0.0000007652   0.0000004427  -0.0000010171
   2.4449999918   0.0000009619   0.0000005787  -0.0000012709
   2.4499999918   0.0000011196   0.0000006979  -0.0000014749
   2.4549999918   0.0000012081   0.0000007809  -0.0000015895
   2.4599999917   0.0000011968   0.0000008072  -0.0000015740
   2.4649999917   0.0000010587   0.0000007567  -0.0000013916
   2.4699999917   0.0000007745   0.0000006132  -0.0000010155
   2.4749999917   0.0000003369   0.0000003669  -0.0000004345
   2.4799999917  -0.0000002456   0.0000000172   0.0000003413
   2.4849999917  -0.0000009459  -0.0000004244   0.0000012767
   2.4899999916  -0.0000017176  -0.0000009336   0.0000023098
   2.4949999916  -0.0000024960  -0.0000014726   0.0000033541
   2.4999999916  -0.0000032028  -0.0000019919   0.0000043035
   2.5049999916  -0.0000037520  -0.0000024342   0.0000050419
   2.5099999916  -0.0000040590  -0.0000027388   0.0000054548
   2.5149999916  -0.0000040514  -0.0000028490   0.0000054438
   2.5199999915  -0.0000036790  -0.0000027190   0.0000049414
   2.5249999915  -0.0000029242  -0.0000023217   0.0000039236
   2.5299999915  -0.0000018089  -0.0000016546   0.0000024203
   2.5349999915  -0.0000003979  -0.0000007448   0.0000005188
   2.5399999915   0.0000012029   0.0000003505  -0.0000016384
   2.5449999915   0.0000028539   0.0000015460  -0.0000038635
   2.5499999914   0.0000043941   0.0000027350  -0.0000059409
   2.5549999914   0.0000056583   0.0000037991  -0.0000076497
   2.5599999914   0.0000064968   0.0000046214  -0.0000087897
   2.5649999914   0.0000067944   0.0000051010  -0.0000092077
   2.5699999914   0.0000064878   0.0000051665  -0.0000088199
   2.5749999914   0.0000055770   0.0000047882  -0.0000076273
   2.5799999913   0.0000041285   0.0000039851  -0.0000057209
   2.5849999913   0.0000022710   0.0000028272  -0.0000032752
   2.5899999913   0.0000001803   0.0000014302  -0.0000005297
   2.5949999913  -0.0000019421  -0.0000000551   0.0000022400
   2.5999999913  -0.0000038967  -0.0000014601   0.0000047580
   2.6049999913  -0.0000055142  -0.0000026178   0.0000067865
   2.6099999912  -0.0000066816  -0.0000033845   0.0000081607
   2.6149999912  -0.0000073605  -0.0000036586   0.0000088145
   2.6199999912  -0.0000075958  -0.0000033941   0.0000087929
   2.6249999912  -0.0000075109  -0.0000026082   0.0000082477
   2.6299999912  -0.0000072906  -0.0000013787   0.0000074164
   2.6349999912  -0.0000071531   0.0000001667   0.0000065858
   2.6399999911  -0.0000073138   0.0000018678   0.0000060458
   2.6449999911  -0.0000079482   0.0000035555   0.0000060406
   2.6499999911  -0.0000091572   0.0000050752   0.0000067240
   2.6549999911  -0.0000109424   0.0000063092   0.0000081279
   2.6599999911  -0.0000131949   0.0000071914   0.0000101497
   2.6649999911  -0.0000157014   0.0000077136   0.0000125616
   2.6699999910  -0.0000181664   0.0000079219   0.0000150420
   2.6749999910  -0.0000202497   0.0000079028   0.0000172244
   2.6799999910  -0.0000216139   0.0000077620   0.0000187563
   2.6849999910  -0.0000219753   0.0000075999   0.0000193570
   2.6899999910  -0.0000211526   0.0000074882   0.0000188654
   2.6949999909  -0.0000191049   0.0000074530   0.0000172657
   2.6999999909  -0.0000159538   0.0000074683   0.0000146860
   2.7049999909  -0.0000119860   0.0000074624   0.0000113686
   2.7099999909  -0.0000076345   0.0000073362   0.0000076153
   2.7149999909  -0.0000034382   0.0000069917   0.0000037192
   2.7199999909   0.0000000169   0.0000063643  -0.0000001041
   2.7249999908   0.0000021711   0.0000054506  -0.0000037671
   2.7299999908   0.0000025751   0.0000043245  -0.0000073275
   2.7349999908   0.0000009778   0.0000031337  -0.0000109594
   2.7399999908  -0.0000025870   0.0000020703  -0.0000148741
   2.7449999908  -0.0000077243   0.0000013172  -0.0000191947
   2.7499999908  -0.0000136197   0.0000009725  -0.0000238033
   2.7549999907  -0.0000190133   0.0000009644  -0.0000281865
   2.7599999907  -0.0000222190   0.0000009727  -0.0000313177
   2.7649999907  -0.0000212082   0.0000003781  -0.0000316169
   2.7699999907  -0.0000137761  -0.0000017388  -0.0000270289
   2.7749999907   0.0000021928  -0.0000065251  -0.0000152531
   2.7799999907   0.0000283494  -0.0000151959   0.0000058579
   2.7849999906   0.0000653954  -0.0000287805   0.0000377349
   2.7899999906   0.0001125082  -0.0000477793   0.0000803948
   2.7949999906   0.0001667128  -0.0000717563   0.0001316687
   2.7999999906   0.0002222647  -0.0000989046   0.0001864438
   2.8049999906   0.0002701283  -0.0001256406   0.0002360282
   2.8099999906   0.0002976534  -0.0001462920   0.0002677608
   2.8149999905   0.0002885592  -0.0001529512   0.0002649882
   2.8199999905   0.0002233282  -0.0001355619   0.0002075111
   2.8249999905   0.0000800855  -0.0000822931   0.0000725677
   2.8299999905  -0.0001640003   0.0000197696  -0.0001636296
   2.8349999905  -0.0005308254   0.0001836182  -0.0005238553
   2.8399999905  -0.0010390625   0.0004210464  -0.0010274522
   2.8449999904  -0.0017016515   0.0007411896  -0.0016877276
   2.8499999904  -0.0025233072   0.0011490079  -0.0025094192
   2.8549999904  -0.0034983317   0.0016438731  -0.0034865217
   2.8599999904  -0.0046090354   0.0022184347  -0.0046007761
   2.8649999904  -0.0058250509   0.0028579407  -0.0058210902
   2.8699999904  -0.0071037591   0.0035401636  -0.0071040912
   2.8749999903  -0.0083919448   0.0042360331  -0.0083959058
   2.8799999903  -0.0096286644   0.0049110095  -0.0096351286
   2.8849999903  -0.0107491583   0.0055271501  -0.0107567965
   2.8899999903  -0.0116894927   0.0060457315  -0.0116970446
   2.8949999903  -0.0123914952   0.0064302116  -0.0123980093
   2.8999999903  -0.0128074731   0.0066492516  -0.0128124746
   2.9049999902  -0.0129041899   0.0066794862  -0.0129077515
   2.9099999902  -0.0126656321   0.0065077305  -0.0126683419
   2.9149999902  -0.0120942268   0.0061323617  -0.0120970618
   2.9199999902  -0.0112103489   0.0055636914  -0.0112144804
   2.9249999902  -0.0100501713   0.0048232586  -0.0100567380
   2.9299999902  -0.0086621308   0.0039421029  -0.0086720158
   2.9349999901  -0.0071024637   0.0029582020  -0.0071161129
   2.9399999901  -0.0054303935   0.0019133681  -0.0054477010
   2.9449999901  -0.0037035917   0.0008499645  -0.0037238686
   2.9499999901  -0.0019744800  -0.0001921714  -0.0019965086
   2.9549999901  -0.0002877986  -0.0011782512  -0.0003099613
   2.9599999901   0.0013203493  -0.0020802381   0.0012998855
   2.9649999900   0.0028220134  -0.0028775933   0.0028050842
   2.9699999900   0.0041957579  -0.0035570749   0.0041839899
   2.9749999900   0.0054243487  -0.0041117423   0.0054189740
   2.9799999900   0.0064923600  -0.0045394410   0.0064940818
   2.9849999900   0.0073843025  -0.0048411104   0.0073932240
   2.9899999900   0.0080837648  -0.0050192701   0.0080993901
   2.9949999899   0.0085738622  -0.0050769878   0.0085951630
   2.9999999899   0.0088390127  -0.0050175228   0.0088645524
   3.0049999899   0.0088677820  -0.0048446938   0.0088958779
   3.0099999899   0.0086562877  -0.0045638625   0.0086851895
   3.0149999899   0.0082114885  -0.0041832850   0.0082395508
   3.0199999899   0.0075536414  -0.0037154867   0.0075794668
   3.0249999898   0.0067172944  -0.0031782860   0.0067398333
   3.0299999898   0.0057503977  -0.0025951288   0.0057689926
   3.0349999898   0.0047114166  -0.0019945087   0.0047257919
   3.0399999898   0.0036646709  -0.0014084011   0.0036748755
   3.0449999898   0.0026744489  -0.0008698223   0.0026807659
   3.0499999898   0.0017986785  -0.0004097969   0.0018015235
   3.0549999897   0.0010830580  -0.0000541438   0.0010828861
   3.0599999897   0.0005565085   0.0001794427   0.0005537491
   3.0649999897   0.0002286312   0.0002835600   0.0002236607
   3.0699999897   0.0000895488   0.0002621469   0.0000827050
   3.0749999897   0.0001121493   0.0001302153   0.0001037792
   3.0799999897   0.0002563804  -0.0000877464   0.0002469044
   3.0849999896   0.0004749370  -0.0003605024   0.0004649096
   3.0899999896   0.0007194936  -0.0006535718   0.0007096379
   3.0949999896   0.0009465825  -0.0009330306   0.0009377814
   3.0999999896   0.0011223205  -0.0011691075   0.0011155565
   3.1049999896   0.0012254069  -0.0013391132   0.0012216557
   3.1099999896   0.0012481231  -0.0014293568   0.0012482159
   3.1149999895   0.0011953854  -0.0014358672   0.0011998657
   3.1199999895   0.0010821968  -0.0013639125   0.0010912024
   3.1249999895   0.0009300502  -0.0012264829   0.0009432473
   3.1299999895   0.0007629315  -0.0010420242   0.0007795208
   3.1349999895   0.0006035531  -0.0008317858   0.0006223532
   3.1399999895   0.0004703257  -0.0006171577   0.0004899250
   3.1449999894   0.0003753946  -0.0004173218   0.0003943450
   3.1499999894   0.0003238505  -0.0002474632   0.0003408698
   3.1549999894   0.0003140367  -0.0001176752   0.0003281798
   3.1599999894   0.0003387262  -0.0000325864   0.0003494913
   3.1649999894   0.0003868598   0.0000083564   0.0003942095
   3.1699999894   0.0004455245   0.0000100794   0.0004498160
   3.1749999893   0.0005018813  -0.0000192834   0.0005037215
   3.1799999893   0.0005448233  -0.0000697365   0.0005448800
   3.1849999893   0.0005662166  -0.0001307816   0.0005650270
   3.1899999893   0.0005616465  -0.0001926477   0.0005594661
   3.1949999893   0.0005306427  -0.0002472770   0.0005273683
   3.1999999893   0.0004763941  -0.0002889845   0.0004715813
   3.2049999892   0.0004049944  -0.0003147439   0.0003979666
   3.2099999892   0.0003242926  -0.0003240847   0.0003143192
   3.2149999892   0.0002424643  -0.0003186310   0.0002289689
   3.2199999892   0.0001664649  -0.0003013521   0.0001492162
   3.2249999892   0.0001005769  -0.0002756384   0.0000798157
   3.2299999892   0.0000452832  -0.0002443526   0.0000217533
   3.2349999891  -0.0000033040  -0.0002090166  -0.0000284368
   3.2399999891  -0.0000532927  -0.0001692904  -0.0000786207
   3.2449999891  -0.0001160736  -0.0001228567  -0.0001401970
   3.2499999891  -0.0002046765  -0.0000657564  -0.0002264709
   3.2549999891  -0.0003316480   0.0000068613  -0.0003504966
   3.2599999891  -0.0005068046   0.0000997002  -0.0005227440
   3.2649999890  -0.0007352806   0.0002161857  -0.0007490255
   3.2699999890  -0.0010162667   0.0003574659  -0.0010291015
   3.2749999890  -0.0013427263   0.0005217640  -0.0013562791
   3.2799999890  -0.0017021885   0.0007042334  -0.0017181240
   3.2849999890  -0.0020784927   0.0008973705  -0.0020981767
   3.2899999890  -0.0024541434   0.0010919183  -0.0024783387
   3.2949999889  -0.0028127914   0.0012780868  -0.0028414344
   3.2999999889  -0.0031413078   0.0014468388  -0.0031734031
   3.3049999889  -0.0034310041   0.0015909699  -0.0034646493
   3.3099999889  -0.0036777381   0.0017057569  -0.0037102691
   3.3149999889  -0.0038809118   0.0017890423  -0.0039091397
   3.3199999889  -0.0040416375   0.0018407625  -0.0040621378
   3.3249999888  -0.0041605632   0.0018620556  -0.0041699742
   3.3299999888  -0.0042359476   0.0018541963  -0.0042312457
   3.3349999888  -0.0042625311   0.0018176482  -0.0042412604
   3.3399999888  -0.0042315636   0.0017514993  -0.0041920130
   3.3449999888  -0.0041320646   0.0016534560  -0.0040733985
   3.3499999888  -0.0039530784   0.0015204237  -0.0038754292
   3.3549999887  -0.0036864161   0.0013495547  -0.0035909478
   3.3599999887  -0.0033292289   0.0011395110  -0.0032181717
   3.3649999887  -0.0028857669   0.0008916215  -0.0027624121
   3.3699999887  -0.0023678520   0.0006106248  -0.0022364879
   3.3749999887  -0.0017938901   0.0003047758  -0.0016596597
   3.3799999886  -0.0011865991  -0.0000147581  -0.0010552656
   3.3849999886  -0.0005699427  -0.0003351119  -0.0004475665
   3.3899999886   0.0000340437  -0.0006433040   0.0001414929
   3.3949999886   0.0006078229  -0.0009278428   0.0006948713
   3.3999999886   0.0011397587  -0.0011800113   0.0012017929
   3.4049999886   0.0016240905  -0.0013945621   0.0016576192
   3.4099999885   0.0020595764  -0.0015696989   0.0020623455
   3.4149999885   0.0024472460  -0.0017063978   0.0024181888
   3.4199999885   0.0027879244  -0.0018072854   0.0027269694
   3.4249999885   0.0030802390  -0.0018753929   0.0029880340
   3.4299999885   0.0033196822  -0.0019131275   0.0031973184
   3.4349999885   0.0034990083  -0.0019217321   0.0033478361
   3.4399999884   0.0036098715  -0.0019013621   0.0034314804
   3.4449999884   0.0036452644  -0.0018517311   0.0034416598
   3.4499999884   0.0036020810  -0.0017731174   0.0033760365
   3.4549999884   0.0034830755  -0.0016674115   0.0032385831
   3.4599999884   0.0032976326  -0.0015388722   0.0030403308
   3.4649999884   0.0030610667  -0.0013943259   0.0027985098
   3.4699999883   0.0027925531  -0.0012426943   0.0025342030
   3.4749999883   0.0025121595  -0.0010939178   0.0022690286
   3.4799999883   0.0022376845  -0.0009575068   0.0020216312
   3.4849999883   0.0019820715  -0.0008410643   0.0018048280
   3.4899999883   0.0017520171  -0.0007491396   0.0016240930
   3.4949999883   0.0015480815  -0.0006826944   0.0014777259
   3.4999999882   0.0013662156  -0.0006393111   0.0013586146
   3.5049999882   0.0012002502  -0.0006140825   0.0012570914
   3.5099999882   0.0010446444  -0.0006009496   0.0011641064
   3.5149999882   0.0008967376  -0.0005941424   0.0010738731
   3.5199999882   0.0007578984  -0.0005893618   0.0009852998
   3.5249999882   0.0006332780  -0.0005844150   0.0009018643
   3.5299999881   0.0005302688  -0.0005791751   0.0008300259
   3.5349999881   0.0004561318  -0.0005749196   0.0007766709
   3.5399999881   0.0004154883  -0.0005732752   0.0007463591
   3.5449999881   0.0004084100  -0.0005750998   0.0007391880
   3.5499999881   0.0004296783  -0.0005796454   0.0007499178
   3.5549999881   0.0004694542  -0.0005842635   0.0007686462
   3.5599999880   0.0005152119  -0.0005847547   0.0007828822
   3.5649999880   0.0005544328  -0.0005762810   0.0007804746
   3.5699999880   0.0005773435  -0.0005545956   0.0007526009
   3.5749999880   0.0005789646  -0.0005172488   0.0006959966
   3.5799999880   0.0005599243  -0.0004644277   0.0006138070
   3.5849999880   0.0005258271  -0.0003991861   0.0005148158
   3.5899999879   0.0004853634  -0.0003269777   0.0004112489
   3.5949999879   0.0004476884  -0.0002545998   0.0003157426
   3.5999999879   0.0004197932  -0.0001888101   0.0002382894
   3.6049999879   0.0004045862  -0.0001349678   0.0001839792
   3.6099999879   0.0004001988  -0.0000960442   0.0001521278
   3.6149999879   0.0004006845  -0.0000722418   0.0001369973
   3.6199999878   0.0003978923  -0.0000613013   0.0001298699
   3.6249999878   0.0003839696  -0.0000593846   0.0001218651
   3.6299999878   0.0003537803  -0.0000622768   0.0001066883
   3.6349999878   0.0003065551  -0.0000665651   0.0000825278
   3.6399999878   0.0002463090  -0.0000704753   0.0000525665
   3.6449999878   0.0001809129  -0.0000741469   0.0000239683
   3.6499999877   0.0001200798  -0.0000792943   0.0000056396
   3.6549999877   0.0000728289  -0.0000883758   0.0000054080
   3.6599999877   0.0000451326  -0.0001035281   0.0000274322
   3.6649999877   0.0000383915  -0.0001255913   0.0000705902
   3.6699999877   0.0000491515  -0.0001535128   0.0001283200
   3.6749999877   0.0000701242  -0.0001843156   0.0001899777
   3.6799999876   0.0000922155  -0.0002136450   0.0002433580
   3.6849999876   0.0001069899  -0.0002367520   0.0002776910
   3.6899999876   0.0001088901  -0.0002496395   0.0002863025
   3.6949999876   0.0000966090  -0.0002500588   0.0002682175
   3.6999999876   0.0000732572  -0.0002380805   0.0002282789
   3.7049999876   0.0000453100  -0.0002160857   0.0001757660
   3.7099999875   0.0000206535  -0.0001881815   0.0001219042
   3.7149999875   0.0000062922  -0.0001592022   0.0000769560
   3.7199999875   0.0000063606  -0.0001335670   0.0000476849
   3.7249999875   0.0000209821  -0.0001142985   0.0000358639
   3.7299999875   0.0000462674  -0.0001024554   0.0000382013
   3.7349999875   0.0000754257  -0.0000971134   0.0000476562
   3.7399999874   0.0001006490  -0.0000958742   0.0000557340
   3.7449999874   0.0001152298  -0.0000957396   0.0000550928
   3.7499999874   0.0001153196  -0.0000940915   0.0000417199
   3.7549999874   0.0001008546  -0.0000894983   0.0000160816
   3.7599999874   0.0000754209  -0.0000821269  -0.0000170531
   3.7649999874   0.0000451314  -0.0000736550  -0.0000500336
   3.7699999873   0.0000168598  -0.0000667238  -0.0000745643
   3.7749999873  -0.0000036561  -0.0000640982  -0.0000841111
   3.7799999873  -0.0000133102  -0.0000677827  -0.0000757967
   3.7849999873  -0.0000123244  -0.0000783460  -0.0000512619
   3.7899999873  -0.0000039801  -0.0000946467  -0.0000162688
   3.7949999873   0.0000065009  -0.0001140351   0.0000208223
   3.7999999872   0.0000135813  -0.0001329737   0.0000512642
   3.8049999872   0.0000130620  -0.0001479040   0.0000682008
   3.8099999872   0.0000032972  -0.0001561232   0.0000683898
   3.8149999872  -0.0000143570  -0.0001564344   0.0000529152
   3.8199999872  -0.0000359660  -0.0001494028   0.0000267253
   3.8249999872  -0.0000561668  -0.0001371578  -0.0000028447
   3.8299999871  -0.0000697041  -0.0001228059  -0.0000281313
   3.8349999871  -0.0000729140  -0.0001096208  -0.0000432065
   3.8399999871  -0.0000647456  -0.0001002292  -0.0000453864
   3.8449999871  -0.0000470514  -0.0000960076  -0.0000357970
   3.8499999871  -0.0000240854  -0.0000968375  -0.0000188782
   3.8549999871  -0.0000013687  -0.0001012664  -0.0000010002
   3.8599999870   0.0000157545  -0.0001070135   0.0000113972
   3.8649999870   0.0000234733  -0.0001116665   0.0000136202
   3.8699999870   0.0000204208  -0.0001133751   0.0000039976
   3.8749999870   0.0000079167  -0.0001113532  -0.0000157085
   3.8799999870  -0.0000104967  -0.0001060640  -0.0000408422
   3.8849999870  -0.0000300713  -0.0000990498  -0.0000651652
   3.8899999869  -0.0000461327  -0.0000924678  -0.0000825657
   3.8949999869  -0.0000552744  -0.0000884679  -0.0000886938
   3.8999999869  -0.0000561603  -0.0000885859  -0.0000820921
   3.9049999869  -0.0000497468  -0.0000933150  -0.0000645387
   3.9099999869  -0.0000388963  -0.0001019649  -0.0000405380
   3.9149999869  -0.0000275154  -0.0001128383  -0.0000161206
   3.9199999868  -0.0000194640  -0.0001236682   0.0000027131
   3.9249999868  -0.0000175323  -0.0001321965   0.0000114923
   3.9299999868  -0.0000227440  -0.0001367378   0.0000083355
   3.9349999868  -0.0000341497  -0.0001365847  -0.0000056809
   3.9399999868  -0.0000491391  -0.0001321566  -0.0000269120
   3.9449999868  -0.0000641687  -0.0001248603  -0.0000501603
   3.9499999867  -0.0000756993  -0.0001167107  -0.0000700362
   3.9549999867  -0.0000810997  -0.0001098128  -0.0000823042
   3.9599999867  -0.0000792891  -0.0001058422  -0.0000848797
   3.9649999867  -0.0000709711  -0.0001056536  -0.0000782392
   3.9699999867  -0.0000584166  -0.0001091099  -0.0000651685
   3.9749999867  -0.0000448676  -0.0001151665  -0.0000499399
   3.9799999866  -0.0000337216  -0.0001221800  -0.0000371483
   3.9849999866  -0.0000277035  -0.0001283542  -0.0000305117
   3.9899999866  -0.0000282259  -0.0001322081  -0.0000319387
   3.9949999866  -0.0000350858  -0.0001329467  -0.0000410879
   3.9999999866  -0.0000465593  -0.0001306446  -0.0000555131
   4.0049999866  -0.0000598598  -0.0001262021  -0.0000713424
   4.0099999865  -0.0000718390  -0.0001210895  -0.0000843048
   4.0149999865  -0.0000797559  -0.0001169512  -0.0000908411
   4.0199999865  -0.0000819276  -0.0001151694  -0.0000890173
   4.0249999865  -0.0000781074  -0.0001165008  -0.0000790165
   4.0299999865  -0.0000695053  -0.0001208758  -0.0000630921
   4.0349999864  -0.0000584517  -0.0001274094  -0.0000449998
   4.0399999864  -0.0000477930  -0.0001346213  -0.0000290581
   4.0449999864  -0.0000401708  -0.0001408070  -0.0000190722
   4.0499999864  -0.0000373641  -0.0001444686  -0.0000173939
   4.0549999864  -0.0000398592  -0.0001446947  -0.0000243491
   4.0599999864  -0.0000467509  -0.0001413950  -0.0000381762
   4.0649999863  -0.0000560020  -0.0001353290  -0.0000554852
   4.0699999863  -0.0000649920  -0.0001279229  -0.0000721225
   4.0749999863  -0.0000712158  -0.0001209175  -0.0000842182
   4.0799999863  -0.0000729522  -0.0001159393  -0.0000891533
   4.0849999863  -0.0000697282  -0.0001141012  -0.0000861980
   4.0899999863  -0.0000624554  -0.0001157368  -0.0000766628
   4.0949999862  -0.0000532002  -0.0001203360  -0.0000635234
   4.0999999862  -0.0000446434  -0.0001266974  -0.0000506188
   4.1049999862  -0.0000393680  -0.0001332604  -0.0000416321
   4.1099999862  -0.0000391621  -0.0001385260  -0.0000391185
   4.1149999862  -0.0000445226  -0.0001414583  -0.0000438362
   4.1199999862  -0.0000544944  -0.0001417578  -0.0000545552
   4.1249999861  -0.0000668946  -0.0001399329  -0.0000683943
   4.1299999861  -0.0000788668  -0.0001371508  -0.0000815986
   4.1349999861  -0.0000876229  -0.0001349058  -0.0000905520
   4.1399999861  -0.0000911761  -0.0001345942  -0.0000927559
   4.1449999861  -0.0000888712  -0.0001371112  -0.0000875143
   4.1499999861  -0.0000815651  -0.0001425797  -0.0000761409
   4.1549999860  -0.0000714092  -0.0001502869  -0.0000616306
   4.1599999860  -0.0000612856  -0.0001588477  -0.0000478810
   4.1649999860  -0.0000540466  -0.0001665557  -0.0000386677
   4.1699999860  -0.0000517585  -0.0001718280  -0.0000366448
   4.1749999860  -0.0000551529  -0.0001736268  -0.0000426348
   4.1799999860  -0.0000634291  -0.0001717452  -0.0000553946
   4.1849999859  -0.0000744630  -0.0001668800  -0.0000719205
   4.1899999859  -0.0000853640  -0.0001604717  -0.0000882094
   4.1949999859  -0.0000932304  -0.0001543518  -0.0001002750
   4.1999999859  -0.0000959019  -0.0001502896  -0.0001051535
   4.2049999859  -0.0000925094  -0.0001495552  -0.0001016346
   4.2099999859  -0.0000836784  -0.0001526112  -0.0000905351
   4.2149999858  -0.0000713379  -0.0001590106  -0.0000744481
   4.2199999858  -0.0000581918  -0.0001675246  -0.0000570455
   4.2249999858  -0.0000469991  -0.0001764633  -0.0000421237
   4.2299999858  -0.0000398586  -0.0001841053  -0.0000326454
   4.2349999858  -0.0000376868  -0.0001891235  -0.0000300281
   4.2399999858  -0.0000400249  -0.0001908994  -0.0000338556
   4.2449999857  -0.0000452172  -0.0001896488  -0.0000420772
   4.2499999857  -0.0000509053  -0.0001863318  -0.0000516263
   4.2549999857  -0.0000546991  -0.0001823757  -0.0000592854
   4.2599999857  -0.0000548427  -0.0001792875  -0.0000625630
   4.2649999857  -0.0000506999  -0.0001782592  -0.0000603542
   4.2699999857  -0.0000429350  -0.0001798675  -0.0000532174
   4.2749999856  -0.0000333498  -0.0001839441  -0.0000432070
   4.2799999856  -0.0000244284  -0.0001896460  -0.0000333181
   4.2849999856  -0.0000187148  -0.0001957014  -0.0000266976
   4.2899999856  -0.0000181890  -0.0002007653  -0.0000258327
   4.2949999856  -0.0000238017  -0.0002037863  -0.0000319255
   4.2999999856  -0.0000352798  -0.0002042898  -0.0000446097
   4.3049999855  -0.0000512440  -0.0002025039  -0.0000620703
   4.3099999855  -0.0000695934  -0.0001992982  -0.0000815260
   4.3149999855  -0.0000880510  -0.0001959533  -0.0000999378
   4.3199999855  -0.0001047211  -0.0001938270  -0.0001147600
   4.3249999855  -0.0001185167  -0.0001940025  -0.0001245392
   4.3299999855  -0.0001293495  -0.0001970135  -0.0001292144
   4.3349999854  -0.0001380439  -0.0002027141  -0.0001300509
   4.3399999854  -0.0001460039  -0.0002103243  -0.0001292337
   4.3449999854  -0.0001547283  -0.0002186352  -0.0001292317
   4.3499999854  -0.0001653025  -0.0002263174  -0.0001320990
   4.3549999854  -0.0001780011  -0.0002322519  -0.0001388920
   4.3599999854  -0.0001921009  -0.0002357975  -0.0001493456
   4.3649999853  -0.0002059528  -0.0002369318  -0.0001618878
   4.3699999853  -0.0002172935  -0.0002362331  -0.0001739836
   4.3749999853  -0.0002237173  -0.0002347146  -0.0001827186
   4.3799999853  -0.0002231953  -0.0002335562  -0.0001854778
   4.3849999853  -0.0002145139  -0.0002338060  -0.0001805499
   4.3899999853  -0.0001975315  -0.0002361241  -0.0001675144
   4.3949999852  -0.0001731973  -0.0002406317  -0.0001473210
   4.3999999852  -0.0001433334  -0.0002468974  -0.0001220501
   4.4049999852  -0.0001102419  -0.0002540608  -0.0000944210
   4.4099999852  -0.0000762375  -0.0002610585  -0.0000671740
   4.4149999852  -0.0000432204  -0.0002668954  -0.0000424840
   4.4199999852  -0.0000123943  -0.0002708943  -0.0000215474
   4.4249999851   0.0000158075  -0.0002728627  -0.0000044438
   4.4299999851   0.0000415773  -0.0002731386   0.0000097016
   4.4349999851   0.0000654146  -0.0002725033   0.0000223007
   4.4399999851   0.0000877234  -0.0002719844   0.0000347447
   4.4449999851   0.0001084370  -0.0002725968   0.0000478523
   4.4499999851   0.0001267749  -0.0002750855   0.0000614725
   4.4549999850   0.0001412032  -0.0002797349   0.0000743490
   4.4599999850   0.0001496215  -0.0002862929   0.0000842908
   4.4649999850   0.0001497395  -0.0002940299   0.0000886123
   4.4699999850   0.0001395581  -0.0003019211   0.0000847410
   4.4749999850   0.0001178413  -0.0003089056   0.0000708429
   4.4799999850   0.0000844656  -0.0003141574   0.0000463116
   4.4849999849   0.0000405594  -0.0003173001   0.0000119985
   4.4899999849  -0.0000116032  -0.0003185072  -0.0000298764
   4.4949999849  -0.0000689292  -0.0003184621  -0.0000761111
   4.4999999849  -0.0001279788  -0.0003181865  -0.0001231111
   4.5049999849  -0.0001854688  -0.0003187819  -0.0001675382
   4.5099999849  -0.0002386896  -0.0003211488  -0.0002068582
   4.5149999848  -0.0002857459  -0.0003257573  -0.0002396593
   4.5199999848  -0.0003255751  -0.0003325277  -0.0002656735
   4.5249999848  -0.0003577617  -0.0003408494  -0.0002855109
   4.5299999848  -0.0003822177  -0.0003497335  -0.0003001939
   4.5349999848  -0.0003988355  -0.0003580567  -0.0003106284
   4.5399999848  -0.0004072213  -0.0003648358  -0.0003171637
   4.5449999847  -0.0004065955  -0.0003694608  -0.0003193638
   4.5499999847  -0.0003958943  -0.0003718326  -0.0003160539
   4.5549999847  -0.0003740519  -0.0003723701  -0.0003056319
   4.5599999847  -0.0003403883  -0.0003718915  -0.0002865593
   4.5649999847  -0.0002949998  -0.0003714004  -0.0002579010
   4.5699999847  -0.0002390453  -0.0003718327  -0.0002197704
   4.5749999846  -0.0001748464  -0.0003738278  -0.0001735618
   4.5799999846  -0.0001057666  -0.0003775812  -0.0001219058
   4.5849999846  -0.0000358872  -0.0003828128  -0.0000683554
   4.5899999846   0.0000304530  -0.0003888589  -0.0000168740
   4.5949999846   0.0000891613  -0.0003948636   0.0000287570
   4.5999999846   0.0001368371  -0.0004000215   0.0000654789
   4.6049999845   0.0001710787  -0.0004038091   0.0000913310
   4.6099999845   0.0001906068  -0.0004061479   0.0001055890
   4.6149999845   0.0001952027  -0.0004074549   0.0001086563
   4.6199999845   0.0001855025  -0.0004085660   0.0001017547
   4.6249999845   0.0001627143  -0.0004105500   0.0000865033
   4.6299999845   0.0001283357  -0.0004144596   0.0000644990
   4.6349999844   0.0000839423  -0.0004210800   0.0000369992
   4.6399999844   0.0000310879  -0.0004307409   0.0000047808
   4.6449999844  -0.0000286730  -0.0004432389  -0.0000318016
   4.6499999844  -0.0000936664  -0.0004578885  -0.0000725868
   4.6549999844  -0.0001619379  -0.0004736895  -0.0001172787
   4.6599999844  -0.0002311166  -0.0004895623  -0.0001651178
   4.6649999843  -0.0002983650  -0.0005045923  -0.0002146512
   4.6699999843  -0.0003604590  -0.0005182172  -0.0002636765
   4.6749999843  -0.0004140074  -0.0005303128  -0.0003093923
   4.6799999843  -0.0004557852  -0.0005411579  -0.0003487362
   4.6849999843  -0.0004831228  -0.0005512933  -0.0003788415
   4.6899999843  -0.0004942770  -0.0005613181  -0.0003975157
   4.6949999842  -0.0004887054  -0.0005716800  -0.0004036310
   4.6999999842  -0.0004671862  -0.0005825159  -0.0003973403
   4.7049999842  -0.0004317558  -0.0005935851  -0.0003800663
   4.7099999842  -0.0003854738  -0.0006043098  -0.0003542689
   4.7149999842  -0.0003320627  -0.0006139099  -0.0003230419
   4.7199999841  -0.0002754905  -0.0006215966  -0.0002896299
   4.7249999841  -0.0002195744  -0.0006267752  -0.0002569688
   4.7299999841  -0.0001676707  -0.0006292080  -0.0002273456
   4.7349999841  -0.0001224928  -0.0006290988  -0.0002022375
   4.7399999841  -0.0000860641  -0.0006270804  -0.0001823462
   4.7449999841  -0.0000597837  -0.0006241108  -0.0001677966
   4.7499999840  -0.0000445557  -0.0006213022  -0.0001584293
   4.7549999840  -0.0000409263  -0.0006197228  -0.0001540997
   4.7599999840  -0.0000491763  -0.0006202164  -0.0001548966
   4.7649999840  -0.0000693354  -0.0006232765  -0.0001612215
   4.7699999840  -0.0001011140  -0.0006290025  -0.0001737046
   4.7749999840  -0.0001437718  -0.0006371401  -0.0001929812
   4.7799999839  -0.0001959699  -0.0006471934  -0.0002193882
   4.7849999839  -0.0002556613  -0.0006585763  -0.0002526662
   4.7899999839  -0.0003200726  -0.0006707631  -0.0002917547
   4.7949999839  -0.0003858124  -0.0006834004  -0.0003347477
   4.7999999839  -0.0004491139  -0.0006963519  -0.0003790420
   4.8049999839  -0.0005061880  -0.0007096682  -0.0004216623
   4.8099999838  -0.0005536313  -0.0007234918  -0.0004597012
   4.8149999838  -0.0005888203  -0.0007379244  -0.0004907821
   4.8199999838  -0.0006102159  -0.0007528969  -0.0005134436
   4.8249999838  -0.0006175202  -0.0007680761  -0.0005273566
   4.8299999838  -0.0006116585  -0.0007828383  -0.0005333255
   4.8349999838  -0.0005945919  -0.0007963194  -0.0005330741
   4.8399999837  -0.0005690055  -0.0008075329  -0.0005288680
   4.8449999837  -0.0005379388  -0.0008155326  -0.0005230621
   4.8499999837  -0.0005044321  -0.0008195857  -0.0005176783
   4.8549999837  -0.0004712515  -0.0008193197  -0.0005141041
   4.8599999837  -0.0004407286  -0.0008148161  -0.0005129710
   4.8649999837  -0.0004147170  -0.0008066315  -0.0005142198
   4.8699999836  -0.0003946358  -0.0007957461  -0.0005173138
   4.8749999836  -0.0003815506  -0.0007834523  -0.0005215249
   4.8799999836  -0.0003762387  -0.0007712052  -0.0005262021
   4.8849999836  -0.0003791965  -0.0007604678  -0.0005309459
   4.8899999836  -0.0003905725  -0.0007525764  -0.0005356400
   4.8949999836  -0.0004100398  -0.0007486528  -0.0005403386
   4.8999999835  -0.0004366451  -0.0007495718  -0.0005450456
   4.9049999835  -0.0004686860  -0.0007559831  -0.0005494571
   4.9099999835  -0.0005036694  -0.0007683710  -0.0005527458
   4.9149999835  -0.0005383860  -0.0007871251  -0.0005534607
   4.9199999835  -0.0005691123  -0.0008125905  -0.0005495823
   4.9249999835  -0.0005919234  -0.0008450719  -0.0005387416
   4.9299999834  -0.0006030749  -0.0008847753  -0.0005185650
   4.9349999834  -0.0005993941  -0.0009316894  -0.0004870803
   4.9399999834  -0.0005786204  -0.0009854263  -0.0004431032
   4.9449999834  -0.0005396446  -0.0010450574  -0.0003865224
   4.9499999834  -0.0004826125  -0.0011089821  -0.0003184282
   4.9549999834  -0.0004088899  -0.0011748681  -0.0002410561
   4.9599999833  -0.0003209052  -0.0012396843  -0.0001575613
   4.9649999833  -0.0002219093  -0.0012998277  -0.0000716690
   4.9699999833  -0.0001156992  -0.0013513267   0.0000127266
   4.9749999833  -0.0000063534  -0.0013900855   0.0000919403
   4.9799999833   0.0001019885  -0.0014121255   0.0001627819
   4.9849999833   0.0002052828  -0.0014137888   0.0002227138
   4.9899999832   0.0002996806  -0.0013918751   0.0002698717
   4.9949999832   0.0003815871  -0.0013437082   0.0003029758
   4.9999999832   0.0004477090  -0.0012671423   0.0003211840
   5.0049999832   0.0004951195  -0.0011605357   0.0003239478
   5.0099999832   0.0005213552  -0.0010227241   0.0003109231
   5.0149999832   0.0005245502  -0.0008530214   0.0002819694
   5.0199999831   0.0005035907  -0.0006512671   0.0002372394
   5.0249999831   0.0004582641  -0.0004179201   0.0001773344
   5.0299999831   0.0003893686  -0.0001541853   0.0001034751
   5.0349999831   0.0002987522   0.0001378571   0.0000176321
   5.0399999831   0.0001892628   0.0004551538  -0.0000774341
   5.0449999831   0.0000646025   0.0007936460  -0.0001782589
   5.0499999830  -0.0000709000   0.0011483263  -0.0002808879
   5.0549999830  -0.0002125737   0.0015133937  -0.0003811973
   5.0599999830  -0.0003557099   0.0018824960  -0.0004752735
   5.0649999830  -0.0004958497   0.0022490340  -0.0005597897
   5.0699999830  -0.0006290213   0.0026064883  -0.0006323157
   5.0749999830  -0.0007519033   0.0029487289  -0.0006915104
   5.0799999829  -0.0008619025   0.0032702692  -0.0007371651
   5.0849999829  -0.0009571515   0.0035664455  -0.0007700955
   5.0899999829  -0.0010364395   0.0038335142  -0.0007919061
   5.0949999829  -0.0010991032   0.0040686826  -0.0008046762
   5.0999999829  -0.0011449046   0.0042700960  -0.0008106263
   5.1049999829  -0.0011739240   0.0044368138  -0.0008118251
   5.1099999828  -0.0011864873   0.0045687968  -0.0008099855
   5.1149999828  -0.0011831347   0.0046669195  -0.0008063720
   5.1199999828  -0.0011646284   0.0047330020  -0.0008018176
   5.1249999828  -0.0011319817   0.0047698407  -0.0007968205
   5.1299999828  -0.0010864875   0.0047812113  -0.0007916711
   5.1349999828  -0.0010297221   0.0047718121  -0.0007865594
   5.1399999827  -0.0009635072   0.0047471282  -0.0007816180
   5.1449999827  -0.0008898241   0.0047132103  -0.0007768795
   5.1499999827  -0.0008106875   0.0046763814  -0.0007721547
   5.1549999827  -0.0007280003   0.0046428984  -0.0007668666
   5.1599999827  -0.0006434162   0.0046186058  -0.0007598918
   5.1649999827  -0.0005582392   0.0046086206  -0.0007494673
   5.1699999826  -0.0004733795   0.0046170809  -0.0007332097
   5.1749999826  -0.0003893729   0.0046469770  -0.0007082683
   5.1799999826  -0.0003064540   0.0047000713  -0.0006716015
   5.1849999826  -0.0002246605   0.0047769002  -0.0006203357
   5.1899999826  -0.0001439352   0.0048768391  -0.0005521424
   5.1949999826  -0.0000641970   0.0049982114  -0.0004655601
   5.1999999825   0.0000146436   0.0051384182  -0.0003601985
   5.2049999825   0.0000927321   0.0052940732  -0.0002367855
   5.2099999825   0.0001703685   0.0054611341  -0.0000970497
   5.2149999825   0.0002481338   0.0056350267   0.0000565328
   5.2199999825   0.0003270061   0.0058107674   0.0002210743
   5.2249999825   0.0004084325   0.0059830916   0.0003936237
   5.2299999824   0.0004943274   0.0061465976   0.0005714618
   5.2349999824   0.0005869839   0.0062959120   0.0007522945
   5.2399999824   0.0006889046   0.0064258773   0.0009343228
   5.2449999824   0.0008025744   0.0065317551   0.0011162003
   5.2499999824   0.0009302094   0.0066094283   0.0012969148
   5.2549999824   0.0010735237   0.0066555803   0.0014756454
   5.2599999823   0.0012335464   0.0066678269   0.0016516509
   5.2649999823   0.0014105150   0.0066447777   0.0018242267
   5.2699999823   0.0016038510   0.0065860139   0.0019927485
   5.2749999823   0.0018122085   0.0064919807   0.0021567898
   5.2799999823   0.0020335759   0.0063638070   0.0023162748
   5.2849999823   0.0022654022   0.0062030792   0.0024716166
   5.2899999822   0.0025047212   0.0060116014   0.0026237839
   5.2949999822   0.0027482565   0.0057911790   0.0027742597
   5.2999999822   0.0029924998   0.0055434516   0.0029248731
   5.3049999822   0.0032337709   0.0052697948   0.0030775217
   5.3099999822   0.0034682729   0.0049712891   0.0032338261
   5.3149999822   0.0036921651   0.0046487474   0.0033947791
   5.3199999821   0.0039016686   0.0043027767   0.0035604569
   5.3249999821   0.0040932134   0.0039338524   0.0037298493
   5.3299999821   0.0042636211   0.0035423831   0.0039008425
   5.3349999821   0.0044103044   0.0031287561   0.0040703585
   5.3399999821   0.0045314548   0.0026933628   0.0042346225
   5.3449999821   0.0046261836   0.0022366136   0.0043895069
   5.3499999820   0.0046945874   0.0017589570   0.0045308892
   5.3549999820   0.0047377168   0.0012609202   0.0046549605
   5.3599999820   0.0047574442   0.0007431795   0.0047584431
   5.3649999820   0.0047562447   0.0002066635   0.0048386951
   5.3699999820   0.0047369155  -0.0003473211   0.0048937120
   5.3749999820   0.0047022753  -0.0009169591   0.0049220562
   5.3799999819   0.0046548817  -0.0014998158   0.0049227594
   5.3849999819   0.0045968043  -0.0020927698   0.0048952433
   5.3899999819   0.0045294753  -0.0026920088   0.0048392911
   5.3949999819   0.0044536280  -0.0032930965   0.0047550825
   5.3999999819   0.0043693149  -0.0038911089   0.0046432797
   5.4049999818   0.0042759887  -0.0044808238   0.0045051324
   5.4099999818   0.0041726205  -0.0050569380   0.0043425574
   5.4149999818   0.0040578342  -0.0056142849   0.0041581517
   5.4199999818   0.0039300387  -0.0061480221   0.0039551087
   5.4249999818   0.0037875518  -0.0066537701   0.0037370318
   5.4299999818   0.0036287176  -0.0071276922   0.0035076634
   5.4349999817   0.0034520248  -0.0075665181   0.0032705700
   5.4399999817   0.0032562344  -0.0079675260   0.0030288387
   5.4449999817   0.0030405216  -0.0083285026   0.0027848372
   5.4499999817   0.0028046249  -0.0086477020   0.0025400822
   5.4549999817   0.0025489905  -0.0089238192   0.0022952370
   5.4599999817   0.0022748886  -0.0091559847   0.0020502342
   5.4649999816   0.0019844775  -0.0093437755   0.0018044951
   5.4699999816   0.0016807946  -0.0094872313   0.0015572038
   5.4749999816   0.0013676636  -0.0095868588   0.0013075820
   5.4799999816   0.0010495156  -0.0096436098   0.0010551222
   5.4849999816   0.0007311425  -0.0096588248   0.0007997451
   5.4899999816   0.0004174049  -0.0096341442   0.0005418693
   5.4949999815   0.0001129297  -0.0095713983   0.0002823984
   5.4999999815  -0.0001781701  -0.0094724942   0.0000226473
   5.5049999815  -0.0004525246  -0.0093393216  -0.0002357636
   5.5099999815  -0.0007076621  -0.0091736936  -0.0004910165
   5.5149999815  -0.0009420828  -0.0089773342  -0.0007411834
   5.5199999815  -0.0011552489  -0.0087519112  -0.0009842808
   5.5249999814  -0.0013475026  -0.0084991056  -0.0012182935
   5.5299999814  -0.0015199280  -0.0082206992  -0.0014411795
   5.5349999814  -0.0016741753  -0.0079186597  -0.0016508766
   5.5399999814  -0.0018122692  -0.0075952043  -0.0018453320
   5.5449999814  -0.0019364169  -0.0072528264  -0.0020225694
   5.5499999814  -0.0020488314  -0.0068942813  -0.0021808025
   5.5549999813  -0.0021515763  -0.0065225314  -0.0023185839
   5.5599999813  -0.0022464388  -0.0061406617  -0.0024349726
   5.5649999813  -0.0023348288  -0.0057517814  -0.0025296881
   5.5699999813  -0.0024177048  -0.0053589255  -0.0026032192
   5.5749999813  -0.0024955251  -0.0049649720  -0.0026568570
   5.5799999813  -0.0025682257  -0.0045725843  -0.0026926344
   5.5849999812  -0.0026352290  -0.0041841799  -0.0027131707
   5.5899999812  -0.0026954876  -0.0038019247  -0.0027214363
   5.5949999812  -0.0027475704  -0.0034277433  -0.0027204708
   5.5999999812  -0.0027897908  -0.0030633358  -0.0027130947
   5.6049999812  -0.0028203741  -0.0027101900  -0.0027016585
   5.6099999812  -0.0028376531  -0.0023695844  -0.0026878659
   5.6149999811  -0.0028402732  -0.0020425769  -0.0026726925
   5.6199999811  -0.0028273832  -0.0017299857  -0.0026564040
   5.6249999811  -0.0027987873  -0.0014323676  -0.0026386627
   5.6299999811  -0.0027550364  -0.0011500049  -0.0026186939
   5.6349999811  -0.0026974435  -0.0008829096  -0.0025954783
   5.6399999811  -0.0026280198  -0.0006308503  -0.0025679389
   5.6449999810  -0.0025493359  -0.0003934033  -0.0025350929
   5.6499999810  -0.0024643268  -0.0001700217  -0.0024961550
   5.6549999810  -0.0023760608   0.0000398861  -0.0024505898
   5.6599999810  -0.0022875020   0.0002368829  -0.0023981211
   5.6649999810  -0.0022012890   0.0004214436  -0.0023387156
   5.6699999810  -0.0021195544   0.0005939227  -0.0022725614
   5.6749999809  -0.0020437989   0.0007545497  -0.0022000550
   5.6799999809  -0.0019748281   0.0009034543  -0.0021218081
   5.6849999809  -0.0019127544   0.0010407119  -0.0020386716
   5.6899999809  -0.0018570547   0.0011664010  -0.0019517663
   5.6949999809  -0.0018066755   0.0012806608  -0.0018625020
   5.6999999809  -0.0017601705   0.0013837365  -0.0017725645
   5.7049999808  -0.0017158549   0.0014760066  -0.0016838534
   5.7099999808  -0.0016719634   0.0015579860  -0.0015983627
   5.7149999808  -0.0016268005   0.0016303070  -0.0015180110
   5.7199999808  -0.0015788740   0.0016936828  -0.0014444383
   5.7249999808  -0.0015270074   0.0017488613  -0.0013788032
   5.7299999808  -0.0014704283   0.0017965793  -0.0013216158
   5.7349999807  -0.0014088295   0.0018375248  -0.0012726423
   5.7399999807  -0.0013424029   0.0018723144  -0.0012309054
   5.7449999807  -0.0012718405   0.0019014871  -0.0011947885
   5.7499999807  -0.0011983015   0.0019255120  -0.0011622323
   5.7549999807  -0.0011233397   0.0019448050  -0.0011309937
   5.7599999807  -0.0010487924   0.0019597451  -0.0010989238
   5.7649999806  -0.0009766327   0.0019706845  -0.0010642204
   5.7699999806  -0.0009087959   0.0019779471  -0.0010256149
   5.7749999806  -0.0008469939   0.0019818153  -0.0009824679
   5.7799999806  -0.0007925392   0.0019825104  -0.0009347681
   5.7849999806  -0.0007462001   0.0019801724  -0.0008830486
   5.7899999806  -0.0007081088   0.0019748503  -0.0008282473
   5.7949999805  -0.0006777364   0.0019665072  -0.0007715466
   5.7999999805  -0.0006539423   0.0019550456  -0.0007142260
   5.8049999805  -0.0006350925   0.0019403496  -0.0006575498
   5.8099999805  -0.0006192320   0.0019223370  -0.0006026986
   5.8149999805  -0.0006042879   0.0019010115  -0.0005507396
   5.8199999805  -0.0005882771   0.0018765042  -0.0005026175
   5.8249999804  -0.0005694910   0.0018490955  -0.0004591466
   5.8299999804  -0.0005466388   0.0018192133  -0.0004209855
   5.8349999804  -0.0005189351   0.0017874075  -0.0003885859
   5.8399999804  -0.0004861310   0.0017543060  -0.0003621200
   5.8449999804  -0.0004484944   0.0017205619  -0.0003414012
   5.8499999804  -0.0004067501   0.0016867989  -0.0003258229
   5.8549999803  -0.0003619945   0.0016535655  -0.0003143394
   5.8599999803  -0.0003155962   0.0016213042  -0.0003055077
   5.8649999803  -0.0002690923   0.0015903359  -0.0002975986
   5.8699999803  -0.0002240825   0.0015608621  -0.0002887693
   5.8749999803  -0.0001821251   0.0015329785  -0.0002772765
   5.8799999803  -0.0001446324   0.0015066963  -0.0002616979
   5.8849999802  -0.0001127686   0.0014819647  -0.0002411270
   5.8899999802  -0.0000873546   0.0014586910  -0.0002153067
   5.8949999802  -0.0000687875   0.0014367540  -0.0001846789
   5.8999999802  -0.0000569861   0.0014160101  -0.0001503405
   5.9049999802  -0.0000513742   0.0013962945  -0.0001139110
   5.9099999802  -0.0000509090   0.0013774188  -0.0000773339
   5.9149999801  -0.0000541596   0.0013591698  -0.0000426409
   5.9199999801  -0.0000594312   0.0013413112  -0.0000117153
   5.9249999801  -0.0000649234   0.0013235909   0.0000139116
   5.9299999801  -0.0000689066   0.0013057543   0.0000332078
   5.9349999801  -0.0000698949   0.0012875611   0.0000457143
   5.9399999801  -0.0000667935   0.0012688040   0.0000515472
   5.9449999800  -0.0000590039   0.0012493252   0.0000513364
   5.9499999800  -0.0000464734   0.0012290288   0.0000461201
   5.9549999800  -0.0000296822   0.0012078862   0.0000372187
   5.9599999800  -0.0000095743   0.0011859334   0.0000261064
   5.9649999800   0.0000125615   0.0011632601   0.0000142989
   5.9699999800   0.0000352427   0.0011399936   0.0000032625
   5.9749999799   0.0000569574   0.0011162765  -0.0000056535
   5.9799999799   0.0000763240   0.0010922444  -0.0000112699
   5.9849999799   0.0000922269   0.0010680060  -0.0000126231
   5.9899999799   0.0001039160   0.0010436293  -0.0000090142
   5.9949999799   0.0001110612   0.0010191380  -0.0000000622
