   0.0000000000   0.0000000000   0.0000000000   0.0000000000
   0.0050000000   0.0000000000   0.0000000000   0.0000000000
   0.0100000000   0.0000000000   0.0000000000   0.0000000000
   0.0149999999   0.0000000000   0.0000000000   0.0000000000
   0.0199999999   0.0000000000   0.0000000000   0.0000000000
   0.0249999999   0.0000000000   0.0000000000   0.0000000000
   0.0299999999   0.0000000000   0.0000000000   0.0000000000
   0.0349999999   0.0000000000   0.0000000000   0.0000000000
   0.0399999999   0.0000000000   0.0000000000   0.0000000000
   0.0449999998   0.0000000000   0.0000000000   0.0000000000
   0.0499999998   0.0000000000   0.0000000000   0.0000000000
   0.0549999998   0.0000000000   0.0000000000   0.0000000000
   0.0599999998   0.0000000000   0.0000000000   0.0000000000
   0.0649999998   0.0000000000   0.0000000000   0.0000000000
   0.0699999998   0.0000000000   0.0000000000   0.0000000000
   0.0749999997   0.0000000000  -0.0000000000   0.0000000000
   0.0799999997  -0.0000000000   0.0000000000  -0.0000000000
   0.0849999997   0.0000000000  -0.0000000000   0.0000000000
   0.0899999997  -0.0000000000   0.0000000000  -0.0000000000
   0.0949999997  -0.0000000000   0.0000000000  -0.0000000000
   0.0999999997  -0.0000000000   0.0000000000  -0.0000000000
   0.1049999996  -0.0000000000   0.0000000000  -0.0000000000
   0.1099999996  -0.0000000000   0.0000000000  -0.0000000000
   0.1149999996   0.0000000000   0.0000000000   0.0000000000
   0.1199999996   0.0000000000  -0.0000000000   0.0000000000
   0.1249999996   0.0000000000  -0.0000000000   0.0000000000
   0.1299999996   0.0000000000  -0.0000000000   0.0000000000
   0.1349999995   0.0000000000  -0.0000000000   0.0000000000
   0.1399999995   0.0000000000  -0.0000000000   0.0000000000
   0.1449999995   0.0000000000  -0.0000000000   0.0000000000
   0.1499999995   0.0000000000  -0.0000000000   0.0000000000
   0.1549999995   0.0000000000  -0.0000000000   0.0000000000
   0.1599999995   0.0000000000  -0.0000000000   0.0000000000
   0.1649999994   0.0000000000  -0.0000000000   0.0000000000
   0.1699999994   0.0000000000  -0.0000000000   0.0000000000
   0.1749999994   0.0000000000  -0.0000000000   0.0000000000
   0.1799999994   0.0000000000  -0.0000000000   0.0000000000
   0.1849999994   0.0000000000  -0.0000000000   0.0000000000
   0.1899999994  -0.0000000000   0.0000000000  -0.0000000000
   0.1949999993  -0.0000000000   0.0000000000  -0.0000000000
   0.1999999993  -0.0000000000   0.0000000000  -0.0000000000
   0.2049999993  -0.0000000000   0.0000000000  -0.0000000000
   0.2099999993  -0.0000000000   0.0000000000  -0.0000000000
   0.2149999993  -0.0000000000   0.0000000000  -0.0000000000
   0.2199999993  -0.0000000000   0.0000000000  -0.0000000000
   0.2249999992   0.0000000000  -0.0000000000   0.0000000000
   0.2299999992   0.0000000000  -0.0000000000   0.0000000000
   0.2349999992   0.0000000000  -0.0000000000   0.0000000000
   0.2399999992   0.0000000000  -0.0000000000   0.0000000000
   0.2449999992   0.0000000000  -0.0000000000   0.0000000000
   0.2499999992   0.0000000000  -0.0000000000   0.0000000000
   0.2549999991   0.0000000000  -0.0000000000   0.0000000000
   0.2599999991   0.0000000000  -0.0000000000   0.0000000000
   0.2649999991   0.0000000000  -0.0000000000   0.0000000000
   0.2699999991   0.0000000000  -0.0000000000   0.0000000000
   0.2749999991   0.0000000000  -0.0000000000   0.0000000000
   0.2799999991   0.0000000000  -0.0000000000   0.0000000000
   0.2849999990   0.0000000000  -0.0000000000   0.0000000000
   0.2899999990   0.0000000000  -0.0000000000   0.0000000000
   0.2949999990   0.0000000000  -0.0000000000   0.0000000000
   0.2999999990   0.0000000000  -0.0000000000   0.0000000000
   0.3049999990   0.0000000000  -0.0000000000   0.0000000000
   0.3099999990   0.0000000000  -0.0000000000   0.0000000000
   0.3149999989   0.0000000000  -0.0000000000   0.0000000000
   0.3199999989   0.0000000000  -0.0000000000   0.0000000000
   0.3249999989   0.0000000000  -0.0000000000   0.0000000000
   0.3299999989   0.0000000000  -0.0000000000   0.0000000000
   0.3349999989   0.0000000000  -0.0000000000   0.0000000000
   0.3399999989   0.0000000000  -0.0000000000   0.0000000000
   0.3449999988   0.0000000000  -0.0000000000   0.0000000000
   0.3499999988   0.0000000000  -0.0000000000   0.0000000000
   0.3549999988   0.0000000000  -0.0000000000   0.0000000000
   0.3599999988   0.0000000000   0.0000000000   0.0000000000
   0.3649999988  -0.0000000000   0.0000000000  -0.0000000000
   0.3699999988  -0.0000000000   0.0000000000  -0.0000000000
   0.3749999987  -0.0000000000   0.0000000000  -0.0000000000
   0.3799999987  -0.0000000000   0.0000000000  -0.0000000000
   0.3849999987  -0.0000000000   0.0000000000  -0.0000000000
   0.3899999987  -0.0000000000   0.0000000000  -0.0000000000
   0.3949999987  -0.0000000000   0.0000000000  -0.0000000000
   0.3999999987  -0.0000000000   0.0000000000  -0.0000000000
   0.4049999986  -0.0000000000   0.0000000000  -0.0000000000
   0.4099999986  -0.0000000000   0.0000000000  -0.0000000000
   0.4149999986  -0.0000000000   0.0000000000  -0.0000000000
   0.4199999986  -0.0000000000   0.0000000000  -0.0000000000
   0.4249999986  -0.0000000000   0.0000000000  -0.0000000000
   0.4299999986  -0.0000000000   0.0000000000  -0.0000000000
   0.4349999985  -0.0000000000   0.0000000000  -0.0000000000
   0.4399999985  -0.0000000000   0.0000000000  -0.0000000000
   0.4449999985  -0.0000000000   0.0000000000  -0.0000000000
   0.4499999985  -0.0000000000   0.0000000000  -0.0000000000
   0.4549999985  -0.0000000000   0.0000000000  -0.0000000000
   0.4599999985  -0.0000000000   0.0000000000  -0.0000000000
   0.4649999984  -0.0000000000   0.0000000000  -0.0000000000
   0.4699999984  -0.0000000000   0.0000000000  -0.0000000000
   0.4749999984  -0.0000000000   0.0000000000  -0.0000000000
   0.4799999984  -0.0000000000  -0.0000000000  -0.0000000000
   0.4849999984  -0.0000000000  -0.0000000000  -0.0000000000
   0.4899999984  -0.0000000000  -0.0000000000  -0.0000000000
   0.4949999983  -0.0000000000  -0.0000000000  -0.0000000000
   0.4999999983  -0.0000000000  -0.0000000000  -0.0000000000
   0.5049999983  -0.0000000000  -0.0000000000  -0.0000000000
   0.5099999983  -0.0000000000   0.0000000000  -0.0000000000
   0.5149999983  -0.0000000000   0.0000000000  -0.0000000000
   0.5199999983  -0.0000000000   0.0000000000  -0.0000000000
   0.5249999982  -0.0000000000   0.0000000000  -0.0000000000
   0.5299999982  -0.0000000000   0.0000000000   0.0000000000
   0.5349999982   0.0000000000   0.0000000000   0.0000000000
   0.5399999982   0.0000000000   0.0000000000   0.0000000000
   0.5449999982   0.0000000000   0.0000000000   0.0000000000
   0.5499999982   0.0000000000   0.0000000000   0.0000000000
   0.5549999981   0.0000000000   0.0000000000   0.0000000000
   0.5599999981   0.0000000000   0.0000000000   0.0000000000
   0.5649999981   0.0000000000   0.0000000000   0.0000000000
   0.5699999981   0.0000000000   0.0000000000   0.0000000000
   0.5749999981   0.0000000000   0.0000000000   0.0000000000
   0.5799999981   0.0000000000   0.0000000000   0.0000000000
   0.5849999980   0.0000000000   0.0000000000   0.0000000000
   0.5899999980   0.0000000000   0.0000000000   0.0000000000
   0.5949999980   0.0000000000  -0.0000000000   0.0000000000
   0.5999999980   0.0000000000  -0.0000000000   0.0000000000
   0.6049999980   0.0000000000  -0.0000000000   0.0000000000
   0.6099999980  -0.0000000000  -0.0000000000  -0.0000000000
   0.6149999979  -0.0000000000  -0.0000000000  -0.0000000000
   0.6199999979  -0.0000000000  -0.0000000000  -0.0000000000
   0.6249999979  -0.0000000000  -0.0000000000  -0.0000000000
   0.6299999979  -0.0000000000  -0.0000000000  -0.0000000000
   0.6349999979  -0.0000000000  -0.0000000000  -0.0000000000
   0.6399999979  -0.0000000000  -0.0000000000  -0.0000000000
   0.6449999978  -0.0000000000  -0.0000000000  -0.0000000000
   0.6499999978  -0.0000000000  -0.0000000000  -0.0000000000
   0.6549999978  -0.0000000000  -0.0000000000  -0.0000000000
   0.6599999978  -0.0000000000   0.0000000000  -0.0000000000
   0.6649999978  -0.0000000000   0.0000000000  -0.0000000000
   0.6699999978   0.0000000000   0.0000000000   0.0000000000
   0.6749999977   0.0000000000   0.0000000000   0.0000000000
   0.6799999977   0.0000000000   0.0000000000   0.0000000000
   0.6849999977   0.0000000000   0.0000000000   0.0000000000
   0.6899999977   0.0000000000   0.0000000000   0.0000000000
   0.6949999977   0.0000000000   0.0000000000   0.0000000000
   0.6999999976   0.0000000000   0.0000000000   0.0000000000
   0.7049999976   0.0000000000   0.0000000000   0.0000000000
   0.7099999976   0.0000000000   0.0000000000   0.0000000000
   0.7149999976   0.0000000000   0.0000000000   0.0000000000
   0.7199999976   0.0000000000   0.0000000000   0.0000000000
   0.7249999976   0.0000000000   0.0000000000   0.0000000000
   0.7299999975   0.0000000000   0.0000000000   0.0000000000
   0.7349999975   0.0000000000   0.0000000000   0.0000000000
   0.7399999975   0.0000000000   0.0000000000   0.0000000000
   0.7449999975   0.0000000000   0.0000000000   0.0000000000
   0.7499999975   0.0000000000   0.0000000000   0.0000000000
   0.7549999975   0.0000000000   0.0000000000   0.0000000000
   0.7599999974   0.0000000000   0.0000000000   0.0000000000
   0.7649999974   0.0000000000   0.0000000000   0.0000000000
   0.7699999974   0.0000000000   0.0000000000   0.0000000000
   0.7749999974   0.0000000000   0.0000000000   0.0000000000
   0.7799999974   0.0000000000   0.0000000000   0.0000000000
   0.7849999974   0.0000000000   0.0000000000   0.0000000000
   0.7899999973   0.0000000000   0.0000000000   0.0000000000
   0.7949999973   0.0000000000   0.0000000000   0.0000000000
   0.7999999973   0.0000000000   0.0000000000   0.0000000000
   0.8049999973   0.0000000000   0.0000000000   0.0000000000
   0.8099999973   0.0000000000   0.0000000000   0.0000000000
   0.8149999973   0.0000000000   0.0000000000   0.0000000000
   0.8199999972   0.0000000000   0.0000000000   0.0000000000
   0.8249999972   0.0000000000   0.0000000000   0.0000000000
   0.8299999972   0.0000000000   0.0000000000   0.0000000000
   0.8349999972   0.0000000000   0.0000000000   0.0000000000
   0.8399999972   0.0000000000   0.0000000000   0.0000000000
   0.8449999972   0.0000000000   0.0000000000   0.0000000000
   0.8499999971   0.0000000000   0.0000000000   0.0000000000
   0.8549999971   0.0000000000   0.0000000000   0.0000000000
   0.8599999971   0.0000000000   0.0000000000   0.0000000000
   0.8649999971   0.0000000000   0.0000000000   0.0000000000
   0.8699999971   0.0000000000   0.0000000000   0.0000000000
   0.8749999971   0.0000000000   0.0000000000   0.0000000000
   0.8799999970   0.0000000000   0.0000000000   0.0000000000
   0.8849999970   0.0000000000   0.0000000000   0.0000000000
   0.8899999970   0.0000000000   0.0000000000   0.0000000000
   0.8949999970   0.0000000000   0.0000000000   0.0000000000
   0.8999999970   0.0000000000   0.0000000000  -0.0000000000
   0.9049999970   0.0000000000  -0.0000000000  -0.0000000000
   0.9099999969  -0.0000000000  -0.0000000000  -0.0000000000
   0.9149999969  -0.0000000000  -0.0000000000  -0.0000000000
   0.9199999969  -0.0000000000  -0.0000000000  -0.0000000000
   0.9249999969  -0.0000000000  -0.0000000000  -0.0000000000
   0.9299999969  -0.0000000000  -0.0000000000  -0.0000000000
   0.9349999969  -0.0000000000  -0.0000000000  -0.0000000000
   0.9399999968  -0.0000000000  -0.0000000000  -0.0000000000
   0.9449999968  -0.0000000000  -0.0000000000  -0.0000000000
   0.9499999968  -0.0000000000  -0.0000000000  -0.0000000000
   0.9549999968  -0.0000000000  -0.0000000000  -0.0000000000
   0.9599999968  -0.0000000000  -0.0000000000  -0.0000000000
   0.9649999968  -0.0000000000  -0.0000000000  -0.0000000000
   0.9699999967  -0.0000000000  -0.0000000000  -0.0000000000
   0.9749999967  -0.0000000000  -0.0000000000  -0.0000000000
   0.9799999967  -0.0000000000   0.0000000000   0.0000000000
   0.9849999967   0.0000000000   0.0000000000   0.0000000000
   0.9899999967   0.0000000000   0.0000000000   0.0000000000
   0.9949999967   0.0000000000   0.0000000000   0.0000000000
   0.9999999966   0.0000000000   0.0000000000   0.0000000000
   1.0049999966   0.0000000000   0.0000000000   0.0000000000
   1.0099999966   0.0000000000   0.0000000000   0.0000000000
   1.0149999966   0.0000000000   0.0000000000   0.0000000000
   1.0199999966   0.0000000000   0.0000000000   0.0000000000
   1.0249999966   0.0000000000   0.0000000000   0.0000000000
   1.0299999965   0.0000000000   0.0000000000   0.0000000000
   1.0349999965   0.0000000000   0.0000000000   0.0000000000
   1.0399999965   0.0000000000   0.0000000000  -0.0000000000
   1.0449999965   0.0000000000  -0.0000000000  -0.0000000000
   1.0499999965  -0.0000000000  -0.0000000000  -0.0000000000
   1.0549999965  -0.0000000000  -0.0000000000  -0.0000000000
   1.0599999964  -0.0000000000  -0.0000000000  -0.0000000000
   1.0649999964  -0.0000000000  -0.0000000000  -0.0000000000
   1.0699999964  -0.0000000000  -0.0000000000  -0.0000000000
   1.0749999964  -0.0000000000  -0.0000000000  -0.0000000000
   1.0799999964  -0.0000000000  -0.0000000000  -0.0000000000
   1.0849999964  -0.0000000000  -0.0000000000  -0.0000000000
   1.0899999963  -0.0000000000  -0.0000000000  -0.0000000000
   1.0949999963  -0.0000000000  -0.0000000000  -0.0000000000
   1.0999999963  -0.0000000000  -0.0000000000   0.0000000000
   1.1049999963   0.0000000000   0.0000000000   0.0000000000
   1.1099999963   0.0000000000   0.0000000000   0.0000000000
   1.1149999963   0.0000000000   0.0000000000   0.0000000000
   1.1199999962   0.0000000000   0.0000000000   0.0000000000
   1.1249999962   0.0000000000   0.0000000000   0.0000000000
   1.1299999962   0.0000000000   0.0000000000   0.0000000000
   1.1349999962   0.0000000000   0.0000000000   0.0000000000
   1.1399999962   0.0000000000   0.0000000000   0.0000000000
   1.1449999962   0.0000000000   0.0000000000   0.0000000000
   1.1499999961   0.0000000000   0.0000000000  -0.0000000000
   1.1549999961  -0.0000000000  -0.0000000000  -0.0000000000
   1.1599999961  -0.0000000000  -0.0000000000  -0.0000000000
   1.1649999961  -0.0000000000  -0.0000000000  -0.0000000000
   1.1699999961  -0.0000000000  -0.0000000000  -0.0000000000
   1.1749999961  -0.0000000000  -0.0000000000  -0.0000000000
   1.1799999960  -0.0000000000  -0.0000000000  -0.0000000000
   1.1849999960  -0.0000000000  -0.0000000000  -0.0000000000
   1.1899999960  -0.0000000000  -0.0000000000  -0.0000000000
   1.1949999960  -0.0000000000  -0.0000000000  -0.0000000000
   1.1999999960  -0.0000000000  -0.0000000000   0.0000000000
   1.2049999960   0.0000000000   0.0000000000   0.0000000000
   1.2099999959   0.0000000000   0.0000000000   0.0000000000
   1.2149999959   0.0000000000   0.0000000000   0.0000000000
   1.2199999959   0.0000000000   0.0000000000   0.0000000000
   1.2249999959   0.0000000000   0.0000000000   0.0000000000
   1.2299999959   0.0000000000   0.0000000000   0.0000000000
   1.2349999959   0.0000000000   0.0000000000   0.0000000000
   1.2399999958   0.0000000000   0.0000000000   0.0000000000
   1.2449999958   0.0000000000   0.0000000000   0.0000000000
   1.2499999958   0.0000000000   0.0000000000  -0.0000000000
   1.2549999958  -0.0000000000  -0.0000000000  -0.0000000000
   1.2599999958  -0.0000000000  -0.0000000000  -0.0000000000
   1.2649999958  -0.0000000000  -0.0000000000  -0.0000000000
   1.2699999957  -0.0000000000  -0.0000000000  -0.0000000000
   1.2749999957  -0.0000000000  -0.0000000000  -0.0000000000
   1.2799999957  -0.0000000000  -0.0000000000  -0.0000000000
   1.2849999957  -0.0000000000  -0.0000000000  -0.0000000000
   1.2899999957  -0.0000000000  -0.0000000000  -0.0000000000
   1.2949999957  -0.0000000000  -0.0000000000   0.0000000000
   1.2999999956   0.0000000000   0.0000000000   0.0000000000
   1.3049999956   0.0000000000   0.0000000000   0.0000000000
   1.3099999956   0.0000000000   0.0000000000   0.0000000000
   1.3149999956   0.0000000000   0.0000000000   0.0000000000
   1.3199999956   0.0000000000   0.0000000000   0.0000000000
   1.3249999956   0.0000000000   0.0000000000   0.0000000000
   1.3299999955   0.0000000000   0.0000000000   0.0000000000
   1.3349999955   0.0000000000   0.0000000000   0.0000000000
   1.3399999955   0.0000000000   0.0000000000  -0.0000000000
   1.3449999955  -0.0000000000  -0.0000000000  -0.0000000000
   1.3499999955  -0.0000000000  -0.0000000000  -0.0000000000
   1.3549999954  -0.0000000000  -0.0000000000  -0.0000000000
   1.3599999954  -0.0000000000  -0.0000000000  -0.0000000000
   1.3649999954  -0.0000000000  -0.0000000000  -0.0000000000
   1.3699999954  -0.0000000000  -0.0000000000  -0.0000000000
   1.3749999954  -0.0000000000  -0.0000000000  -0.0000000000
   1.3799999954  -0.0000000000  -0.0000000000   0.0000000000
   1.3849999953   0.0000000000   0.0000000000   0.0000000000
   1.3899999953   0.0000000000   0.0000000000   0.0000000000
   1.3949999953   0.0000000000   0.0000000000   0.0000000000
   1.3999999953   0.0000000000   0.0000000000   0.0000000000
   1.4049999953   0.0000000000   0.0000000000   0.0000000000
   1.4099999953   0.0000000000   0.0000000000   0.0000000000
   1.4149999952   0.0000000000   0.0000000000   0.0000000000
   1.4199999952   0.0000000000   0.0000000000   0.0000000000
   1.4249999952   0.0000000000   0.0000000000  -0.0000000000
   1.4299999952  -0.0000000000  -0.0000000000  -0.0000000000
   1.4349999952  -0.0000000000  -0.0000000000  -0.0000000000
   1.4399999952  -0.0000000000  -0.0000000000  -0.0000000000
   1.4449999951  -0.0000000000  -0.0000000000  -0.0000000000
   1.4499999951  -0.0000000000  -0.0000000000  -0.0000000000
   1.4549999951  -0.0000000000  -0.0000000000  -0.0000000000
   1.4599999951  -0.0000000000  -0.0000000000  -0.0000000000
   1.4649999951  -0.0000000000  -0.0000000000  -0.0000000000
   1.4699999951  -0.0000000000  -0.0000000000   0.0000000000
   1.4749999950   0.0000000000   0.0000000000   0.0000000000
   1.4799999950   0.0000000000   0.0000000000   0.0000000000
   1.4849999950   0.0000000000   0.0000000000   0.0000000000
   1.4899999950   0.0000000000   0.0000000000   0.0000000000
   1.4949999950   0.0000000000   0.0000000000   0.0000000000
   1.4999999950   0.0000000000   0.0000000000   0.0000000000
   1.5049999949   0.0000000000   0.0000000000   0.0000000000
   1.5099999949   0.0000000000   0.0000000000   0.0000000000
   1.5149999949   0.0000000000   0.0000000000   0.0000000000
   1.5199999949   0.0000000000   0.0000000000   0.0000000000
   1.5249999949   0.0000000000   0.0000000000   0.0000000000
   1.5299999949   0.0000000000   0.0000000000   0.0000000000
   1.5349999948   0.0000000000   0.0000000000  -0.0000000000
   1.5399999948   0.0000000000   0.0000000000  -0.0000000000
   1.5449999948  -0.0000000000  -0.0000000000  -0.0000000000
   1.5499999948  -0.0000000000  -0.0000000000  -0.0000000000
   1.5549999948  -0.0000000000  -0.0000000000  -0.0000000000
   1.5599999948  -0.0000000000  -0.0000000000  -0.0000000000
   1.5649999947  -0.0000000000  -0.0000000000  -0.0000000000
   1.5699999947  -0.0000000000  -0.0000000000  -0.0000000000
   1.5749999947  -0.0000000000  -0.0000000000  -0.0000000000
   1.5799999947  -0.0000000000  -0.0000000000  -0.0000000000
   1.5849999947  -0.0000000000  -0.0000000000  -0.0000000000
   1.5899999947  -0.0000000000  -0.0000000000  -0.0000000000
   1.5949999946  -0.0000000000  -0.0000000000   0.0000000000
   1.5999999946   0.0000000000   0.0000000000   0.0000000000
   1.6049999946   0.0000000000   0.0000000000   0.0000000000
   1.6099999946   0.0000000000   0.0000000000   0.0000000000
   1.6149999946   0.0000000000   0.0000000000   0.0000000000
   1.6199999946   0.0000000000   0.0000000000   0.0000000000
   1.6249999945   0.0000000000   0.0000000000   0.0000000000
   1.6299999945   0.0000000000   0.0000000000   0.0000000000
   1.6349999945   0.0000000000   0.0000000000   0.0000000000
   1.6399999945   0.0000000000   0.0000000000   0.0000000000
   1.6449999945   0.0000000000   0.0000000000  -0.0000000000
   1.6499999945  -0.0000000000   0.0000000000  -0.0000000000
   1.6549999944  -0.0000000000  -0.0000000000  -0.0000000000
   1.6599999944  -0.0000000000  -0.0000000000  -0.0000000000
   1.6649999944  -0.0000000000  -0.0000000000  -0.0000000000
   1.6699999944  -0.0000000000  -0.0000000000  -0.0000000000
   1.6749999944  -0.0000000000  -0.0000000000  -0.0000000000
   1.6799999944  -0.0000000000  -0.0000000000  -0.0000000000
   1.6849999943  -0.0000000000  -0.0000000000  -0.0000000000
   1.6899999943  -0.0000000000  -0.0000000000  -0.0000000000
   1.6949999943  -0.0000000000  -0.0000000000   0.0000000000
   1.6999999943  -0.0000000000  -0.0000000000   0.0000000000
   1.7049999943   0.0000000000   0.0000000000   0.0000000000
   1.7099999943   0.0000000000   0.0000000000   0.0000000000
   1.7149999942   0.0000000000   0.0000000000   0.0000000000
   1.7199999942   0.0000000000   0.0000000000   0.0000000000
   1.7249999942   0.0000000000   0.0000000000   0.0000000000
   1.7299999942   0.0000000000   0.0000000000   0.0000000000
   1.7349999942   0.0000000000   0.0000000000   0.0000000000
   1.7399999942   0.0000000000   0.0000000000   0.0000000000
   1.7449999941   0.0000000000   0.0000000000  -0.0000000000
   1.7499999941   0.0000000000   0.0000000000  -0.0000000000
   1.7549999941  -0.0000000000   0.0000000000  -0.0000000000
   1.7599999941  -0.0000000000  -0.0000000000  -0.0000000000
   1.7649999941  -0.0000000000  -0.0000000000  -0.0000000000
   1.7699999941  -0.0000000000  -0.0000000000  -0.0000000000
   1.7749999940  -0.0000000000  -0.0000000000   0.0000000000
   1.7799999940  -0.0000000000  -0.0000000000   0.0000000000
   1.7849999940  -0.0000000000  -0.0000000000   0.0000000000
   1.7899999940  -0.0000000000  -0.0000000000   0.0000000000
   1.7949999940  -0.0000000000  -0.0000000000   0.0000000000
   1.7999999940   0.0000000000  -0.0000000000   0.0000000000
   1.8049999939   0.0000000000   0.0000000000  -0.0000000000
   1.8099999939   0.0000000000   0.0000000000  -0.0000000000
   1.8149999939   0.0000000000   0.0000000000  -0.0000000000
   1.8199999939   0.0000000000   0.0000000000  -0.0000000000
   1.8249999939   0.0000000000   0.0000000000  -0.0000000000
   1.8299999939   0.0000000000   0.0000000000  -0.0000000000
   1.8349999938   0.0000000000   0.0000000000  -0.0000000000
   1.8399999938   0.0000000000   0.0000000000  -0.0000000000
   1.8449999938  -0.0000000000   0.0000000000  -0.0000000000
   1.8499999938  -0.0000000000  -0.0000000000   0.0000000000
   1.8549999938  -0.0000000001  -0.0000000000   0.0000000001
   1.8599999938  -0.0000000001  -0.0000000000   0.0000000001
   1.8649999937  -0.0000000001  -0.0000000001   0.0000000001
   1.8699999937  -0.0000000001  -0.0000000001   0.0000000001
   1.8749999937  -0.0000000001  -0.0000000001   0.0000000001
   1.8799999937  -0.0000000001  -0.0000000001   0.0000000001
   1.8849999937  -0.0000000000  -0.0000000001   0.0000000001
   1.8899999937  -0.0000000000  -0.0000000000   0.0000000001
   1.8949999936  -0.0000000000  -0.0000000000   0.0000000000
   1.8999999936   0.0000000000   0.0000000000  -0.0000000000
   1.9049999936   0.0000000000   0.0000000000  -0.0000000001
   1.9099999936   0.0000000000   0.0000000001  -0.0000000001
   1.9149999936   0.0000000001   0.0000000001  -0.0000000002
   1.9199999936   0.0000000001   0.0000000001  -0.0000000003
   1.9249999935   0.0000000002   0.0000000002  -0.0000000004
   1.9299999935   0.0000000004   0.0000000003  -0.0000000006
   1.9349999935   0.0000000007   0.0000000004  -0.0000000009
   1.9399999935   0.0000000011   0.0000000006  -0.0000000013
   1.9449999935   0.0000000016   0.0000000008  -0.0000000017
   1.9499999935   0.0000000020   0.0000000010  -0.0000000020
   1.9549999934   0.0000000023   0.0000000011  -0.0000000020
   1.9599999934   0.0000000021   0.0000000010  -0.0000000014
   1.9649999934   0.0000000010   0.0000000005   0.0000000001
   1.9699999934  -0.0000000014  -0.0000000006   0.0000000030
   1.9749999934  -0.0000000057  -0.0000000026   0.0000000079
   1.9799999934  -0.0000000123  -0.0000000058   0.0000000151
   1.9849999933  -0.0000000217  -0.0000000103   0.0000000249
   1.9899999933  -0.0000000339  -0.0000000163   0.0000000374
   1.9949999933  -0.0000000487  -0.0000000237   0.0000000519
   1.9999999933  -0.0000000652  -0.0000000320   0.0000000673
   2.0049999933  -0.0000000817  -0.0000000406   0.0000000818
   2.0099999933  -0.0000000958  -0.0000000481   0.0000000926
   2.0149999932  -0.0000001039  -0.0000000530   0.0000000962
   2.0199999932  -0.0000001020  -0.0000000530   0.0000000883
   2.0249999932  -0.0000000856  -0.0000000458   0.0000000647
   2.0299999932  -0.0000000499  -0.0000000288   0.0000000211
   2.0349999932   0.0000000090   0.0000000001  -0.0000000456
   2.0399999931   0.0000000936   0.0000000424  -0.0000001367
   2.0449999931   0.0000002040   0.0000000985  -0.0000002506
   2.0499999931   0.0000003368   0.0000001671  -0.0000003825
   2.0549999931   0.0000004850   0.0000002446  -0.0000005230
   2.0599999931   0.0000006368   0.0000003252  -0.0000006587
   2.0649999931   0.0000007759   0.0000004005  -0.0000007718
   2.0699999930   0.0000008826   0.0000004600  -0.0000008416
   2.0749999930   0.0000009345   0.0000004916  -0.0000008462
   2.0799999930   0.0000009093   0.0000004827  -0.0000007649
   2.0849999930   0.0000007870   0.0000004220  -0.0000005808
   2.0899999930   0.0000005538   0.0000003006  -0.0000002850
   2.0949999930   0.0000002049   0.0000001148   0.0000001212
   2.0999999929  -0.0000002524  -0.0000001332   0.0000006228
   2.1049999929  -0.0000007965  -0.0000004329   0.0000011903
   2.1099999929  -0.0000013908  -0.0000007655   0.0000017796
   2.1149999929  -0.0000019849  -0.0000011039   0.0000023340
   2.1199999929  -0.0000025177  -0.0000014143   0.0000027882
   2.1249999929  -0.0000029225  -0.0000016585   0.0000030750
   2.1299999928  -0.0000031343  -0.0000017979   0.0000031330
   2.1349999928  -0.0000030978  -0.0000017980   0.0000029145
   2.1399999928  -0.0000027760  -0.0000016335   0.0000023948
   2.1449999928  -0.0000021575  -0.0000012928   0.0000015785
   2.1499999928  -0.0000012625  -0.0000007819   0.0000005039
   2.1549999928  -0.0000001445  -0.0000001265  -0.0000007567
   2.1599999927   0.0000011109   0.0000006278  -0.0000021006
   2.1649999927   0.0000023926   0.0000014184  -0.0000034031
   2.1699999927   0.0000035745   0.0000021705  -0.0000045302
   2.1749999927   0.0000045289   0.0000028050  -0.0000053540
   2.1799999927   0.0000051424   0.0000032472  -0.0000057684
   2.1849999927   0.0000053309   0.0000034364  -0.0000057050
   2.1899999926   0.0000050532   0.0000033346  -0.0000051443
   2.1949999926   0.0000043190   0.0000029334  -0.0000041220
   2.1999999926   0.0000031913   0.0000022573  -0.0000027285
   2.2049999926   0.0000017814   0.0000013629  -0.0000011001
   2.2099999926   0.0000002367   0.0000003344   0.0000005960
   2.2149999926  -0.0000012769  -0.0000007259   0.0000021828
   2.2199999925  -0.0000025967  -0.0000017095   0.0000034961
   2.2249999925  -0.0000035855  -0.0000025156   0.0000044075
   2.2299999925  -0.0000041510  -0.0000030639   0.0000048423
   2.2349999925  -0.0000042591  -0.0000033063   0.0000047906
   2.2399999925  -0.0000039393  -0.0000032329   0.0000043086
   2.2449999925  -0.0000032801  -0.0000028741   0.0000035095
   2.2499999924  -0.0000024143  -0.0000022957   0.0000025457
   2.2549999924  -0.0000014984  -0.0000015892   0.0000015838
   2.2599999924  -0.0000006859  -0.0000008576   0.0000007769
   2.2649999924  -0.0000001017  -0.0000001999   0.0000002390
   2.2699999924   0.0000001794   0.0000003048   0.0000000252
   2.2749999924   0.0000001461   0.0000006091   0.0000001215
   2.2799999923  -0.0000001471   0.0000007047   0.0000004481
   2.2849999923  -0.0000005899   0.0000006223   0.0000008728
   2.2899999923  -0.0000010367   0.0000004261   0.0000012359
   2.2949999923  -0.0000013336   0.0000002004   0.0000013806
   2.2999999923  -0.0000013500   0.0000000348   0.0000011837
   2.3049999923  -0.0000010050   0.0000000056   0.0000005822
   2.3099999922  -0.0000002871   0.0000001614  -0.0000004105
   2.3149999922   0.0000007386   0.0000005121  -0.0000017014
   2.3199999922   0.0000019387   0.0000010246  -0.0000031282
   2.3249999922   0.0000031322   0.0000016263  -0.0000044831
   2.3299999922   0.0000041224   0.0000022159  -0.0000055447
   2.3349999922   0.0000047343   0.0000026784  -0.0000061132
   2.3399999921   0.0000048500   0.0000029044  -0.0000060430
   2.3449999921   0.0000044352   0.0000028078  -0.0000052669
   2.3499999921   0.0000035518   0.0000023408  -0.0000038090
   2.3549999921   0.0000023508   0.0000015036  -0.0000017831
   2.3599999921   0.0000010474   0.0000003476   0.0000006192
   2.3649999921  -0.0000001224  -0.0000010276   0.0000031507
   2.3699999920  -0.0000009542  -0.0000024826   0.0000055328
   2.3749999920  -0.0000013305  -0.0000038490   0.0000074802
   2.3799999920  -0.0000012682  -0.0000049422   0.0000087196
   2.3849999920  -0.0000009462  -0.0000055739   0.0000090040
   2.3899999920  -0.0000007053  -0.0000055646   0.0000081227
   2.3949999920  -0.0000010135  -0.0000047566   0.0000059126
   2.3999999919  -0.0000023927  -0.0000030304   0.0000022765
   2.4049999919  -0.0000053104  -0.0000003271  -0.0000027843
   2.4099999919  -0.0000100425   0.0000033221  -0.0000091210
   2.4149999919  -0.0000165233   0.0000077575  -0.0000163720
   2.4199999919  -0.0000242010   0.0000126479  -0.0000238889
   2.4249999919  -0.0000319250   0.0000174477  -0.0000306695
   2.4299999918  -0.0000378940   0.0000213677  -0.0000353193
   2.4349999918  -0.0000396968   0.0000233709  -0.0000360687
   2.4399999918  -0.0000344743   0.0000222118  -0.0000308725
   2.4449999918  -0.0000192271   0.0000165356  -0.0000176175
   2.4499999918   0.0000087200   0.0000050478   0.0000055493
   2.4549999918   0.0000511017  -0.0000132370   0.0000397718
   2.4599999917   0.0001079702  -0.0000386751   0.0000849345
   2.4649999917   0.0001768812  -0.0000706177   0.0001390529
   2.4699999917   0.0002520862  -0.0001070125   0.0001976690
   2.4749999917   0.0003238356  -0.0001440286   0.0002533319
   2.4799999917   0.0003779109  -0.0001757622   0.0002952588
   2.4849999917   0.0003955139  -0.0001940858   0.0003092695
   2.4899999916   0.0003536253  -0.0001887037   0.0002780810
   2.4949999916   0.0002259203  -0.0001474668   0.0001820206
   2.4999999916  -0.0000157196  -0.0000569802   0.0000001829
   2.5049999916  -0.0003991238   0.0000964905  -0.0002879956
   2.5099999916  -0.0009492775   0.0003258412  -0.0007008218
   2.5149999916  -0.0016854691   0.0006417486  -0.0012522258
   2.5199999915  -0.0026183856   0.0010511892  -0.0019496186
   2.5249999915  -0.0037474527   0.0015559967  -0.0027919454
   2.5299999915  -0.0050587356   0.0021516150  -0.0037681698
   2.5349999915  -0.0065237082   0.0028262118  -0.0048564071
   2.5399999915  -0.0080991393   0.0035603033  -0.0060238937
   2.5449999915  -0.0097282569   0.0043270091  -0.0072279027
   2.5499999914  -0.0113432281   0.0050930009  -0.0084176335
   2.5549999914  -0.0128688497   0.0058201440  -0.0095369935
   2.5599999914  -0.0142272036   0.0064677521  -0.0105280874
   2.5649999914  -0.0153429030   0.0069953023  -0.0113351321
   2.5699999914  -0.0161484633   0.0073653887  -0.0119084483
   2.5749999914  -0.0165892889   0.0075466494  -0.0122081466
   2.5799999913  -0.0166277814   0.0075163828  -0.0122071395
   2.5849999913  -0.0162461533   0.0072625817  -0.0118931681
   2.5899999913  -0.0154476581   0.0067851651  -0.0112696356
   2.5949999913  -0.0142561218   0.0060962607  -0.0103551668
   2.5999999913  -0.0127138450   0.0052194938  -0.0091819621
   2.6049999913  -0.0108781337   0.0041883436  -0.0077931484
   2.6099999912  -0.0088168639   0.0030437343  -0.0062394466
   2.6149999912  -0.0066035897   0.0018311113  -0.0045755429
   2.6199999912  -0.0043127346   0.0005973080  -0.0028565696
   2.6249999912  -0.0020153665  -0.0006124754  -0.0011350617
   2.6299999912   0.0002240522  -0.0017572889   0.0005413378
   2.6349999912   0.0023497090  -0.0028024131   0.0021312747
   2.6399999911   0.0043152403  -0.0037205699   0.0036001828
   2.6449999911   0.0060834350  -0.0044923349   0.0049200206
   2.6499999911   0.0076251520  -0.0051058324   0.0060684943
   2.6549999911   0.0089178646  -0.0055558843   0.0070280770
   2.6599999911   0.0099442771  -0.0058428416   0.0077851400
   2.6649999911   0.0106914055  -0.0059713498   0.0083294634
   2.6699999910   0.0111503991  -0.0059492716   0.0086542877
   2.6749999910   0.0113171982  -0.0057869360   0.0087569403
   2.6799999910   0.0111939324  -0.0054967899   0.0086399275
   2.6849999910   0.0107907728  -0.0050934336   0.0083122581
   2.6899999910   0.0101278105  -0.0045939277   0.0077906833
   2.6949999909   0.0092364677  -0.0040181879   0.0071005051
   2.6999999909   0.0081599618  -0.0033892505   0.0062756401
   2.7049999909   0.0069524607  -0.0027331962   0.0053577210
   2.7099999909   0.0056767480  -0.0020785728   0.0043941549
   2.7149999909   0.0044004579  -0.0014552370   0.0034352228
   2.7199999909   0.0031911829  -0.0008926453   0.0025304691
   2.7249999908   0.0021109747  -0.0004177312   0.0017247631
   2.7299999908   0.0012109067  -0.0000526016   0.0010545006
   2.7349999908   0.0005264141   0.0001876495   0.0005444303
   2.7399999908   0.0000740721   0.0002966953   0.0002055389
   2.7449999908  -0.0001496973   0.0002780089   0.0000343077
   2.7499999908  -0.0001677433   0.0001449635   0.0000134834
   2.7549999907  -0.0000191774  -0.0000800963   0.0001143124
   2.7599999907   0.0002454158  -0.0003677756   0.0002999884
   2.7649999907   0.0005699562  -0.0006843678   0.0005299049
   2.7699999907   0.0008992713  -0.0009951173   0.0007641878
   2.7749999907   0.0011851072  -0.0012676330   0.0009679506
   2.7799999907   0.0013909950  -0.0014750480   0.0011147500
   2.7849999906   0.0014953880  -0.0015985451   0.0011888347
   2.7899999906   0.0014927414  -0.0016289466   0.0011859471
   2.7949999906   0.0013924981  -0.0015671868   0.0011126391
   2.7999999906   0.0012162382  -0.0014236327   0.0009842671
   2.8049999906   0.0009934891  -0.0012163652   0.0008220055
   2.8099999906   0.0007568577  -0.0009686699   0.0006493438
   2.8149999905   0.0005371989  -0.0007060798   0.0004885799
   2.8199999905   0.0003594886  -0.0004533589   0.0003578018
   2.8249999905   0.0002399191  -0.0002318068   0.0002687482
   2.8299999905   0.0001845266  -0.0000572026   0.0002257911
   2.8349999905   0.0001894108   0.0000613997   0.0002260961
   2.8399999905   0.0002423721   0.0001219384   0.0002608417
   2.8449999904   0.0003255940   0.0001287262   0.0003172164
   2.8499999904   0.0004188735   0.0000911120   0.0003808200
   2.8549999904   0.0005028600   0.0000216812   0.0004380515
   2.8599999904   0.0005618067  -0.0000657122   0.0004781056
   2.8649999904   0.0005854519  -0.0001577874   0.0004942867
   2.8699999904   0.0005698161  -0.0002433095   0.0004844868
   2.8749999903   0.0005168841  -0.0003140298   0.0004508211
   2.8799999903   0.0004333207  -0.0003650303   0.0003985563
   2.8849999903   0.0003285101  -0.0003945056   0.0003345739
   2.8899999903   0.0002122967  -0.0004031004   0.0002656700
   2.8949999903   0.0000928249  -0.0003929784   0.0001969961
   2.8999999903  -0.0000251637  -0.0003668167   0.0001309013
   2.9049999902  -0.0001413174  -0.0003269126   0.0000663440
   2.9099999902  -0.0002598157  -0.0002745465  -0.0000010597
   2.9149999902  -0.0003886815  -0.0002096835  -0.0000783991
   2.9199999902  -0.0005384117  -0.0001310335  -0.0001743782
   2.9249999902  -0.0007201791  -0.0000364217  -0.0002979704
   2.9299999902  -0.0009439086   0.0000766236  -0.0004570380
   2.9349999901  -0.0012165388   0.0002101863  -0.0006571222
   2.9399999901  -0.0015407273   0.0003653077  -0.0009005638
   2.9449999901  -0.0019141750   0.0005414706  -0.0011860482
   2.9499999901  -0.0023296303   0.0007362969  -0.0015085983
   2.9549999901  -0.0027755233   0.0009454955  -0.0018599691
   2.9599999901  -0.0032370828   0.0011630525  -0.0022293495
   2.9649999900  -0.0036977235   0.0013816194  -0.0026042450
   2.9699999900  -0.0041404706   0.0015930317  -0.0029714069
   2.9749999900  -0.0045492071   0.0017888777  -0.0033176914
   2.9799999900  -0.0049095881   0.0019610409  -0.0036307561
   2.9849999900  -0.0052095475   0.0021021559  -0.0038995466
   2.9899999900  -0.0054394081   0.0022059379  -0.0041145618
   2.9949999899  -0.0055916839   0.0022673751  -0.0042679301
   2.9999999899  -0.0056607143   0.0022827977  -0.0043533501
   3.0049999899  -0.0056422874   0.0022498547  -0.0043659712
   3.0099999899  -0.0055333903   0.0021674420  -0.0043022857
   3.0149999899  -0.0053321790   0.0020356261  -0.0041600935
   3.0199999899  -0.0050381934   0.0018555964  -0.0039385761
   3.0249999898  -0.0046527750   0.0016296655  -0.0036384862
   3.0299999898  -0.0041795882   0.0013613178  -0.0032624253
   3.0349999898  -0.0036251145   0.0010552831  -0.0028151562
   3.0399999898  -0.0029989811   0.0007176034  -0.0023038744
   3.0449999898  -0.0023140173   0.0003556478  -0.0017383621
   3.0499999898  -0.0015859729  -0.0000219651  -0.0011309534
   3.0549999897  -0.0008329008  -0.0004055655  -0.0004962653
   3.0599999897  -0.0000742592  -0.0007847639   0.0001493162
   3.0649999897   0.0006701601  -0.0011489038   0.0007883696
   3.0699999897   0.0013813473  -0.0014876013   0.0014033264
   3.0749999897   0.0020421004  -0.0017913198   0.0019774273
   3.0799999897   0.0026378525  -0.0020519175   0.0024956413
   3.0849999896   0.0031572273  -0.0022631074   0.0029454507
   3.0899999896   0.0035922968  -0.0024207778   0.0033174231
   3.0949999896   0.0039385614  -0.0025231416   0.0036055247
   3.0999999896   0.0041947057  -0.0025707064   0.0038071644
   3.1049999896   0.0043622052  -0.0025660818   0.0039229980
   3.1099999896   0.0044448637  -0.0025136592   0.0039565487
   3.1149999895   0.0044483493  -0.0024192145   0.0039137161
   3.1199999895   0.0043797795  -0.0022894855   0.0038022475
   3.1249999895   0.0042473793  -0.0021317715   0.0036312360
   3.1299999895   0.0040602129  -0.0019535890   0.0034106835
   3.1349999895   0.0038279716  -0.0017623990   0.0031511463
   3.1399999895   0.0035607884  -0.0015654054   0.0028634519
   3.1449999894   0.0032690470  -0.0013694076   0.0025584616
   3.1499999894   0.0029631587  -0.0011806830   0.0022468437
   3.1549999894   0.0026532882  -0.0010048748   0.0019388264
   3.1599999894   0.0023490279  -0.0008468650   0.0016439116
   3.1649999894   0.0020590332  -0.0007106268   0.0013705517
   3.1699999894   0.0017906459  -0.0005990622   0.0011258086
   3.1749999893   0.0015495477  -0.0005138453   0.0009150339
   3.1799999893   0.0013394902  -0.0004553014   0.0007416171
   3.1849999893   0.0011621467  -0.0004223518   0.0006068474
   3.1899999893   0.0010171229  -0.0004125541   0.0005099250
   3.1949999893   0.0009021463  -0.0004222535   0.0004481348
   3.1999999893   0.0008134282  -0.0004468440   0.0004171754
   3.2049999892   0.0007461644  -0.0004811242   0.0004116055
   3.2099999892   0.0006951190  -0.0005197100   0.0004253548
   3.2149999892   0.0006552107  -0.0005574617   0.0004522343
   3.2199999892   0.0006220225  -0.0005898726   0.0004863827
   3.2249999892   0.0005921607  -0.0006133748   0.0005225995
   3.2299999892   0.0005634159  -0.0006255293   0.0005565411
   3.2349999891   0.0005347141  -0.0006250831   0.0005847801
   3.2399999891   0.0005058850  -0.0006119018   0.0006047571
   3.2449999891   0.0004773113  -0.0005868005   0.0006146723
   3.2499999891   0.0004495428  -0.0005513117   0.0006133678
   3.2549999891   0.0004229643  -0.0005074351   0.0006002455
   3.2599999891   0.0003975886  -0.0004574086   0.0005752444
   3.2649999890   0.0003730115  -0.0004035293   0.0005388756
   3.2699999890   0.0003485270  -0.0003480380   0.0004922853
   3.2749999890   0.0003233556  -0.0002930594   0.0004373017
   3.2799999890   0.0002969143  -0.0002405806   0.0003764157
   3.2849999890   0.0002690462  -0.0001924397   0.0003126603
   3.2899999890   0.0002401400  -0.0001503005   0.0002493752
   3.2949999889   0.0002111019  -0.0001155966   0.0001898822
   3.2999999889   0.0001831828  -0.0000894436   0.0001371196
   3.3049999889   0.0001577043  -0.0000725345   0.0000933082
   3.3099999889   0.0001357547  -0.0000650413   0.0000597193
   3.3149999889   0.0001179348  -0.0000665545   0.0000365956
   3.3199999889   0.0001042195  -0.0000760835   0.0000232438
   3.3249999888   0.0000939706  -0.0000921313   0.0000182749
   3.3299999888   0.0000860941  -0.0001128376   0.0000199326
   3.3349999888   0.0000792980  -0.0001361702   0.0000264294
   3.3399999888   0.0000723832  -0.0001601310   0.0000362101
   3.3449999888   0.0000644913  -0.0001829398   0.0000480870
   3.3499999888   0.0000552513  -0.0002031669   0.0000612276
   3.3549999887   0.0000447960  -0.0002197954   0.0000750223
   3.3599999887   0.0000336583  -0.0002322161   0.0000888932
   3.3649999887   0.0000225852  -0.0002401699   0.0001021221
   3.3699999887   0.0000123310  -0.0002436648   0.0001137678
   3.3749999887   0.0000034854  -0.0002428971   0.0001227122
   3.3799999886  -0.0000036217  -0.0002381966   0.0001278304
   3.3849999886  -0.0000089280  -0.0002300059   0.0001282357
   3.3899999886  -0.0000125761  -0.0002188866   0.0001235236
   3.3949999886  -0.0000148188  -0.0002055336   0.0001139299
   3.3999999886  -0.0000159352  -0.0001907780   0.0001003446
   3.4049999886  -0.0000161903  -0.0001755571   0.0000841614
   3.4099999885  -0.0000158488  -0.0001608482   0.0000669969
   3.4149999885  -0.0000152260  -0.0001475708   0.0000503548
   3.4199999885  -0.0000147431  -0.0001364819   0.0000353294
   3.4249999885  -0.0000149450  -0.0001280889   0.0000224360
   3.4299999885  -0.0000164559  -0.0001226061   0.0000116163
   3.4349999885  -0.0000198662  -0.0001199683   0.0000024134
   3.4399999884  -0.0000255780  -0.0001198975  -0.0000057431
   3.4449999884  -0.0000336568  -0.0001220020  -0.0000132379
   3.4499999884  -0.0000437437  -0.0001258785  -0.0000200607
   3.4549999884  -0.0000550716  -0.0001311825  -0.0000257599
   3.4599999884  -0.0000665973  -0.0001376473  -0.0000295840
   3.4649999884  -0.0000772249  -0.0001450467  -0.0000307670
   3.4699999883  -0.0000860617  -0.0001531187  -0.0000288669
   3.4749999883  -0.0000926314  -0.0001614827  -0.0000240369
   3.4799999883  -0.0000969748  -0.0001695909  -0.0000171296
   3.4849999883  -0.0000996006  -0.0001767436  -0.0000095785
   3.4899999883  -0.0001012928  -0.0001821802  -0.0000030753
   3.4949999883  -0.0001028295  -0.0001852314   0.0000008703
   3.4999999882  -0.0001047021  -0.0001854941   0.0000013569
   3.5049999882  -0.0001069266  -0.0001829751  -0.0000016348
   3.5099999882  -0.0001090195  -0.0001781533  -0.0000072162
   3.5149999882  -0.0001101567  -0.0001719291  -0.0000138392
   3.5199999882  -0.0001094769  -0.0001654591  -0.0000197543
   3.5249999882  -0.0001064390  -0.0001599113  -0.0000235476
   3.5299999881  -0.0001011160  -0.0001562023  -0.0000245891
   3.5349999881  -0.0000943202  -0.0001547869  -0.0000232478
   3.5399999881  -0.0000874985  -0.0001555648  -0.0000207931
   3.5449999881  -0.0000824078  -0.0001579325  -0.0000189997
   3.5499999881  -0.0000806506  -0.0001609736  -0.0000195682
   3.5549999881  -0.0000832019  -0.0001637355  -0.0000235375
   3.5599999880  -0.0000900729  -0.0001655145  -0.0000308786
   3.5649999880  -0.0001002258  -0.0001660670  -0.0000404074
   3.5699999880  -0.0001117816  -0.0001656814  -0.0000500645
   3.5749999880  -0.0001224821  -0.0001650878  -0.0000574912
   3.5799999880  -0.0001302812  -0.0001652293  -0.0000607358
   3.5849999880  -0.0001338996  -0.0001669607  -0.0000588777
   3.5899999879  -0.0001331784  -0.0001707654  -0.0000523680
   3.5949999879  -0.0001291207  -0.0001765755  -0.0000429716
   3.5999999879  -0.0001235999  -0.0001837539  -0.0000333110
   3.6049999879  -0.0001188142  -0.0001912454  -0.0000261393
   3.6099999879  -0.0001166437  -0.0001978559  -0.0000235556
   3.6149999879  -0.0001181031  -0.0002025766  -0.0000264032
   3.6199999878  -0.0001230555  -0.0002048568  -0.0000340378
   3.6249999878  -0.0001302795  -0.0002047426  -0.0000445449
   3.6299999878  -0.0001378745  -0.0002028390  -0.0000553442
   3.6349999878  -0.0001438831  -0.0002001082  -0.0000639998
   3.6399999878  -0.0001469415  -0.0001975645  -0.0000689827
   3.6449999878  -0.0001467543  -0.0001959633  -0.0000701458
   3.6499999877  -0.0001442396  -0.0001955812  -0.0000687546
   3.6549999877  -0.0001412889  -0.0001961565  -0.0000670561
   3.6599999877  -0.0001402046  -0.0001970123  -0.0000675155
   3.6649999877  -0.0001429797  -0.0001973227  -0.0000719575
   3.6699999877  -0.0001506377  -0.0001964378  -0.0000808866
   3.6749999877  -0.0001628370  -0.0001941630  -0.0000932101
   3.6799999876  -0.0001778703  -0.0001908967  -0.0001064654
   3.6849999876  -0.0001930674  -0.0001875774  -0.0001174954
   3.6899999876  -0.0002054916  -0.0001854460  -0.0001233711
   3.6949999876  -0.0002127241  -0.0001856915  -0.0001222787
   3.6999999876  -0.0002135045  -0.0001890865  -0.0001140911
   3.7049999876  -0.0002080349  -0.0001957266  -0.0001004372
   3.7099999875  -0.0001978575  -0.0002049583  -0.0000842357
   3.7149999875  -0.0001853437  -0.0002155256  -0.0000688297
   3.7199999875  -0.0001729534  -0.0002258977  -0.0000569839
   3.7249999875  -0.0001624939  -0.0002346844  -0.0000500580
   3.7299999875  -0.0001546074  -0.0002410150  -0.0000476186
   3.7349999875  -0.0001486454  -0.0002447668  -0.0000476179
   3.7399999874  -0.0001429699  -0.0002465727  -0.0000470935
   3.7449999874  -0.0001355854  -0.0002476017  -0.0000431754
   3.7499999874  -0.0001249023  -0.0002491797  -0.0000340878
   3.7549999874  -0.0001103901  -0.0002523634  -0.0000198267
   3.7599999874  -0.0000929094  -0.0002575975  -0.0000022914
   3.7649999874  -0.0000746125  -0.0002645615   0.0000151832
   3.7699999873  -0.0000584329  -0.0002722520   0.0000287621
   3.7749999873  -0.0000473152  -0.0002792789   0.0000352291
   3.7799999873  -0.0000434155  -0.0002842825   0.0000329446
   3.7849999873  -0.0000475172  -0.0002863460   0.0000223400
   3.7899999873  -0.0000588389  -0.0002852750   0.0000057900
   3.7949999873  -0.0000752923  -0.0002816595  -0.0000131081
   3.7999999872  -0.0000941107  -0.0002766979  -0.0000306305
   3.8049999872  -0.0001126540  -0.0002718384  -0.0000440592
   3.8099999872  -0.0001291424  -0.0002683488  -0.0000524988
   3.8149999872  -0.0001430935  -0.0002669464  -0.0000571162
   3.8199999872  -0.0001553320  -0.0002676047  -0.0000607203
   3.8249999872  -0.0001675722  -0.0002695953  -0.0000668033
   3.8299999871  -0.0001817085  -0.0002717527  -0.0000783355
   3.8349999871  -0.0001990397  -0.0002728804  -0.0000966872
   3.8399999871  -0.0002196736  -0.0002721720  -0.0001210177
   3.8449999871  -0.0002423038  -0.0002695167  -0.0001483322
   3.8499999871  -0.0002644346  -0.0002655929  -0.0001742058
   3.8549999871  -0.0002829923  -0.0002617188  -0.0001939668
   3.8599999870  -0.0002951400  -0.0002595029  -0.0002039910
   3.8649999870  -0.0002990518  -0.0002603981  -0.0002027184
   3.8699999870  -0.0002944123  -0.0002652931  -0.0001910864
   3.8749999870  -0.0002824908  -0.0002742613  -0.0001722481
   3.8799999870  -0.0002657715  -0.0002865433  -0.0001506571
   3.8849999870  -0.0002472522  -0.0003007621  -0.0001307942
   3.8899999869  -0.0002296258  -0.0003153076  -0.0001159175
   3.8949999869  -0.0002145907  -0.0003287691  -0.0001072087
   3.8999999869  -0.0002024954  -0.0003402884  -0.0001035688
   3.9049999869  -0.0001924161  -0.0003497267  -0.0001021180
   3.9099999869  -0.0001826356  -0.0003576010  -0.0000992412
   3.9149999869  -0.0001713668  -0.0003648140  -0.0000918556
   3.9199999868  -0.0001574923  -0.0003722664  -0.0000785110
   3.9249999868  -0.0001410887  -0.0003804761  -0.0000599843
   3.9299999868  -0.0001235713  -0.0003893246  -0.0000391843
   3.9349999868  -0.0001074120  -0.0003980144  -0.0000203906
   3.9399999868  -0.0000955130  -0.0004052529  -0.0000080525
   3.9449999868  -0.0000904240  -0.0004096122  -0.0000055036
   3.9499999867  -0.0000936321  -0.0004099579  -0.0000139755
   3.9549999867  -0.0001051376  -0.0004058204  -0.0000322013
   3.9599999867  -0.0001234344  -0.0003975963  -0.0000567263
   3.9649999867  -0.0001458998  -0.0003865194  -0.0000828325
   3.9699999867  -0.0001694750  -0.0003744059  -0.0001058060
   3.9749999867  -0.0001914354  -0.0003632461  -0.0001221763
   3.9799999866  -0.0002100307  -0.0003547568  -0.0001305717
   3.9849999866  -0.0002248143  -0.0003500190  -0.0001319517
   3.9899999866  -0.0002365806  -0.0003493014  -0.0001291620
   3.9949999866  -0.0002469419  -0.0003521103  -0.0001259583
   3.9999999866  -0.0002576853  -0.0003574467  -0.0001257969
   4.0049999866  -0.0002701056  -0.0003641864  -0.0001307514
   4.0099999865  -0.0002845156  -0.0003714697  -0.0001408732
   4.0149999865  -0.0003000759  -0.0003789836  -0.0001541775
   4.0199999865  -0.0003149898  -0.0003870567  -0.0001672481
   4.0249999865  -0.0003270002  -0.0003965392  -0.0001762778
   4.0299999865  -0.0003340405  -0.0004085077  -0.0001782327
   4.0349999864  -0.0003348465  -0.0004238826  -0.0001718007
   4.0399999864  -0.0003293541  -0.0004430716  -0.0001578509
   4.0449999864  -0.0003187714  -0.0004657450  -0.0001392730
   4.0499999864  -0.0003053072  -0.0004908090  -0.0001202485
   4.0549999864  -0.0002916370  -0.0005165878  -0.0001051629
   4.0599999864  -0.0002802587  -0.0005411641  -0.0000974694
   4.0649999863  -0.0002729159  -0.0005627863  -0.0000988177
   4.0699999863  -0.0002702431  -0.0005802310  -0.0001086860
   4.0749999863  -0.0002717225  -0.0005930249  -0.0001246050
   4.0799999863  -0.0002759489  -0.0006014709  -0.0001428963
   4.0849999863  -0.0002811182  -0.0006064793  -0.0001597092
   4.0899999863  -0.0002855943  -0.0006092572  -0.0001720610
   4.0949999862  -0.0002883916  -0.0006109480  -0.0001785953
   4.0999999862  -0.0002894437  -0.0006123254  -0.0001798597
   4.1049999862  -0.0002895874  -0.0006136223  -0.0001780424
   4.1099999862  -0.0002902789  -0.0006145420  -0.0001762617
   4.1149999862  -0.0002931276  -0.0006144373  -0.0001776203
   4.1199999862  -0.0002993855  -0.0006126033  -0.0001842990
   4.1249999861  -0.0003095360  -0.0006085927  -0.0001969412
   4.1299999861  -0.0003230979  -0.0006024603  -0.0002144948
   4.1349999861  -0.0003386958  -0.0005948659  -0.0002345439
   4.1399999861  -0.0003543773  -0.0005870018  -0.0002540267
   4.1449999861  -0.0003680876  -0.0005803662  -0.0002701282
   4.1499999861  -0.0003781756  -0.0005764423  -0.0002810954
   4.1549999860  -0.0003837943  -0.0005763701  -0.0002867443
   4.1599999860  -0.0003850971  -0.0005806995  -0.0002885207
   4.1649999860  -0.0003831805  -0.0005892885  -0.0002890981
   4.1699999860  -0.0003798008  -0.0006013720  -0.0002916259
   4.1749999860  -0.0003769466  -0.0006157775  -0.0002988326
   4.1799999860  -0.0003763878  -0.0006312288  -0.0003122243
   4.1849999859  -0.0003793264  -0.0006466520  -0.0003315928
   4.1899999859  -0.0003862406  -0.0006614045  -0.0003549547
   4.1949999859  -0.0003969610  -0.0006753650  -0.0003789306
   4.1999999859  -0.0004109527  -0.0006888675  -0.0003994528
   4.2049999859  -0.0004277177  -0.0007024999  -0.0004126079
   4.2099999859  -0.0004472014  -0.0007168286  -0.0004153887
   4.2149999858  -0.0004700829  -0.0007321277  -0.0004061658
   4.2199999858  -0.0004978595  -0.0007481908  -0.0003847716
   4.2249999858  -0.0005326905  -0.0007642778  -0.0003522017
   4.2299999858  -0.0005770272  -0.0007792149  -0.0003100467
   4.2349999858  -0.0006331106  -0.0007916209  -0.0002598459
   4.2399999858  -0.0007024508  -0.0008001999  -0.0002025715
   4.2449999857  -0.0007854037  -0.0008040228  -0.0001384186
   4.2499999857  -0.0008809291  -0.0008027211  -0.0000669915
   4.2549999857  -0.0009865655  -0.0007965441   0.0000121360
   4.2599999857  -0.0010985945  -0.0007862637   0.0000986097
   4.2649999857  -0.0012123217  -0.0007729569   0.0001904295
   4.2699999857  -0.0013223699  -0.0007577268   0.0002832423
   4.2749999856  -0.0014228868  -0.0007414407   0.0003699709
   4.2799999856  -0.0015076009  -0.0007245579   0.0004408702
   4.2849999856  -0.0015697116  -0.0007070970   0.0004839990
   4.2899999856  -0.0016016588  -0.0006887493   0.0004859940
   4.2949999856  -0.0015948628  -0.0006691083   0.0004329697
   4.2999999856  -0.0015395516  -0.0006479495   0.0003113496
   4.3049999855  -0.0014247786  -0.0006254818   0.0001084743
   4.3099999855  -0.0012387036  -0.0006024979  -0.0001870888
   4.3149999855  -0.0009691468  -0.0005803792  -0.0005855116
   4.3199999855  -0.0006043673  -0.0005609492  -0.0010958306
   4.3249999855  -0.0001339669  -0.0005462114  -0.0017260662
   4.3299999855   0.0004502053  -0.0005380347  -0.0024831567
   4.3349999854   0.0011532676  -0.0005378666  -0.0033725827
   4.3399999854   0.0019767256  -0.0005465391  -0.0043976361
   4.3449999854   0.0029181316  -0.0005642093  -0.0055583965
   4.3499999854   0.0039709615  -0.0005904354  -0.0068505651
   4.3549999854   0.0051246471  -0.0006243529  -0.0082643630
   4.3599999854   0.0063646780  -0.0006648884  -0.0097837081
   4.3649999853   0.0076727028  -0.0007109417  -0.0113858334
   4.3699999853   0.0090265887  -0.0007614778  -0.0130414322
   4.3749999853   0.0104004550  -0.0008154984  -0.0147153070
   4.3799999853   0.0117647386  -0.0008719006  -0.0163674169
   4.3849999853   0.0130863896  -0.0009292622  -0.0179541576
   4.3899999853   0.0143292961  -0.0009856182  -0.0194297028
   4.3949999852   0.0154550182  -0.0010382956  -0.0207472727
   4.3999999852   0.0164238595  -0.0010838618  -0.0218602670
   4.4049999852   0.0171962466  -0.0011182143  -0.0227232809
   4.4099999852   0.0177343240  -0.0011368028  -0.0232930908
   4.4149999852   0.0180036349  -0.0011349450  -0.0235297274
   4.4199999852   0.0179747399  -0.0011081738  -0.0233977399
   4.4249999851   0.0176246453  -0.0010525513  -0.0228677016
   4.4299999851   0.0169379484  -0.0009648924  -0.0219179204
   4.4349999851   0.0159076605  -0.0008428705  -0.0205362329
   4.4399999851   0.0145357190  -0.0006850067  -0.0187216906
   4.4449999851   0.0128332308  -0.0004905732  -0.0164859173
   4.4499999851   0.0108205042  -0.0002594639  -0.0138539319
   4.4549999850   0.0085269111   0.0000079134  -0.0108642947
   4.4599999850   0.0059905928   0.0003106767  -0.0075685189
   4.4649999850   0.0032579849   0.0006474205  -0.0040297892
   4.4699999850   0.0003831063   0.0010160867  -0.0003211079
   4.4749999850  -0.0025734539   0.0014137927   0.0034769625
   4.4799999850  -0.0055459089   0.0018366707   0.0072787804
   4.4849999849  -0.0084650293   0.0022797791   0.0109961810
   4.4899999849  -0.0112602521   0.0027371298   0.0145410090
   4.4949999849  -0.0138620627   0.0032018541   0.0178275884
   4.4999999849  -0.0162045176   0.0036664953   0.0207751377
   4.5049999849  -0.0182277461   0.0041233890   0.0233101544
   4.5099999849  -0.0198802651   0.0045650726   0.0253687840
   4.5149999848  -0.0211209583   0.0049846588   0.0268991418
   4.5199999848  -0.0219206095   0.0053761225   0.0278635018
   4.5249999848  -0.0222629326   0.0057344707   0.0282402084
   4.5299999848  -0.0221450860   0.0060557951   0.0280251291
   4.5349999848  -0.0215777002   0.0063372334   0.0272324644
   4.5399999848  -0.0205844681   0.0065768839   0.0258947608
   4.5449999847  -0.0192013526   0.0067737194   0.0240620427
   4.5499999847  -0.0174754515   0.0069275416   0.0218000677
   4.5549999847  -0.0154635457   0.0070389912   0.0191878011
   4.5599999847  -0.0132303388   0.0071096099   0.0163142832
   4.5649999847  -0.0108463918   0.0071419216   0.0132751118
   4.5699999847  -0.0083857678   0.0071394926   0.0101687730
   4.5749999846  -0.0059234295   0.0071069204   0.0070930291
   4.5799999846  -0.0035324700   0.0070497194   0.0041415233
   4.5849999846  -0.0012813004   0.0069740852   0.0014007033
   4.5899999846   0.0007690507   0.0068865513  -0.0010528893
   4.5949999846   0.0025673493   0.0067935731  -0.0031549488
   4.5999999846   0.0040741158   0.0067010941  -0.0048553482
   4.6049999845   0.0052629916   0.0066141546  -0.0061196722
   4.6099999845   0.0061214287   0.0065365962  -0.0069302904
   4.6149999845   0.0066506746   0.0064708969  -0.0072868870
   4.6199999845   0.0068650912   0.0064181453  -0.0072063500
   4.6249999845   0.0067908947   0.0063781342  -0.0067219321
   4.6299999845   0.0064644377   0.0063495348  -0.0058816344
   4.6349999844   0.0059301687   0.0063300991  -0.0047458292
   4.6399999844   0.0052383913   0.0063168441  -0.0033842199
   4.6449999844   0.0044429317   0.0063061845  -0.0018723114
   4.6499999844   0.0035987899   0.0062940063  -0.0002876298
   4.6549999844   0.0027598359   0.0062756958   0.0012940453
   4.6599999844   0.0019765981   0.0062461613   0.0028021756
   4.6649999843   0.0012941969   0.0061998891   0.0041744701
   4.6699999843   0.0007504875   0.0061310723   0.0053592552
   4.6749999843   0.0003744970   0.0060338310   0.0063171361
   4.6799999843   0.0001852492   0.0059025164   0.0070219516
   4.6849999843   0.0001910758   0.0057320683   0.0074610754
   4.6899999843   0.0003894880   0.0055183722   0.0076351443
   4.6949999842   0.0007676535   0.0052585578   0.0075572945
   4.6999999842   0.0013034654   0.0049511888   0.0072519705
   4.7049999842   0.0019671369   0.0045963127   0.0067533503
   4.7099999842   0.0027232015   0.0041953677   0.0061034123
   4.7149999842   0.0035327587   0.0037509731   0.0053496728
   4.7199999841   0.0043557899   0.0032666496   0.0045426419
   4.7249999841   0.0051533740   0.0027465283   0.0037330846
   4.7299999841   0.0058896593   0.0021950979   0.0029692198
   4.7349999841   0.0065334929   0.0016170288   0.0022940292
   4.7399999841   0.0070596536   0.0010170823   0.0017428744
   4.7449999841   0.0074496788   0.0004000919   0.0013416138
   4.7499999840   0.0076923064  -0.0002290174   0.0011053801
   4.7549999840   0.0077835703  -0.0008652160   0.0010381152
   4.7599999840   0.0077265895  -0.0015033971   0.0011328845
   4.7649999840   0.0075310816  -0.0021384692   0.0013729102
   4.7699999840   0.0072126222  -0.0027655109   0.0017331916
   4.7749999840   0.0067916632  -0.0033799641   0.0021825356
   4.7799999839   0.0062923253  -0.0039778265   0.0026858019
   4.7849999839   0.0057409972  -0.0045557966   0.0032061768
   4.7899999839   0.0051647935  -0.0051113353   0.0037073287
   4.7949999839   0.0045899559  -0.0056426228   0.0041553409
   4.7999999839   0.0040403049  -0.0061484167   0.0045203648
   4.8049999839   0.0035358633  -0.0066278367   0.0047779737
   4.8099999838   0.0030917695  -0.0070801208   0.0049102130
   4.8149999838   0.0027175763  -0.0075044021   0.0049063432
   4.8199999838   0.0024169916  -0.0078995482   0.0047632618
   4.8249999838   0.0021880687  -0.0082640926   0.0044855727
   4.8299999838   0.0020238047  -0.0085962615   0.0040852645
   4.8349999838   0.0019130628  -0.0088940827   0.0035809666
   4.8399999837   0.0018417072  -0.0091555438   0.0029967774
   4.8449999837   0.0017938326  -0.0093787629   0.0023607020
   4.8499999837   0.0017529788  -0.0095621333   0.0017027869
   4.8549999837   0.0017032449  -0.0097044186   0.0010530899
   4.8599999837   0.0016302487  -0.0098047873   0.0004396564
   4.8649999837   0.0015219049  -0.0098627945  -0.0001133145
   4.8699999836   0.0013690191  -0.0098783304  -0.0005869447
   4.8749999836   0.0011657064  -0.0098515641  -0.0009686679
   4.8799999836   0.0009096441  -0.0097829087  -0.0012526671
   4.8849999836   0.0006021622  -0.0096730270  -0.0014397620
   4.8899999836   0.0002481645  -0.0095228822  -0.0015368067
   4.8949999836  -0.0001441314  -0.0093338248  -0.0015557087
   4.8999999835  -0.0005636495  -0.0091076929  -0.0015122040
   4.9049999835  -0.0009971083  -0.0088468944  -0.0014245213
   4.9099999835  -0.0014298531  -0.0085544441  -0.0013120515
   4.9149999835  -0.0018468259  -0.0082339320  -0.0011941013
   4.9199999835  -0.0022336019  -0.0078894163  -0.0010887785
   4.9249999835  -0.0025774040  -0.0075252497  -0.0010120230
   4.9299999834  -0.0028679956  -0.0071458650  -0.0009767843
   4.9349999834  -0.0030983604  -0.0067555514  -0.0009923466
   4.9399999834  -0.0032651007  -0.0063582604  -0.0010638140
   4.9449999834  -0.0033685193  -0.0059574695  -0.0011917896
   4.9499999834  -0.0034123914  -0.0055561222  -0.0013722948
   4.9549999834  -0.0034034729  -0.0051566429  -0.0015969823
   4.9599999833  -0.0033508169  -0.0047610145  -0.0018536762
   4.9649999833  -0.0032649886  -0.0043708891  -0.0021272459
   4.9699999833  -0.0031572640  -0.0039877020  -0.0024007692
   4.9749999833  -0.0030388823  -0.0036127601  -0.0026568954
   4.9799999833  -0.0029203968  -0.0032472860  -0.0028792749
   4.9849999833  -0.0028111453  -0.0028924120  -0.0030539052
   4.9899999832  -0.0027188360  -0.0025491346  -0.0031702428
   4.9949999832  -0.0026492393  -0.0022182491  -0.0032219637
   4.9999999832  -0.0026059703  -0.0019002906  -0.0032073040
   5.0049999832  -0.0025903584  -0.0015955075  -0.0031289717
   5.0099999832  -0.0026014118  -0.0013038812  -0.0029936804
   5.0149999832  -0.0026358945  -0.0010251985  -0.0028113955
   5.0199999831  -0.0026885348  -0.0007591630  -0.0025944088
   5.0249999831  -0.0027523829  -0.0005055230  -0.0023563561
   5.0299999831  -0.0028193138  -0.0002641870  -0.0021112695
   5.0349999831  -0.0028806535  -0.0000352967  -0.0018727292
   5.0399999831  -0.0029278822   0.0001807620  -0.0016531388
   5.0449999831  -0.0029533499   0.0003834151  -0.0014631271
   5.0499999830  -0.0029509287   0.0005720129  -0.0013110619
   5.0549999830  -0.0029165313   0.0007459747  -0.0012026616
   5.0599999830  -0.0028484382   0.0009049324  -0.0011407054
   5.0649999830  -0.0027474004   0.0010488407  -0.0011248581
   5.0699999830  -0.0026165152   0.0011780285  -0.0011516437
   5.0749999830  -0.0024609001   0.0012931838  -0.0012146079
   5.0799999829  -0.0022872133   0.0013952756  -0.0013047005
   5.0849999829  -0.0021030832   0.0014854353  -0.0014108901
   5.0899999829  -0.0019165108   0.0015648270  -0.0015209859
   5.0949999829  -0.0017353017   0.0016345349  -0.0016226077
   5.0999999829  -0.0015665705   0.0016954931  -0.0017042130
   5.1049999829  -0.0014163412   0.0017484690  -0.0017560686
   5.1099999828  -0.0012892526   0.0017940952  -0.0017710561
   5.1149999828  -0.0011883651   0.0018329356  -0.0017452186
   5.1199999828  -0.0011150596   0.0018655616  -0.0016779892
   5.1249999828  -0.0010690184   0.0018926106  -0.0015720902
   5.1299999828  -0.0010482836   0.0019148094  -0.0014331321
   5.1349999828  -0.0010493904   0.0019329504  -0.0012689825
   5.1399999827  -0.0010675778   0.0019478245  -0.0010889940
   5.1449999827  -0.0010970794   0.0019601277  -0.0009031899
   5.1499999827  -0.0011314893   0.0019703650  -0.0007214913
   5.1549999827  -0.0011641922   0.0019787770  -0.0005530506
   5.1599999827  -0.0011888347   0.0019853138  -0.0004057259
   5.1649999827  -0.0011998032   0.0019896653  -0.0002857058
   5.1699999826  -0.0011926670   0.0019913460  -0.0001972712
   5.1749999826  -0.0011645390   0.0019898177  -0.0001426718
   5.1799999826  -0.0011143145   0.0019846231  -0.0001220918
   5.1849999826  -0.0010427537   0.0019755013  -0.0001336906
   5.1899999826  -0.0009523942   0.0019624585  -0.0001737131
   5.1949999826  -0.0008472993   0.0019457795  -0.0002366790
   5.1999999825  -0.0007326682   0.0019259809  -0.0003156663
   5.2049999825  -0.0006143538   0.0019037192  -0.0004027052
   5.2099999825  -0.0004983449   0.0018796798  -0.0004892842
   5.2149999825  -0.0003902706   0.0018544740  -0.0005669553
   5.2199999825  -0.0002949788   0.0018285686  -0.0006279958
   5.2249999825  -0.0002162254   0.0018022617  -0.0006660666
   5.2299999824  -0.0001564883   0.0017757037  -0.0006767881
   5.2349999824  -0.0001169035   0.0017489540  -0.0006581536
   5.2399999824  -0.0000973024   0.0017220503  -0.0006107165
   5.2449999824  -0.0000963219   0.0016950700  -0.0005375124
   5.2499999824  -0.0001115603   0.0016681659  -0.0004437191
   5.2549999824  -0.0001397569   0.0016415652  -0.0003360970
   5.2599999823  -0.0001769877   0.0016155347  -0.0002222867
   5.2649999823  -0.0002188769   0.0015903215  -0.0001100616
   5.2699999823  -0.0002608324   0.0015660862  -0.0000066319
   5.2749999823  -0.0002983118   0.0015428454   0.0000819161
   5.2799999823  -0.0003271174   0.0015204397   0.0001509984
   5.2849999823  -0.0003437063   0.0014985353   0.0001977157
   5.2899999822  -0.0003454892   0.0014766611   0.0002208620
   5.2949999822  -0.0003310799   0.0014542745   0.0002208062
   5.2999999822  -0.0003004575   0.0014308458   0.0001993017
   5.3049999822  -0.0002550059   0.0014059430   0.0001592708
   5.3099999822  -0.0001974149   0.0013793039   0.0001045942
   5.3149999822  -0.0001314415   0.0013508790   0.0000399119
   5.3199999821  -0.0000615575   0.0013208389  -0.0000295795
   5.3249999821   0.0000074774   0.0012895433  -0.0000983577
   5.3299999821   0.0000710631   0.0012574776  -0.0001608589
   5.3349999821   0.0001251725   0.0012251710  -0.0002118235
   5.3399999821   0.0001666857   0.0011931124  -0.0002466929
   5.3449999821   0.0001936101   0.0011616820  -0.0002620198
   5.3499999820   0.0002051759   0.0011311137  -0.0002558372
   5.3549999820   0.0002018103   0.0011014944  -0.0002279238
   5.3599999820   0.0001850127   0.0010727985  -0.0001799087
   5.3649999820   0.0001571586   0.0010449476  -0.0001151797
   5.3699999820   0.0001212661   0.0010178766  -0.0000385895
   5.3749999820   0.0000807502   0.0009915886   0.0000440112
   5.3799999819   0.0000391846   0.0009661832   0.0001263567
   5.3849999819   0.0000000813   0.0009418488   0.0002023850
   5.3899999819  -0.0000333102   0.0009188226   0.0002668100
   5.3949999819  -0.0000581881   0.0008973279   0.0003155727
   5.3999999819  -0.0000723660   0.0008775075   0.0003461224
   5.4049999818  -0.0000744238   0.0008593710   0.0003575084
   5.4099999818  -0.0000638290   0.0008427714   0.0003502966
   5.4149999818  -0.0000410156   0.0008274196   0.0003263499
   5.4199999818  -0.0000073978   0.0008129323   0.0002885284
   5.4249999818   0.0000346955   0.0007989041   0.0002403665
   5.4299999818   0.0000821776   0.0007849829   0.0001857722
   5.4349999817   0.0001314487   0.0007709330   0.0001287771
   5.4399999817   0.0001787113   0.0007566664   0.0000733413
   5.4449999817   0.0002203243   0.0007422362   0.0000231995
   5.4499999817   0.0002531540   0.0007277941  -0.0000182757
   5.4549999817   0.0002748769   0.0007135203  -0.0000482183
   5.4599999817   0.0002841942   0.0006995475  -0.0000644326
   5.4649999816   0.0002809311   0.0006858951  -0.0000655742
   5.4699999816   0.0002660099   0.0006724346  -0.0000513230
   5.4749999816   0.0002413084   0.0006588933  -0.0000225119
   5.4799999816   0.0002094290   0.0006448995   0.0000188312
   5.4849999816   0.0001734155   0.0006300565   0.0000695642
   5.4899999816   0.0001364586   0.0006140302   0.0001256491
   5.4949999815   0.0001016240   0.0005966266   0.0001825013
   5.4999999815   0.0000716288   0.0005778428   0.0002354308
   5.5049999815   0.0000486770   0.0005578768   0.0002801208
   5.5099999815   0.0000343527   0.0005370950   0.0003130729
   5.5149999815   0.0000295643   0.0005159659   0.0003319552
   5.5199999815   0.0000345257   0.0004949763   0.0003358032
   5.5249999814   0.0000487678   0.0004745517   0.0003250515
   5.5299999814   0.0000711739   0.0004549979   0.0003014012
   5.5349999814   0.0001000433   0.0004364796   0.0002675557
   5.5399999814   0.0001331866   0.0004190355   0.0002268764
   5.5449999814   0.0001680594   0.0004026245   0.0001830134
   5.5499999814   0.0002019354   0.0003871874   0.0001395634
   5.5549999813   0.0002321117   0.0003727055   0.0000997914
   5.5599999813   0.0002561326   0.0003592390   0.0000664347
   5.5649999813   0.0002720091   0.0003469350   0.0000415866
   5.5699999813   0.0002784098   0.0003360022   0.0000266472
   5.5749999813   0.0002747972   0.0003266605   0.0000223176
   5.5799999813   0.0002614898   0.0003190783   0.0000286183
   5.5849999812   0.0002396404   0.0003133137   0.0000449164
   5.5899999812   0.0002111297   0.0003092768   0.0000699582
   5.5949999812   0.0001783869   0.0003067199   0.0001019119
   5.5999999812   0.0001441568   0.0003052623   0.0001384339
   5.6049999812   0.0001112409   0.0003044405   0.0001767728
   5.6099999812   0.0000822422   0.0003037760   0.0002139214
   5.6149999811   0.0000593399   0.0003028430   0.0002468195
   5.6199999811   0.0000441184   0.0003013238   0.0002725978
   5.6249999811   0.0000374649   0.0002990383   0.0002888421
   5.6299999811   0.0000395414   0.0002959448   0.0002938444
   5.6349999811   0.0000498257   0.0002921117   0.0002868068
   5.6399999811   0.0000672100   0.0002876703   0.0002679620
   5.6449999810   0.0000901392   0.0002827590   0.0002385849
   5.6499999810   0.0001167680   0.0002774751   0.0002008856
   5.6549999810   0.0001451199   0.0002718452   0.0001577911
   5.6599999810   0.0001732325   0.0002658204   0.0001126427
   5.6649999810   0.0001992829   0.0002592982   0.0000688504
   5.6699999810   0.0002216892   0.0002521637   0.0000295533
   5.6749999809   0.0002391898   0.0002443393  -0.0000026688
   5.6799999809   0.0002509021   0.0002358278  -0.0000259952
   5.6849999809   0.0002563632   0.0002267389  -0.0000394576
   5.6899999809   0.0002555512   0.0002172896  -0.0000429286
   5.6949999809   0.0002488820   0.0002077786  -0.0000370224
   5.6999999809   0.0002371793   0.0001985398  -0.0000229397
   5.7049999808   0.0002216107   0.0001898867  -0.0000022916
   5.7099999808   0.0002035910   0.0001820604   0.0000230684
   5.7149999808   0.0001846579   0.0001751942   0.0000511821
   5.7199999808   0.0001663284   0.0001693013   0.0000800900
   5.7249999808   0.0001499532   0.0001642892   0.0001079039
   5.7299999808   0.0001365869   0.0001599944   0.0001328645
   5.7349999807   0.0001268897   0.0001562292   0.0001533998
   5.7399999807   0.0001210766   0.0001528284   0.0001681964
   5.7449999807   0.0001189178   0.0001496843   0.0001762879
   5.7499999807   0.0001197933   0.0001467634   0.0001771522
   5.7549999807   0.0001227890   0.0001441007   0.0001708010
   5.7599999807   0.0001268230   0.0001417762   0.0001578388
   5.7649999806   0.0001307811   0.0001398787   0.0001394685
   5.7699999806   0.0001336452   0.0001384677   0.0001174267
   5.7749999806   0.0001345966   0.0001375439   0.0000938444
   5.7799999806   0.0001330840   0.0001370342   0.0000710422
   5.7849999806   0.0001288533   0.0001367958   0.0000512833
   5.7899999806   0.0001219390   0.0001366381   0.0000365177
   5.7949999805   0.0001126277   0.0001363569   0.0000281569
   5.7999999805   0.0001014030   0.0001357714   0.0000269138
   5.8049999805   0.0000888863   0.0001347560   0.0000327326
   5.8099999805   0.0000757808   0.0001332573   0.0000448206
   5.8149999805   0.0000628277   0.0001312936   0.0000617714
   5.8199999805   0.0000507736   0.0001289352   0.0000817584
   5.8249999804   0.0000403471   0.0001262727   0.0001027629
   5.8299999804   0.0000322376   0.0001233805   0.0001227988
   5.8349999804   0.0000270692   0.0001202857   0.0001401013
   5.8399999804   0.0000253653   0.0001169509   0.0001532569
   5.8449999804   0.0000275021   0.0001132758   0.0001612676
   5.8499999804   0.0000336565   0.0001091178   0.0001635569
   5.8549999803   0.0000437568   0.0001043257   0.0001599376
   5.8599999803   0.0000574473   0.0000987796   0.0001505627
   5.8649999803   0.0000740796   0.0000924257   0.0001358833
   5.8699999803   0.0000927373   0.0000852985   0.0001166242
   5.8749999803   0.0001122971   0.0000775241   0.0000937780
   5.8799999803   0.0001315200   0.0000693054   0.0000686071
   5.8849999802   0.0001491628   0.0000608913   0.0000426347
   5.8899999802   0.0001640926   0.0000525381   0.0000176044
   5.8949999802   0.0001753875   0.0000444718  -0.0000046073
   5.8999999802   0.0001824107   0.0000368585  -0.0000221281
   5.9049999802   0.0001848490   0.0000297893  -0.0000332693
   5.9099999802   0.0001827146   0.0000232814  -0.0000367225
   5.9149999801   0.0001763169   0.0000172954  -0.0000317439
   5.9199999801   0.0001662138   0.0000117618  -0.0000182928
   5.9249999801   0.0001531555   0.0000066133   0.0000029055
   5.9299999801   0.0001380294   0.0000018138   0.0000303868
   5.9349999801   0.0001218134  -0.0000026218   0.0000620680
   5.9399999801   0.0001055369  -0.0000066188   0.0000954448
   5.9449999800   0.0000902449  -0.0000100498   0.0001278406
   5.9499999800   0.0000769598  -0.0000127519   0.0001566709
   5.9549999800   0.0000666332  -0.0000145532   0.0001796883
   5.9599999800   0.0000600854  -0.0000153002   0.0001951787
   5.9649999800   0.0000579340  -0.0000148826   0.0002020883
   5.9699999800   0.0000605198  -0.0000132488   0.0002000759
   5.9749999799   0.0000678397  -0.0000104103   0.0001894943
   5.9799999799   0.0000795012  -0.0000064350   0.0001713155
   5.9849999799   0.0000947104  -0.0000014324   0.0001470190
   5.9899999799   0.0001123008   0.0000044647   0.0001184615
   5.9949999799   0.0001308064   0.0000111179   0.0000877427
