   0.0000000000   0.0000000000   0.0000000000   0.0000000000
   0.0050000000   0.0000000000   0.0000000000   0.0000000000
   0.0100000000   0.0000000000   0.0000000000   0.0000000000
   0.0149999999   0.0000000000   0.0000000000   0.0000000000
   0.0199999999   0.0000000000   0.0000000000   0.0000000000
   0.0249999999   0.0000000000   0.0000000000   0.0000000000
   0.0299999999   0.0000000000   0.0000000000   0.0000000000
   0.0349999999   0.0000000000   0.0000000000   0.0000000000
   0.0399999999   0.0000000000   0.0000000000   0.0000000000
   0.0449999998   0.0000000000   0.0000000000   0.0000000000
   0.0499999998   0.0000000000   0.0000000000   0.0000000000
   0.0549999998   0.0000000000   0.0000000000   0.0000000000
   0.0599999998   0.0000000000   0.0000000000   0.0000000000
   0.0649999998   0.0000000000   0.0000000000   0.0000000000
   0.0699999998   0.0000000000   0.0000000000   0.0000000000
   0.0749999997   0.0000000000  -0.0000000000   0.0000000000
   0.0799999997  -0.0000000000   0.0000000000  -0.0000000000
   0.0849999997   0.0000000000  -0.0000000000  -0.0000000000
   0.0899999997  -0.0000000000   0.0000000000  -0.0000000000
   0.0949999997  -0.0000000000   0.0000000000  -0.0000000000
   0.0999999997  -0.0000000000   0.0000000000  -0.0000000000
   0.1049999996  -0.0000000000   0.0000000000  -0.0000000000
   0.1099999996  -0.0000000000   0.0000000000  -0.0000000000
   0.1149999996  -0.0000000000   0.0000000000  -0.0000000000
   0.1199999996   0.0000000000  -0.0000000000   0.0000000000
   0.1249999996   0.0000000000  -0.0000000000   0.0000000000
   0.1299999996   0.0000000000  -0.0000000000   0.0000000000
   0.1349999995   0.0000000000  -0.0000000000   0.0000000000
   0.1399999995   0.0000000000  -0.0000000000   0.0000000000
   0.1449999995   0.0000000000  -0.0000000000   0.0000000000
   0.1499999995   0.0000000000  -0.0000000000   0.0000000000
   0.1549999995   0.0000000000  -0.0000000000   0.0000000000
   0.1599999995   0.0000000000  -0.0000000000   0.0000000000
   0.1649999994   0.0000000000  -0.0000000000   0.0000000000
   0.1699999994  -0.0000000000  -0.0000000000   0.0000000000
   0.1749999994  -0.0000000000   0.0000000000  -0.0000000000
   0.1799999994  -0.0000000000   0.0000000000  -0.0000000000
   0.1849999994  -0.0000000000   0.0000000000  -0.0000000000
   0.1899999994  -0.0000000000   0.0000000000  -0.0000000000
   0.1949999993  -0.0000000000   0.0000000000  -0.0000000000
   0.1999999993  -0.0000000000   0.0000000000  -0.0000000000
   0.2049999993   0.0000000000  -0.0000000000   0.0000000000
   0.2099999993   0.0000000000  -0.0000000000   0.0000000000
   0.2149999993   0.0000000000  -0.0000000000   0.0000000000
   0.2199999993   0.0000000000  -0.0000000000   0.0000000000
   0.2249999992   0.0000000000  -0.0000000000   0.0000000000
   0.2299999992   0.0000000000  -0.0000000000   0.0000000000
   0.2349999992   0.0000000000  -0.0000000000   0.0000000000
   0.2399999992   0.0000000000  -0.0000000000   0.0000000000
   0.2449999992   0.0000000000  -0.0000000000   0.0000000000
   0.2499999992   0.0000000000  -0.0000000000   0.0000000000
   0.2549999991   0.0000000000  -0.0000000000   0.0000000000
   0.2599999991   0.0000000000  -0.0000000000   0.0000000000
   0.2649999991   0.0000000000  -0.0000000000   0.0000000000
   0.2699999991   0.0000000000  -0.0000000000   0.0000000000
   0.2749999991   0.0000000000  -0.0000000000   0.0000000000
   0.2799999991   0.0000000000  -0.0000000000   0.0000000000
   0.2849999990   0.0000000000  -0.0000000000   0.0000000000
   0.2899999990   0.0000000000  -0.0000000000   0.0000000000
   0.2949999990   0.0000000000  -0.0000000000   0.0000000000
   0.2999999990   0.0000000000  -0.0000000000   0.0000000000
   0.3049999990   0.0000000000  -0.0000000000   0.0000000000
   0.3099999990   0.0000000000  -0.0000000000   0.0000000000
   0.3149999989   0.0000000000  -0.0000000000   0.0000000000
   0.3199999989   0.0000000000  -0.0000000000   0.0000000000
   0.3249999989   0.0000000000  -0.0000000000   0.0000000000
   0.3299999989   0.0000000000  -0.0000000000   0.0000000000
   0.3349999989   0.0000000000  -0.0000000000   0.0000000000
   0.3399999989   0.0000000000  -0.0000000000   0.0000000000
   0.3449999988   0.0000000000  -0.0000000000   0.0000000000
   0.3499999988   0.0000000000  -0.0000000000   0.0000000000
   0.3549999988   0.0000000000  -0.0000000000   0.0000000000
   0.3599999988   0.0000000000  -0.0000000000   0.0000000000
   0.3649999988   0.0000000000   0.0000000000   0.0000000000
   0.3699999988   0.0000000000   0.0000000000   0.0000000000
   0.3749999987  -0.0000000000   0.0000000000  -0.0000000000
   0.3799999987  -0.0000000000   0.0000000000  -0.0000000000
   0.3849999987  -0.0000000000   0.0000000000  -0.0000000000
   0.3899999987  -0.0000000000   0.0000000000  -0.0000000000
   0.3949999987  -0.0000000000   0.0000000000  -0.0000000000
   0.3999999987  -0.0000000000   0.0000000000  -0.0000000000
   0.4049999986  -0.0000000000   0.0000000000  -0.0000000000
   0.4099999986  -0.0000000000   0.0000000000  -0.0000000000
   0.4149999986  -0.0000000000   0.0000000000  -0.0000000000
   0.4199999986  -0.0000000000   0.0000000000  -0.0000000000
   0.4249999986  -0.0000000000   0.0000000000  -0.0000000000
   0.4299999986  -0.0000000000   0.0000000000  -0.0000000000
   0.4349999985  -0.0000000000   0.0000000000  -0.0000000000
   0.4399999985  -0.0000000000   0.0000000000  -0.0000000000
   0.4449999985  -0.0000000000   0.0000000000  -0.0000000000
   0.4499999985  -0.0000000000   0.0000000000  -0.0000000000
   0.4549999985  -0.0000000000   0.0000000000  -0.0000000000
   0.4599999985  -0.0000000000   0.0000000000  -0.0000000000
   0.4649999984  -0.0000000000   0.0000000000  -0.0000000000
   0.4699999984  -0.0000000000   0.0000000000  -0.0000000000
   0.4749999984  -0.0000000000   0.0000000000  -0.0000000000
   0.4799999984  -0.0000000000   0.0000000000  -0.0000000000
   0.4849999984  -0.0000000000   0.0000000000  -0.0000000000
   0.4899999984  -0.0000000000   0.0000000000  -0.0000000000
   0.4949999983  -0.0000000000   0.0000000000  -0.0000000000
   0.4999999983  -0.0000000000   0.0000000000  -0.0000000000
   0.5049999983  -0.0000000000   0.0000000000  -0.0000000000
   0.5099999983  -0.0000000000   0.0000000000  -0.0000000000
   0.5149999983  -0.0000000000   0.0000000000  -0.0000000000
   0.5199999983  -0.0000000000   0.0000000000  -0.0000000000
   0.5249999982  -0.0000000000   0.0000000000  -0.0000000000
   0.5299999982  -0.0000000000   0.0000000000  -0.0000000000
   0.5349999982  -0.0000000000   0.0000000000  -0.0000000000
   0.5399999982  -0.0000000000   0.0000000000  -0.0000000000
   0.5449999982  -0.0000000000   0.0000000000  -0.0000000000
   0.5499999982   0.0000000000   0.0000000000   0.0000000000
   0.5549999981   0.0000000000   0.0000000000   0.0000000000
   0.5599999981   0.0000000000   0.0000000000   0.0000000000
   0.5649999981   0.0000000000   0.0000000000   0.0000000000
   0.5699999981   0.0000000000   0.0000000000   0.0000000000
   0.5749999981   0.0000000000   0.0000000000   0.0000000000
   0.5799999981   0.0000000000   0.0000000000   0.0000000000
   0.5849999980   0.0000000000   0.0000000000   0.0000000000
   0.5899999980   0.0000000000   0.0000000000   0.0000000000
   0.5949999980   0.0000000000   0.0000000000   0.0000000000
   0.5999999980   0.0000000000   0.0000000000   0.0000000000
   0.6049999980   0.0000000000  -0.0000000000   0.0000000000
   0.6099999980   0.0000000000  -0.0000000000   0.0000000000
   0.6149999979   0.0000000000  -0.0000000000   0.0000000000
   0.6199999979   0.0000000000  -0.0000000000   0.0000000000
   0.6249999979  -0.0000000000  -0.0000000000  -0.0000000000
   0.6299999979  -0.0000000000  -0.0000000000  -0.0000000000
   0.6349999979  -0.0000000000  -0.0000000000  -0.0000000000
   0.6399999979  -0.0000000000  -0.0000000000  -0.0000000000
   0.6449999978  -0.0000000000  -0.0000000000  -0.0000000000
   0.6499999978  -0.0000000000  -0.0000000000  -0.0000000000
   0.6549999978  -0.0000000000  -0.0000000000  -0.0000000000
   0.6599999978  -0.0000000000  -0.0000000000  -0.0000000000
   0.6649999978  -0.0000000000  -0.0000000000  -0.0000000000
   0.6699999978  -0.0000000000   0.0000000000  -0.0000000000
   0.6749999977  -0.0000000000   0.0000000000  -0.0000000000
   0.6799999977   0.0000000000   0.0000000000   0.0000000000
   0.6849999977   0.0000000000   0.0000000000   0.0000000000
   0.6899999977   0.0000000000   0.0000000000   0.0000000000
   0.6949999977   0.0000000000   0.0000000000   0.0000000000
   0.6999999976   0.0000000000   0.0000000000   0.0000000000
   0.7049999976   0.0000000000   0.0000000000   0.0000000000
   0.7099999976   0.0000000000   0.0000000000   0.0000000000
   0.7149999976   0.0000000000   0.0000000000   0.0000000000
   0.7199999976   0.0000000000   0.0000000000   0.0000000000
   0.7249999976   0.0000000000   0.0000000000   0.0000000000
   0.7299999975   0.0000000000   0.0000000000   0.0000000000
   0.7349999975   0.0000000000   0.0000000000   0.0000000000
   0.7399999975   0.0000000000   0.0000000000   0.0000000000
   0.7449999975   0.0000000000   0.0000000000   0.0000000000
   0.7499999975   0.0000000000   0.0000000000   0.0000000000
   0.7549999975   0.0000000000   0.0000000000   0.0000000000
   0.7599999974   0.0000000000   0.0000000000   0.0000000000
   0.7649999974   0.0000000000   0.0000000000   0.0000000000
   0.7699999974   0.0000000000   0.0000000000   0.0000000000
   0.7749999974   0.0000000000   0.0000000000   0.0000000000
   0.7799999974   0.0000000000   0.0000000000   0.0000000000
   0.7849999974   0.0000000000   0.0000000000   0.0000000000
   0.7899999973   0.0000000000   0.0000000000   0.0000000000
   0.7949999973   0.0000000000   0.0000000000   0.0000000000
   0.7999999973   0.0000000000   0.0000000000   0.0000000000
   0.8049999973   0.0000000000   0.0000000000   0.0000000000
   0.8099999973   0.0000000000   0.0000000000   0.0000000000
   0.8149999973   0.0000000000   0.0000000000   0.0000000000
   0.8199999972   0.0000000000   0.0000000000   0.0000000000
   0.8249999972   0.0000000000   0.0000000000   0.0000000000
   0.8299999972   0.0000000000   0.0000000000   0.0000000000
   0.8349999972   0.0000000000   0.0000000000   0.0000000000
   0.8399999972   0.0000000000   0.0000000000   0.0000000000
   0.8449999972   0.0000000000   0.0000000000   0.0000000000
   0.8499999971   0.0000000000   0.0000000000   0.0000000000
   0.8549999971   0.0000000000   0.0000000000   0.0000000000
   0.8599999971   0.0000000000   0.0000000000   0.0000000000
   0.8649999971   0.0000000000   0.0000000000   0.0000000000
   0.8699999971   0.0000000000   0.0000000000   0.0000000000
   0.8749999971   0.0000000000   0.0000000000   0.0000000000
   0.8799999970   0.0000000000   0.0000000000   0.0000000000
   0.8849999970   0.0000000000   0.0000000000   0.0000000000
   0.8899999970   0.0000000000   0.0000000000   0.0000000000
   0.8949999970   0.0000000000   0.0000000000   0.0000000000
   0.8999999970   0.0000000000   0.0000000000   0.0000000000
   0.9049999970   0.0000000000   0.0000000000   0.0000000000
   0.9099999969   0.0000000000   0.0000000000   0.0000000000
   0.9149999969   0.0000000000   0.0000000000   0.0000000000
   0.9199999969   0.0000000000   0.0000000000   0.0000000000
   0.9249999969  -0.0000000000   0.0000000000   0.0000000000
   0.9299999969  -0.0000000000  -0.0000000000  -0.0000000000
   0.9349999969  -0.0000000000  -0.0000000000  -0.0000000000
   0.9399999968  -0.0000000000  -0.0000000000  -0.0000000000
   0.9449999968  -0.0000000000  -0.0000000000  -0.0000000000
   0.9499999968  -0.0000000000  -0.0000000000  -0.0000000000
   0.9549999968  -0.0000000000  -0.0000000000  -0.0000000000
   0.9599999968  -0.0000000000  -0.0000000000  -0.0000000000
   0.9649999968  -0.0000000000  -0.0000000000  -0.0000000000
   0.9699999967  -0.0000000000  -0.0000000000  -0.0000000000
   0.9749999967  -0.0000000000  -0.0000000000  -0.0000000000
   0.9799999967  -0.0000000000  -0.0000000000  -0.0000000000
   0.9849999967  -0.0000000000  -0.0000000000  -0.0000000000
   0.9899999967  -0.0000000000  -0.0000000000  -0.0000000000
   0.9949999967  -0.0000000000  -0.0000000000  -0.0000000000
   0.9999999966   0.0000000000  -0.0000000000  -0.0000000000
   1.0049999966   0.0000000000   0.0000000000   0.0000000000
   1.0099999966   0.0000000000   0.0000000000   0.0000000000
   1.0149999966   0.0000000000   0.0000000000   0.0000000000
   1.0199999966   0.0000000000   0.0000000000   0.0000000000
   1.0249999966   0.0000000000   0.0000000000   0.0000000000
   1.0299999965   0.0000000000   0.0000000000   0.0000000000
   1.0349999965   0.0000000000   0.0000000000   0.0000000000
   1.0399999965   0.0000000000   0.0000000000   0.0000000000
   1.0449999965   0.0000000000   0.0000000000   0.0000000000
   1.0499999965   0.0000000000   0.0000000000   0.0000000000
   1.0549999965   0.0000000000   0.0000000000   0.0000000000
   1.0599999964   0.0000000000   0.0000000000   0.0000000000
   1.0649999964  -0.0000000000  -0.0000000000  -0.0000000000
   1.0699999964  -0.0000000000  -0.0000000000  -0.0000000000
   1.0749999964  -0.0000000000  -0.0000000000  -0.0000000000
   1.0799999964  -0.0000000000  -0.0000000000  -0.0000000000
   1.0849999964  -0.0000000000  -0.0000000000  -0.0000000000
   1.0899999963  -0.0000000000  -0.0000000000  -0.0000000000
   1.0949999963  -0.0000000000  -0.0000000000  -0.0000000000
   1.0999999963  -0.0000000000  -0.0000000000  -0.0000000000
   1.1049999963  -0.0000000000  -0.0000000000  -0.0000000000
   1.1099999963  -0.0000000000  -0.0000000000  -0.0000000000
   1.1149999963  -0.0000000000  -0.0000000000  -0.0000000000
   1.1199999962   0.0000000000   0.0000000000   0.0000000000
   1.1249999962   0.0000000000   0.0000000000   0.0000000000
   1.1299999962   0.0000000000   0.0000000000   0.0000000000
   1.1349999962   0.0000000000   0.0000000000   0.0000000000
   1.1399999962   0.0000000000   0.0000000000   0.0000000000
   1.1449999962   0.0000000000   0.0000000000   0.0000000000
   1.1499999961   0.0000000000   0.0000000000   0.0000000000
   1.1549999961   0.0000000000   0.0000000000   0.0000000000
   1.1599999961   0.0000000000   0.0000000000   0.0000000000
   1.1649999961   0.0000000000   0.0000000000   0.0000000000
   1.1699999961   0.0000000000   0.0000000000   0.0000000000
   1.1749999961  -0.0000000000  -0.0000000000  -0.0000000000
   1.1799999960  -0.0000000000  -0.0000000000  -0.0000000000
   1.1849999960  -0.0000000000  -0.0000000000  -0.0000000000
   1.1899999960  -0.0000000000  -0.0000000000  -0.0000000000
   1.1949999960  -0.0000000000  -0.0000000000  -0.0000000000
   1.1999999960  -0.0000000000  -0.0000000000  -0.0000000000
   1.2049999960  -0.0000000000  -0.0000000000  -0.0000000000
   1.2099999959  -0.0000000000  -0.0000000000  -0.0000000000
   1.2149999959  -0.0000000000  -0.0000000000  -0.0000000000
   1.2199999959  -0.0000000000  -0.0000000000  -0.0000000000
   1.2249999959   0.0000000000   0.0000000000   0.0000000000
   1.2299999959   0.0000000000   0.0000000000   0.0000000000
   1.2349999959   0.0000000000   0.0000000000   0.0000000000
   1.2399999958   0.0000000000   0.0000000000   0.0000000000
   1.2449999958   0.0000000000   0.0000000000   0.0000000000
   1.2499999958   0.0000000000   0.0000000000   0.0000000000
   1.2549999958   0.0000000000   0.0000000000   0.0000000000
   1.2599999958   0.0000000000   0.0000000000   0.0000000000
   1.2649999958   0.0000000000   0.0000000000   0.0000000000
   1.2699999957  -0.0000000000   0.0000000000   0.0000000000
   1.2749999957  -0.0000000000  -0.0000000000  -0.0000000000
   1.2799999957  -0.0000000000  -0.0000000000  -0.0000000000
   1.2849999957  -0.0000000000  -0.0000000000  -0.0000000000
   1.2899999957  -0.0000000000  -0.0000000000  -0.0000000000
   1.2949999957  -0.0000000000  -0.0000000000  -0.0000000000
   1.2999999956  -0.0000000000  -0.0000000000  -0.0000000000
   1.3049999956  -0.0000000000  -0.0000000000  -0.0000000000
   1.3099999956  -0.0000000000  -0.0000000000  -0.0000000000
   1.3149999956   0.0000000000  -0.0000000000  -0.0000000000
   1.3199999956   0.0000000000   0.0000000000   0.0000000000
   1.3249999956   0.0000000000   0.0000000000   0.0000000000
   1.3299999955   0.0000000000   0.0000000000   0.0000000000
   1.3349999955   0.0000000000   0.0000000000   0.0000000000
   1.3399999955   0.0000000000   0.0000000000   0.0000000000
   1.3449999955   0.0000000000   0.0000000000   0.0000000000
   1.3499999955   0.0000000000   0.0000000000   0.0000000000
   1.3549999954   0.0000000000   0.0000000000   0.0000000000
   1.3599999954   0.0000000000   0.0000000000   0.0000000000
   1.3649999954   0.0000000000   0.0000000000   0.0000000000
   1.3699999954   0.0000000000   0.0000000000  -0.0000000000
   1.3749999954  -0.0000000000  -0.0000000000  -0.0000000000
   1.3799999954  -0.0000000000  -0.0000000000  -0.0000000000
   1.3849999953  -0.0000000000  -0.0000000000  -0.0000000000
   1.3899999953  -0.0000000000  -0.0000000000  -0.0000000000
   1.3949999953  -0.0000000000  -0.0000000000  -0.0000000000
   1.3999999953  -0.0000000000  -0.0000000000  -0.0000000000
   1.4049999953  -0.0000000000  -0.0000000000  -0.0000000000
   1.4099999953  -0.0000000000  -0.0000000000  -0.0000000000
   1.4149999952  -0.0000000000  -0.0000000000  -0.0000000000
   1.4199999952  -0.0000000000  -0.0000000000  -0.0000000000
   1.4249999952  -0.0000000000  -0.0000000000  -0.0000000000
   1.4299999952  -0.0000000000  -0.0000000000  -0.0000000000
   1.4349999952  -0.0000000000  -0.0000000000  -0.0000000000
   1.4399999952  -0.0000000000  -0.0000000000  -0.0000000000
   1.4449999951  -0.0000000000  -0.0000000000  -0.0000000000
   1.4499999951  -0.0000000000  -0.0000000000  -0.0000000000
   1.4549999951   0.0000000000  -0.0000000000   0.0000000000
   1.4599999951   0.0000000000   0.0000000000   0.0000000000
   1.4649999951   0.0000000000   0.0000000000   0.0000000000
   1.4699999951   0.0000000000   0.0000000000   0.0000000000
   1.4749999950   0.0000000000   0.0000000000   0.0000000000
   1.4799999950   0.0000000000   0.0000000000   0.0000000000
   1.4849999950   0.0000000000   0.0000000000   0.0000000000
   1.4899999950   0.0000000000   0.0000000000   0.0000000000
   1.4949999950   0.0000000000   0.0000000000   0.0000000000
   1.4999999950   0.0000000000   0.0000000000   0.0000000000
   1.5049999949   0.0000000000   0.0000000000   0.0000000000
   1.5099999949   0.0000000000   0.0000000000   0.0000000000
   1.5149999949  -0.0000000000  -0.0000000000  -0.0000000000
   1.5199999949  -0.0000000000  -0.0000000000  -0.0000000000
   1.5249999949  -0.0000000000  -0.0000000000  -0.0000000000
   1.5299999949  -0.0000000000  -0.0000000000  -0.0000000000
   1.5349999948  -0.0000000000  -0.0000000000  -0.0000000000
   1.5399999948  -0.0000000000  -0.0000000000  -0.0000000000
   1.5449999948  -0.0000000000  -0.0000000000  -0.0000000000
   1.5499999948  -0.0000000000  -0.0000000000  -0.0000000000
   1.5549999948  -0.0000000000  -0.0000000000  -0.0000000000
   1.5599999948  -0.0000000000  -0.0000000000  -0.0000000000
   1.5649999947  -0.0000000000  -0.0000000000  -0.0000000000
   1.5699999947   0.0000000000   0.0000000000   0.0000000000
   1.5749999947   0.0000000000   0.0000000000   0.0000000000
   1.5799999947   0.0000000001   0.0000000000   0.0000000001
   1.5849999947   0.0000000001   0.0000000000   0.0000000001
   1.5899999947   0.0000000001   0.0000000000   0.0000000001
   1.5949999946   0.0000000001   0.0000000001   0.0000000001
   1.5999999946   0.0000000001   0.0000000001   0.0000000001
   1.6049999946   0.0000000001   0.0000000001   0.0000000001
   1.6099999946   0.0000000000   0.0000000000   0.0000000000
   1.6149999946   0.0000000000   0.0000000000   0.0000000000
   1.6199999946  -0.0000000000  -0.0000000000  -0.0000000001
   1.6249999945  -0.0000000001  -0.0000000000  -0.0000000001
   1.6299999945  -0.0000000002  -0.0000000001  -0.0000000002
   1.6349999945  -0.0000000002  -0.0000000001  -0.0000000002
   1.6399999945  -0.0000000002  -0.0000000002  -0.0000000003
   1.6449999945  -0.0000000002  -0.0000000002  -0.0000000003
   1.6499999945  -0.0000000001  -0.0000000002  -0.0000000003
   1.6549999944  -0.0000000001  -0.0000000002  -0.0000000002
   1.6599999944   0.0000000000  -0.0000000001  -0.0000000001
   1.6649999944   0.0000000001  -0.0000000000   0.0000000001
   1.6699999944   0.0000000002   0.0000000001   0.0000000002
   1.6749999944   0.0000000003   0.0000000002   0.0000000004
   1.6799999944   0.0000000003   0.0000000003   0.0000000006
   1.6849999943   0.0000000002   0.0000000004   0.0000000007
   1.6899999943  -0.0000000000   0.0000000005   0.0000000008
   1.6949999943  -0.0000000003   0.0000000006   0.0000000008
   1.6999999943  -0.0000000006   0.0000000006   0.0000000007
   1.7049999943  -0.0000000009   0.0000000005   0.0000000005
   1.7099999943  -0.0000000012   0.0000000004   0.0000000002
   1.7149999942  -0.0000000012   0.0000000002  -0.0000000001
   1.7199999942  -0.0000000011  -0.0000000001  -0.0000000006
   1.7249999942  -0.0000000006  -0.0000000004  -0.0000000011
   1.7299999942   0.0000000002  -0.0000000008  -0.0000000016
   1.7349999942   0.0000000013  -0.0000000012  -0.0000000021
   1.7399999942   0.0000000026  -0.0000000016  -0.0000000025
   1.7449999941   0.0000000040  -0.0000000020  -0.0000000027
   1.7499999941   0.0000000053  -0.0000000022  -0.0000000027
   1.7549999941   0.0000000061  -0.0000000023  -0.0000000024
   1.7599999941   0.0000000064  -0.0000000021  -0.0000000019
   1.7649999941   0.0000000057  -0.0000000016  -0.0000000009
   1.7699999941   0.0000000041  -0.0000000009   0.0000000003
   1.7749999940   0.0000000013   0.0000000001   0.0000000019
   1.7799999940  -0.0000000024   0.0000000014   0.0000000037
   1.7849999940  -0.0000000067   0.0000000029   0.0000000055
   1.7899999940  -0.0000000112   0.0000000044   0.0000000072
   1.7949999940  -0.0000000153   0.0000000059   0.0000000086
   1.7999999940  -0.0000000182   0.0000000070   0.0000000092
   1.8049999939  -0.0000000194   0.0000000076   0.0000000091
   1.8099999939  -0.0000000183   0.0000000074   0.0000000078
   1.8149999939  -0.0000000147   0.0000000064   0.0000000054
   1.8199999939  -0.0000000086   0.0000000045   0.0000000019
   1.8249999939  -0.0000000005   0.0000000017  -0.0000000025
   1.8299999939   0.0000000088  -0.0000000019  -0.0000000074
   1.8349999938   0.0000000183  -0.0000000058  -0.0000000123
   1.8399999938   0.0000000266  -0.0000000097  -0.0000000166
   1.8449999938   0.0000000325  -0.0000000131  -0.0000000195
   1.8499999938   0.0000000349  -0.0000000154  -0.0000000204
   1.8549999938   0.0000000331  -0.0000000162  -0.0000000190
   1.8599999938   0.0000000269  -0.0000000152  -0.0000000151
   1.8649999937   0.0000000169  -0.0000000123  -0.0000000090
   1.8699999937   0.0000000043  -0.0000000076  -0.0000000011
   1.8749999937  -0.0000000094  -0.0000000016   0.0000000075
   1.8799999937  -0.0000000223   0.0000000050   0.0000000157
   1.8849999937  -0.0000000323   0.0000000114   0.0000000223
   1.8899999937  -0.0000000379   0.0000000167   0.0000000261
   1.8949999936  -0.0000000380   0.0000000201   0.0000000264
   1.8999999936  -0.0000000325   0.0000000209   0.0000000230
   1.9049999936  -0.0000000222   0.0000000189   0.0000000160
   1.9099999936  -0.0000000087   0.0000000143   0.0000000066
   1.9149999936   0.0000000059   0.0000000077  -0.0000000038
   1.9199999936   0.0000000190   0.0000000001  -0.0000000136
   1.9249999935   0.0000000283  -0.0000000074  -0.0000000209
   1.9299999935   0.0000000321  -0.0000000134  -0.0000000244
   1.9349999935   0.0000000295  -0.0000000170  -0.0000000232
   1.9399999935   0.0000000210  -0.0000000175  -0.0000000174
   1.9449999935   0.0000000080  -0.0000000148  -0.0000000080
   1.9499999935  -0.0000000072  -0.0000000094   0.0000000035
   1.9549999934  -0.0000000215  -0.0000000022   0.0000000148
   1.9599999934  -0.0000000321   0.0000000054   0.0000000236
   1.9649999934  -0.0000000369   0.0000000119   0.0000000279
   1.9699999934  -0.0000000344   0.0000000160   0.0000000266
   1.9749999934  -0.0000000250   0.0000000167   0.0000000196
   1.9799999934  -0.0000000100   0.0000000137   0.0000000079
   1.9849999933   0.0000000079   0.0000000076  -0.0000000065
   1.9899999933   0.0000000255  -0.0000000007  -0.0000000209
   1.9949999933   0.0000000395  -0.0000000096  -0.0000000325
   1.9999999933   0.0000000472  -0.0000000174  -0.0000000387
   2.0049999933   0.0000000471  -0.0000000224  -0.0000000381
   2.0099999933   0.0000000392  -0.0000000236  -0.0000000306
   2.0149999932   0.0000000249  -0.0000000205  -0.0000000173
   2.0199999932   0.0000000068  -0.0000000137  -0.0000000007
   2.0249999932  -0.0000000117  -0.0000000042   0.0000000162
   2.0299999932  -0.0000000274   0.0000000062   0.0000000302
   2.0349999932  -0.0000000377   0.0000000157   0.0000000386
   2.0399999931  -0.0000000412   0.0000000225   0.0000000400
   2.0449999931  -0.0000000378   0.0000000256   0.0000000344
   2.0499999931  -0.0000000291   0.0000000245   0.0000000232
   2.0549999931  -0.0000000173   0.0000000197   0.0000000090
   2.0599999931  -0.0000000050   0.0000000123  -0.0000000052
   2.0649999931   0.0000000053   0.0000000038  -0.0000000164
   2.0699999930   0.0000000122  -0.0000000042  -0.0000000228
   2.0749999930   0.0000000152  -0.0000000103  -0.0000000235
   2.0799999930   0.0000000149  -0.0000000138  -0.0000000193
   2.0849999930   0.0000000130  -0.0000000147  -0.0000000120
   2.0899999930   0.0000000110  -0.0000000134  -0.0000000042
   2.0949999930   0.0000000103  -0.0000000109   0.0000000017
   2.0999999929   0.0000000113  -0.0000000082   0.0000000041
   2.1049999929   0.0000000135  -0.0000000061   0.0000000026
   2.1099999929   0.0000000152  -0.0000000049  -0.0000000019
   2.1149999929   0.0000000146  -0.0000000044  -0.0000000073
   2.1199999929   0.0000000100  -0.0000000040  -0.0000000112
   2.1249999929   0.0000000006  -0.0000000030  -0.0000000115
   2.1299999928  -0.0000000128  -0.0000000006  -0.0000000072
   2.1349999928  -0.0000000279   0.0000000033   0.0000000013
   2.1399999928  -0.0000000411   0.0000000082   0.0000000119
   2.1449999928  -0.0000000486   0.0000000131   0.0000000216
   2.1499999928  -0.0000000472   0.0000000165   0.0000000273
   2.1549999928  -0.0000000358   0.0000000172   0.0000000268
   2.1599999927  -0.0000000155   0.0000000144   0.0000000194
   2.1649999927   0.0000000094   0.0000000082   0.0000000071
   2.1699999927   0.0000000329   0.0000000001  -0.0000000062
   2.1749999927   0.0000000476  -0.0000000075  -0.0000000149
   2.1799999927   0.0000000469  -0.0000000114  -0.0000000136
   2.1849999927   0.0000000266  -0.0000000084   0.0000000025
   2.1899999926  -0.0000000147   0.0000000042   0.0000000355
   2.1949999926  -0.0000000744   0.0000000276   0.0000000850
   2.1999999926  -0.0000001478   0.0000000619   0.0000001484
   2.2049999926  -0.0000002290   0.0000001060   0.0000002223
   2.2099999926  -0.0000003142   0.0000001578   0.0000003044
   2.2149999926  -0.0000004040   0.0000002161   0.0000003963
   2.2199999925  -0.0000005051   0.0000002807   0.0000005052
   2.2249999925  -0.0000006316   0.0000003541   0.0000006445
   2.2299999925  -0.0000008037   0.0000004415   0.0000008340
   2.2349999925  -0.0000010457   0.0000005512   0.0000010976
   2.2399999925  -0.0000013821   0.0000006934   0.0000014605
   2.2449999925  -0.0000018342   0.0000008796   0.0000019451
   2.2499999924  -0.0000024164   0.0000011207   0.0000025681
   2.2549999924  -0.0000031337   0.0000014262   0.0000033373
   2.2599999924  -0.0000039819   0.0000018030   0.0000042516
   2.2649999924  -0.0000049489   0.0000022554   0.0000053013
   2.2699999924  -0.0000060179   0.0000027853   0.0000064705
   2.2749999924  -0.0000071711   0.0000033932   0.0000077404
   2.2799999923  -0.0000083929   0.0000040785   0.0000090920
   2.2849999923  -0.0000096723   0.0000048400   0.0000105084
   2.2899999923  -0.0000110024   0.0000056750   0.0000119741
   2.2949999923  -0.0000123780   0.0000065780   0.0000134740
   2.2999999923  -0.0000137918   0.0000075379   0.0000149898
   2.3049999923  -0.0000152295   0.0000085348   0.0000164965
   2.3099999922  -0.0000166651   0.0000095371   0.0000179595
   2.3149999922  -0.0000180585   0.0000104999   0.0000193335
   2.3199999922  -0.0000193549   0.0000113643   0.0000205648
   2.3249999922  -0.0000204873   0.0000120599   0.0000215953
   2.3299999922  -0.0000213799   0.0000125088   0.0000223689
   2.3349999922  -0.0000219540   0.0000126322   0.0000228387
   2.3399999921  -0.0000221323   0.0000123580   0.0000229719
   2.3449999921  -0.0000218429   0.0000116285   0.0000227520
   2.3499999921  -0.0000210219   0.0000104081   0.0000221762
   2.3549999921  -0.0000196159   0.0000086893   0.0000212476
   2.3599999921  -0.0000175855   0.0000064977   0.0000199632
   2.3649999921  -0.0000149121   0.0000038946   0.0000183002
   2.3699999920  -0.0000116086   0.0000009789   0.0000162023
   2.3749999920  -0.0000077353  -0.0000021118   0.0000135694
   2.3799999920  -0.0000034180  -0.0000052023   0.0000102556
   2.3849999920   0.0000011347  -0.0000080822   0.0000060766
   2.3899999920   0.0000056232  -0.0000105130   0.0000008293
   2.3949999920   0.0000096631  -0.0000122400  -0.0000056736
   2.3999999919   0.0000128148  -0.0000130146  -0.0000135550
   2.4049999919   0.0000146413  -0.0000126254  -0.0000228100
   2.4099999919   0.0000147942  -0.0000109423  -0.0000332315
   2.4149999919   0.0000131230  -0.0000079692  -0.0000443281
   2.4199999919   0.0000097959  -0.0000039019  -0.0000552453
   2.4249999919   0.0000054099   0.0000008175  -0.0000647021
   2.4299999918   0.0000010676   0.0000054617  -0.0000709622
   2.4349999918  -0.0000016111   0.0000090096  -0.0000718661
   2.4399999918  -0.0000005698   0.0000101826  -0.0000649499
   2.4449999918   0.0000064873   0.0000075419  -0.0000476789
   2.4499999918   0.0000217674  -0.0000003415  -0.0000178190
   2.4549999918   0.0000469318  -0.0000146422   0.0000260456
   2.4599999917   0.0000825276  -0.0000359612   0.0000838573
   2.4649999917   0.0001273487  -0.0000639524   0.0001533287
   2.4699999917   0.0001777856  -0.0000969202   0.0002291483
   2.4749999917   0.0002272457  -0.0001314328   0.0003022451
   2.4799999917   0.0002657337  -0.0001620021   0.0003592290
   2.4849999917   0.0002796923  -0.0001808930   0.0003821404
   2.4899999916   0.0002521938  -0.0001781236   0.0003486408
   2.4949999916   0.0001635565  -0.0001417139   0.0002327524
   2.4999999916  -0.0000075749  -0.0000582248   0.0000062138
   2.5049999916  -0.0002826894   0.0000863928  -0.0003595428
   2.5099999916  -0.0006814721   0.0003056546  -0.0008908666
   2.5149999916  -0.0012195902   0.0006111570  -0.0016089723
   2.5199999915  -0.0019063840   0.0010110438  -0.0025268691
   2.5249999915  -0.0027426908   0.0015084578  -0.0036464388
   2.5299999915  -0.0037190573   0.0021001417  -0.0049560021
   2.5349999915  -0.0048145990   0.0027753661  -0.0064287176
   2.5399999915  -0.0059967308   0.0035153608  -0.0080221136
   2.5449999915  -0.0072219292   0.0042933955  -0.0096789722
   2.5499999914  -0.0084375874   0.0050756097  -0.0113296589
   2.5549999914  -0.0095849097   0.0058226154  -0.0128958413
   2.5599999914  -0.0106026619   0.0064918167  -0.0142953775
   2.5649999914  -0.0114314768   0.0070402955  -0.0154479980
   2.5699999914  -0.0120183231   0.0074280332  -0.0162812805
   2.5749999914  -0.0123206901   0.0076211756  -0.0167363393
   2.5799999913  -0.0123100480   0.0075950101  -0.0167726375
   2.5849999913  -0.0119741965   0.0073363366  -0.0163713927
   2.5899999913  -0.0113182313   0.0068449519  -0.0155371764
   2.5949999913  -0.0103640103   0.0061340560  -0.0142975000
   2.5999999913  -0.0091481779   0.0052295022  -0.0127004093
   2.6049999913  -0.0077189797   0.0041679408  -0.0108103481
   2.6099999912  -0.0061322512   0.0029940399  -0.0087027669
   2.6149999912  -0.0044470574   0.0017570741  -0.0064581107
   2.6199999912  -0.0027214978   0.0005072522  -0.0041558953
   2.6249999912  -0.0010091501  -0.0007078186  -0.0018695585
   2.6299999912   0.0006434808  -0.0018461563   0.0003373476
   2.6349999912   0.0021983023  -0.0028736145   0.0024132692
   2.6399999911   0.0036257454  -0.0037650941   0.0043189733
   2.6449999911   0.0049038209  -0.0045047128   0.0060262699
   2.6499999911   0.0060164542  -0.0050850315   0.0075155707
   2.6549999911   0.0069515360  -0.0055055687   0.0087729040
   2.6599999911   0.0076991564  -0.0057709205   0.0097870793
   2.6649999911   0.0082504383  -0.0058888459   0.0105476491
   2.6699999910   0.0085972620  -0.0058686557   0.0110441533
   2.6749999910   0.0087329915  -0.0057201666   0.0112668730
   2.6799999910   0.0086541078  -0.0054533652   0.0112090153
   2.6849999910   0.0083624562  -0.0050787763   0.0108699409
   2.6899999910   0.0078676580  -0.0046083887   0.0102587988
   2.6949999909   0.0071891586  -0.0040568670   0.0093977862
   2.6999999909   0.0063573876  -0.0034427035   0.0083242431
   2.7049999909   0.0054136128  -0.0027889537   0.0070909261
   2.7099999909   0.0044082546  -0.0021232457   0.0057640724
   2.7149999909   0.0033976681  -0.0014768770   0.0044192154
   2.7199999909   0.0024396604  -0.0008829600   0.0031351018
   2.7249999908   0.0015882480  -0.0003737626   0.0019864068
   2.7299999908   0.0008883251   0.0000224514   0.0010362031
   2.7349999908   0.0003709877   0.0002846484   0.0003292481
   2.7399999908   0.0000502124   0.0004018289  -0.0001129005
   2.7449999908  -0.0000785691   0.0003749342  -0.0002941554
   2.7499999908  -0.0000377124   0.0002174854  -0.0002431255
   2.7549999907   0.0001355567  -0.0000452521  -0.0000093053
   2.7599999907   0.0003938786  -0.0003785742   0.0003433153
   2.7649999907   0.0006856969  -0.0007418887   0.0007443745
   2.7699999907   0.0009615919  -0.0010930889   0.0011258870
   2.7749999907   0.0011801391  -0.0013931917   0.0014304081
   2.7799999907   0.0013124894  -0.0016106241   0.0016174931
   2.7849999906   0.0013450600  -0.0017245812   0.0016675915
   2.7899999906   0.0012800142  -0.0017270038   0.0015829027
   2.7949999906   0.0011335407  -0.0016229202   0.0013851797
   2.7999999906   0.0009322765  -0.0014291337   0.0011109193
   2.8049999906   0.0007084831  -0.0011714746   0.0008047583
   2.8099999906   0.0004947579  -0.0008810373   0.0005121349
   2.8149999905   0.0003190964  -0.0005899590   0.0002723491
   2.8199999905   0.0002010332  -0.0003273434   0.0001130484
   2.8249999905   0.0001493830  -0.0001158853   0.0000468994
   2.8299999905   0.0001618238   0.0000303754   0.0000708292
   2.8349999905   0.0002262569   0.0001069342   0.0001677979
   2.8399999905   0.0003236005   0.0001183151   0.0003106599
   2.8449999904   0.0004314616   0.0000763661   0.0004673601
   2.8499999904   0.0005280258  -0.0000022861   0.0006065327
   2.8549999904   0.0005955114  -0.0000991661   0.0007025551
   2.8599999904   0.0006226504  -0.0001967834   0.0007392509
   2.8649999904   0.0006058579  -0.0002809456   0.0007117050
   2.8699999904   0.0005489915  -0.0003422471   0.0006260026
   2.8749999903   0.0004618460  -0.0003765866   0.0004970654
   2.8799999903   0.0003577315  -0.0003847397   0.0003450735
   2.8849999903   0.0002506109  -0.0003711640   0.0001911782
   2.8899999903   0.0001523182  -0.0003423252   0.0000532945
   2.8949999903   0.0000703265  -0.0003048864  -0.0000572964
   2.8999999903   0.0000064132  -0.0002640929  -0.0001379814
   2.9049999902  -0.0000436051  -0.0002226239  -0.0001952043
   2.9099999902  -0.0000890857  -0.0001800756  -0.0002432262
   2.9149999902  -0.0001429112  -0.0001331174  -0.0003015545
   2.9199999902  -0.0002193015  -0.0000762424  -0.0003915518
   2.9249999902  -0.0003314724  -0.0000029375  -0.0005328456
   2.9299999902  -0.0004895270   0.0000929639  -0.0007401513
   2.9349999901  -0.0006988980   0.0002159944  -0.0010210078
   2.9399999901  -0.0009595466   0.0003680492  -0.0013747345
   2.9449999901  -0.0012659831   0.0005478223  -0.0017926794
   2.9499999901  -0.0016080373   0.0007507495  -0.0022596039
   2.9549999901  -0.0019721907   0.0009694346  -0.0027558678
   2.9599999901  -0.0023432077   0.0011944574  -0.0032599682
   2.9649999900  -0.0027057802   0.0014154047  -0.0037509737
   2.9699999900  -0.0030459259   0.0016219435  -0.0042104596
   2.9749999900  -0.0033519512   0.0018047648  -0.0046236847
   2.9799999900  -0.0036148839   0.0019562663  -0.0049799210
   2.9849999900  -0.0038283871   0.0020709002  -0.0052720136
   2.9899999900  -0.0039882600   0.0021451801  -0.0054953916
   2.9949999899  -0.0040916969   0.0021774027  -0.0056468311
   2.9999999899  -0.0041365095   0.0021671873  -0.0057232944
   3.0049999899  -0.0041205055   0.0021149591  -0.0057211206
   3.0099999899  -0.0040411713   0.0020215008  -0.0056357515
   3.0149999899  -0.0038957369   0.0018876715  -0.0054620504
   3.0199999899  -0.0036816144   0.0017143492  -0.0051951466
   3.0249999898  -0.0033971251   0.0015025996  -0.0048316329
   3.0299999898  -0.0030423690   0.0012540256  -0.0043708764
   3.0349999898  -0.0026200589   0.0009712118  -0.0038161820
   3.0399999898  -0.0021361436   0.0006581555  -0.0031755820
   3.0449999898  -0.0016000820   0.0003205787  -0.0024620878
   3.0499999898  -0.0010246863  -0.0000339692  -0.0016933379
   3.0549999897  -0.0004255291  -0.0003962660  -0.0008906729
   3.0599999897   0.0001800174  -0.0007558359  -0.0000777599
   3.0649999897   0.0007739838  -0.0011015895   0.0007210505
   3.0699999897   0.0013390824  -0.0014226062   0.0014824163
   3.0749999897   0.0018598892  -0.0017089524   0.0021855360
   3.0799999897   0.0023237805  -0.0019524259   0.0028133452
   3.0849999896   0.0027215173  -0.0021471260   0.0033532647
   3.0899999896   0.0030474372  -0.0022897819   0.0037974596
   3.0949999896   0.0032992723  -0.0023798071   0.0041426394
   3.0999999896   0.0034776739  -0.0024190912   0.0043894909
   3.1049999896   0.0035855596  -0.0024115813   0.0045418768
   3.1099999896   0.0036274156  -0.0023627268   0.0046059469
   3.1149999895   0.0036086756  -0.0022788819   0.0045893024
   3.1199999895   0.0035352660  -0.0021667499   0.0045003233
   3.1249999895   0.0034133608  -0.0020329377   0.0043477220
   3.1299999895   0.0032493379  -0.0018836628   0.0041403387
   3.1349999895   0.0030498831  -0.0017246162   0.0038871394
   3.1399999895   0.0028221561  -0.0015609585   0.0035973438
   3.1449999894   0.0025739230  -0.0013973998   0.0032805850
   3.1499999894   0.0023135668  -0.0012383038   0.0029470007
   3.1549999894   0.0020499228  -0.0010877568   0.0026071744
   3.1599999894   0.0017919198  -0.0009495599   0.0022718789
   3.1649999894   0.0015480629  -0.0008271234   0.0019516181
   3.1699999894   0.0013258255  -0.0007232731   0.0016560126
   3.1749999893   0.0011310526  -0.0006400006   0.0013931130
   3.1799999893   0.0009674780  -0.0005782137   0.0011687510
   3.1849999893   0.0008364478  -0.0005375443   0.0009860481
   3.1899999893   0.0007369098  -0.0005162709   0.0008451794
   3.1949999893   0.0006656817  -0.0005113912   0.0007434575
   3.1999999893   0.0006179655  -0.0005188572   0.0006757500
   3.2049999892   0.0005880296  -0.0005339536   0.0006351821
   3.2099999892   0.0005699535  -0.0005517721   0.0006140304
   3.2149999892   0.0005583205  -0.0005677184   0.0006046725
   3.2199999892   0.0005487538  -0.0005779748   0.0006004473
   3.2249999892   0.0005382263  -0.0005798521   0.0005962927
   3.2299999892   0.0005251128  -0.0005719796   0.0005890690
   3.2349999891   0.0005090050  -0.0005543105   0.0005775335
   3.2399999891   0.0004903507  -0.0005279506   0.0005619957
   3.2449999891   0.0004700067  -0.0004948485   0.0005437445
   3.2499999891   0.0004488053  -0.0004574066   0.0005243767
   3.2549999891   0.0004272258  -0.0004180832   0.0005051745
   3.2599999891   0.0004052301  -0.0003790517   0.0004866602
   3.2649999890   0.0003822869  -0.0003419691   0.0004684151
   3.2699999890   0.0003575614  -0.0003078797   0.0004491891
   3.2749999890   0.0003302156  -0.0002772522   0.0004272588
   3.2799999890   0.0002997376  -0.0002501226   0.0004009378
   3.2849999890   0.0002662151  -0.0002262948   0.0003691087
   3.2899999890   0.0002304832  -0.0002055445   0.0003316395
   3.2949999889   0.0001941057  -0.0001877744   0.0002895760
   3.2999999889   0.0001591851  -0.0001730863   0.0002450552
   3.3049999889   0.0001280390  -0.0001617563   0.0002009466
   3.3099999889   0.0001028058  -0.0001541241   0.0001602959
   3.3149999889   0.0000850638  -0.0001504296   0.0001256929
   3.3199999889   0.0000755388  -0.0001506429   0.0000987059
   3.3249999888   0.0000739629  -0.0001543336   0.0000795139
   3.3299999888   0.0000791115  -0.0001606202   0.0000668263
   3.3349999888   0.0000890102  -0.0001682189   0.0000581174
   3.3399999888   0.0001012681  -0.0001755911   0.0000501346
   3.3449999888   0.0001134718  -0.0001811632   0.0000395760
   3.3499999888   0.0001235626  -0.0001835796   0.0000237970
   3.3549999887   0.0001301250  -0.0001819354   0.0000013960
   3.3599999887   0.0001325387  -0.0001759447  -0.0000274454
   3.3649999887   0.0001309710  -0.0001660073  -0.0000609407
   3.3699999887   0.0001262228  -0.0001531591  -0.0000960014
   3.3749999887   0.0001194678  -0.0001389149  -0.0001288016
   3.3799999886   0.0001119437  -0.0001250321  -0.0001554879
   3.3849999886   0.0001046606  -0.0001132380  -0.0001728883
   3.3899999886   0.0000981846  -0.0001049722  -0.0001790774
   3.3949999886   0.0000925358  -0.0001011881  -0.0001736863
   3.3999999886   0.0000872162  -0.0001022459  -0.0001579021
   3.4049999886   0.0000813552  -0.0001079122  -0.0001341686
   3.4099999885   0.0000739386  -0.0001174575  -0.0001056587
   3.4149999885   0.0000640700  -0.0001298273  -0.0000756400
   3.4199999885   0.0000512102  -0.0001438477  -0.0000468691
   3.4249999885   0.0000353450  -0.0001584237  -0.0000211445
   3.4299999885   0.0000170468  -0.0001726917   0.0000008937
   3.4349999885  -0.0000025835  -0.0001860988   0.0000196818
   3.4399999884  -0.0000220822  -0.0001983988   0.0000363980
   3.4449999884  -0.0000398658  -0.0002095737   0.0000524593
   3.4499999884  -0.0000545016  -0.0002197028   0.0000689707
   3.4549999884  -0.0000649531  -0.0002288157   0.0000862598
   3.4599999884  -0.0000707493  -0.0002367671   0.0001036068
   3.4649999884  -0.0000720446  -0.0002431646   0.0001192399
   3.4699999883  -0.0000695546  -0.0002473743   0.0001306050
   3.4749999883  -0.0000643822  -0.0002486052   0.0001348557
   3.4799999883  -0.0000577711  -0.0002460612   0.0001294593
   3.4849999883  -0.0000508408  -0.0002391287   0.0001127871
   3.4899999883  -0.0000443632  -0.0002275604   0.0000845540
   3.4949999883  -0.0000386319  -0.0002116128   0.0000460076
   3.4999999882  -0.0000334567  -0.0001921017  -0.0000001838
   3.5049999882  -0.0000282862  -0.0001703567  -0.0000503253
   3.5099999882  -0.0000224291  -0.0001480747  -0.0001002943
   3.5149999882  -0.0000153214  -0.0001270957  -0.0001462158
   3.5199999882  -0.0000067717  -0.0001091413  -0.0001850728
   3.5249999882   0.0000028822  -0.0000955649  -0.0002151219
   3.5299999881   0.0000127497  -0.0000871656  -0.0002360296
   3.5349999881   0.0000215131  -0.0000841003  -0.0002487091
   3.5399999881   0.0000276800  -0.0000859145  -0.0002549052
   3.5449999881   0.0000299060  -0.0000916814  -0.0002566335
   3.5499999881   0.0000273126  -0.0001002198  -0.0002556141
   3.5549999881   0.0000197219  -0.0001103413  -0.0002528345
   3.5599999880   0.0000077456  -0.0001210728  -0.0002483504
   3.5649999880  -0.0000072951  -0.0001318058  -0.0002413656
   3.5699999880  -0.0000236088  -0.0001423425  -0.0002305686
   3.5749999880  -0.0000392750  -0.0001528324  -0.0002146356
   3.5799999880  -0.0000526111  -0.0001636204  -0.0001927698
   3.5849999880  -0.0000624783  -0.0001750470  -0.0001651351
   3.5899999879  -0.0000684573  -0.0001872537  -0.0001330696
   3.5949999879  -0.0000708567  -0.0002000442  -0.0000990167
   3.5999999879  -0.0000705588  -0.0002128374  -0.0000661811
   3.6049999879  -0.0000687474  -0.0002247265  -0.0000379854
   3.6099999879  -0.0000665911  -0.0002346312  -0.0000174485
   3.6149999879  -0.0000649618  -0.0002415077  -0.0000066288
   3.6199999878  -0.0000642562  -0.0002445683  -0.0000062566
   3.6249999878  -0.0000643588  -0.0002434574  -0.0000156357
   3.6299999878  -0.0000647463  -0.0002383453  -0.0000328285
   3.6349999878  -0.0000646952  -0.0002299182  -0.0000550749
   3.6399999878  -0.0000635325  -0.0002192675  -0.0000793434
   3.6449999878  -0.0000608595  -0.0002077057  -0.0001028871
   3.6499999877  -0.0000566918  -0.0001965506  -0.0001236842
   3.6549999877  -0.0000514831  -0.0001869229  -0.0001406765
   3.6599999877  -0.0000460325  -0.0001796011  -0.0001537706
   3.6649999877  -0.0000413070  -0.0001749557  -0.0001636274
   3.6699999877  -0.0000382270  -0.0001729705  -0.0001713070
   3.6749999877  -0.0000374701  -0.0001733350  -0.0001778702
   3.6799999876  -0.0000393370  -0.0001755796  -0.0001840347
   3.6849999876  -0.0000437049  -0.0001792168  -0.0001899658
   3.6899999876  -0.0000500698  -0.0001838559  -0.0001952402
   3.6949999876  -0.0000576560  -0.0001892668  -0.0001989809
   3.6999999876  -0.0000655640  -0.0001953837  -0.0002001179
   3.7049999876  -0.0000729191  -0.0002022561  -0.0001977059
   3.7099999875  -0.0000789961  -0.0002099642  -0.0001912198
   3.7149999875  -0.0000833019  -0.0002185236  -0.0001807607
   3.7199999875  -0.0000856140  -0.0002278066  -0.0001671271
   3.7249999875  -0.0000859785  -0.0002374984  -0.0001517378
   3.7299999875  -0.0000846779  -0.0002471005  -0.0001364225
   3.7349999875  -0.0000821768  -0.0002559815  -0.0001231252
   3.7399999874  -0.0000790495  -0.0002634657  -0.0001135762
   3.7449999874  -0.0000758972  -0.0002689426  -0.0001089955
   3.7499999874  -0.0000732554  -0.0002719769  -0.0001098812
   3.7549999874  -0.0000715053  -0.0002723967  -0.0001159227
   3.7599999874  -0.0000708013  -0.0002703448  -0.0001260530
   3.7649999874  -0.0000710334  -0.0002662798  -0.0001386322
   3.7699999873  -0.0000718419  -0.0002609247  -0.0001517324
   3.7749999873  -0.0000726913  -0.0002551696  -0.0001634714
   3.7799999873  -0.0000729966  -0.0002499413  -0.0001723373
   3.7849999873  -0.0000722798  -0.0002460628  -0.0001774409
   3.7899999873  -0.0000703183  -0.0002441261  -0.0001786482
   3.7949999873  -0.0000672448  -0.0002444029  -0.0001765627
   3.7999999872  -0.0000635631  -0.0002468125  -0.0001723606
   3.8049999872  -0.0000600639  -0.0002509546  -0.0001675076
   3.8099999872  -0.0000576511  -0.0002562029  -0.0001634196
   3.8149999872  -0.0000571156  -0.0002618425  -0.0001611382
   3.8199999872  -0.0000589129  -0.0002672224  -0.0001610980
   3.8249999872  -0.0000630068  -0.0002718895  -0.0001630401
   3.8299999871  -0.0000688282  -0.0002756737  -0.0001660984
   3.8349999871  -0.0000753699  -0.0002787030  -0.0001690398
   3.8399999871  -0.0000814027  -0.0002813439  -0.0001706048
   3.8449999871  -0.0000857632  -0.0002840824  -0.0001698654
   3.8499999871  -0.0000876417  -0.0002873733  -0.0001665081
   3.8549999871  -0.0000867919  -0.0002914988  -0.0001609681
   3.8599999870  -0.0000836052  -0.0002964737  -0.0001543715
   3.8649999870  -0.0000790247  -0.0003020244  -0.0001482939
   3.8699999870  -0.0000743176  -0.0003076505  -0.0001443893
   3.8749999870  -0.0000707643  -0.0003127546  -0.0001439791
   3.8799999870  -0.0000693447  -0.0003168076  -0.0001477072
   3.8849999870  -0.0000705062  -0.0003195060  -0.0001553489
   3.8899999869  -0.0000740739  -0.0003208771  -0.0001658312
   3.8949999869  -0.0000793274  -0.0003213010  -0.0001774615
   3.8999999869  -0.0000852207  -0.0003214420  -0.0001883153
   3.9049999869  -0.0000906835  -0.0003221008  -0.0001966874
   3.9099999869  -0.0000949208  -0.0003240278  -0.0002014951
   3.9149999869  -0.0000976271  -0.0003277405  -0.0002025327
   3.9199999868  -0.0000990593  -0.0003333956  -0.0002005139
   3.9249999868  -0.0000999486  -0.0003407458  -0.0001968923
   3.9299999868  -0.0001012800  -0.0003491951  -0.0001935053
   3.9349999868  -0.0001040014  -0.0003579363  -0.0001921300
   3.9399999868  -0.0001087440  -0.0003661383  -0.0001940636
   3.9449999868  -0.0001156298  -0.0003731343  -0.0001998257
   3.9499999867  -0.0001242170  -0.0003785673  -0.0002090558
   3.9549999867  -0.0001335938  -0.0003824569  -0.0002206199
   3.9599999867  -0.0001425918  -0.0003851757  -0.0002328951
   3.9649999867  -0.0001500587  -0.0003873434  -0.0002441551
   3.9699999867  -0.0001551165  -0.0003896686  -0.0002529588
   3.9749999867  -0.0001573407  -0.0003927776  -0.0002584489
   3.9799999866  -0.0001568166  -0.0003970723  -0.0002604959
   3.9849999866  -0.0001540700  -0.0004026485  -0.0002596607
   3.9899999866  -0.0001498952  -0.0004092908  -0.0002569993
   3.9949999866  -0.0001451362  -0.0004165409  -0.0002537655
   3.9999999866  -0.0001404781  -0.0004238187  -0.0002510908
   4.0049999866  -0.0001363025  -0.0004305653  -0.0002497195
   4.0099999865  -0.0001326373  -0.0004363728  -0.0002498569
   4.0149999865  -0.0001292053  -0.0004410726  -0.0002511603
   4.0199999865  -0.0001255487  -0.0004447636  -0.0002528639
   4.0249999865  -0.0001211930  -0.0004477767  -0.0002540014
   4.0299999865  -0.0001158030  -0.0004505887  -0.0002536680
   4.0349999864  -0.0001092969  -0.0004537050  -0.0002512616
   4.0399999864  -0.0001018937  -0.0004575425  -0.0002466504
   4.0449999864  -0.0000940917  -0.0004623363  -0.0002402350
   4.0499999864  -0.0000865890  -0.0004680926  -0.0002328953
   4.0549999864  -0.0000801723  -0.0004745940  -0.0002258408
   4.0599999864  -0.0000755986  -0.0004814569  -0.0002203952
   4.0649999863  -0.0000734944  -0.0004882231  -0.0002177641
   4.0699999863  -0.0000742882  -0.0004944657  -0.0002188289
   4.0749999863  -0.0000781834  -0.0004998846  -0.0002240067
   4.0799999863  -0.0000851672  -0.0005043702  -0.0002332005
   4.0849999863  -0.0000950491  -0.0005080240  -0.0002458446
   4.0899999863  -0.0001075171  -0.0005111328  -0.0002610339
   4.0949999862  -0.0001221993  -0.0005141043  -0.0002777068
   4.0999999862  -0.0001387206  -0.0005173810  -0.0002948448
   4.1049999862  -0.0001567456  -0.0005213518  -0.0003116451
   4.1099999862  -0.0001760018  -0.0005262810  -0.0003276316
   4.1149999862  -0.0001962801  -0.0005322681  -0.0003426812
   4.1199999862  -0.0002174122  -0.0005392458  -0.0003569613
   4.1249999861  -0.0002392304  -0.0005470134  -0.0003707939
   4.1299999861  -0.0002615174  -0.0005552959  -0.0003844798
   4.1349999861  -0.0002839575  -0.0005638153  -0.0003981255
   4.1399999861  -0.0003061022  -0.0005723566  -0.0004115153
   4.1449999861  -0.0003273598  -0.0005808175  -0.0004240656
   4.1499999861  -0.0003470170  -0.0005892289  -0.0004348740
   4.1549999860  -0.0003642902  -0.0005977466  -0.0004428613
   4.1599999860  -0.0003784013  -0.0006066141  -0.0004469768
   4.1649999860  -0.0003886622  -0.0006161068  -0.0004464274
   4.1699999860  -0.0003945512  -0.0006264674  -0.0004408815
   4.1749999860  -0.0003957650  -0.0006378478  -0.0004306049
   4.1799999860  -0.0003922332  -0.0006502673  -0.0004165029
   4.1849999859  -0.0003840899  -0.0006635959  -0.0004000600
   4.1899999859  -0.0003716078  -0.0006775673  -0.0003831933
   4.1949999859  -0.0003551072  -0.0006918169  -0.0003680521
   4.1999999859  -0.0003348580  -0.0007059379  -0.0003568069
   4.2049999859  -0.0003109963  -0.0007195423  -0.0003514693
   4.2099999859  -0.0002834735  -0.0007323125  -0.0003537754
   4.2149999858  -0.0002520508  -0.0007440329  -0.0003651455
   4.2199999858  -0.0002163445  -0.0007545915  -0.0003867154
   4.2249999858  -0.0001759148  -0.0007639535  -0.0004194132
   4.2299999858  -0.0001303894  -0.0007721113  -0.0004640433
   4.2349999858  -0.0000796037  -0.0007790254  -0.0005213374
   4.2399999858  -0.0000237405  -0.0007845712  -0.0005919339
   4.2449999857   0.0000365443  -0.0007885060  -0.0006762665
   4.2499999857   0.0001000191  -0.0007904678  -0.0007743595
   4.2549999857   0.0001647979  -0.0007900079  -0.0008855494
   4.2599999857   0.0002282805  -0.0007866537  -0.0010081718
   4.2649999857   0.0002871003  -0.0007799882  -0.0011392616
   4.2699999857   0.0003370701  -0.0007697340  -0.0012743183
   4.2749999856   0.0003731174  -0.0007558216  -0.0014071772
   4.2799999856   0.0003892078  -0.0007384339  -0.0015300133
   4.2849999856   0.0003782658  -0.0007180163  -0.0016334817
   4.2899999856   0.0003321109  -0.0006952550  -0.0017069783
   4.2949999856   0.0002414344  -0.0006710273  -0.0017389881
   4.2999999856   0.0000958481  -0.0006463358  -0.0017174800
   4.3049999855  -0.0001159684  -0.0006222390  -0.0016303111
   4.3099999855  -0.0004059984  -0.0005997886  -0.0014656116
   4.3149999855  -0.0007864897  -0.0005799856  -0.0012121393
   4.3199999855  -0.0012694290  -0.0005637572  -0.0008596127
   4.3249999855  -0.0018659108  -0.0005519559  -0.0003990420
   4.3299999855  -0.0025854325  -0.0005453745   0.0001769105
   4.3349999854  -0.0034351539  -0.0005447668   0.0008735190
   4.3399999854  -0.0044191657  -0.0005508607   0.0016935149
   4.3449999854  -0.0055378067  -0.0005643511   0.0026365500
   4.3499999854  -0.0067870619  -0.0005858606   0.0036986298
   4.3549999854  -0.0081580684  -0.0006158653   0.0048715666
   4.3599999854  -0.0096367439  -0.0006545883   0.0061425151
   4.3649999853  -0.0112035518  -0.0007018733   0.0074936582
   4.3699999853  -0.0128334093  -0.0007570586   0.0089020999
   4.3749999853  -0.0144957533  -0.0008188751   0.0103400094
   4.3799999853  -0.0161547783  -0.0008853893   0.0117750348
   4.3849999853  -0.0177698704  -0.0009540072   0.0131709786
   4.3899999853  -0.0192962615  -0.0010215427   0.0144887072
   4.3949999852  -0.0206859284  -0.0010843405   0.0156872446
   4.3999999852  -0.0218887532  -0.0011384352   0.0167249965
   4.4049999852  -0.0228539438  -0.0011797199   0.0175610488
   4.4099999852  -0.0235316943  -0.0012040987   0.0181564909
   4.4149999852  -0.0238750387  -0.0012076060   0.0184757300
   4.4199999852  -0.0238418259  -0.0011864846   0.0184877707
   4.4249999851  -0.0233967246  -0.0011372323   0.0181674438
   4.4299999851  -0.0225131548  -0.0010566330   0.0174965700
   4.4349999851  -0.0211750381  -0.0009417959   0.0164650365
   4.4399999851  -0.0193782688  -0.0007902240   0.0150717541
   4.4449999851  -0.0171318208  -0.0005999245   0.0133254431
   4.4499999851  -0.0144584282  -0.0003695578   0.0112451864
   4.4549999850  -0.0113947962  -0.0000986123   0.0088606786
   4.4599999850  -0.0079913212   0.0002124239   0.0062121015
   4.4649999850  -0.0043113120   0.0005619227   0.0033495758
   4.4699999850  -0.0004297190   0.0009470365   0.0003321578
   4.4749999850   0.0035686144   0.0013637002  -0.0027736103
   4.4799999850   0.0075911513   0.0018067172  -0.0058955599
   4.4849999849   0.0115402734   0.0022699253  -0.0089580897
   4.4899999849   0.0153162483   0.0027464198  -0.0118846011
   4.4949999849   0.0188204728   0.0032288094  -0.0146000626
   4.4999999849   0.0219588880   0.0037094773  -0.0170335918
   4.5049999849   0.0246454379   0.0041808253  -0.0191209463
   4.5099999849   0.0268054234   0.0046354897  -0.0208068277
   4.5149999848   0.0283785919   0.0050665233  -0.0220469154
   4.5199999848   0.0293218035   0.0054675517  -0.0228095597
   4.5249999848   0.0296111247   0.0058329119  -0.0230770772
   4.5299999848   0.0292432263   0.0061577873  -0.0228465991
   4.5349999848   0.0282359919   0.0064383435  -0.0221304315
   4.5399999848   0.0266282852   0.0066718667  -0.0209558980
   4.5449999847   0.0244788637   0.0068568954  -0.0193646459
   4.5499999847   0.0218644696   0.0069933306  -0.0174114108
   4.5549999847   0.0188771669   0.0070825018  -0.0151622559
   4.5599999847   0.0156210278   0.0071271712  -0.0126923235
   4.5649999847   0.0122082997   0.0071314587  -0.0100831609
   4.5699999847   0.0087552057   0.0071006812  -0.0074197116
   4.5749999846   0.0053775487   0.0070411116  -0.0047870857
   4.5799999846   0.0021862945   0.0069596706  -0.0022672482
   4.5849999846  -0.0007166856   0.0068635786   0.0000642200
   4.5899999846  -0.0032425353   0.0067599922   0.0021411270
   4.5949999846  -0.0053188319   0.0066556578   0.0039092813
   4.5999999846  -0.0068923495   0.0065566032   0.0053285675
   4.6049999845  -0.0079310371   0.0064678848   0.0063743732
   4.6099999845  -0.0084251088   0.0063933968   0.0070382929
   4.6149999845  -0.0083871756   0.0063357431   0.0073280790
   4.6199999845  -0.0078513912   0.0062961660   0.0072668592
   4.6249999845  -0.0068716277   0.0062745245   0.0068916767
   4.6299999845  -0.0055187482   0.0062693172   0.0062514490
   4.6349999844  -0.0038770932   0.0062777449   0.0054044573
   4.6399999844  -0.0020403442   0.0062958139   0.0044154949
   4.6449999844  -0.0001069705   0.0063184803   0.0033528018
   4.6499999844   0.0018245106   0.0063398347   0.0022849131
   4.6549999844   0.0036602104   0.0063533264   0.0012775436
   4.6599999844   0.0053152425   0.0063520194   0.0003906304
   4.6649999843   0.0067175650   0.0063288725  -0.0003243487
   4.6699999843   0.0078111037   0.0062770283  -0.0008266604
   4.6749999843   0.0085580052   0.0061900989  -0.0010880917
   4.6799999843   0.0089399272   0.0060624346  -0.0010941145
   4.6849999843   0.0089583179   0.0058893624  -0.0008443582
   4.6899999843   0.0086336942   0.0056673845  -0.0003523460
   4.6949999842   0.0080039725   0.0053943257   0.0003555090
   4.6999999842   0.0071219509   0.0050694239   0.0012415992
   4.7049999842   0.0060520778   0.0046933542   0.0022594138
   4.7099999842   0.0048666751   0.0042681844   0.0033562861
   4.7149999842   0.0036418098   0.0037972609   0.0044764247
   4.7199999841   0.0024530285   0.0032850309   0.0055640408
   4.7249999841   0.0013711768   0.0027368140   0.0065663813
   4.7299999841   0.0004585306   0.0021585408   0.0074364947
   4.7349999841  -0.0002345483   0.0015564816   0.0081355803
   4.7399999841  -0.0006722452   0.0009369879   0.0086348060
   4.7449999841  -0.0008350616   0.0003062658   0.0089165207
   4.7499999840  -0.0007206215  -0.0003298050   0.0089748203
   4.7549999840  -0.0003434706  -0.0009658041   0.0088154664
   4.7599999840   0.0002661129  -0.0015968566   0.0084551855
   4.7649999840   0.0010642129  -0.0022186825   0.0079204039
   4.7699999840   0.0019961419  -0.0028276195   0.0072454984
   4.7749999840   0.0029998929  -0.0034206267   0.0064706589
   4.7799999839   0.0040099630  -0.0039952738   0.0056394794
   4.7849999839   0.0049613117  -0.0045497125   0.0047964044
   4.7899999839   0.0057932178  -0.0050826265   0.0039841681
   4.7949999839   0.0064528082  -0.0055931515   0.0032413677
   4.7999999839   0.0068980587  -0.0060807626   0.0026003100
   4.8049999839   0.0071000992  -0.0065451320   0.0020852586
   4.8099999838   0.0070447025  -0.0069859641   0.0017111886
   4.8149999838   0.0067328820  -0.0074028261   0.0014831292
   4.8199999838   0.0061805759  -0.0077949932   0.0013961351
   4.8249999838   0.0054174467  -0.0081613304   0.0014358863
   4.8299999838   0.0044848769  -0.0085002282   0.0015798762
   4.8349999838   0.0034332867  -0.0088096036   0.0017991017
   4.8399999837   0.0023189387  -0.0090869674   0.0020601389
   4.8449999837   0.0012004278  -0.0093295519   0.0023274601
   4.8499999837   0.0001350725  -0.0095344813   0.0025658343
   4.8549999837  -0.0008245697  -0.0096989650   0.0027426516
   4.8599999837  -0.0016338449  -0.0098204911   0.0028300212
   4.8649999837  -0.0022586102  -0.0098969988   0.0028065123
   4.8699999836  -0.0026771433  -0.0099270165   0.0026584361
   4.8749999836  -0.0028812406  -0.0099097571   0.0023806002
   4.8799999836  -0.0028764393  -0.0098451706   0.0019765039
   4.8849999836  -0.0026813597  -0.0097339603   0.0014579776
   4.8899999836  -0.0023262195  -0.0095775726   0.0008443066
   4.8949999836  -0.0018506250  -0.0093781671   0.0001609081
   4.8999999835  -0.0013007933  -0.0091385763  -0.0005623474
   4.9049999835  -0.0007263913  -0.0088622531  -0.0012930571
   4.9099999835  -0.0001772043  -0.0085532047  -0.0019983308
   4.9149999835   0.0003001487  -0.0082159056  -0.0026468344
   4.9199999835   0.0006652370  -0.0078551835  -0.0032107100
   4.9249999835   0.0008863871  -0.0074760749  -0.0036672608
   4.9299999834   0.0009426358  -0.0070836538  -0.0040003000
   4.9349999834   0.0008249508  -0.0066828435  -0.0042010843
   4.9399999834   0.0005366484  -0.0062782275  -0.0042687715
   4.9449999834   0.0000929938  -0.0058738789  -0.0042103742
   4.9499999834  -0.0004799791  -0.0054732279  -0.0040402055
   4.9549999834  -0.0011473429  -0.0050789817  -0.0037788511
   4.9599999833  -0.0018677146  -0.0046931040  -0.0034517306
   4.9649999833  -0.0025960915  -0.0043168541  -0.0030873452
   4.9699999833  -0.0032868972  -0.0039508745  -0.0027153291
   4.9749999833  -0.0038970336  -0.0035953153  -0.0023644454
   4.9799999833  -0.0043887412  -0.0032499764  -0.0020606670
   4.9849999833  -0.0047320795  -0.0029144512  -0.0018254813
   4.9899999832  -0.0049068658  -0.0025882600  -0.0016745382
   4.9949999832  -0.0049039498  -0.0022709620  -0.0016167350
   4.9999999832  -0.0047257400  -0.0019622422  -0.0016537922
   5.0049999832  -0.0043859541  -0.0016619708  -0.0017803409
   5.0099999832  -0.0039086117  -0.0013702370  -0.0019844970
   5.0149999832  -0.0033263424  -0.0010873579  -0.0022488679
   5.0199999831  -0.0026781247  -0.0008138683  -0.0025519050
   5.0249999831  -0.0020066126  -0.0005504928  -0.0028694953
   5.0299999831  -0.0013552320  -0.0002981054  -0.0031766778
   5.0349999831  -0.0007652447  -0.0000576813  -0.0034493655
   5.0399999831  -0.0002729825   0.0001697574  -0.0036659624
   5.0449999831   0.0000925606   0.0003831970  -0.0038087760
   5.0499999830   0.0003116129   0.0005816892  -0.0038651459
   5.0549999830   0.0003748582   0.0007644081  -0.0038282259
   5.0599999830   0.0002839341   0.0009307076  -0.0036973802
   5.0649999830   0.0000511673   0.0010801796  -0.0034781757
   5.0699999830  -0.0003014319   0.0012127091  -0.0031819730
   5.0749999830  -0.0007438363   0.0013285224  -0.0028251425
   5.0799999829  -0.0012402055   0.0014282212  -0.0024279492
   5.0849999829  -0.0017514626   0.0015127933  -0.0020131752
   5.0899999829  -0.0022380597   0.0015835932  -0.0016045635
   5.0949999829  -0.0026627317   0.0016422879  -0.0012251874
   5.0999999829  -0.0029930493   0.0016907684  -0.0008958569
   5.1049999829  -0.0032035982   0.0017310339  -0.0006336783
   5.1099999828  -0.0032776413   0.0017650598  -0.0004508786
   5.1149999828  -0.0032081607   0.0017946666  -0.0003539867
   5.1199999828  -0.0029982218   0.0018214043  -0.0003434372
   5.1249999828  -0.0026606426   0.0018464668  -0.0004136296
   5.1299999828  -0.0022170026   0.0018706447  -0.0005534350
   5.1349999828  -0.0016960619   0.0018943191  -0.0007471037
   5.1399999827  -0.0011317035   0.0019174928  -0.0009754947
   5.1449999827  -0.0005605376   0.0019398510  -0.0012175235
   5.1499999827  -0.0000193345   0.0019608398  -0.0014517108
   5.1549999827   0.0004575396   0.0019797520  -0.0016577119
   5.1599999827   0.0008405040   0.0019958101  -0.0018177187
   5.1649999827   0.0011067967   0.0020082402  -0.0019176384
   5.1699999826   0.0012420153   0.0020163332  -0.0019479809
   5.1749999826   0.0012410562   0.0020194920  -0.0019044048
   5.1799999826   0.0011083881   0.0020172681  -0.0017879037
   5.1849999826   0.0008576411   0.0020093890  -0.0016046299
   5.1899999826   0.0005105468   0.0019957789  -0.0013653807
   5.1949999826   0.0000953096   0.0019765751  -0.0010847847
   5.1999999825  -0.0003554683   0.0019521387  -0.0007802458
   5.2049999825  -0.0008071553   0.0019230577  -0.0004707121
   5.2099999825  -0.0012255772   0.0018901393  -0.0001753497
   5.2149999825  -0.0015794440   0.0018543848   0.0000877932
   5.2199999825  -0.0018425415   0.0018169461   0.0003030442
   5.2249999825  -0.0019955344   0.0017790599   0.0004582007
   5.2299999824  -0.0020272552   0.0017419637   0.0005453816
   5.2349999824  -0.0019353939   0.0017067992   0.0005615740
   5.2399999824  -0.0017265473   0.0016745144   0.0005088276
   5.2449999824  -0.0014156332   0.0016457777   0.0003940792
   5.2499999824  -0.0010247214   0.0016209161   0.0002286125
   5.2549999824  -0.0005813728   0.0015998893   0.0000271919
   5.2599999823  -0.0001166110   0.0015823035  -0.0001930656
   5.2649999823   0.0003373242   0.0015674647  -0.0004139925
   5.2699999823   0.0007492834   0.0015544614  -0.0006177409
   5.2749999823   0.0010914105   0.0015422662  -0.0007881112
   5.2799999823   0.0013410919   0.0015298384  -0.0009117322
   5.2849999823   0.0014825172   0.0015162147  -0.0009790012
   5.2899999822   0.0015077464   0.0015005780  -0.0009847157
   5.2949999822   0.0014172108   0.0014822984  -0.0009283563
   5.2999999822   0.0012196146   0.0014609495  -0.0008140136
   5.3049999822   0.0009312443   0.0014363046  -0.0006499773
   5.3099999822   0.0005747353   0.0014083229  -0.0004480347
   5.3149999822   0.0001773869   0.0013771330  -0.0002225402
   5.3199999821  -0.0002308542   0.0013430191   0.0000106689
   5.3249999821  -0.0006195909   0.0013064113   0.0002354300
   5.3299999821  -0.0009601908   0.0012678778   0.0004364080
   5.3349999821  -0.0012278550   0.0012281130   0.0006001683
   5.3399999821  -0.0014033856   0.0011879153   0.0007161018
   5.3449999821  -0.0014745234   0.0011481511   0.0007771470
   5.3499999820  -0.0014367599   0.0011097027   0.0007802607
   5.3549999820  -0.0012935701   0.0010734034   0.0007266084
   5.3599999820  -0.0010560561   0.0010399676   0.0006214583
   5.3649999820  -0.0007420398   0.0010099250   0.0004737813
   5.3699999820  -0.0003746777   0.0009835691   0.0002955834
   5.3749999820   0.0000192896   0.0009609292   0.0001010101
   5.3799999819   0.0004115218   0.0009417712  -0.0000947113
   5.3849999819   0.0007741493   0.0009256277  -0.0002764162
   5.3899999819   0.0010817797   0.0009118540  -0.0004301466
   5.3949999819   0.0013132988   0.0008997006  -0.0005442039
   5.3999999819   0.0014533415   0.0008883933  -0.0006100266
   5.4049999818   0.0014933322   0.0008772079  -0.0006228213
   5.4099999818   0.0014320264   0.0008655321  -0.0005818957
   5.4149999818   0.0012755206   0.0008529056  -0.0004906679
   5.4199999818   0.0010367335   0.0008390379  -0.0003563527
   5.4249999818   0.0007344004   0.0008238046  -0.0001893549
   5.4299999818   0.0003916549   0.0008072269  -0.0000024226
   5.4349999817   0.0000343026   0.0007894413   0.0001903661
   5.4399999817  -0.0003110886   0.0007706654   0.0003746987
   5.4449999817  -0.0006191404   0.0007511666   0.0005371180
   5.4499999817  -0.0008675161   0.0007312360   0.0006660210
   5.4549999817  -0.0010385369   0.0007111691   0.0007524929
   5.4599999817  -0.0011204422   0.0006912511   0.0007909211
   5.4649999816  -0.0011082024   0.0006717462   0.0007793482
   5.4699999816  -0.0010038231   0.0006528866   0.0007195499
   5.4749999816  -0.0008161218   0.0006348611   0.0006168401
   5.4799999816  -0.0005599963   0.0006178014   0.0004796252
   5.4849999816  -0.0002552438   0.0006017688   0.0003187449
   5.4899999816   0.0000749740   0.0005867428   0.0001466505
   5.4949999815   0.0004059006   0.0005726143  -0.0000235211
   5.4999999815   0.0007130506   0.0005591865  -0.0001789138
   5.5049999815   0.0009740296   0.0005461862  -0.0003078913
   5.5099999815   0.0011701727   0.0005332848  -0.0004008854
   5.5149999815   0.0012878797   0.0005201304  -0.0004510936
   5.5199999815   0.0013195552   0.0005063869  -0.0004549755
   5.5249999814   0.0012640906   0.0004917761  -0.0004125105
   5.5299999814   0.0011268597   0.0004761186  -0.0003271939
   5.5349999814   0.0009192379   0.0004593659  -0.0002057695
   5.5399999814   0.0006576864   0.0004416186  -0.0000577122
   5.5449999814   0.0003624733   0.0004231276   0.0001055008
   5.5499999814   0.0000561293   0.0004042750   0.0002712789
   5.5549999813  -0.0002382466   0.0003855383   0.0004268973
   5.5599999813  -0.0004987095   0.0003674419   0.0005604886
   5.5649999813  -0.0007060896   0.0003505032   0.0006619669
   5.5699999813  -0.0008453962   0.0003351823   0.0007238076
   5.5749999813  -0.0009069005   0.0003218418   0.0007416168
   5.5799999813  -0.0008868189   0.0003107217   0.0007144449
   5.5849999812  -0.0007875468   0.0003019314   0.0006448202
   5.5899999812  -0.0006174286   0.0002954556   0.0005385022
   5.5949999812  -0.0003900818   0.0002911704   0.0004039833
   5.5999999812  -0.0001233288   0.0002888628   0.0002517854
   5.6049999812   0.0001621809   0.0002882495   0.0000936157
   5.6099999812   0.0004445530   0.0002889912  -0.0000585455
   5.6149999811   0.0007023139   0.0002907028  -0.0001933505
   5.6199999811   0.0009160315   0.0002929609  -0.0003009153
   5.6249999811   0.0010697694   0.0002953132  -0.0003735197
   5.6299999811   0.0011522631   0.0002972928  -0.0004061304
   5.6349999811   0.0011577308   0.0002984388  -0.0003967213
   5.6399999811   0.0010862590   0.0002983252  -0.0003463764
   5.6449999810   0.0009437365   0.0002965933  -0.0002591742
   5.6499999810   0.0007413481   0.0002929847  -0.0001418661
   5.6549999810   0.0004946697   0.0002873690  -0.0000033701
   5.6599999810   0.0002224421   0.0002797612   0.0001458872
   5.6649999810  -0.0000548805   0.0002703253   0.0002947390
   5.6699999810  -0.0003166911   0.0002593625   0.0004321062
   5.6749999809  -0.0005437812   0.0002472848   0.0005478268
   5.6799999809  -0.0007197657   0.0002345778   0.0006334254
   5.6849999809  -0.0008322758   0.0002217560   0.0006827618
   5.6899999809  -0.0008738370   0.0002093183   0.0006925043
   5.6949999809  -0.0008423706   0.0001977072   0.0006623837
   5.6999999809  -0.0007412871   0.0001872771   0.0005952055
   5.7049999808  -0.0005791708   0.0001782755   0.0004966124
   5.7099999808  -0.0003690823   0.0001708351   0.0003746172
   5.7149999808  -0.0001275341   0.0001649786   0.0002389447
   5.7199999808   0.0001267823   0.0001606314   0.0001002381
   5.7249999808   0.0003744233   0.0001576391  -0.0000308010
   5.7299999808   0.0005966668   0.0001557878  -0.0001442649
   5.7349999807   0.0007769223   0.0001548231  -0.0002318133
   5.7399999807   0.0009019717   0.0001544680  -0.0002873055
   5.7449999807   0.0009629483   0.0001544397  -0.0003072418
   5.7499999807   0.0009559784   0.0001544651  -0.0002909843
   5.7549999807   0.0008824380   0.0001542964  -0.0002407470
   5.7599999807   0.0007488049   0.0001537267  -0.0001613638
   5.7649999806   0.0005661178   0.0001526024  -0.0000598608
   5.7699999806   0.0003490865   0.0001508342   0.0000551275
   5.7749999806   0.0001149223   0.0001484011   0.0001740474
   5.7799999806  -0.0001180157   0.0001453487   0.0002871690
   5.7849999806  -0.0003316548   0.0001417813   0.0003853258
   5.7899999806  -0.0005096055   0.0001378477   0.0004606006
   5.7949999805  -0.0006384158   0.0001337249   0.0005069118
   5.7999999805  -0.0007085830   0.0001296007   0.0005204593
   5.8049999805  -0.0007152480   0.0001256566   0.0005000037
   5.8099999805  -0.0006585231   0.0001220533   0.0004469575
   5.8149999805  -0.0005434313   0.0001189173   0.0003652815
   5.8199999805  -0.0003794686   0.0001163289   0.0002611924
   5.8249999804  -0.0001798282   0.0001143112   0.0001426980
   5.8299999804   0.0000396494   0.0001128214   0.0000189913
   5.8349999804   0.0002617167   0.0001117454  -0.0001002549
   5.8399999804   0.0004690541   0.0001108994  -0.0002056405
   5.8449999804   0.0006455971   0.0001100394  -0.0002887816
   5.8499999804   0.0007777566   0.0001088805  -0.0003429831
   5.8549999803   0.0008554426   0.0001071248  -0.0003637858
   5.8599999803   0.0008728151   0.0001044938  -0.0003493381
   5.8649999803   0.0008287097   0.0001007612  -0.0003005587
   5.8699999803   0.0007267060   0.0000957801  -0.0002210721
   5.8749999803   0.0005748357   0.0000895000  -0.0001169207
   5.8799999803   0.0003849527   0.0000819717   0.0000039233
   5.8849999802   0.0001718117   0.0000733389   0.0001322038
   5.8899999802  -0.0000480747   0.0000638206   0.0002581273
   5.8949999802  -0.0002577148   0.0000536881   0.0003721443
   5.8999999802  -0.0004409535   0.0000432407   0.0004656995
   5.9049999802  -0.0005837238   0.0000327848   0.0005318875
   5.9099999802  -0.0006751348   0.0000226176   0.0005659654
   5.9149999801  -0.0007083112   0.0000130169   0.0005656842
   5.9199999801  -0.0006809145   0.0000042348   0.0005314233
   5.9249999801  -0.0005953073  -0.0000035067   0.0004661241
   5.9299999801  -0.0004583471  -0.0000100197   0.0003750360
   5.9349999801  -0.0002808275  -0.0000151550   0.0002652993
   5.9399999801  -0.0000766162  -0.0000188079   0.0001453984
   5.9449999800   0.0001384412  -0.0000209240   0.0000245241
   5.9499999800   0.0003477614  -0.0000215029  -0.0000881101
   5.9549999800   0.0005353088  -0.0000205991  -0.0001839532
   5.9599999800   0.0006868282  -0.0000183186  -0.0002557558
   5.9649999800   0.0007909294  -0.0000148108  -0.0002981176
   5.9699999800   0.0008399439  -0.0000102573  -0.0003079037
   5.9749999799   0.0008304918  -0.0000048578  -0.0002844942
   5.9799999799   0.0007637166   0.0000011837  -0.0002298452
   5.9849999799   0.0006451750   0.0000076727  -0.0001483512
   5.9899999799   0.0004843871   0.0000144335  -0.0000465155
   5.9949999799   0.0002940848   0.0000213164   0.0000675494
