   0.0000000000   0.0000000000   0.0000000000   0.0000000000
   0.0050000000   0.0000000000   0.0000000000   0.0000000000
   0.0100000000   0.0000000000   0.0000000000   0.0000000000
   0.0149999999   0.0000000000   0.0000000000   0.0000000000
   0.0199999999   0.0000000000   0.0000000000   0.0000000000
   0.0249999999   0.0000000000   0.0000000000   0.0000000000
   0.0299999999   0.0000000000   0.0000000000   0.0000000000
   0.0349999999   0.0000000000   0.0000000000   0.0000000000
   0.0399999999   0.0000000000   0.0000000000   0.0000000000
   0.0449999998   0.0000000000   0.0000000000   0.0000000000
   0.0499999998   0.0000000000   0.0000000000   0.0000000000
   0.0549999998   0.0000000000   0.0000000000   0.0000000000
   0.0599999998   0.0000000000   0.0000000000   0.0000000000
   0.0649999998   0.0000000000   0.0000000000   0.0000000000
   0.0699999998   0.0000000000   0.0000000000   0.0000000000
   0.0749999997   0.0000000000   0.0000000000   0.0000000000
   0.0799999997   0.0000000000   0.0000000000   0.0000000000
   0.0849999997   0.0000000000   0.0000000000   0.0000000000
   0.0899999997   0.0000000000   0.0000000000  -0.0000000000
   0.0949999997   0.0000000000  -0.0000000000   0.0000000000
   0.0999999997  -0.0000000000   0.0000000000  -0.0000000000
   0.1049999996  -0.0000000000  -0.0000000000  -0.0000000000
   0.1099999996  -0.0000000000   0.0000000000  -0.0000000000
   0.1149999996  -0.0000000000   0.0000000000  -0.0000000000
   0.1199999996  -0.0000000000   0.0000000000  -0.0000000000
   0.1249999996  -0.0000000000   0.0000000000  -0.0000000000
   0.1299999996  -0.0000000000   0.0000000000  -0.0000000000
   0.1349999995  -0.0000000000   0.0000000000  -0.0000000000
   0.1399999995   0.0000000000   0.0000000000   0.0000000000
   0.1449999995   0.0000000000  -0.0000000000   0.0000000000
   0.1499999995   0.0000000000  -0.0000000000   0.0000000000
   0.1549999995   0.0000000000  -0.0000000000   0.0000000000
   0.1599999995   0.0000000000  -0.0000000000   0.0000000000
   0.1649999994   0.0000000000  -0.0000000000   0.0000000000
   0.1699999994   0.0000000000  -0.0000000000   0.0000000000
   0.1749999994   0.0000000000  -0.0000000000   0.0000000000
   0.1799999994   0.0000000000  -0.0000000000   0.0000000000
   0.1849999994   0.0000000000  -0.0000000000   0.0000000000
   0.1899999994   0.0000000000  -0.0000000000   0.0000000000
   0.1949999993   0.0000000000  -0.0000000000   0.0000000000
   0.1999999993   0.0000000000  -0.0000000000   0.0000000000
   0.2049999993   0.0000000000  -0.0000000000   0.0000000000
   0.2099999993   0.0000000000  -0.0000000000   0.0000000000
   0.2149999993   0.0000000000  -0.0000000000   0.0000000000
   0.2199999993   0.0000000000  -0.0000000000   0.0000000000
   0.2249999992  -0.0000000000   0.0000000000  -0.0000000000
   0.2299999992  -0.0000000000   0.0000000000  -0.0000000000
   0.2349999992  -0.0000000000   0.0000000000  -0.0000000000
   0.2399999992  -0.0000000000   0.0000000000  -0.0000000000
   0.2449999992  -0.0000000000   0.0000000000  -0.0000000000
   0.2499999992  -0.0000000000   0.0000000000  -0.0000000000
   0.2549999991  -0.0000000000   0.0000000000  -0.0000000000
   0.2599999991   0.0000000000  -0.0000000000   0.0000000000
   0.2649999991   0.0000000000  -0.0000000000   0.0000000000
   0.2699999991   0.0000000000  -0.0000000000   0.0000000000
   0.2749999991   0.0000000000  -0.0000000000   0.0000000000
   0.2799999991   0.0000000000  -0.0000000000   0.0000000000
   0.2849999990   0.0000000000  -0.0000000000   0.0000000000
   0.2899999990   0.0000000000  -0.0000000000   0.0000000000
   0.2949999990   0.0000000000  -0.0000000000   0.0000000000
   0.2999999990   0.0000000000  -0.0000000000   0.0000000000
   0.3049999990   0.0000000000  -0.0000000000   0.0000000000
   0.3099999990   0.0000000000  -0.0000000000   0.0000000000
   0.3149999989   0.0000000000  -0.0000000000   0.0000000000
   0.3199999989   0.0000000000  -0.0000000000   0.0000000000
   0.3249999989   0.0000000000  -0.0000000000   0.0000000000
   0.3299999989   0.0000000000  -0.0000000000   0.0000000000
   0.3349999989   0.0000000000  -0.0000000000   0.0000000000
   0.3399999989   0.0000000000  -0.0000000000   0.0000000000
   0.3449999988   0.0000000000  -0.0000000000   0.0000000000
   0.3499999988   0.0000000000  -0.0000000000   0.0000000000
   0.3549999988   0.0000000000  -0.0000000000   0.0000000000
   0.3599999988   0.0000000000  -0.0000000000   0.0000000000
   0.3649999988   0.0000000000  -0.0000000000   0.0000000000
   0.3699999988   0.0000000000  -0.0000000000   0.0000000000
   0.3749999987   0.0000000000  -0.0000000000   0.0000000000
   0.3799999987   0.0000000000  -0.0000000000   0.0000000000
   0.3849999987   0.0000000000  -0.0000000000   0.0000000000
   0.3899999987   0.0000000000  -0.0000000000   0.0000000000
   0.3949999987   0.0000000000  -0.0000000000   0.0000000000
   0.3999999987   0.0000000000  -0.0000000000   0.0000000000
   0.4049999986   0.0000000000  -0.0000000000   0.0000000000
   0.4099999986   0.0000000000  -0.0000000000   0.0000000000
   0.4149999986   0.0000000000   0.0000000000   0.0000000000
   0.4199999986  -0.0000000000   0.0000000000  -0.0000000000
   0.4249999986  -0.0000000000   0.0000000000  -0.0000000000
   0.4299999986  -0.0000000000   0.0000000000  -0.0000000000
   0.4349999985  -0.0000000000   0.0000000000  -0.0000000000
   0.4399999985  -0.0000000000   0.0000000000  -0.0000000000
   0.4449999985  -0.0000000000   0.0000000000  -0.0000000000
   0.4499999985  -0.0000000000   0.0000000000  -0.0000000000
   0.4549999985  -0.0000000000   0.0000000000  -0.0000000000
   0.4599999985  -0.0000000000   0.0000000000  -0.0000000000
   0.4649999984  -0.0000000000   0.0000000000  -0.0000000000
   0.4699999984  -0.0000000000   0.0000000000  -0.0000000000
   0.4749999984  -0.0000000000   0.0000000000  -0.0000000000
   0.4799999984  -0.0000000000   0.0000000000  -0.0000000000
   0.4849999984  -0.0000000000   0.0000000000  -0.0000000000
   0.4899999984  -0.0000000000   0.0000000000  -0.0000000000
   0.4949999983  -0.0000000000   0.0000000000  -0.0000000000
   0.4999999983  -0.0000000000   0.0000000000  -0.0000000000
   0.5049999983  -0.0000000000   0.0000000000  -0.0000000000
   0.5099999983  -0.0000000000   0.0000000000  -0.0000000000
   0.5149999983  -0.0000000000   0.0000000000  -0.0000000000
   0.5199999983  -0.0000000000   0.0000000000  -0.0000000000
   0.5249999982  -0.0000000000   0.0000000000  -0.0000000000
   0.5299999982  -0.0000000000   0.0000000000  -0.0000000000
   0.5349999982  -0.0000000000   0.0000000000  -0.0000000000
   0.5399999982  -0.0000000000   0.0000000000  -0.0000000000
   0.5449999982  -0.0000000000   0.0000000000  -0.0000000000
   0.5499999982  -0.0000000000   0.0000000000  -0.0000000000
   0.5549999981  -0.0000000000   0.0000000000  -0.0000000000
   0.5599999981  -0.0000000000   0.0000000000  -0.0000000000
   0.5649999981  -0.0000000000   0.0000000000  -0.0000000000
   0.5699999981  -0.0000000000   0.0000000000  -0.0000000000
   0.5749999981  -0.0000000000   0.0000000000  -0.0000000000
   0.5799999981  -0.0000000000   0.0000000000  -0.0000000000
   0.5849999980  -0.0000000000   0.0000000000  -0.0000000000
   0.5899999980  -0.0000000000   0.0000000000  -0.0000000000
   0.5949999980  -0.0000000000   0.0000000000  -0.0000000000
   0.5999999980  -0.0000000000   0.0000000000  -0.0000000000
   0.6049999980  -0.0000000000   0.0000000000  -0.0000000000
   0.6099999980  -0.0000000000   0.0000000000  -0.0000000000
   0.6149999979   0.0000000000   0.0000000000   0.0000000000
   0.6199999979   0.0000000000   0.0000000000   0.0000000000
   0.6249999979   0.0000000000   0.0000000000   0.0000000000
   0.6299999979   0.0000000000   0.0000000000   0.0000000000
   0.6349999979   0.0000000000   0.0000000000   0.0000000000
   0.6399999979   0.0000000000   0.0000000000   0.0000000000
   0.6449999978   0.0000000000   0.0000000000   0.0000000000
   0.6499999978   0.0000000000   0.0000000000   0.0000000000
   0.6549999978   0.0000000000   0.0000000000   0.0000000000
   0.6599999978   0.0000000000   0.0000000000   0.0000000000
   0.6649999978   0.0000000000   0.0000000000   0.0000000000
   0.6699999978   0.0000000000   0.0000000000   0.0000000000
   0.6749999977   0.0000000000   0.0000000000   0.0000000000
   0.6799999977   0.0000000000  -0.0000000000   0.0000000000
   0.6849999977   0.0000000000  -0.0000000000   0.0000000000
   0.6899999977   0.0000000000  -0.0000000000   0.0000000000
   0.6949999977   0.0000000000  -0.0000000000   0.0000000000
   0.6999999976  -0.0000000000  -0.0000000000  -0.0000000000
   0.7049999976  -0.0000000000  -0.0000000000  -0.0000000000
   0.7099999976  -0.0000000000  -0.0000000000  -0.0000000000
   0.7149999976  -0.0000000000  -0.0000000000  -0.0000000000
   0.7199999976  -0.0000000000  -0.0000000000  -0.0000000000
   0.7249999976  -0.0000000000  -0.0000000000  -0.0000000000
   0.7299999975  -0.0000000000  -0.0000000000  -0.0000000000
   0.7349999975  -0.0000000000  -0.0000000000  -0.0000000000
   0.7399999975  -0.0000000000  -0.0000000000  -0.0000000000
   0.7449999975  -0.0000000000  -0.0000000000  -0.0000000000
   0.7499999975  -0.0000000000   0.0000000000  -0.0000000000
   0.7549999975   0.0000000000   0.0000000000   0.0000000000
   0.7599999974   0.0000000000   0.0000000000   0.0000000000
   0.7649999974   0.0000000000   0.0000000000   0.0000000000
   0.7699999974   0.0000000000   0.0000000000   0.0000000000
   0.7749999974   0.0000000000   0.0000000000   0.0000000000
   0.7799999974   0.0000000000   0.0000000000   0.0000000000
   0.7849999974   0.0000000000   0.0000000000   0.0000000000
   0.7899999973   0.0000000000   0.0000000000   0.0000000000
   0.7949999973   0.0000000000   0.0000000000   0.0000000000
   0.7999999973   0.0000000000   0.0000000000   0.0000000000
   0.8049999973   0.0000000000   0.0000000000   0.0000000000
   0.8099999973   0.0000000000   0.0000000000   0.0000000000
   0.8149999973   0.0000000000   0.0000000000   0.0000000000
   0.8199999972   0.0000000000   0.0000000000   0.0000000000
   0.8249999972   0.0000000000   0.0000000000   0.0000000000
   0.8299999972   0.0000000000   0.0000000000   0.0000000000
   0.8349999972   0.0000000000   0.0000000000   0.0000000000
   0.8399999972   0.0000000000   0.0000000000   0.0000000000
   0.8449999972   0.0000000000   0.0000000000   0.0000000000
   0.8499999971   0.0000000000   0.0000000000   0.0000000000
   0.8549999971   0.0000000000   0.0000000000   0.0000000000
   0.8599999971   0.0000000000   0.0000000000   0.0000000000
   0.8649999971   0.0000000000   0.0000000000   0.0000000000
   0.8699999971   0.0000000000   0.0000000000   0.0000000000
   0.8749999971   0.0000000000   0.0000000000   0.0000000000
   0.8799999970   0.0000000000   0.0000000000   0.0000000000
   0.8849999970   0.0000000000   0.0000000000   0.0000000000
   0.8899999970   0.0000000000   0.0000000000   0.0000000000
   0.8949999970   0.0000000000   0.0000000000   0.0000000000
   0.8999999970   0.0000000000   0.0000000000   0.0000000000
   0.9049999970   0.0000000000   0.0000000000   0.0000000000
   0.9099999969   0.0000000000   0.0000000000   0.0000000000
   0.9149999969   0.0000000000   0.0000000000   0.0000000000
   0.9199999969   0.0000000000   0.0000000000   0.0000000000
   0.9249999969   0.0000000000   0.0000000000   0.0000000000
   0.9299999969   0.0000000000   0.0000000000   0.0000000000
   0.9349999969   0.0000000000   0.0000000000   0.0000000000
   0.9399999968   0.0000000000   0.0000000000   0.0000000000
   0.9449999968   0.0000000000   0.0000000000   0.0000000000
   0.9499999968   0.0000000000   0.0000000000   0.0000000000
   0.9549999968   0.0000000000   0.0000000000   0.0000000000
   0.9599999968   0.0000000000   0.0000000000   0.0000000000
   0.9649999968   0.0000000000   0.0000000000   0.0000000000
   0.9699999967   0.0000000000   0.0000000000   0.0000000000
   0.9749999967   0.0000000000   0.0000000000   0.0000000000
   0.9799999967   0.0000000000   0.0000000000   0.0000000000
   0.9849999967   0.0000000000   0.0000000000   0.0000000000
   0.9899999967   0.0000000000   0.0000000000   0.0000000000
   0.9949999967   0.0000000000   0.0000000000   0.0000000000
   0.9999999966   0.0000000000   0.0000000000   0.0000000000
   1.0049999966   0.0000000000   0.0000000000   0.0000000000
   1.0099999966   0.0000000000   0.0000000000   0.0000000000
   1.0149999966   0.0000000000   0.0000000000   0.0000000000
   1.0199999966   0.0000000000   0.0000000000   0.0000000000
   1.0249999966   0.0000000000   0.0000000000   0.0000000000
   1.0299999965   0.0000000000   0.0000000000   0.0000000000
   1.0349999965   0.0000000000   0.0000000000   0.0000000000
   1.0399999965   0.0000000000   0.0000000000   0.0000000000
   1.0449999965   0.0000000000   0.0000000000   0.0000000000
   1.0499999965   0.0000000000   0.0000000000   0.0000000000
   1.0549999965   0.0000000000   0.0000000000   0.0000000000
   1.0599999964   0.0000000000   0.0000000000   0.0000000000
   1.0649999964   0.0000000000   0.0000000000   0.0000000000
   1.0699999964   0.0000000000   0.0000000000   0.0000000000
   1.0749999964   0.0000000000   0.0000000000   0.0000000000
   1.0799999964   0.0000000000   0.0000000000   0.0000000000
   1.0849999964   0.0000000000   0.0000000000   0.0000000000
   1.0899999963   0.0000000000   0.0000000000   0.0000000000
   1.0949999963   0.0000000000   0.0000000000   0.0000000000
   1.0999999963   0.0000000000   0.0000000000   0.0000000000
   1.1049999963   0.0000000000   0.0000000000   0.0000000000
   1.1099999963   0.0000000000   0.0000000000   0.0000000000
   1.1149999963   0.0000000000   0.0000000000   0.0000000000
   1.1199999962   0.0000000000   0.0000000000   0.0000000000
   1.1249999962   0.0000000000   0.0000000000   0.0000000000
   1.1299999962   0.0000000000   0.0000000000   0.0000000000
   1.1349999962   0.0000000000   0.0000000000   0.0000000000
   1.1399999962   0.0000000000   0.0000000000   0.0000000000
   1.1449999962   0.0000000000   0.0000000000   0.0000000000
   1.1499999961   0.0000000000   0.0000000000   0.0000000000
   1.1549999961   0.0000000000   0.0000000000  -0.0000000000
   1.1599999961  -0.0000000000  -0.0000000000  -0.0000000000
   1.1649999961  -0.0000000000  -0.0000000000  -0.0000000000
   1.1699999961  -0.0000000000  -0.0000000000  -0.0000000000
   1.1749999961  -0.0000000000  -0.0000000000  -0.0000000000
   1.1799999960  -0.0000000000  -0.0000000000  -0.0000000000
   1.1849999960  -0.0000000000  -0.0000000000  -0.0000000000
   1.1899999960  -0.0000000000  -0.0000000000  -0.0000000000
   1.1949999960  -0.0000000000  -0.0000000000  -0.0000000000
   1.1999999960  -0.0000000000  -0.0000000000  -0.0000000000
   1.2049999960  -0.0000000000  -0.0000000000  -0.0000000000
   1.2099999959  -0.0000000000  -0.0000000000  -0.0000000000
   1.2149999959  -0.0000000000  -0.0000000000  -0.0000000000
   1.2199999959  -0.0000000000  -0.0000000000  -0.0000000000
   1.2249999959  -0.0000000000  -0.0000000000  -0.0000000000
   1.2299999959  -0.0000000000  -0.0000000000  -0.0000000000
   1.2349999959   0.0000000000   0.0000000000   0.0000000000
   1.2399999958   0.0000000000   0.0000000000   0.0000000000
   1.2449999958   0.0000000000   0.0000000000   0.0000000000
   1.2499999958   0.0000000000   0.0000000000   0.0000000000
   1.2549999958   0.0000000000   0.0000000000   0.0000000000
   1.2599999958   0.0000000000   0.0000000000   0.0000000000
   1.2649999958   0.0000000000   0.0000000000   0.0000000000
   1.2699999957   0.0000000000   0.0000000000   0.0000000000
   1.2749999957   0.0000000000   0.0000000000   0.0000000000
   1.2799999957   0.0000000000   0.0000000000   0.0000000000
   1.2849999957   0.0000000000   0.0000000000   0.0000000000
   1.2899999957   0.0000000000   0.0000000000   0.0000000000
   1.2949999957   0.0000000000   0.0000000000   0.0000000000
   1.2999999956   0.0000000000   0.0000000000  -0.0000000000
   1.3049999956  -0.0000000000  -0.0000000000  -0.0000000000
   1.3099999956  -0.0000000000  -0.0000000000  -0.0000000000
   1.3149999956  -0.0000000000  -0.0000000000  -0.0000000000
   1.3199999956  -0.0000000000  -0.0000000000  -0.0000000000
   1.3249999956  -0.0000000000  -0.0000000000  -0.0000000000
   1.3299999955  -0.0000000000  -0.0000000000  -0.0000000000
   1.3349999955  -0.0000000000  -0.0000000000  -0.0000000000
   1.3399999955  -0.0000000000  -0.0000000000  -0.0000000000
   1.3449999955  -0.0000000000  -0.0000000000  -0.0000000000
   1.3499999955  -0.0000000000  -0.0000000000  -0.0000000000
   1.3549999954  -0.0000000000  -0.0000000000  -0.0000000000
   1.3599999954  -0.0000000000  -0.0000000000   0.0000000000
   1.3649999954   0.0000000000   0.0000000000   0.0000000000
   1.3699999954   0.0000000000   0.0000000000   0.0000000000
   1.3749999954   0.0000000000   0.0000000000   0.0000000000
   1.3799999954   0.0000000000   0.0000000000   0.0000000000
   1.3849999953   0.0000000000   0.0000000000   0.0000000000
   1.3899999953   0.0000000000   0.0000000000   0.0000000000
   1.3949999953   0.0000000000   0.0000000000   0.0000000000
   1.3999999953   0.0000000000   0.0000000000   0.0000000000
   1.4049999953   0.0000000000   0.0000000000   0.0000000000
   1.4099999953   0.0000000000   0.0000000000   0.0000000000
   1.4149999952   0.0000000000   0.0000000000   0.0000000000
   1.4199999952  -0.0000000000  -0.0000000000  -0.0000000000
   1.4249999952  -0.0000000000  -0.0000000000  -0.0000000000
   1.4299999952  -0.0000000000  -0.0000000000  -0.0000000000
   1.4349999952  -0.0000000000  -0.0000000000  -0.0000000000
   1.4399999952  -0.0000000000  -0.0000000000  -0.0000000000
   1.4449999951  -0.0000000000  -0.0000000000  -0.0000000000
   1.4499999951  -0.0000000000  -0.0000000000  -0.0000000000
   1.4549999951  -0.0000000000  -0.0000000000  -0.0000000000
   1.4599999951  -0.0000000000  -0.0000000000  -0.0000000000
   1.4649999951  -0.0000000000  -0.0000000000  -0.0000000000
   1.4699999951  -0.0000000000  -0.0000000000   0.0000000000
   1.4749999950   0.0000000000   0.0000000000   0.0000000000
   1.4799999950   0.0000000000   0.0000000000   0.0000000000
   1.4849999950   0.0000000000   0.0000000000   0.0000000000
   1.4899999950   0.0000000000   0.0000000000   0.0000000000
   1.4949999950   0.0000000000   0.0000000000   0.0000000000
   1.4999999950   0.0000000000   0.0000000000   0.0000000000
   1.5049999949   0.0000000000   0.0000000000   0.0000000000
   1.5099999949   0.0000000000   0.0000000000   0.0000000000
   1.5149999949   0.0000000000   0.0000000000   0.0000000000
   1.5199999949   0.0000000000   0.0000000000   0.0000000000
   1.5249999949  -0.0000000000  -0.0000000000  -0.0000000000
   1.5299999949  -0.0000000000  -0.0000000000  -0.0000000000
   1.5349999948  -0.0000000000  -0.0000000000  -0.0000000000
   1.5399999948  -0.0000000000  -0.0000000000  -0.0000000000
   1.5449999948  -0.0000000000  -0.0000000000  -0.0000000000
   1.5499999948  -0.0000000000  -0.0000000000  -0.0000000000
   1.5549999948  -0.0000000000  -0.0000000000  -0.0000000000
   1.5599999948  -0.0000000000  -0.0000000000  -0.0000000000
   1.5649999947  -0.0000000000  -0.0000000000  -0.0000000000
   1.5699999947  -0.0000000000  -0.0000000000   0.0000000000
   1.5749999947   0.0000000000   0.0000000000   0.0000000000
   1.5799999947   0.0000000000   0.0000000000   0.0000000000
   1.5849999947   0.0000000000   0.0000000000   0.0000000000
   1.5899999947   0.0000000000   0.0000000000   0.0000000000
   1.5949999946   0.0000000000   0.0000000000   0.0000000000
   1.5999999946   0.0000000000   0.0000000000   0.0000000000
   1.6049999946   0.0000000000   0.0000000000   0.0000000000
   1.6099999946   0.0000000000   0.0000000000   0.0000000000
   1.6149999946   0.0000000000   0.0000000000   0.0000000000
   1.6199999946   0.0000000000   0.0000000000  -0.0000000000
   1.6249999945  -0.0000000000  -0.0000000000  -0.0000000000
   1.6299999945  -0.0000000000  -0.0000000000  -0.0000000000
   1.6349999945  -0.0000000000  -0.0000000000  -0.0000000000
   1.6399999945  -0.0000000000  -0.0000000000  -0.0000000000
   1.6449999945  -0.0000000000  -0.0000000000  -0.0000000000
   1.6499999945  -0.0000000000  -0.0000000000  -0.0000000000
   1.6549999944  -0.0000000000  -0.0000000000  -0.0000000000
   1.6599999944  -0.0000000000  -0.0000000000  -0.0000000000
   1.6649999944  -0.0000000000  -0.0000000000  -0.0000000000
   1.6699999944  -0.0000000000  -0.0000000000  -0.0000000000
   1.6749999944  -0.0000000000  -0.0000000000  -0.0000000000
   1.6799999944  -0.0000000000  -0.0000000000  -0.0000000000
   1.6849999943  -0.0000000000  -0.0000000000  -0.0000000000
   1.6899999943  -0.0000000000  -0.0000000000  -0.0000000000
   1.6949999943  -0.0000000000  -0.0000000000  -0.0000000000
   1.6999999943  -0.0000000000  -0.0000000000  -0.0000000000
   1.7049999943  -0.0000000000  -0.0000000000  -0.0000000000
   1.7099999943  -0.0000000000  -0.0000000000  -0.0000000000
   1.7149999942  -0.0000000000  -0.0000000000  -0.0000000000
   1.7199999942  -0.0000000000  -0.0000000000  -0.0000000000
   1.7249999942   0.0000000000   0.0000000000   0.0000000000
   1.7299999942   0.0000000000   0.0000000000   0.0000000000
   1.7349999942   0.0000000000   0.0000000000   0.0000000000
   1.7399999942   0.0000000000   0.0000000000   0.0000000000
   1.7449999941   0.0000000000   0.0000000000   0.0000000000
   1.7499999941   0.0000000000   0.0000000000   0.0000000000
   1.7549999941   0.0000000000   0.0000000000   0.0000000000
   1.7599999941   0.0000000000   0.0000000000   0.0000000000
   1.7649999941   0.0000000000   0.0000000000   0.0000000000
   1.7699999941   0.0000000000   0.0000000000   0.0000000000
   1.7749999940   0.0000000000   0.0000000000   0.0000000000
   1.7799999940   0.0000000000   0.0000000000   0.0000000000
   1.7849999940  -0.0000000000  -0.0000000000  -0.0000000000
   1.7899999940  -0.0000000000  -0.0000000000  -0.0000000000
   1.7949999940  -0.0000000000  -0.0000000000  -0.0000000000
   1.7999999940  -0.0000000000  -0.0000000000  -0.0000000000
   1.8049999939  -0.0000000000  -0.0000000000  -0.0000000000
   1.8099999939  -0.0000000000  -0.0000000000  -0.0000000000
   1.8149999939  -0.0000000000  -0.0000000000  -0.0000000000
   1.8199999939  -0.0000000000  -0.0000000000  -0.0000000000
   1.8249999939  -0.0000000000  -0.0000000000  -0.0000000000
   1.8299999939  -0.0000000000  -0.0000000000  -0.0000000000
   1.8349999938  -0.0000000000  -0.0000000000  -0.0000000000
   1.8399999938   0.0000000000   0.0000000000   0.0000000000
   1.8449999938   0.0000000000   0.0000000000   0.0000000000
   1.8499999938   0.0000000000   0.0000000000   0.0000000000
   1.8549999938   0.0000000000   0.0000000000   0.0000000000
   1.8599999938   0.0000000000   0.0000000000   0.0000000000
   1.8649999937   0.0000000000   0.0000000000   0.0000000000
   1.8699999937   0.0000000000   0.0000000000   0.0000000000
   1.8749999937   0.0000000000   0.0000000000   0.0000000000
   1.8799999937   0.0000000000   0.0000000000   0.0000000000
   1.8849999937   0.0000000000   0.0000000000   0.0000000000
   1.8899999937   0.0000000000   0.0000000000  -0.0000000000
   1.8949999936  -0.0000000000  -0.0000000000  -0.0000000000
   1.8999999936  -0.0000000000  -0.0000000000  -0.0000000000
   1.9049999936  -0.0000000000  -0.0000000000  -0.0000000000
   1.9099999936  -0.0000000000  -0.0000000000  -0.0000000000
   1.9149999936  -0.0000000000  -0.0000000000  -0.0000000000
   1.9199999936  -0.0000000000  -0.0000000000  -0.0000000000
   1.9249999935  -0.0000000000  -0.0000000000  -0.0000000000
   1.9299999935  -0.0000000000  -0.0000000000  -0.0000000000
   1.9349999935  -0.0000000000  -0.0000000000  -0.0000000000
   1.9399999935  -0.0000000000  -0.0000000000  -0.0000000000
   1.9449999935   0.0000000000  -0.0000000000   0.0000000000
   1.9499999935   0.0000000000   0.0000000000   0.0000000000
   1.9549999934   0.0000000000   0.0000000000   0.0000000000
   1.9599999934   0.0000000001   0.0000000000   0.0000000000
   1.9649999934   0.0000000001   0.0000000000   0.0000000001
   1.9699999934   0.0000000001   0.0000000000   0.0000000001
   1.9749999934   0.0000000001   0.0000000000   0.0000000000
   1.9799999934   0.0000000001   0.0000000000   0.0000000000
   1.9849999933   0.0000000000   0.0000000000   0.0000000000
   1.9899999933   0.0000000000   0.0000000000  -0.0000000000
   1.9949999933  -0.0000000000  -0.0000000000  -0.0000000000
   1.9999999933  -0.0000000001  -0.0000000000  -0.0000000001
   2.0049999933  -0.0000000001  -0.0000000000  -0.0000000001
   2.0099999933  -0.0000000001  -0.0000000000  -0.0000000001
   2.0149999932  -0.0000000001  -0.0000000001  -0.0000000001
   2.0199999932  -0.0000000001  -0.0000000001  -0.0000000001
   2.0249999932  -0.0000000001  -0.0000000000  -0.0000000000
   2.0299999932  -0.0000000000  -0.0000000000  -0.0000000000
   2.0349999932   0.0000000000  -0.0000000000   0.0000000000
   2.0399999931   0.0000000000   0.0000000000   0.0000000001
   2.0449999931   0.0000000001   0.0000000000   0.0000000001
   2.0499999931   0.0000000001   0.0000000000   0.0000000001
   2.0549999931   0.0000000001   0.0000000001   0.0000000001
   2.0599999931   0.0000000001   0.0000000001   0.0000000001
   2.0649999931   0.0000000001   0.0000000001   0.0000000000
   2.0699999930   0.0000000000   0.0000000000   0.0000000000
   2.0749999930  -0.0000000000   0.0000000000  -0.0000000000
   2.0799999930  -0.0000000001  -0.0000000000  -0.0000000001
   2.0849999930  -0.0000000001  -0.0000000000  -0.0000000001
   2.0899999930  -0.0000000001  -0.0000000001  -0.0000000001
   2.0949999930  -0.0000000001  -0.0000000001  -0.0000000001
   2.0999999929  -0.0000000001  -0.0000000001  -0.0000000001
   2.1049999929  -0.0000000001  -0.0000000001  -0.0000000000
   2.1099999929  -0.0000000000  -0.0000000000   0.0000000000
   2.1149999929   0.0000000000  -0.0000000000   0.0000000001
   2.1199999929   0.0000000001   0.0000000000   0.0000000001
   2.1249999929   0.0000000001   0.0000000001   0.0000000001
   2.1299999928   0.0000000002   0.0000000001   0.0000000001
   2.1349999928   0.0000000002   0.0000000001   0.0000000001
   2.1399999928   0.0000000001   0.0000000001   0.0000000001
   2.1449999928   0.0000000001   0.0000000001   0.0000000000
   2.1499999928   0.0000000000   0.0000000000  -0.0000000000
   2.1549999928  -0.0000000001  -0.0000000000  -0.0000000001
   2.1599999927  -0.0000000001  -0.0000000000  -0.0000000001
   2.1649999927  -0.0000000002  -0.0000000001  -0.0000000002
   2.1699999927  -0.0000000002  -0.0000000001  -0.0000000002
   2.1749999927  -0.0000000002  -0.0000000001  -0.0000000001
   2.1799999927  -0.0000000002  -0.0000000001  -0.0000000001
   2.1849999927  -0.0000000001  -0.0000000001  -0.0000000000
   2.1899999926  -0.0000000000  -0.0000000000   0.0000000001
   2.1949999926   0.0000000001   0.0000000000   0.0000000001
   2.1999999926   0.0000000001   0.0000000000   0.0000000001
   2.2049999926   0.0000000002   0.0000000001   0.0000000001
   2.2099999926   0.0000000002   0.0000000001   0.0000000001
   2.2149999926   0.0000000002   0.0000000001   0.0000000001
   2.2199999925   0.0000000001   0.0000000001   0.0000000000
   2.2249999925   0.0000000000   0.0000000000  -0.0000000000
   2.2299999925  -0.0000000000   0.0000000000  -0.0000000001
   2.2349999925  -0.0000000001  -0.0000000000  -0.0000000001
   2.2399999925  -0.0000000001  -0.0000000000  -0.0000000001
   2.2449999925  -0.0000000001  -0.0000000001  -0.0000000001
   2.2499999924  -0.0000000001  -0.0000000001  -0.0000000000
   2.2549999924  -0.0000000000  -0.0000000001   0.0000000000
   2.2599999924   0.0000000000  -0.0000000000   0.0000000001
   2.2649999924   0.0000000001   0.0000000000   0.0000000001
   2.2699999924   0.0000000002   0.0000000000   0.0000000002
   2.2749999924   0.0000000002   0.0000000001   0.0000000002
   2.2799999923   0.0000000002   0.0000000001   0.0000000002
   2.2849999923   0.0000000002   0.0000000002   0.0000000003
   2.2899999923   0.0000000002   0.0000000002   0.0000000003
   2.2949999923   0.0000000002   0.0000000002   0.0000000004
   2.2999999923   0.0000000003   0.0000000003   0.0000000004
   2.3049999923   0.0000000003   0.0000000003   0.0000000004
   2.3099999922   0.0000000003   0.0000000003   0.0000000005
   2.3149999922   0.0000000003   0.0000000003   0.0000000004
   2.3199999922   0.0000000003   0.0000000002   0.0000000004
   2.3249999922   0.0000000003   0.0000000002   0.0000000002
   2.3299999922   0.0000000002   0.0000000000  -0.0000000000
   2.3349999922   0.0000000001  -0.0000000001  -0.0000000003
   2.3399999921  -0.0000000000  -0.0000000003  -0.0000000006
   2.3449999921  -0.0000000002  -0.0000000005  -0.0000000010
   2.3499999921  -0.0000000004  -0.0000000007  -0.0000000013
   2.3549999921  -0.0000000007  -0.0000000009  -0.0000000016
   2.3599999921  -0.0000000009  -0.0000000011  -0.0000000018
   2.3649999921  -0.0000000012  -0.0000000012  -0.0000000020
   2.3699999920  -0.0000000015  -0.0000000012  -0.0000000020
   2.3749999920  -0.0000000018  -0.0000000012  -0.0000000020
   2.3799999920  -0.0000000021  -0.0000000011  -0.0000000019
   2.3849999920  -0.0000000024  -0.0000000010  -0.0000000018
   2.3899999920  -0.0000000027  -0.0000000008  -0.0000000016
   2.3949999920  -0.0000000028  -0.0000000006  -0.0000000013
   2.3999999919  -0.0000000028  -0.0000000003  -0.0000000009
   2.4049999919  -0.0000000025   0.0000000001  -0.0000000004
   2.4099999919  -0.0000000019   0.0000000005   0.0000000004
   2.4149999919  -0.0000000010   0.0000000010   0.0000000013
   2.4199999919   0.0000000003   0.0000000015   0.0000000024
   2.4249999919   0.0000000019   0.0000000021   0.0000000036
   2.4299999918   0.0000000037   0.0000000026   0.0000000048
   2.4349999918   0.0000000055   0.0000000031   0.0000000060
   2.4399999918   0.0000000072   0.0000000035   0.0000000069
   2.4449999918   0.0000000085   0.0000000037   0.0000000075
   2.4499999918   0.0000000092   0.0000000037   0.0000000077
   2.4549999918   0.0000000093   0.0000000033   0.0000000073
   2.4599999917   0.0000000085   0.0000000027   0.0000000065
   2.4649999917   0.0000000069   0.0000000017   0.0000000051
   2.4699999917   0.0000000047   0.0000000006   0.0000000033
   2.4749999917   0.0000000020  -0.0000000007   0.0000000011
   2.4799999917  -0.0000000009  -0.0000000020  -0.0000000014
   2.4849999917  -0.0000000037  -0.0000000031  -0.0000000041
   2.4899999916  -0.0000000061  -0.0000000040  -0.0000000071
   2.4949999916  -0.0000000078  -0.0000000045  -0.0000000104
   2.4999999916  -0.0000000085  -0.0000000045  -0.0000000138
   2.5049999916  -0.0000000083  -0.0000000040  -0.0000000173
   2.5099999916  -0.0000000072  -0.0000000030  -0.0000000205
   2.5149999916  -0.0000000053  -0.0000000016  -0.0000000231
   2.5199999915  -0.0000000031  -0.0000000001  -0.0000000243
   2.5249999915  -0.0000000011   0.0000000012  -0.0000000233
   2.5299999915   0.0000000000   0.0000000020  -0.0000000189
   2.5349999915  -0.0000000006   0.0000000018  -0.0000000102
   2.5399999915  -0.0000000039  -0.0000000000   0.0000000037
   2.5449999915  -0.0000000106  -0.0000000039   0.0000000233
   2.5499999914  -0.0000000213  -0.0000000102   0.0000000486
   2.5549999914  -0.0000000359  -0.0000000191   0.0000000784
   2.5599999914  -0.0000000538  -0.0000000303   0.0000001107
   2.5649999914  -0.0000000733  -0.0000000430   0.0000001420
   2.5699999914  -0.0000000916  -0.0000000557   0.0000001678
   2.5749999914  -0.0000001046  -0.0000000662   0.0000001820
   2.5799999913  -0.0000001075  -0.0000000715   0.0000001782
   2.5849999913  -0.0000000945  -0.0000000680   0.0000001492
   2.5899999913  -0.0000000600  -0.0000000520   0.0000000885
   2.5949999913   0.0000000009  -0.0000000199  -0.0000000088
   2.5999999913   0.0000000911   0.0000000308  -0.0000001452
   2.6049999913   0.0000002105   0.0000001013  -0.0000003191
   2.6099999912   0.0000003551   0.0000001903  -0.0000005239
   2.6149999912   0.0000005160   0.0000002935  -0.0000007471
   2.6199999912   0.0000006792   0.0000004034  -0.0000009698
   2.6249999912   0.0000008260   0.0000005090  -0.0000011671
   2.6299999912   0.0000009338   0.0000005963  -0.0000013091
   2.6349999912   0.0000009780   0.0000006491  -0.0000013633
   2.6399999911   0.0000009348   0.0000006505  -0.0000012980
   2.6449999911   0.0000007839   0.0000005850  -0.0000010858
   2.6499999911   0.0000005124   0.0000004405  -0.0000007091
   2.6549999911   0.0000001176   0.0000002108  -0.0000001639
   2.6599999911  -0.0000003896  -0.0000001020   0.0000005358
   2.6649999911  -0.0000009835  -0.0000004862   0.0000013554
   2.6699999910  -0.0000016230  -0.0000009191   0.0000022391
   2.6749999910  -0.0000022533  -0.0000013676   0.0000031119
   2.6799999910  -0.0000028094  -0.0000017897   0.0000038843
   2.6849999910  -0.0000032221  -0.0000021376   0.0000044602
   2.6899999910  -0.0000034243  -0.0000023617   0.0000047468
   2.6949999909  -0.0000033603  -0.0000024168   0.0000046660
   2.6999999909  -0.0000029933  -0.0000022673   0.0000041661
   2.7049999909  -0.0000023131  -0.0000018933   0.0000032323
   2.7099999909  -0.0000013415  -0.0000012956   0.0000018939
   2.7149999909  -0.0000001343  -0.0000004991   0.0000002276
   2.7199999909   0.0000012198   0.0000004469  -0.0000016452
   2.7249999908   0.0000026059   0.0000014707  -0.0000035666
   2.7299999908   0.0000038921   0.0000024831  -0.0000053557
   2.7349999908   0.0000049433   0.0000033859  -0.0000068276
   2.7399999908   0.0000056364   0.0000040825  -0.0000078137
   2.7449999908   0.0000058754   0.0000044887  -0.0000081833
   2.7499999908   0.0000056053   0.0000045449  -0.0000078615
   2.7549999907   0.0000048211   0.0000042253  -0.0000068422
   2.7599999907   0.0000035712   0.0000035440  -0.0000051934
   2.7649999907   0.0000019546   0.0000025576  -0.0000030525
   2.7699999907   0.0000001100   0.0000013611  -0.0000006133
   2.7749999907  -0.0000018006   0.0000000801   0.0000018968
   2.7799999907  -0.0000036128  -0.0000011428   0.0000042443
   2.7849999906  -0.0000051825  -0.0000021640   0.0000062205
   2.7899999906  -0.0000064064  -0.0000028562   0.0000076704
   2.7949999906  -0.0000072379  -0.0000031250   0.0000085151
   2.7999999906  -0.0000076952  -0.0000029212   0.0000087649
   2.8049999906  -0.0000078596  -0.0000022486   0.0000085192
   2.8099999906  -0.0000078639  -0.0000011637   0.0000079531
   2.8149999905  -0.0000078718   0.0000002304   0.0000072918
   2.8199999905  -0.0000080512   0.0000017979   0.0000067752
   2.8249999905  -0.0000085447   0.0000033877   0.0000066183
   2.8299999905  -0.0000094422   0.0000048544   0.0000069735
   2.8349999905  -0.0000107606   0.0000060771   0.0000079001
   2.8399999905  -0.0000124331   0.0000069758   0.0000093471
   2.8449999904  -0.0000143121   0.0000075200   0.0000111532
   2.8499999904  -0.0000161846   0.0000077304   0.0000130647
   2.8549999904  -0.0000177997   0.0000076714   0.0000147693
   2.8599999904  -0.0000189037   0.0000074370   0.0000159430
   2.8649999904  -0.0000192785   0.0000071306   0.0000163011
   2.8699999904  -0.0000187763   0.0000068435   0.0000156466
   2.8749999903  -0.0000173452   0.0000066353   0.0000139081
   2.8799999903  -0.0000150423   0.0000065191   0.0000111597
   2.8849999903  -0.0000120291   0.0000064553   0.0000076190
   2.8899999903  -0.0000085512   0.0000063553   0.0000036223
   2.8949999903  -0.0000049041   0.0000060949  -0.0000004190
   2.8999999903  -0.0000013900   0.0000055352  -0.0000040769
   2.9049999902   0.0000017273   0.0000045489  -0.0000069683
   2.9099999902   0.0000042619   0.0000030476  -0.0000088133
   2.9149999902   0.0000061321   0.0000010046  -0.0000094782
   2.9199999902   0.0000073690  -0.0000015291  -0.0000089983
   2.9249999902   0.0000081032  -0.0000044198  -0.0000075763
   2.9299999902   0.0000085321  -0.0000074581  -0.0000055570
   2.9349999901   0.0000088707  -0.0000103767  -0.0000033823
   2.9399999901   0.0000092951  -0.0000128771  -0.0000015343
   2.9449999901   0.0000098881  -0.0000146624  -0.0000004739
   2.9499999901   0.0000105992  -0.0000154703  -0.0000005844
   2.9549999901   0.0000112287  -0.0000151048  -0.0000021247
   2.9599999901   0.0000114455  -0.0000134611  -0.0000051967
   2.9649999900   0.0000108417  -0.0000105452  -0.0000097232
   2.9699999900   0.0000090236  -0.0000064856  -0.0000154370
   2.9749999900   0.0000057306  -0.0000015403  -0.0000218712
   2.9799999900   0.0000009679   0.0000038995  -0.0000283513
   2.9849999900  -0.0000048677   0.0000093090  -0.0000339854
   2.9899999900  -0.0000108937   0.0000140319  -0.0000376591
   2.9949999899  -0.0000157068   0.0000172903  -0.0000380474
   2.9999999899  -0.0000174346   0.0000182088  -0.0000336613
   3.0049999899  -0.0000138943   0.0000158629  -0.0000229534
   3.0099999899  -0.0000028749   0.0000093637  -0.0000045051
   3.0149999899   0.0000174569  -0.0000020107   0.0000226872
   3.0199999899   0.0000480404  -0.0000186305   0.0000588188
   3.0249999898   0.0000883270  -0.0000402759   0.0001027905
   3.0299999898   0.0001356601  -0.0000658565   0.0001516616
   3.0349999898   0.0001846990  -0.0000931125   0.0002001027
   3.0399999898   0.0002269712  -0.0001183342   0.0002399271
   3.0449999898   0.0002506446  -0.0001361477   0.0002598010
   3.0499999898   0.0002406101  -0.0001394229   0.0002452316
   3.0549999897   0.0001789490  -0.0001193599   0.0001789285
   3.0599999897   0.0000458345  -0.0000658014   0.0000416044
   3.0649999897  -0.0001791269   0.0000321987  -0.0001867596
   3.0699999897  -0.0005151549   0.0001855456  -0.0005252156
   3.0749999897  -0.0009782598   0.0004040444  -0.0009898128
   3.0799999897  -0.0015790675   0.0006951784  -0.0015913836
   3.0849999896  -0.0023207130   0.0010628291  -0.0023333696
   3.0899999896  -0.0031970418   0.0015060730  -0.0032099405
   3.0949999896  -0.0041913656   0.0020182061  -0.0042046689
   3.0999999896  -0.0052759980   0.0025861495  -0.0052900033
   3.1049999896  -0.0064127392   0.0031903692  -0.0064277192
   3.1099999896  -0.0075543939   0.0038054030  -0.0075704381
   3.1149999895  -0.0086472962   0.0044010287  -0.0086641882
   3.1199999895  -0.0096346971   0.0049440384  -0.0096518531
   3.1249999895  -0.0104607470   0.0054005028  -0.0104772301
   3.1299999895  -0.0110747132   0.0057383436  -0.0110893228
   3.1349999895  -0.0114350089   0.0059299722  -0.0114464291
   3.1399999895  -0.0115125973   0.0059547226  -0.0115195807
   3.1449999894  -0.0112933847   0.0058008114  -0.0112949366
   3.1499999894  -0.0107793105   0.0054665873  -0.0107748437
   3.1549999894  -0.0099879945   0.0049609103  -0.0099774280
   3.1599999894  -0.0089509724   0.0043025877  -0.0089347583
   3.1649999894  -0.0077107325   0.0035189135  -0.0076898087
   3.1699999894  -0.0063169224   0.0026434597  -0.0062926006
   3.1749999893  -0.0048222038   0.0017133702  -0.0047960141
   3.1799999893  -0.0032782767   0.0007664658  -0.0032517950
   3.1849999893  -0.0017325594  -0.0001615040  -0.0017072458
   3.1899999893  -0.0002259018  -0.0010391543  -0.0002029741
   3.1949999893   0.0012084629  -0.0018410633   0.0012281051
   3.1999999893   0.0025447242  -0.0025485393   0.0025605201
   3.2049999892   0.0037632670  -0.0031495484   0.0037749645
   3.2099999892   0.0048487863  -0.0036379173   0.0048563769
   3.2149999892   0.0057882355  -0.0040120351   0.0057918738
   3.2199999892   0.0065691160  -0.0042733456   0.0065690453
   3.2249999892   0.0071785484  -0.0044249399   0.0071750499
   3.2299999892   0.0076034061  -0.0044705233   0.0075967826
   3.2349999891   0.0078315797  -0.0044139473   0.0078221745
   3.2399999891   0.0078541974  -0.0042593734   0.0078424405
   3.2449999891   0.0076684105  -0.0040120038   0.0076548762
   3.2499999891   0.0072801978  -0.0036791876   0.0072656529
   3.2549999891   0.0067065767  -0.0032716163   0.0066919997
   3.2599999891   0.0059766637  -0.0028042879   0.0059632201
   3.2649999890   0.0051311804  -0.0022969319   0.0051201473
   3.2699999890   0.0042202475  -0.0017736754   0.0042128908
   3.2749999890   0.0032995942  -0.0012618540   0.0032970158
   3.2799999890   0.0024255979  -0.0007900273   0.0024285741
   3.2849999890   0.0016497930  -0.0003854147   0.0016586344
   3.2899999890   0.0010136181  -0.0000710889   0.0010280790
   3.2949999889   0.0005441753   0.0001366628   0.0005634331
   3.2999999889   0.0002516444   0.0002303938   0.0002743611
   3.3049999889   0.0001287610   0.0002126220   0.0001532241
   3.3099999889   0.0001524542   0.0000958043   0.0001767785
   3.3149999889   0.0002874101  -0.0000988908   0.0003097731
   3.3199999889   0.0004910358  -0.0003438813   0.0005099080
   3.3249999888   0.0007190919  -0.0006082458   0.0007334250
   3.3299999888   0.0009311777  -0.0008611650   0.0009405188
   3.3349999888   0.0010953048  -0.0010752652   0.0010998153
   3.3399999888   0.0011909654  -0.0012294250   0.0011913416
   3.3449999888   0.0012103649  -0.0013106921   0.0012076732
   3.3499999888   0.0011577874  -0.0013150994   0.0011532433
   3.3549999887   0.0010473536  -0.0012473391   0.0010420846
   3.3599999887   0.0008996554  -0.0011194131   0.0008944908
   3.3649999887   0.0007378830  -0.0009485222   0.0007332103
   3.3699999887   0.0005840764  -0.0007545334   0.0005797904
   3.3749999887   0.0004560471  -0.0005574026   0.0004516023
   3.3799999886   0.0003653466  -0.0003748883   0.0003599020
   3.3849999886   0.0003164472  -0.0002208212   0.0003090755
   3.3899999886   0.0003070891  -0.0001040796   0.0002970090
   3.3949999886   0.0003295712  -0.0000283066   0.0003163557
   3.3999999886   0.0003726514   0.0000077027   0.0003563680
   3.4049999886   0.0004236777   0.0000090949   0.0004049308
   3.4099999885   0.0004706058  -0.0000162725   0.0004504657
   3.4149999885   0.0005036287  -0.0000591815   0.0004834583
   3.4199999885   0.0005162555  -0.0001103379   0.0004974626
   3.4249999885   0.0005057799  -0.0001614491   0.0004895395
   3.4299999885   0.0004731684  -0.0002059975   0.0004601687
   3.4349999885   0.0004224621  -0.0002396682   0.0004127233
   3.4399999884   0.0003598205  -0.0002604295   0.0003526260
   3.4449999884   0.0002923448  -0.0002682993   0.0002863047
   3.4499999884   0.0002268214  -0.0002648603   0.0002200656
   3.4549999884   0.0001685208  -0.0002526015   0.0001589947
   3.4599999884   0.0001201822  -0.0002341825   0.0001060017
   3.4649999884   0.0000813097  -0.0002117218   0.0000611187
   3.4699999883   0.0000478931  -0.0001862140   0.0000211657
   3.4749999883   0.0000126319  -0.0001571671  -0.0000201294
   3.4799999883  -0.0000343077  -0.0001225311  -0.0000715106
   3.4849999883  -0.0001040513  -0.0000789464  -0.0001431026
   3.4899999883  -0.0002074273  -0.0000222927  -0.0002449576
   3.4949999883  -0.0003532465   0.0000515381  -0.0003854416
   3.4999999882  -0.0005467287   0.0001457690  -0.0005697198
   3.5049999882  -0.0007883601   0.0002619217  -0.0007986207
   3.5099999882  -0.0010734220   0.0003992184  -0.0010681202
   3.5149999882  -0.0013923211   0.0005543318  -0.0013695869
   3.5199999882  -0.0017317051   0.0007215564  -0.0016907873
   3.5249999882  -0.0020761873   0.0008933921  -0.0020174906
   3.5299999881  -0.0024103638   0.0010614453  -0.0023353756
   3.5349999881  -0.0027207292   0.0012174817  -0.0026318583
   3.5399999881  -0.0029971016   0.0013544242  -0.0028974581
   3.5449999881  -0.0032332614   0.0014670971  -0.0031264141
   3.5499999881  -0.0034266808   0.0015525631  -0.0033164198
   3.5549999881  -0.0035774248   0.0016099939  -0.0034675584
   3.5599999880  -0.0036865102   0.0016401166  -0.0035807108
   3.5649999880  -0.0037541466   0.0016443811  -0.0036558547
   3.5699999880  -0.0037783299   0.0016240643  -0.0036907158
   3.5749999880  -0.0037541900   0.0015795444  -0.0036801649
   3.5799999880  -0.0036743215   0.0015099448  -0.0036165837
   3.5849999880  -0.0035300887   0.0014132585  -0.0034911846
   3.5899999879  -0.0033136484   0.0012869456  -0.0032960260
   3.5949999879  -0.0030202382   0.0011288751  -0.0030262672
   3.5999999879  -0.0026501825   0.0009383867  -0.0026821192
   3.6049999879  -0.0022101115   0.0007172055  -0.0022699872
   3.6099999879  -0.0017130461   0.0004699659  -0.0018024731
   3.6149999879  -0.0011772645   0.0002041821  -0.0012971636
   3.6199999878  -0.0006241469  -0.0000703699  -0.0007744200
   3.6249999878  -0.0000754437  -0.0003427530  -0.0002546313
   3.6299999878   0.0004494474  -0.0006022308   0.0002444681
   3.6349999878   0.0009356076  -0.0008396014   0.0007098210
   3.6399999878   0.0013736828  -0.0010482186   0.0011339718
   3.6449999878   0.0017597401  -0.0012244870   0.0015147174
   3.6499999877   0.0020940100  -0.0013677467   0.0018536283
   3.6549999877   0.0023789024  -0.0014796079   0.0021538621
   3.6599999877   0.0026168598  -0.0015629301   0.0024178706
   3.6649999877   0.0028086423  -0.0016207214   0.0026456232
   3.6699999877   0.0029525099  -0.0016552462   0.0028338316
   3.6749999877   0.0030445226  -0.0016675647   0.0029763924
   3.6799999876   0.0030798666  -0.0016576089   0.0030659360
   3.6849999876   0.0030548305  -0.0016247486   0.0030960681
   3.6899999876   0.0029688677  -0.0015686676   0.0030636902
   3.6949999876   0.0028261388  -0.0014902800   0.0029707519
   3.6999999876   0.0026360582  -0.0013924047   0.0028249186
   3.7049999876   0.0024126176  -0.0012799755   0.0026389182
   3.7099999875   0.0021725856  -0.0011596890   0.0024286716
   3.7149999875   0.0019329818  -0.0010391439   0.0022106380
   3.7199999875   0.0017084221  -0.0009256680   0.0019990180
   3.7249999875   0.0015089807  -0.0008251174   0.0018035070
   3.7299999875   0.0013390856  -0.0007409491   0.0016281554
   3.7349999875   0.0011977029  -0.0006738053   0.0014716079
   3.7399999874   0.0010797306  -0.0006217145   0.0013286329
   3.7449999874   0.0009782100  -0.0005808609   0.0011925177
   3.7499999874   0.0008867534  -0.0005467217   0.0010576739
   3.7549999874   0.0008015375  -0.0005152794   0.0009217480
   3.7599999874   0.0007223365  -0.0004839984   0.0007866680
   3.7649999874   0.0006523414  -0.0004523193   0.0006583473
   3.7699999873   0.0005968440  -0.0004215577   0.0005451383
   3.7749999873   0.0005611837  -0.0003942540   0.0004554703
   3.7799999873   0.0005485617  -0.0003731718   0.0003953364
   3.7849999873   0.0005583649  -0.0003602345   0.0003663398
   3.7899999873   0.0005855107  -0.0003557087   0.0003648614
   3.7949999873   0.0006210377  -0.0003578688   0.0003826068
   3.7999999872   0.0006538283  -0.0003632484   0.0004084133
   3.8049999872   0.0006730288  -0.0003674151   0.0004308464
   3.8099999872   0.0006705322  -0.0003660616   0.0004408960
   3.8149999872   0.0006428616  -0.0003561143   0.0004340453
   3.8199999872   0.0005919432  -0.0003365517   0.0004111521
   3.8249999872   0.0005245511  -0.0003087020   0.0003779021
   3.8299999871   0.0004505615  -0.0002759305   0.0003429820
   3.8349999871   0.0003804725  -0.0002427927   0.0003154723
   3.8399999871   0.0003228410  -0.0002138760   0.0003021714
   3.8449999871   0.0002823098  -0.0001926407   0.0003055855
   3.8499999871   0.0002587311  -0.0001805682   0.0003231336
   3.8549999871   0.0002475961  -0.0001768444   0.0003477855
   3.8599999870   0.0002416224  -0.0001786587   0.0003699532
   3.8649999870   0.0002330391  -0.0001820322   0.0003801124
   3.8699999870   0.0002159264  -0.0001829417   0.0003714294
   3.8749999870   0.0001879585  -0.0001784319   0.0003416668
   3.8799999870   0.0001510757  -0.0001674094   0.0002938429
   3.8849999870   0.0001109106  -0.0001509044   0.0002354653
   3.8899999869   0.0000751458  -0.0001317345   0.0001765516
   3.8949999869   0.0000512736  -0.0001136720   0.0001269877
   3.8999999869   0.0000443938  -0.0001003508   0.0000939519
   3.9049999869   0.0000556671  -0.0000942230   0.0000801133
   3.9099999869   0.0000818579  -0.0000958561   0.0000830907
   3.9149999869   0.0001160902  -0.0001037659   0.0000963088
   3.9199999868   0.0001496043  -0.0001148301   0.0001109954
   3.9249999868   0.0001740235  -0.0001251624   0.0001187494
   3.9299999868   0.0001835043  -0.0001312018   0.0001139552
   3.9349999868   0.0001761807  -0.0001307093   0.0000953667
   3.9399999868   0.0001545155  -0.0001233945   0.0000664236
   3.9449999868   0.0001244784  -0.0001109960   0.0000342204
   3.9499999867   0.0000937980  -0.0000967965   0.0000074287
   3.9549999867   0.0000697846  -0.0000847054  -0.0000062360
   3.9599999867   0.0000573353  -0.0000781672  -0.0000022874
   3.9649999867   0.0000576677  -0.0000791967   0.0000191597
   3.9699999867   0.0000681207  -0.0000878067   0.0000532998
   3.9749999867   0.0000830514  -0.0001019825   0.0000918529
   3.9799999866   0.0000955562  -0.0001182082   0.0001252439
   3.9849999866   0.0000995136  -0.0001323935   0.0001451376
   3.9899999866   0.0000913694  -0.0001409467   0.0001466281
   3.9949999866   0.0000711632  -0.0001416990   0.0001294827
   3.9999999866   0.0000425209  -0.0001344333   0.0000981103
   4.0049999866   0.0000116298  -0.0001208833   0.0000602806
   4.0099999865  -0.0000145002  -0.0001042135   0.0000249649
   4.0149999865  -0.0000299928  -0.0000881383  -0.0000000942
   4.0199999865  -0.0000317266  -0.0000759263  -0.0000104112
   4.0249999865  -0.0000201762  -0.0000695679  -0.0000058363
   4.0299999865   0.0000007493  -0.0000693262   0.0000095905
   4.0349999864   0.0000248097  -0.0000737829   0.0000289422
   4.0399999864   0.0000451552  -0.0000803478   0.0000444738
   4.0449999864   0.0000561805  -0.0000860750   0.0000498658
   4.0499999864   0.0000549967  -0.0000885450   0.0000420145
   4.0549999864   0.0000421260  -0.0000865632   0.0000218787
   4.0599999864   0.0000212471  -0.0000804829  -0.0000058331
   4.0649999863  -0.0000019148  -0.0000720691  -0.0000340251
   4.0699999863  -0.0000212245  -0.0000639556  -0.0000552273
   4.0749999863  -0.0000318355  -0.0000588558  -0.0000636909
   4.0799999863  -0.0000314840  -0.0000587574  -0.0000569834
   4.0849999863  -0.0000210324  -0.0000643287  -0.0000366555
   4.0899999863  -0.0000041383  -0.0000747005  -0.0000078142
   4.0949999862   0.0000138354  -0.0000876789   0.0000222595
   4.0999999862   0.0000273454  -0.0001003255   0.0000460512
   4.1049999862   0.0000321975  -0.0001097368   0.0000577762
   4.1099999862   0.0000266612  -0.0001138086   0.0000548333
   4.1149999862   0.0000118792  -0.0001117750   0.0000383771
   4.1199999862  -0.0000085181  -0.0001043816   0.0000128805
   4.1249999861  -0.0000294603  -0.0000936559  -0.0000151610
   4.1299999861  -0.0000458422  -0.0000823455  -0.0000390063
   4.1349999861  -0.0000538923  -0.0000731854  -0.0000534374
   4.1399999861  -0.0000521382  -0.0000681958  -0.0000560458
   4.1449999861  -0.0000417230  -0.0000681957  -0.0000477170
   4.1499999861  -0.0000260131  -0.0000726546  -0.0000322141
   4.1549999860  -0.0000096286  -0.0000799077  -0.0000150131
   4.1599999860   0.0000028205  -0.0000876633  -0.0000017322
   4.1649999860   0.0000079465  -0.0000936534   0.0000034083
   4.1699999860   0.0000044235  -0.0000962482  -0.0000013173
   4.1749999860  -0.0000067499  -0.0000948718  -0.0000147587
   4.1799999860  -0.0000226097  -0.0000901153  -0.0000332976
   4.1849999859  -0.0000390832  -0.0000835298  -0.0000519042
   4.1899999859  -0.0000520983  -0.0000771683  -0.0000655357
   4.1949999859  -0.0000586403  -0.0000730073  -0.0000704931
   4.1999999859  -0.0000574861  -0.0000724064  -0.0000653804
   4.2049999859  -0.0000494389  -0.0000757492  -0.0000514292
   4.2099999859  -0.0000370266  -0.0000823515  -0.0000321269
   4.2149999858  -0.0000237695  -0.0000906531  -0.0000122709
   4.2199999858  -0.0000132261  -0.0000986324   0.0000032847
   4.2249999858  -0.0000080733  -0.0001043291   0.0000108585
   4.2299999858  -0.0000094561  -0.0001063382   0.0000088311
   4.2349999858  -0.0000167600  -0.0001041488  -0.0000020160
   4.2399999858  -0.0000278441  -0.0000982498  -0.0000187780
   4.2449999857  -0.0000396540  -0.0000899834  -0.0000372263
   4.2499999857  -0.0000490439  -0.0000811940  -0.0000529086
   4.2549999857  -0.0000535878  -0.0000737678  -0.0000622610
   4.2599999857  -0.0000521791  -0.0000691816  -0.0000634557
   4.2649999857  -0.0000452738  -0.0000681711  -0.0000567808
   4.2699999857  -0.0000347317  -0.0000705961  -0.0000444773
   4.2749999856  -0.0000233089  -0.0000755271  -0.0000300937
   4.2799999856  -0.0000139406  -0.0000815207  -0.0000175371
   4.2849999856  -0.0000089989  -0.0000870103  -0.0000100670
   4.2899999856  -0.0000097107  -0.0000907084  -0.0000094872
   4.2949999856  -0.0000158755  -0.0000919211  -0.0000157302
   4.2999999856  -0.0000259457  -0.0000906990  -0.0000269284
   4.3049999855  -0.0000374414  -0.0000877922  -0.0000399430
   4.3099999855  -0.0000475897  -0.0000844252  -0.0000512071
   4.3149999855  -0.0000540276  -0.0000819538  -0.0000576665
   4.3199999855  -0.0000553916  -0.0000814930  -0.0000575767
   4.3249999855  -0.0000516499  -0.0000836110  -0.0000509589
   4.3299999855  -0.0000440956  -0.0000881678  -0.0000395998
   4.3349999854  -0.0000350045  -0.0000943396  -0.0000265969
   4.3399999854  -0.0000270459  -0.0001008227  -0.0000155662
   4.3449999854  -0.0000225927  -0.0001061664  -0.0000097113
   4.3499999854  -0.0000231065  -0.0001091502  -0.0000109901
   4.3549999854  -0.0000287536  -0.0001091088  -0.0000195917
   4.3599999854  -0.0000383511  -0.0001061206  -0.0000338586
   4.3649999853  -0.0000496592  -0.0001010092  -0.0000506774
   4.3699999853  -0.0000599503  -0.0000951531  -0.0000662434
   4.3749999853  -0.0000667089  -0.0000901503  -0.0000770091
   4.3799999853  -0.0000682868  -0.0000874196  -0.0000805745
   4.3849999853  -0.0000643412  -0.0000878407  -0.0000762956
   4.3899999853  -0.0000559401  -0.0000915258  -0.0000654496
   4.3949999852  -0.0000453032  -0.0000977828  -0.0000509138
   4.3999999852  -0.0000352395  -0.0001052819  -0.0000364368
   4.4049999852  -0.0000284248  -0.0001123863  -0.0000256850
   4.4099999852  -0.0000267058  -0.0001175624  -0.0000213115
   4.4149999852  -0.0000306130  -0.0001197653  -0.0000242852
   4.4199999852  -0.0000392134  -0.0001186995  -0.0000336561
   4.4249999851  -0.0000503450  -0.0001148884  -0.0000468178
   4.4299999851  -0.0000611744  -0.0001095322  -0.0000601996
   4.4349999851  -0.0000689348  -0.0001041942  -0.0000702065
   4.4399999851  -0.0000716473  -0.0001003942  -0.0000741620
   4.4449999851  -0.0000686379  -0.0000992180  -0.0000710038
   4.4499999851  -0.0000607087  -0.0001010431  -0.0000615525
   4.4549999850  -0.0000499202  -0.0001054527  -0.0000482802
   4.4599999850  -0.0000390414  -0.0001113585  -0.0000346459
   4.4649999850  -0.0000308146  -0.0001172980  -0.0000241726
   4.4699999850  -0.0000272341  -0.0001218275  -0.0000195147
   4.4749999850  -0.0000290307  -0.0001239051  -0.0000217626
   4.4799999850  -0.0000354989  -0.0001231637  -0.0000301679
   4.4849999849  -0.0000447114  -0.0001200035  -0.0000423594
   4.4899999849  -0.0000540569  -0.0001154804  -0.0000549870
   4.4949999849  -0.0000609537  -0.0001110241  -0.0000646185
   4.4999999849  -0.0000635416  -0.0001080600  -0.0000686463
   4.5049999849  -0.0000611656  -0.0001076365  -0.0000659644
   4.5099999849  -0.0000545224  -0.0001101555  -0.0000572364
   4.5149999848  -0.0000454360  -0.0001152741  -0.0000446914
   4.5199999848  -0.0000363294  -0.0001220013  -0.0000315106
   4.5249999848  -0.0000295442  -0.0001289618  -0.0000209728
   4.5299999848  -0.0000266945  -0.0001347547  -0.0000155934
   4.5349999848  -0.0000282339  -0.0001383134  -0.0000164827
   4.5399999848  -0.0000333484  -0.0001391719  -0.0000230902
   4.5449999847  -0.0000401987  -0.0001375710  -0.0000333919
   4.5499999847  -0.0000464399  -0.0001343790  -0.0000444609
   4.5549999847  -0.0000498710  -0.0001308511  -0.0000532595
   4.5599999847  -0.0000490381  -0.0001282923  -0.0000574404
   4.5649999847  -0.0000436287  -0.0001277132  -0.0000559454
   4.5699999847  -0.0000345589  -0.0001295691  -0.0000492521
   4.5749999846  -0.0000237366  -0.0001336478  -0.0000392157
   4.5799999846  -0.0000135744  -0.0001391349  -0.0000285601
   4.5849999846  -0.0000063854  -0.0001448358  -0.0000201610
   4.5899999846  -0.0000038248  -0.0001494965  -0.0000163145
   4.5949999846  -0.0000065193  -0.0001521359  -0.0000181775
   4.5999999846  -0.0000139728  -0.0001523058  -0.0000255184
   4.6049999845  -0.0000247603  -0.0001502079  -0.0000368286
   4.6099999845  -0.0000369467  -0.0001466420  -0.0000497541
   4.6149999845  -0.0000486132  -0.0001427970  -0.0000617253
   4.6199999845  -0.0000583496  -0.0001399426  -0.0000706187
   4.6249999845  -0.0000655870  -0.0001391021  -0.0000752819
   4.6299999845  -0.0000706928  -0.0001407918  -0.0000757951
   4.6349999844  -0.0000748108  -0.0001448936  -0.0000734102
   4.6399999844  -0.0000794981  -0.0001506938  -0.0000701936
   4.6449999844  -0.0000862569  -0.0001570742  -0.0000684672
   4.6499999844  -0.0000960827  -0.0001628064  -0.0000701923
   4.6549999844  -0.0001091432  -0.0001668686  -0.0000764484
   4.6599999844  -0.0001246647  -0.0001687050  -0.0000871327
   4.6649999843  -0.0001410488  -0.0001683599  -0.0001009499
   4.6699999843  -0.0001561890  -0.0001664535  -0.0001156903
   4.6749999843  -0.0001679042  -0.0001640103  -0.0001287233
   4.6799999843  -0.0001743848  -0.0001621847  -0.0001375856
   4.6849999843  -0.0001745443  -0.0001619586  -0.0001405211
   4.6899999843  -0.0001681975  -0.0001638882  -0.0001368442
   4.6949999842  -0.0001560275  -0.0001679648  -0.0001270441
   4.6999999842  -0.0001393599  -0.0001736225  -0.0001126093
   4.7049999842  -0.0001198055  -0.0001798894  -0.0000956240
   4.7099999842  -0.0000988656  -0.0001856396  -0.0000782384
   4.7149999842  -0.0000776004  -0.0001898807  -0.0000621491
   4.7199999841  -0.0000564434  -0.0001920045  -0.0000482183
   4.7249999841  -0.0000352063  -0.0001919356  -0.0000363279
   4.7299999841  -0.0000132707  -0.0001901450  -0.0000255016
   4.7349999841   0.0000100855  -0.0001875246  -0.0000142638
   4.7399999841   0.0000353120  -0.0001851582  -0.0000011413
   4.7449999841   0.0000622608  -0.0001840466   0.0000148207
   4.7499999840   0.0000899973  -0.0001848575   0.0000336624
   4.7549999840   0.0001168035  -0.0001877625   0.0000543380
   4.7599999840   0.0001403786  -0.0001924027   0.0000748183
   4.7649999840   0.0001581985  -0.0001979898   0.0000924470
   4.7699999840   0.0001679502  -0.0002035176   0.0001044709
   4.7749999840   0.0001679469  -0.0002080285   0.0001086153
   4.7799999839   0.0001574266  -0.0002108665   0.0001035675
   4.7849999839   0.0001366692  -0.0002118527   0.0000892524
   4.7899999839   0.0001069111  -0.0002113361   0.0000668344
   4.7949999839   0.0000700818  -0.0002101079   0.0000384482
   4.7999999839   0.0000284328  -0.0002092005   0.0000067273
   4.8049999839  -0.0000158495  -0.0002096250  -0.0000257503
   4.8099999838  -0.0000609517  -0.0002121140  -0.0000569607
   4.8149999838  -0.0001055902  -0.0002169368  -0.0000857542
   4.8199999838  -0.0001489861  -0.0002238352  -0.0001119192
   4.8249999838  -0.0001906766  -0.0002320918  -0.0001359829
   4.8299999838  -0.0002302245  -0.0002407139  -0.0001588059
   4.8349999838  -0.0002669167  -0.0002486792  -0.0001810876
   4.8399999837  -0.0002995489  -0.0002551807  -0.0002029209
   4.8449999837  -0.0003263687  -0.0002598066  -0.0002235230
   4.8499999837  -0.0003452117  -0.0002626121  -0.0002412238
   4.8549999837  -0.0003538121  -0.0002640697  -0.0002537253
   4.8599999837  -0.0003502190  -0.0002649157  -0.0002585730
   4.8649999837  -0.0003332219  -0.0002659380  -0.0002537221
   4.8699999836  -0.0003026805  -0.0002677615  -0.0002380557
   4.8749999836  -0.0002596743  -0.0002706847  -0.0002117226
   4.8799999836  -0.0002064346  -0.0002746070  -0.0001762073
   4.8849999836  -0.0001460710  -0.0002790588  -0.0001341156
   4.8899999836  -0.0000821575  -0.0002833239  -0.0000887284
   4.8949999836  -0.0000182743  -0.0002866216  -0.0000434366
   4.8999999835   0.0000423928  -0.0002883026  -0.0000011944
   4.9049999835   0.0000973130  -0.0002880153   0.0000358801
   4.9099999835   0.0001446909  -0.0002858036   0.0000666722
   4.9149999835   0.0001833756  -0.0002821168   0.0000909837
   4.9199999835   0.0002126529  -0.0002777297   0.0001092366
   4.9249999835   0.0002320011  -0.0002735903   0.0001220646
   4.9299999834   0.0002408964  -0.0002706297   0.0001299124
   4.9349999834   0.0002387318  -0.0002695747   0.0001327563
   4.9399999834   0.0002248773  -0.0002708071   0.0001300211
   4.9449999834   0.0001988688  -0.0002743013   0.0001207137
   4.9499999834   0.0001606711  -0.0002796580   0.0001037357
   4.9549999834   0.0001109428  -0.0002862264   0.0000782902
   4.9599999833   0.0000512266  -0.0002932878   0.0000442752
   4.9649999833  -0.0000159956  -0.0003002548   0.0000025593
   4.9699999833  -0.0000874098  -0.0003068340  -0.0000449369
   4.9749999833  -0.0001591312  -0.0003131083  -0.0000953806
   4.9799999833  -0.0002270771  -0.0003195141  -0.0001453670
   4.9849999833  -0.0002873849  -0.0003267140  -0.0001913883
   4.9899999832  -0.0003368019  -0.0003353984  -0.0002303335
   4.9949999832  -0.0003729789  -0.0003460659  -0.0002599151
   4.9999999832  -0.0003946247  -0.0003588440  -0.0002789356
   5.0049999832  -0.0004015061  -0.0003733982  -0.0002873440
   5.0099999832  -0.0003943117  -0.0003889586  -0.0002860834
   5.0149999832  -0.0003744223  -0.0004044579  -0.0002767757
   5.0199999831  -0.0003436495  -0.0004187479  -0.0002613255
   5.0249999831  -0.0003040016  -0.0004308374  -0.0002415420
   5.0299999831  -0.0002575232  -0.0004400929  -0.0002188663
   5.0349999831  -0.0002062323  -0.0004463510  -0.0001942617
   5.0399999831  -0.0001521460  -0.0004499171  -0.0001682807
   5.0449999831  -0.0000973627  -0.0004514555  -0.0001412728
   5.0499999830  -0.0000441484  -0.0004518020  -0.0001136632
   5.0549999830   0.0000050244  -0.0004517511  -0.0000862112
   5.0599999830   0.0000475262  -0.0004518719  -0.0000601658
   5.0649999830   0.0000807249  -0.0004523994  -0.0000372611
   5.0699999830   0.0001022315  -0.0004532259  -0.0000195399
   5.0749999830   0.0001101947  -0.0004539920  -0.0000090372
   5.0799999829   0.0001035876  -0.0004542505  -0.0000073951
   5.0849999829   0.0000824228  -0.0004536586  -0.0000154980
   5.0899999829   0.0000478460  -0.0004521477  -0.0000332178
   5.0949999829   0.0000020808  -0.0004500236  -0.0000593323
   5.0999999829  -0.0000517718  -0.0004479692  -0.0000916414
   5.1049999829  -0.0001100493  -0.0004469446  -0.0001272636
   5.1099999828  -0.0001689044  -0.0004480066  -0.0001630528
   5.1149999828  -0.0002246815  -0.0004520903  -0.0001960520
   5.1199999828  -0.0002742336  -0.0004598072  -0.0002238934
   5.1249999828  -0.0003151375  -0.0004713100  -0.0002450676
   5.1299999828  -0.0003457860  -0.0004862599  -0.0002590161
   5.1349999828  -0.0003653656  -0.0005039033  -0.0002660416
   5.1399999827  -0.0003737456  -0.0005232397  -0.0002670694
   5.1449999827  -0.0003713245  -0.0005432343  -0.0002633285
   5.1499999827  -0.0003588796  -0.0005630212  -0.0002560338
   5.1549999827  -0.0003374593  -0.0005820435  -0.0002461499
   5.1599999827  -0.0003083399  -0.0006000974  -0.0002342898
   5.1649999827  -0.0002730453  -0.0006172753  -0.0002207692
   5.1699999826  -0.0002334056  -0.0006338295  -0.0002057906
   5.1749999826  -0.0001916149  -0.0006500021  -0.0001896977
   5.1799999826  -0.0001502415  -0.0006658730  -0.0001732169
   5.1849999826  -0.0001121558  -0.0006812708  -0.0001576054
   5.1899999826  -0.0000803555  -0.0006957690  -0.0001446468
   5.1949999826  -0.0000577016  -0.0007087669  -0.0001364740
   5.1999999825  -0.0000465999  -0.0007196286  -0.0001352467
   5.2049999825  -0.0000486872  -0.0007278387  -0.0001427526
   5.2099999825  -0.0000645850  -0.0007331330  -0.0001600242
   5.2149999825  -0.0000937758  -0.0007355711  -0.0001870653
   5.2199999825  -0.0001346333  -0.0007355369  -0.0002227588
   5.2249999825  -0.0001846058  -0.0007336707  -0.0002649830
   5.2299999824  -0.0002405203  -0.0007307562  -0.0003109171
   5.2349999824  -0.0002989496  -0.0007275898  -0.0003574696
   5.2399999824  -0.0003565753  -0.0007248637  -0.0004017353
   5.2449999824  -0.0004104835  -0.0007230840  -0.0004413832
   5.2499999824  -0.0004583511  -0.0007225377  -0.0004748952
   5.2549999824  -0.0004985077  -0.0007233085  -0.0005016147
   5.2599999823  -0.0005298907  -0.0007253335  -0.0005216121
   5.2649999823  -0.0005519295  -0.0007284861  -0.0005354162
   5.2699999823  -0.0005644105  -0.0007326675  -0.0005436914
   5.2749999823  -0.0005673696  -0.0007378886  -0.0005469504
   5.2799999823  -0.0005610430  -0.0007443263  -0.0005453754
   5.2849999823  -0.0005458852  -0.0007523441  -0.0005387905
   5.2899999822  -0.0005226384  -0.0007624705  -0.0005267865
   5.2949999822  -0.0004924166  -0.0007753390  -0.0005089540
   5.2999999822  -0.0004567631  -0.0007916005  -0.0004851573
   5.3049999822  -0.0004176396  -0.0008118237  -0.0004557636
   5.3099999822  -0.0003773240  -0.0008364052  -0.0004217589
   5.3149999822  -0.0003382152  -0.0008655063  -0.0003847064
   5.3199999821  -0.0003025691  -0.0008990279  -0.0003465473
   5.3249999821  -0.0002722106  -0.0009366279  -0.0003092827
   5.3299999821  -0.0002482732  -0.0009777706  -0.0002746088
   5.3349999821  -0.0002310224  -0.0010217931  -0.0002435924
   5.3399999821  -0.0002197967  -0.0010679661  -0.0002164647
   5.3449999821  -0.0002130853  -0.0011155309  -0.0001925873
   5.3499999820  -0.0002087288  -0.0011636984  -0.0001706026
   5.3549999820  -0.0002042090  -0.0012116079  -0.0001487385
   5.3599999820  -0.0001969794  -0.0012582534  -0.0001252025
   5.3649999820  -0.0001847791  -0.0013023965  -0.0000985779
   5.3699999820  -0.0001658858  -0.0013424862  -0.0000681377
   5.3749999820  -0.0001392747  -0.0013766107  -0.0000340113
   5.3799999819  -0.0001046765  -0.0014024971   0.0000028252
   5.3849999819  -0.0000625442  -0.0014175697   0.0000407225
   5.3899999819  -0.0000139591  -0.0014190630   0.0000776478
   5.3949999819   0.0000394911  -0.0014041787   0.0001115145
   5.3999999819   0.0000958264  -0.0013702647   0.0001404763
   5.4049999818   0.0001527608  -0.0013149923   0.0001631187
   5.4099999818   0.0002077539  -0.0012365066   0.0001785144
   5.4149999818   0.0002580387  -0.0011335325   0.0001861449
   5.4199999818   0.0003006505  -0.0010054270   0.0001857273
   5.4249999818   0.0003324851  -0.0008521804   0.0001770093
   5.4299999818   0.0003504125  -0.0006743810   0.0001596041
   5.4349999817   0.0003514577  -0.0004731621   0.0001329237
   5.4399999817   0.0003330420  -0.0002501548   0.0000962420
   5.4449999817   0.0002932600  -0.0000074633   0.0000488820
   5.4499999817   0.0002311484   0.0002523309  -0.0000095167
   5.4549999817   0.0001469013   0.0005261409  -0.0000787157
   5.4599999817   0.0000419864   0.0008103437  -0.0001576601
   5.4649999816  -0.0000808656   0.0011007715  -0.0002443882
   5.4699999816  -0.0002178040   0.0013927541  -0.0003361063
   5.4749999816  -0.0003641166   0.0016812324  -0.0004294261
   5.4799999816  -0.0005145659   0.0019609474  -0.0005207250
   5.4849999816  -0.0006637527   0.0022266943  -0.0006065598
   5.4899999816  -0.0008064598   0.0024736128  -0.0006840547
   5.4949999815  -0.0009379357   0.0026974752  -0.0007511886
   5.4999999815  -0.0010540978   0.0028949315  -0.0008069343
   5.5049999815  -0.0011516526   0.0030636804  -0.0008512333
   5.5099999815  -0.0012281482   0.0032025466  -0.0008848280
   5.5149999815  -0.0012819815   0.0033114678  -0.0009089996
   5.5199999815  -0.0013123863   0.0033914071  -0.0009252758
   5.5249999814  -0.0013194195   0.0034442227  -0.0009351717
   5.5299999814  -0.0013039528   0.0034725243  -0.0009400119
   5.5349999814  -0.0012676644   0.0034795444  -0.0009408557
   5.5399999814  -0.0012130161   0.0034690368  -0.0009385200
   5.5449999814  -0.0011431974   0.0034452009  -0.0009336705
   5.5499999814  -0.0010620193   0.0034126180  -0.0009269349
   5.5549999813  -0.0009737478   0.0033761756  -0.0009189901
   5.5599999813  -0.0008828780   0.0033409580  -0.0009105858
   5.5649999813  -0.0007938622   0.0033120884  -0.0009024836
   5.5699999813  -0.0007108147   0.0032945198  -0.0008953178
   5.5749999813  -0.0006372245   0.0032927874  -0.0008894059
   5.5799999813  -0.0005757074   0.0033107488  -0.0008845559
   5.5849999812  -0.0005278283   0.0033513441  -0.0008799208
   5.5899999812  -0.0004940133   0.0034164105  -0.0008739497
   5.5949999812  -0.0004735608   0.0035065788  -0.0008644604
   5.5999999812  -0.0004647463   0.0036212656  -0.0008488388
   5.6049999812  -0.0004650033   0.0037587620  -0.0008243375
   5.6099999812  -0.0004711512   0.0039164023  -0.0007884259
   5.6149999811  -0.0004796403   0.0040907868  -0.0007391275
   5.6199999811  -0.0004867843   0.0042780245  -0.0006752831
   5.6249999811  -0.0004889570   0.0044739652  -0.0005966907
   5.6299999811  -0.0004827438   0.0046743955  -0.0005040993
   5.6349999811  -0.0004650485   0.0048751863  -0.0003990621
   5.6399999811  -0.0004331648   0.0050723908  -0.0002836833
   5.6449999810  -0.0003848292   0.0052623045  -0.0001603130
   5.6499999810  -0.0003182681   0.0054415060  -0.0000312482
   5.6549999810  -0.0002322493   0.0056068954   0.0001015052
   5.6599999810  -0.0001261395   0.0057557455   0.0002363758
   5.6649999810   0.0000000409   0.0058857692   0.0003722661
   5.6699999810   0.0001455782   0.0059951947   0.0005085015
   5.6749999809   0.0003090583   0.0060828323   0.0006447248
   5.6799999809   0.0004884053   0.0061481111   0.0007807796
   5.6849999809   0.0006809748   0.0061910642   0.0009166224
   5.6899999809   0.0008836993   0.0062122507   0.0010522922
   5.6949999809   0.0010932762   0.0062126146   0.0011879445
   5.6999999809   0.0013063783   0.0061932931   0.0013239361
   5.7049999808   0.0015198642   0.0061554000   0.0014609273
   5.7099999808   0.0017309610   0.0060998163   0.0015999602
   5.7149999808   0.0019374008   0.0060270187   0.0017424712
   5.7199999808   0.0021374949   0.0059369704   0.0018902077
   5.7249999808   0.0023301409   0.0058290880   0.0020450420
   5.7299999808   0.0025147709   0.0057022825   0.0022086985
   5.7349999807   0.0026912539   0.0055550605   0.0023824327
   5.7399999807   0.0028597748   0.0053856645   0.0025667204
   5.7449999807   0.0030207114   0.0051922248   0.0027610154
   5.7499999807   0.0031745276   0.0049729022   0.0029636279
   5.7549999807   0.0033216947   0.0047260048   0.0031717526
   5.7599999807   0.0034626406   0.0044500733   0.0033816497
   5.7649999806   0.0035977202   0.0041439406   0.0035889486
   5.7699999806   0.0037271928   0.0038067737   0.0037890222
   5.7749999806   0.0038511924   0.0034381138   0.0039773671
   5.7799999806   0.0039696804   0.0030379248   0.0041499273
   5.7849999806   0.0040823789   0.0026066546   0.0043033149
   5.7899999806   0.0041886924   0.0021453062   0.0044349066
   5.7949999805   0.0042876358   0.0016555065   0.0045428279
   5.7999999805   0.0043777886   0.0011395565   0.0046258552
   5.8049999805   0.0044572954   0.0006004440   0.0046832865
   5.8099999805   0.0045239266   0.0000418067   0.0047148281
   5.8149999805   0.0045751991  -0.0005321605   0.0047205317
   5.8199999805   0.0046085470  -0.0011168484   0.0047007960
   5.8249999804   0.0046215194  -0.0017074109   0.0046564202
   5.8299999804   0.0046119778  -0.0022989552   0.0045886771
   5.8349999804   0.0045782650  -0.0028867202   0.0044993616
   5.8399999804   0.0045193227  -0.0034662200   0.0043907762
   5.8449999804   0.0044347474  -0.0040333405   0.0042656243
   5.8499999804   0.0043247831  -0.0045843826   0.0041268106
   5.8549999803   0.0041902624  -0.0051160577   0.0039771692
   5.8599999803   0.0040325141  -0.0056254495   0.0038191636
   5.8649999803   0.0038532570  -0.0061099575   0.0036546122
   5.8699999803   0.0036544992  -0.0065672392   0.0034844956
   5.8749999803   0.0034384534  -0.0069951652   0.0033088854
   5.8799999803   0.0032074746  -0.0073917930   0.0031270146
   5.8849999802   0.0029640144  -0.0077553606   0.0029374807
   5.8899999802   0.0027105856  -0.0080842956   0.0027385511
   5.8949999802   0.0024497246  -0.0083772319   0.0025285158
   5.8999999802   0.0021839421  -0.0086330261   0.0023060315
   5.9049999802   0.0019156578  -0.0088507658   0.0020703993
   5.9099999802   0.0016471190  -0.0090297691   0.0018217374
   5.9149999801   0.0013803124  -0.0091695732   0.0015610287
   5.9199999801   0.0011168816  -0.0092699184   0.0012900517
   5.9249999801   0.0008580676  -0.0093307329   0.0010112209
   5.9299999801   0.0006046856  -0.0093521258   0.0007273796
   5.9349999801   0.0003571505  -0.0093343931   0.0004415893
   5.9399999801   0.0001155514  -0.0092780406   0.0001569554
   5.9449999800  -0.0001202312  -0.0091838208  -0.0001234896
   5.9499999800  -0.0003503805  -0.0090527796  -0.0003968421
   5.9549999800  -0.0005749944  -0.0088863041  -0.0006603379
   5.9599999800  -0.0007939538  -0.0086861617  -0.0009113471
   5.9649999800  -0.0010068306  -0.0084545201  -0.0011473844
   5.9699999800  -0.0012128478  -0.0081939405  -0.0013661615
   5.9749999799  -0.0014108964  -0.0079073400  -0.0015656924
   5.9799999799  -0.0015996029  -0.0075979234  -0.0017444431
   5.9849999799  -0.0017774331  -0.0072690906  -0.0019015010
   5.9899999799  -0.0019428152  -0.0069243273  -0.0020367251
   5.9949999799  -0.0020942618  -0.0065670930  -0.0021508362
