   0.0000000000   0.0000000000   0.0000000000   0.0000000000
   0.0050000000   0.0000000000   0.0000000000   0.0000000000
   0.0100000000   0.0000000000   0.0000000000   0.0000000000
   0.0149999999   0.0000000000   0.0000000000   0.0000000000
   0.0199999999   0.0000000000   0.0000000000   0.0000000000
   0.0249999999   0.0000000000   0.0000000000   0.0000000000
   0.0299999999   0.0000000000   0.0000000000   0.0000000000
   0.0349999999   0.0000000000   0.0000000000   0.0000000000
   0.0399999999   0.0000000000   0.0000000000   0.0000000000
   0.0449999998   0.0000000000   0.0000000000   0.0000000000
   0.0499999998   0.0000000000   0.0000000000   0.0000000000
   0.0549999998   0.0000000000   0.0000000000   0.0000000000
   0.0599999998   0.0000000000   0.0000000000   0.0000000000
   0.0649999998   0.0000000000   0.0000000000   0.0000000000
   0.0699999998   0.0000000000   0.0000000000   0.0000000000
   0.0749999997   0.0000000000   0.0000000000   0.0000000000
   0.0799999997   0.0000000000   0.0000000000   0.0000000000
   0.0849999997   0.0000000000  -0.0000000000   0.0000000000
   0.0899999997  -0.0000000000   0.0000000000  -0.0000000000
   0.0949999997   0.0000000000  -0.0000000000   0.0000000000
   0.0999999997  -0.0000000000   0.0000000000  -0.0000000000
   0.1049999996  -0.0000000000   0.0000000000  -0.0000000000
   0.1099999996  -0.0000000000   0.0000000000  -0.0000000000
   0.1149999996  -0.0000000000   0.0000000000  -0.0000000000
   0.1199999996  -0.0000000000   0.0000000000  -0.0000000000
   0.1249999996  -0.0000000000   0.0000000000  -0.0000000000
   0.1299999996   0.0000000000   0.0000000000   0.0000000000
   0.1349999995   0.0000000000  -0.0000000000   0.0000000000
   0.1399999995   0.0000000000  -0.0000000000   0.0000000000
   0.1449999995   0.0000000000  -0.0000000000   0.0000000000
   0.1499999995   0.0000000000  -0.0000000000   0.0000000000
   0.1549999995   0.0000000000  -0.0000000000   0.0000000000
   0.1599999995   0.0000000000  -0.0000000000   0.0000000000
   0.1649999994   0.0000000000  -0.0000000000   0.0000000000
   0.1699999994   0.0000000000  -0.0000000000   0.0000000000
   0.1749999994   0.0000000000  -0.0000000000   0.0000000000
   0.1799999994   0.0000000000  -0.0000000000   0.0000000000
   0.1849999994   0.0000000000  -0.0000000000   0.0000000000
   0.1899999994   0.0000000000  -0.0000000000   0.0000000000
   0.1949999993   0.0000000000  -0.0000000000   0.0000000000
   0.1999999993   0.0000000000  -0.0000000000   0.0000000000
   0.2049999993  -0.0000000000   0.0000000000  -0.0000000000
   0.2099999993  -0.0000000000   0.0000000000  -0.0000000000
   0.2149999993  -0.0000000000   0.0000000000  -0.0000000000
   0.2199999993  -0.0000000000   0.0000000000  -0.0000000000
   0.2249999992  -0.0000000000   0.0000000000  -0.0000000000
   0.2299999992  -0.0000000000   0.0000000000  -0.0000000000
   0.2349999992  -0.0000000000   0.0000000000  -0.0000000000
   0.2399999992   0.0000000000   0.0000000000  -0.0000000000
   0.2449999992   0.0000000000  -0.0000000000   0.0000000000
   0.2499999992   0.0000000000  -0.0000000000   0.0000000000
   0.2549999991   0.0000000000  -0.0000000000   0.0000000000
   0.2599999991   0.0000000000  -0.0000000000   0.0000000000
   0.2649999991   0.0000000000  -0.0000000000   0.0000000000
   0.2699999991   0.0000000000  -0.0000000000   0.0000000000
   0.2749999991   0.0000000000  -0.0000000000   0.0000000000
   0.2799999991   0.0000000000  -0.0000000000   0.0000000000
   0.2849999990   0.0000000000  -0.0000000000   0.0000000000
   0.2899999990   0.0000000000  -0.0000000000   0.0000000000
   0.2949999990   0.0000000000  -0.0000000000   0.0000000000
   0.2999999990   0.0000000000  -0.0000000000   0.0000000000
   0.3049999990   0.0000000000  -0.0000000000   0.0000000000
   0.3099999990   0.0000000000  -0.0000000000   0.0000000000
   0.3149999989   0.0000000000  -0.0000000000   0.0000000000
   0.3199999989   0.0000000000  -0.0000000000   0.0000000000
   0.3249999989   0.0000000000  -0.0000000000   0.0000000000
   0.3299999989   0.0000000000  -0.0000000000   0.0000000000
   0.3349999989   0.0000000000  -0.0000000000   0.0000000000
   0.3399999989   0.0000000000  -0.0000000000   0.0000000000
   0.3449999988   0.0000000000  -0.0000000000   0.0000000000
   0.3499999988   0.0000000000  -0.0000000000   0.0000000000
   0.3549999988   0.0000000000  -0.0000000000   0.0000000000
   0.3599999988   0.0000000000  -0.0000000000   0.0000000000
   0.3649999988   0.0000000000  -0.0000000000   0.0000000000
   0.3699999988   0.0000000000  -0.0000000000   0.0000000000
   0.3749999987   0.0000000000  -0.0000000000   0.0000000000
   0.3799999987   0.0000000000  -0.0000000000   0.0000000000
   0.3849999987   0.0000000000  -0.0000000000   0.0000000000
   0.3899999987   0.0000000000  -0.0000000000   0.0000000000
   0.3949999987   0.0000000000   0.0000000000   0.0000000000
   0.3999999987  -0.0000000000   0.0000000000  -0.0000000000
   0.4049999986  -0.0000000000   0.0000000000  -0.0000000000
   0.4099999986  -0.0000000000   0.0000000000  -0.0000000000
   0.4149999986  -0.0000000000   0.0000000000  -0.0000000000
   0.4199999986  -0.0000000000   0.0000000000  -0.0000000000
   0.4249999986  -0.0000000000   0.0000000000  -0.0000000000
   0.4299999986  -0.0000000000   0.0000000000  -0.0000000000
   0.4349999985  -0.0000000000   0.0000000000  -0.0000000000
   0.4399999985  -0.0000000000   0.0000000000  -0.0000000000
   0.4449999985  -0.0000000000   0.0000000000  -0.0000000000
   0.4499999985  -0.0000000000   0.0000000000  -0.0000000000
   0.4549999985  -0.0000000000   0.0000000000  -0.0000000000
   0.4599999985  -0.0000000000   0.0000000000  -0.0000000000
   0.4649999984  -0.0000000000   0.0000000000  -0.0000000000
   0.4699999984  -0.0000000000   0.0000000000  -0.0000000000
   0.4749999984  -0.0000000000   0.0000000000  -0.0000000000
   0.4799999984  -0.0000000000   0.0000000000  -0.0000000000
   0.4849999984  -0.0000000000   0.0000000000  -0.0000000000
   0.4899999984  -0.0000000000   0.0000000000  -0.0000000000
   0.4949999983  -0.0000000000   0.0000000000  -0.0000000000
   0.4999999983  -0.0000000000   0.0000000000  -0.0000000000
   0.5049999983  -0.0000000000   0.0000000000  -0.0000000000
   0.5099999983  -0.0000000000   0.0000000000  -0.0000000000
   0.5149999983  -0.0000000000   0.0000000000  -0.0000000000
   0.5199999983  -0.0000000000   0.0000000000  -0.0000000000
   0.5249999982  -0.0000000000   0.0000000000  -0.0000000000
   0.5299999982  -0.0000000000   0.0000000000  -0.0000000000
   0.5349999982  -0.0000000000   0.0000000000  -0.0000000000
   0.5399999982  -0.0000000000   0.0000000000  -0.0000000000
   0.5449999982  -0.0000000000   0.0000000000  -0.0000000000
   0.5499999982  -0.0000000000   0.0000000000  -0.0000000000
   0.5549999981  -0.0000000000   0.0000000000  -0.0000000000
   0.5599999981  -0.0000000000   0.0000000000  -0.0000000000
   0.5649999981  -0.0000000000   0.0000000000  -0.0000000000
   0.5699999981  -0.0000000000   0.0000000000  -0.0000000000
   0.5749999981  -0.0000000000   0.0000000000  -0.0000000000
   0.5799999981  -0.0000000000   0.0000000000  -0.0000000000
   0.5849999980   0.0000000000   0.0000000000   0.0000000000
   0.5899999980   0.0000000000   0.0000000000   0.0000000000
   0.5949999980   0.0000000000   0.0000000000   0.0000000000
   0.5999999980   0.0000000000   0.0000000000   0.0000000000
   0.6049999980   0.0000000000   0.0000000000   0.0000000000
   0.6099999980   0.0000000000   0.0000000000   0.0000000000
   0.6149999979   0.0000000000   0.0000000000   0.0000000000
   0.6199999979   0.0000000000   0.0000000000   0.0000000000
   0.6249999979   0.0000000000   0.0000000000   0.0000000000
   0.6299999979   0.0000000000   0.0000000000   0.0000000000
   0.6349999979   0.0000000000   0.0000000000   0.0000000000
   0.6399999979   0.0000000000   0.0000000000   0.0000000000
   0.6449999978   0.0000000000   0.0000000000   0.0000000000
   0.6499999978   0.0000000000  -0.0000000000   0.0000000000
   0.6549999978   0.0000000000  -0.0000000000   0.0000000000
   0.6599999978   0.0000000000  -0.0000000000   0.0000000000
   0.6649999978   0.0000000000  -0.0000000000   0.0000000000
   0.6699999978  -0.0000000000  -0.0000000000  -0.0000000000
   0.6749999977  -0.0000000000  -0.0000000000  -0.0000000000
   0.6799999977  -0.0000000000  -0.0000000000  -0.0000000000
   0.6849999977  -0.0000000000  -0.0000000000  -0.0000000000
   0.6899999977  -0.0000000000  -0.0000000000  -0.0000000000
   0.6949999977  -0.0000000000  -0.0000000000  -0.0000000000
   0.6999999976  -0.0000000000  -0.0000000000  -0.0000000000
   0.7049999976  -0.0000000000  -0.0000000000  -0.0000000000
   0.7099999976  -0.0000000000  -0.0000000000  -0.0000000000
   0.7149999976  -0.0000000000   0.0000000000  -0.0000000000
   0.7199999976  -0.0000000000   0.0000000000  -0.0000000000
   0.7249999976   0.0000000000   0.0000000000   0.0000000000
   0.7299999975   0.0000000000   0.0000000000   0.0000000000
   0.7349999975   0.0000000000   0.0000000000   0.0000000000
   0.7399999975   0.0000000000   0.0000000000   0.0000000000
   0.7449999975   0.0000000000   0.0000000000   0.0000000000
   0.7499999975   0.0000000000   0.0000000000   0.0000000000
   0.7549999975   0.0000000000   0.0000000000   0.0000000000
   0.7599999974   0.0000000000   0.0000000000   0.0000000000
   0.7649999974   0.0000000000   0.0000000000   0.0000000000
   0.7699999974   0.0000000000   0.0000000000   0.0000000000
   0.7749999974   0.0000000000   0.0000000000   0.0000000000
   0.7799999974   0.0000000000   0.0000000000   0.0000000000
   0.7849999974   0.0000000000   0.0000000000   0.0000000000
   0.7899999973   0.0000000000   0.0000000000   0.0000000000
   0.7949999973   0.0000000000   0.0000000000   0.0000000000
   0.7999999973   0.0000000000   0.0000000000   0.0000000000
   0.8049999973   0.0000000000   0.0000000000   0.0000000000
   0.8099999973   0.0000000000   0.0000000000   0.0000000000
   0.8149999973   0.0000000000   0.0000000000   0.0000000000
   0.8199999972   0.0000000000   0.0000000000   0.0000000000
   0.8249999972   0.0000000000   0.0000000000   0.0000000000
   0.8299999972   0.0000000000   0.0000000000   0.0000000000
   0.8349999972   0.0000000000   0.0000000000   0.0000000000
   0.8399999972   0.0000000000   0.0000000000   0.0000000000
   0.8449999972   0.0000000000   0.0000000000   0.0000000000
   0.8499999971   0.0000000000   0.0000000000   0.0000000000
   0.8549999971   0.0000000000   0.0000000000   0.0000000000
   0.8599999971   0.0000000000   0.0000000000   0.0000000000
   0.8649999971   0.0000000000   0.0000000000   0.0000000000
   0.8699999971   0.0000000000   0.0000000000   0.0000000000
   0.8749999971   0.0000000000   0.0000000000   0.0000000000
   0.8799999970   0.0000000000   0.0000000000   0.0000000000
   0.8849999970   0.0000000000   0.0000000000   0.0000000000
   0.8899999970   0.0000000000   0.0000000000   0.0000000000
   0.8949999970   0.0000000000   0.0000000000   0.0000000000
   0.8999999970   0.0000000000   0.0000000000   0.0000000000
   0.9049999970   0.0000000000   0.0000000000   0.0000000000
   0.9099999969   0.0000000000   0.0000000000   0.0000000000
   0.9149999969   0.0000000000   0.0000000000   0.0000000000
   0.9199999969   0.0000000000   0.0000000000   0.0000000000
   0.9249999969   0.0000000000   0.0000000000   0.0000000000
   0.9299999969   0.0000000000   0.0000000000   0.0000000000
   0.9349999969   0.0000000000   0.0000000000   0.0000000000
   0.9399999968   0.0000000000   0.0000000000   0.0000000000
   0.9449999968   0.0000000000   0.0000000000   0.0000000000
   0.9499999968   0.0000000000   0.0000000000   0.0000000000
   0.9549999968   0.0000000000   0.0000000000   0.0000000000
   0.9599999968   0.0000000000   0.0000000000   0.0000000000
   0.9649999968   0.0000000000   0.0000000000   0.0000000000
   0.9699999967   0.0000000000   0.0000000000   0.0000000000
   0.9749999967   0.0000000000   0.0000000000   0.0000000000
   0.9799999967   0.0000000000   0.0000000000   0.0000000000
   0.9849999967   0.0000000000   0.0000000000   0.0000000000
   0.9899999967   0.0000000000   0.0000000000   0.0000000000
   0.9949999967   0.0000000000   0.0000000000   0.0000000000
   0.9999999966   0.0000000000   0.0000000000   0.0000000000
   1.0049999966   0.0000000000   0.0000000000   0.0000000000
   1.0099999966   0.0000000000   0.0000000000   0.0000000000
   1.0149999966   0.0000000000   0.0000000000   0.0000000000
   1.0199999966   0.0000000000   0.0000000000   0.0000000000
   1.0249999966   0.0000000000   0.0000000000   0.0000000000
   1.0299999965   0.0000000000   0.0000000000   0.0000000000
   1.0349999965   0.0000000000   0.0000000000   0.0000000000
   1.0399999965   0.0000000000   0.0000000000   0.0000000000
   1.0449999965   0.0000000000   0.0000000000   0.0000000000
   1.0499999965   0.0000000000   0.0000000000   0.0000000000
   1.0549999965   0.0000000000   0.0000000000   0.0000000000
   1.0599999964   0.0000000000   0.0000000000   0.0000000000
   1.0649999964  -0.0000000000  -0.0000000000  -0.0000000000
   1.0699999964  -0.0000000000  -0.0000000000  -0.0000000000
   1.0749999964  -0.0000000000  -0.0000000000  -0.0000000000
   1.0799999964  -0.0000000000  -0.0000000000  -0.0000000000
   1.0849999964  -0.0000000000  -0.0000000000  -0.0000000000
   1.0899999963  -0.0000000000  -0.0000000000  -0.0000000000
   1.0949999963  -0.0000000000  -0.0000000000  -0.0000000000
   1.0999999963  -0.0000000000  -0.0000000000  -0.0000000000
   1.1049999963  -0.0000000000  -0.0000000000  -0.0000000000
   1.1099999963  -0.0000000000  -0.0000000000  -0.0000000000
   1.1149999963  -0.0000000000  -0.0000000000  -0.0000000000
   1.1199999962  -0.0000000000  -0.0000000000  -0.0000000000
   1.1249999962  -0.0000000000  -0.0000000000  -0.0000000000
   1.1299999962  -0.0000000000  -0.0000000000  -0.0000000000
   1.1349999962  -0.0000000000  -0.0000000000  -0.0000000000
   1.1399999962   0.0000000000   0.0000000000   0.0000000000
   1.1449999962   0.0000000000   0.0000000000   0.0000000000
   1.1499999961   0.0000000000   0.0000000000   0.0000000000
   1.1549999961   0.0000000000   0.0000000000   0.0000000000
   1.1599999961   0.0000000000   0.0000000000   0.0000000000
   1.1649999961   0.0000000000   0.0000000000   0.0000000000
   1.1699999961   0.0000000000   0.0000000000   0.0000000000
   1.1749999961   0.0000000000   0.0000000000   0.0000000000
   1.1799999960   0.0000000000   0.0000000000   0.0000000000
   1.1849999960   0.0000000000   0.0000000000   0.0000000000
   1.1899999960   0.0000000000   0.0000000000   0.0000000000
   1.1949999960   0.0000000000   0.0000000000   0.0000000000
   1.1999999960   0.0000000000   0.0000000000  -0.0000000000
   1.2049999960  -0.0000000000  -0.0000000000  -0.0000000000
   1.2099999959  -0.0000000000  -0.0000000000  -0.0000000000
   1.2149999959  -0.0000000000  -0.0000000000  -0.0000000000
   1.2199999959  -0.0000000000  -0.0000000000  -0.0000000000
   1.2249999959  -0.0000000000  -0.0000000000  -0.0000000000
   1.2299999959  -0.0000000000  -0.0000000000  -0.0000000000
   1.2349999959  -0.0000000000  -0.0000000000  -0.0000000000
   1.2399999958  -0.0000000000  -0.0000000000  -0.0000000000
   1.2449999958  -0.0000000000  -0.0000000000  -0.0000000000
   1.2499999958  -0.0000000000  -0.0000000000  -0.0000000000
   1.2549999958  -0.0000000000  -0.0000000000  -0.0000000000
   1.2599999958  -0.0000000000  -0.0000000000   0.0000000000
   1.2649999958   0.0000000000   0.0000000000   0.0000000000
   1.2699999957   0.0000000000   0.0000000000   0.0000000000
   1.2749999957   0.0000000000   0.0000000000   0.0000000000
   1.2799999957   0.0000000000   0.0000000000   0.0000000000
   1.2849999957   0.0000000000   0.0000000000   0.0000000000
   1.2899999957   0.0000000000   0.0000000000   0.0000000000
   1.2949999957   0.0000000000   0.0000000000   0.0000000000
   1.2999999956   0.0000000000   0.0000000000   0.0000000000
   1.3049999956   0.0000000000   0.0000000000   0.0000000000
   1.3099999956   0.0000000000   0.0000000000   0.0000000000
   1.3149999956  -0.0000000000  -0.0000000000  -0.0000000000
   1.3199999956  -0.0000000000  -0.0000000000  -0.0000000000
   1.3249999956  -0.0000000000  -0.0000000000  -0.0000000000
   1.3299999955  -0.0000000000  -0.0000000000  -0.0000000000
   1.3349999955  -0.0000000000  -0.0000000000  -0.0000000000
   1.3399999955  -0.0000000000  -0.0000000000  -0.0000000000
   1.3449999955  -0.0000000000  -0.0000000000  -0.0000000000
   1.3499999955  -0.0000000000  -0.0000000000  -0.0000000000
   1.3549999954  -0.0000000000  -0.0000000000  -0.0000000000
   1.3599999954  -0.0000000000  -0.0000000000  -0.0000000000
   1.3649999954  -0.0000000000  -0.0000000000   0.0000000000
   1.3699999954   0.0000000000   0.0000000000   0.0000000000
   1.3749999954   0.0000000000   0.0000000000   0.0000000000
   1.3799999954   0.0000000000   0.0000000000   0.0000000000
   1.3849999953   0.0000000000   0.0000000000   0.0000000000
   1.3899999953   0.0000000000   0.0000000000   0.0000000000
   1.3949999953   0.0000000000   0.0000000000   0.0000000000
   1.3999999953   0.0000000000   0.0000000000   0.0000000000
   1.4049999953   0.0000000000   0.0000000000   0.0000000000
   1.4099999953   0.0000000000   0.0000000000   0.0000000000
   1.4149999952   0.0000000000   0.0000000000  -0.0000000000
   1.4199999952  -0.0000000000  -0.0000000000  -0.0000000000
   1.4249999952  -0.0000000000  -0.0000000000  -0.0000000000
   1.4299999952  -0.0000000000  -0.0000000000  -0.0000000000
   1.4349999952  -0.0000000000  -0.0000000000  -0.0000000000
   1.4399999952  -0.0000000000  -0.0000000000  -0.0000000000
   1.4449999951  -0.0000000000  -0.0000000000  -0.0000000000
   1.4499999951  -0.0000000000  -0.0000000000  -0.0000000000
   1.4549999951  -0.0000000000  -0.0000000000  -0.0000000000
   1.4599999951  -0.0000000000  -0.0000000000  -0.0000000000
   1.4649999951   0.0000000000   0.0000000000   0.0000000000
   1.4699999951   0.0000000000   0.0000000000   0.0000000000
   1.4749999950   0.0000000000   0.0000000000   0.0000000000
   1.4799999950   0.0000000000   0.0000000000   0.0000000000
   1.4849999950   0.0000000000   0.0000000000   0.0000000000
   1.4899999950   0.0000000000   0.0000000000   0.0000000000
   1.4949999950   0.0000000000   0.0000000000   0.0000000000
   1.4999999950   0.0000000000   0.0000000000   0.0000000000
   1.5049999949   0.0000000000   0.0000000000   0.0000000000
   1.5099999949   0.0000000000   0.0000000000  -0.0000000000
   1.5149999949  -0.0000000000  -0.0000000000  -0.0000000000
   1.5199999949  -0.0000000000  -0.0000000000  -0.0000000000
   1.5249999949  -0.0000000000  -0.0000000000  -0.0000000000
   1.5299999949  -0.0000000000  -0.0000000000  -0.0000000000
   1.5349999948  -0.0000000000  -0.0000000000  -0.0000000000
   1.5399999948  -0.0000000000  -0.0000000000  -0.0000000000
   1.5449999948  -0.0000000000  -0.0000000000  -0.0000000000
   1.5499999948  -0.0000000000  -0.0000000000  -0.0000000000
   1.5549999948  -0.0000000000  -0.0000000000   0.0000000000
   1.5599999948   0.0000000000   0.0000000000   0.0000000000
   1.5649999947   0.0000000000   0.0000000000   0.0000000000
   1.5699999947  -0.0000000000   0.0000000000   0.0000000000
   1.5749999947  -0.0000000000  -0.0000000000   0.0000000000
   1.5799999947  -0.0000000000  -0.0000000000  -0.0000000000
   1.5849999947  -0.0000000000  -0.0000000000  -0.0000000000
   1.5899999947  -0.0000000000  -0.0000000000  -0.0000000000
   1.5949999946  -0.0000000000  -0.0000000000  -0.0000000000
   1.5999999946  -0.0000000000  -0.0000000000  -0.0000000000
   1.6049999946  -0.0000000000  -0.0000000000  -0.0000000000
   1.6099999946  -0.0000000000  -0.0000000000  -0.0000000000
   1.6149999946  -0.0000000000  -0.0000000000  -0.0000000000
   1.6199999946   0.0000000000  -0.0000000000   0.0000000000
   1.6249999945   0.0000000000   0.0000000000   0.0000000000
   1.6299999945   0.0000000000   0.0000000000   0.0000000000
   1.6349999945   0.0000000000   0.0000000000   0.0000000000
   1.6399999945   0.0000000000   0.0000000000   0.0000000000
   1.6449999945   0.0000000000   0.0000000000   0.0000000000
   1.6499999945   0.0000000000   0.0000000000   0.0000000000
   1.6549999944   0.0000000000   0.0000000000   0.0000000000
   1.6599999944   0.0000000000   0.0000000000   0.0000000000
   1.6649999944   0.0000000000   0.0000000000   0.0000000000
   1.6699999944   0.0000000000   0.0000000000   0.0000000000
   1.6749999944  -0.0000000000  -0.0000000000  -0.0000000000
   1.6799999944  -0.0000000000  -0.0000000000  -0.0000000000
   1.6849999943  -0.0000000000  -0.0000000000  -0.0000000000
   1.6899999943  -0.0000000000  -0.0000000000  -0.0000000000
   1.6949999943  -0.0000000000  -0.0000000000  -0.0000000000
   1.6999999943  -0.0000000000  -0.0000000000  -0.0000000000
   1.7049999943  -0.0000000000  -0.0000000000  -0.0000000000
   1.7099999943  -0.0000000000  -0.0000000000  -0.0000000000
   1.7149999942  -0.0000000000  -0.0000000000  -0.0000000000
   1.7199999942  -0.0000000000  -0.0000000000  -0.0000000000
   1.7249999942  -0.0000000000  -0.0000000000   0.0000000000
   1.7299999942   0.0000000000   0.0000000000   0.0000000000
   1.7349999942   0.0000000000   0.0000000000   0.0000000000
   1.7399999942   0.0000000000   0.0000000000   0.0000000000
   1.7449999941   0.0000000000   0.0000000000   0.0000000000
   1.7499999941   0.0000000000   0.0000000000   0.0000000000
   1.7549999941   0.0000000000   0.0000000000   0.0000000000
   1.7599999941   0.0000000000   0.0000000000   0.0000000000
   1.7649999941   0.0000000000   0.0000000000   0.0000000000
   1.7699999941   0.0000000000   0.0000000000   0.0000000000
   1.7749999940   0.0000000000   0.0000000000   0.0000000000
   1.7799999940   0.0000000000   0.0000000000  -0.0000000000
   1.7849999940  -0.0000000000  -0.0000000000  -0.0000000000
   1.7899999940  -0.0000000000  -0.0000000000  -0.0000000000
   1.7949999940  -0.0000000000  -0.0000000000  -0.0000000000
   1.7999999940  -0.0000000000  -0.0000000000  -0.0000000000
   1.8049999939  -0.0000000000  -0.0000000000  -0.0000000000
   1.8099999939  -0.0000000000  -0.0000000000  -0.0000000000
   1.8149999939  -0.0000000000  -0.0000000000  -0.0000000000
   1.8199999939  -0.0000000000  -0.0000000000  -0.0000000000
   1.8249999939  -0.0000000000  -0.0000000000  -0.0000000000
   1.8299999939  -0.0000000000  -0.0000000000   0.0000000000
   1.8349999938   0.0000000000   0.0000000000   0.0000000000
   1.8399999938   0.0000000000   0.0000000000   0.0000000000
   1.8449999938   0.0000000001   0.0000000000   0.0000000001
   1.8499999938   0.0000000001   0.0000000000   0.0000000001
   1.8549999938   0.0000000001   0.0000000000   0.0000000001
   1.8599999938   0.0000000001   0.0000000000   0.0000000001
   1.8649999937   0.0000000001   0.0000000000   0.0000000000
   1.8699999937   0.0000000000   0.0000000000   0.0000000000
   1.8749999937   0.0000000000   0.0000000000  -0.0000000000
   1.8799999937  -0.0000000000  -0.0000000000  -0.0000000000
   1.8849999937  -0.0000000001  -0.0000000000  -0.0000000001
   1.8899999937  -0.0000000001  -0.0000000000  -0.0000000001
   1.8949999936  -0.0000000001  -0.0000000001  -0.0000000001
   1.8999999936  -0.0000000001  -0.0000000001  -0.0000000001
   1.9049999936  -0.0000000001  -0.0000000001  -0.0000000001
   1.9099999936  -0.0000000001  -0.0000000001  -0.0000000000
   1.9149999936  -0.0000000000  -0.0000000000   0.0000000000
   1.9199999936   0.0000000000  -0.0000000000   0.0000000000
   1.9249999935   0.0000000001   0.0000000000   0.0000000001
   1.9299999935   0.0000000001   0.0000000000   0.0000000001
   1.9349999935   0.0000000001   0.0000000001   0.0000000001
   1.9399999935   0.0000000001   0.0000000001   0.0000000001
   1.9449999935   0.0000000001   0.0000000001   0.0000000001
   1.9499999935   0.0000000001   0.0000000001   0.0000000000
   1.9549999934   0.0000000000   0.0000000000  -0.0000000000
   1.9599999934  -0.0000000000   0.0000000000  -0.0000000001
   1.9649999934  -0.0000000001  -0.0000000000  -0.0000000001
   1.9699999934  -0.0000000001  -0.0000000001  -0.0000000001
   1.9749999934  -0.0000000002  -0.0000000001  -0.0000000001
   1.9799999934  -0.0000000001  -0.0000000001  -0.0000000001
   1.9849999933  -0.0000000001  -0.0000000001  -0.0000000001
   1.9899999933  -0.0000000001  -0.0000000000   0.0000000000
   1.9949999933   0.0000000000  -0.0000000000   0.0000000001
   1.9999999933   0.0000000001   0.0000000000   0.0000000001
   2.0049999933   0.0000000001   0.0000000001   0.0000000001
   2.0099999933   0.0000000002   0.0000000001   0.0000000001
   2.0149999932   0.0000000002   0.0000000001   0.0000000001
   2.0199999932   0.0000000002   0.0000000001   0.0000000001
   2.0249999932   0.0000000001   0.0000000001   0.0000000000
   2.0299999932   0.0000000000   0.0000000000  -0.0000000000
   2.0349999932  -0.0000000001   0.0000000000  -0.0000000001
   2.0399999931  -0.0000000001  -0.0000000000  -0.0000000001
   2.0449999931  -0.0000000002  -0.0000000001  -0.0000000002
   2.0499999931  -0.0000000002  -0.0000000001  -0.0000000002
   2.0549999931  -0.0000000002  -0.0000000001  -0.0000000001
   2.0599999931  -0.0000000001  -0.0000000001  -0.0000000001
   2.0649999931  -0.0000000001  -0.0000000001  -0.0000000000
   2.0699999930   0.0000000000  -0.0000000000   0.0000000000
   2.0749999930   0.0000000001  -0.0000000000   0.0000000001
   2.0799999930   0.0000000001   0.0000000000   0.0000000001
   2.0849999930   0.0000000002   0.0000000001   0.0000000001
   2.0899999930   0.0000000001   0.0000000001   0.0000000001
   2.0949999930   0.0000000001   0.0000000001   0.0000000001
   2.0999999929   0.0000000000   0.0000000001   0.0000000000
   2.1049999929  -0.0000000001   0.0000000001   0.0000000000
   2.1099999929  -0.0000000002   0.0000000001  -0.0000000000
   2.1149999929  -0.0000000002   0.0000000001  -0.0000000000
   2.1199999929  -0.0000000002   0.0000000000   0.0000000000
   2.1249999929  -0.0000000002   0.0000000000   0.0000000000
   2.1299999928  -0.0000000002   0.0000000000   0.0000000000
   2.1349999928  -0.0000000001  -0.0000000000  -0.0000000000
   2.1399999928   0.0000000000  -0.0000000000  -0.0000000001
   2.1449999928   0.0000000002  -0.0000000001  -0.0000000001
   2.1499999928   0.0000000003  -0.0000000001  -0.0000000002
   2.1549999928   0.0000000004  -0.0000000002  -0.0000000003
   2.1599999927   0.0000000005  -0.0000000002  -0.0000000003
   2.1649999927   0.0000000007  -0.0000000002  -0.0000000003
   2.1699999927   0.0000000007  -0.0000000002  -0.0000000002
   2.1749999927   0.0000000008  -0.0000000002  -0.0000000000
   2.1799999927   0.0000000008  -0.0000000001   0.0000000002
   2.1849999927   0.0000000007   0.0000000000   0.0000000004
   2.1899999926   0.0000000005   0.0000000002   0.0000000007
   2.1949999926   0.0000000002   0.0000000004   0.0000000008
   2.1999999926  -0.0000000002   0.0000000005   0.0000000009
   2.2049999926  -0.0000000007   0.0000000006   0.0000000009
   2.2099999926  -0.0000000012   0.0000000007   0.0000000008
   2.2149999926  -0.0000000017   0.0000000007   0.0000000006
   2.2199999925  -0.0000000021   0.0000000006   0.0000000003
   2.2249999925  -0.0000000023   0.0000000005  -0.0000000001
   2.2299999925  -0.0000000023   0.0000000003  -0.0000000006
   2.2349999925  -0.0000000022  -0.0000000000  -0.0000000010
   2.2399999925  -0.0000000018  -0.0000000003  -0.0000000015
   2.2449999925  -0.0000000013  -0.0000000007  -0.0000000021
   2.2499999924  -0.0000000008  -0.0000000011  -0.0000000026
   2.2549999924  -0.0000000004  -0.0000000016  -0.0000000032
   2.2599999924  -0.0000000001  -0.0000000021  -0.0000000037
   2.2649999924   0.0000000000  -0.0000000026  -0.0000000041
   2.2699999924  -0.0000000002  -0.0000000030  -0.0000000044
   2.2749999924  -0.0000000006  -0.0000000033  -0.0000000043
   2.2799999923  -0.0000000012  -0.0000000035  -0.0000000039
   2.2849999923  -0.0000000018  -0.0000000034  -0.0000000030
   2.2899999923  -0.0000000022  -0.0000000030  -0.0000000017
   2.2949999923  -0.0000000023  -0.0000000023  -0.0000000000
   2.2999999923  -0.0000000019  -0.0000000012   0.0000000018
   2.3049999923  -0.0000000008   0.0000000003   0.0000000035
   2.3099999922   0.0000000009   0.0000000022   0.0000000048
   2.3149999922   0.0000000034   0.0000000043   0.0000000054
   2.3199999922   0.0000000065   0.0000000067   0.0000000050
   2.3249999922   0.0000000100   0.0000000091   0.0000000035
   2.3299999922   0.0000000135   0.0000000113   0.0000000013
   2.3349999922   0.0000000166   0.0000000131  -0.0000000012
   2.3399999921   0.0000000186   0.0000000141  -0.0000000032
   2.3449999921   0.0000000187   0.0000000140  -0.0000000035
   2.3499999921   0.0000000160   0.0000000122  -0.0000000008
   2.3549999921   0.0000000094   0.0000000082   0.0000000062
   2.3599999921  -0.0000000017   0.0000000015   0.0000000188
   2.3649999921  -0.0000000181  -0.0000000082   0.0000000375
   2.3699999920  -0.0000000398  -0.0000000212   0.0000000623
   2.3749999920  -0.0000000659  -0.0000000372   0.0000000921
   2.3799999920  -0.0000000945  -0.0000000552   0.0000001242
   2.3849999920  -0.0000001224  -0.0000000735   0.0000001544
   2.3899999920  -0.0000001449  -0.0000000897   0.0000001769
   2.3949999920  -0.0000001561  -0.0000001003   0.0000001845
   2.3999999919  -0.0000001492  -0.0000001013   0.0000001689
   2.4049999919  -0.0000001172  -0.0000000880   0.0000001217
   2.4099999919  -0.0000000539  -0.0000000563   0.0000000352
   2.4149999919   0.0000000448  -0.0000000026  -0.0000000956
   2.4199999919   0.0000001799   0.0000000748  -0.0000002718
   2.4249999919   0.0000003478   0.0000001751  -0.0000004890
   2.4299999918   0.0000005390   0.0000002942  -0.0000007355
   2.4349999918   0.0000007381   0.0000004239  -0.0000009917
   2.4399999918   0.0000009236   0.0000005521  -0.0000012301
   2.4449999918   0.0000010689   0.0000006628  -0.0000014161
   2.4499999918   0.0000011443   0.0000007369  -0.0000015105
   2.4549999918   0.0000011200   0.0000007543  -0.0000014734
   2.4599999917   0.0000009697   0.0000006955  -0.0000012690
   2.4649999917   0.0000006748   0.0000005446  -0.0000008713
   2.4699999917   0.0000002283   0.0000002923  -0.0000002701
   2.4749999917  -0.0000003605  -0.0000000617   0.0000005238
   2.4799999917  -0.0000010647  -0.0000005062   0.0000014751
   2.4849999917  -0.0000018380  -0.0000010167   0.0000025219
   2.4899999916  -0.0000026166  -0.0000015563   0.0000035785
   2.4949999916  -0.0000033229  -0.0000020763   0.0000045403
   2.4999999916  -0.0000038726  -0.0000025203   0.0000052926
   2.5049999916  -0.0000041825  -0.0000028291   0.0000057231
   2.5099999916  -0.0000041817  -0.0000029469   0.0000057352
   2.5149999916  -0.0000038213  -0.0000028290   0.0000052628
   2.5199999915  -0.0000030843  -0.0000024489   0.0000042826
   2.5249999915  -0.0000019924  -0.0000018041   0.0000028237
   2.5299999915  -0.0000006091  -0.0000009208   0.0000009714
   2.5349999915   0.0000009624   0.0000001454  -0.0000011354
   2.5399999915   0.0000025858   0.0000013117  -0.0000033146
   2.5449999915   0.0000041052   0.0000024748  -0.0000053571
   2.5499999914   0.0000053605   0.0000035199  -0.0000070493
   2.5549999914   0.0000062075   0.0000043342  -0.0000081985
   2.5599999914   0.0000065360   0.0000048200  -0.0000086577
   2.5649999914   0.0000062862   0.0000049084  -0.0000083477
   2.5699999914   0.0000054598   0.0000045707  -0.0000072709
   2.5749999914   0.0000041226   0.0000038250  -0.0000055165
   2.5799999913   0.0000023997   0.0000027380  -0.0000032533
   2.5849999913   0.0000004608   0.0000014202  -0.0000007113
   2.5899999913  -0.0000015010   0.0000000148   0.0000018462
   2.5949999913  -0.0000032959  -0.0000013182   0.0000041578
   2.5999999913  -0.0000047648  -0.0000024214   0.0000060004
   2.6049999913  -0.0000058038  -0.0000031598   0.0000072223
   2.6099999912  -0.0000063816  -0.0000034390   0.0000077675
   2.6149999912  -0.0000065466  -0.0000032180   0.0000076860
   2.6199999912  -0.0000064221  -0.0000025146   0.0000071294
   2.6249999912  -0.0000061888  -0.0000014038   0.0000063286
   2.6299999912  -0.0000060570  -0.0000000063   0.0000055585
   2.6349999912  -0.0000062325   0.0000015288   0.0000050936
   2.6399999911  -0.0000068800   0.0000030457   0.0000051608
   2.6449999911  -0.0000080908   0.0000044049   0.0000058982
   2.6499999911  -0.0000098602   0.0000055032   0.0000073260
   2.6549999911  -0.0000120779   0.0000062870   0.0000093364
   2.6599999911  -0.0000145348   0.0000067577   0.0000117044
   2.6649999911  -0.0000169455   0.0000069662   0.0000141196
   2.6699999910  -0.0000189854   0.0000069990   0.0000162342
   2.6749999910  -0.0000203358   0.0000069573   0.0000177187
   2.6799999910  -0.0000207338   0.0000069332   0.0000183169
   2.6849999910  -0.0000200169   0.0000069881   0.0000178884
   2.6899999910  -0.0000181585   0.0000071374   0.0000164303
   2.6949999909  -0.0000152882   0.0000073455   0.0000140726
   2.6999999909  -0.0000116917   0.0000075338   0.0000110464
   2.7049999909  -0.0000077911   0.0000076000   0.0000076297
   2.7099999909  -0.0000041046   0.0000074458   0.0000040820
   2.7149999909  -0.0000011881   0.0000070082   0.0000005812
   2.7199999909   0.0000004368   0.0000062856  -0.0000028197
   2.7249999908   0.0000003648   0.0000053507  -0.0000062015
   2.7299999908  -0.0000016069   0.0000043444  -0.0000097429
   2.7349999908  -0.0000053946   0.0000034444  -0.0000136349
   2.7399999908  -0.0000105547   0.0000028100  -0.0000179549
   2.7449999908  -0.0000162296   0.0000025078  -0.0000225160
   2.7499999908  -0.0000211261   0.0000024302  -0.0000267229
   2.7549999907  -0.0000235431   0.0000022222  -0.0000294686
   2.7599999907  -0.0000214645   0.0000012391  -0.0000291148
   2.7649999907  -0.0000127370  -0.0000014431  -0.0000235937
   2.7699999907   0.0000046503  -0.0000069459  -0.0000106618
   2.7749999907   0.0000321788  -0.0000164176   0.0000116815
   2.7799999907   0.0000703057  -0.0000307722   0.0000446168
   2.7849999906   0.0001178860  -0.0000503442   0.0000878057
   2.7899999906   0.0001715520  -0.0000744853   0.0001386328
   2.7949999906   0.0002251171  -0.0001011434   0.0001914785
   2.7999999906   0.0002690921  -0.0001264784   0.0002371337
   2.8049999906   0.0002904159  -0.0001445816   0.0002624769
   2.8099999906   0.0002725088  -0.0001473685   0.0002505301
   2.8149999905   0.0001957457  -0.0001247079   0.0001809901
   2.8199999905   0.0000384160  -0.0000648395   0.0000312940
   2.8249999905  -0.0002218060   0.0000448980  -0.0002217787
   2.8299999905  -0.0006059206   0.0002170358  -0.0006000286
   2.8349999905  -0.0011313030   0.0004626931  -0.0011214185
   2.8399999905  -0.0018092285   0.0007901344  -0.0017975177
   2.8449999904  -0.0026424688   0.0012032988  -0.0026310684
   2.8499999904  -0.0036232469   0.0017004603  -0.0036139647
   2.8549999904  -0.0047318487   0.0022731934  -0.0047259348
   2.8599999904  -0.0059361588   0.0029058125  -0.0059341834
   2.8649999904  -0.0071923194   0.0035754235  -0.0071941688
   2.8699999904  -0.0084465995   0.0042526766  -0.0084515862
   2.8749999903  -0.0096384283   0.0049032387  -0.0096454884
   2.8799999903  -0.0107043961   0.0054899195  -0.0107123348
   2.8849999903  -0.0115828863   0.0059753047  -0.0115906273
   2.8899999903  -0.0122188909   0.0063246685  -0.0122256856
   2.8949999903  -0.0125685018   0.0065088835  -0.0125740649
   2.8999999903  -0.0126025712   0.0065070229  -0.0126071214
   2.9049999902  -0.0123091047   0.0063083572  -0.0123133103
   2.9099999902  -0.0116940922   0.0059135030  -0.0116989329
   2.9149999902  -0.0107806633   0.0053345676  -0.0107872354
   2.9199999902  -0.0096066701   0.0045942471  -0.0096159701
   2.9249999902  -0.0082210072   0.0037239641  -0.0082337291
   2.9299999902  -0.0066791483   0.0027612497  -0.0066955274
   2.9349999901  -0.0050384842   0.0017466747  -0.0050582097
   2.9399999901  -0.0033540635   0.0007206916  -0.0033762732
   2.9449999901  -0.0016752648  -0.0002792413  -0.0016986191
   2.9499999901  -0.0000437685  -0.0012209302  -0.0000665929
   2.9549999901   0.0015070233  -0.0020788794   0.0014865493
   2.9599999901   0.0029512176  -0.0028347870   0.0029348512
   2.9649999900   0.0042686412  -0.0034771482   0.0042578749
   2.9699999900   0.0054425366  -0.0040001460   0.0054384299
   2.9749999900   0.0064573346  -0.0044021174   0.0064603988
   2.9799999900   0.0072970711  -0.0046839379   0.0073072200
   2.9849999900   0.0079448874  -0.0048476620   0.0079614573
   2.9899999900   0.0083838339  -0.0048956929   0.0084056683
   2.9949999899   0.0085989268  -0.0048306357   0.0086245119
   2.9999999899   0.0085801349  -0.0046558436   0.0086077679
   3.0049999899   0.0083257477  -0.0043765128   0.0083537145
   3.0099999899   0.0078454453  -0.0040010564   0.0078721850
   3.0149999899   0.0071623788  -0.0035424073   0.0071866137
   3.0199999899   0.0063136897  -0.0030188866   0.0063345067
   3.0249999898   0.0053491334  -0.0024543335   0.0053660095
   3.0299999898   0.0043277799  -0.0018773078   0.0043405525
   3.0349999898   0.0033130975  -0.0013193429   0.0033218916
   3.0399999898   0.0023670245  -0.0008124008   0.0023721536
   3.0449999898   0.0015438340  -0.0003858398   0.0015456963
   3.0499999898   0.0008846731  -0.0000633171   0.0008836639
   3.0549999897   0.0004135786   0.0001399095   0.0004100370
   3.0599999897   0.0001355652   0.0002188533   0.0001297632
   3.0649999897   0.0000370618   0.0001795284   0.0000292359
   3.0699999897   0.0000886177   0.0000383838   0.0000790312
   3.0749999897   0.0002494502  -0.0001795117   0.0002384676
   3.0799999897   0.0004731390  -0.0004433047   0.0004612902
   3.0849999896   0.0007136228  -0.0007198310   0.0007016333
   3.0899999896   0.0009306461  -0.0009772584   0.0009194195
   3.0949999896   0.0010939371  -0.0011884171   0.0010844837
   3.0999999896   0.0011856374  -0.0013334003   0.0011789564
   3.1049999896   0.0012008069  -0.0014011401   0.0011977419
   3.1099999896   0.0011461323  -0.0013898258   0.0011472288
   3.1149999895   0.0010372313  -0.0013062042   0.0010426248
   3.1199999895   0.0008951072  -0.0011639479   0.0009044708
   3.1249999895   0.0007423756  -0.0009813922   0.0007549419
   3.1299999895   0.0005998327  -0.0007789867   0.0006144930
   3.1349999895   0.0004838035  -0.0005768112   0.0004992688
   3.1399999895   0.0004045218  -0.0003924463   0.0004195182
   3.1449999894   0.0003656020  -0.0002394037   0.0003790631
   3.1499999894   0.0003644895  -0.0001262231   0.0003757081
   3.1549999894   0.0003936631  -0.0000562390   0.0004023702
   3.1599999894   0.0004423004  -0.0000279460   0.0004486569
   3.1649999894   0.0004981208  -0.0000358343   0.0005026211
   3.1699999894   0.0005491556  -0.0000715369   0.0005524651
   3.1749999893   0.0005852600  -0.0001251292   0.0005880202
   3.1799999893   0.0005992384  -0.0001864255   0.0006018832
   3.1849999893   0.0005875112  -0.0002461404   0.0005901357
   3.1899999893   0.0005502884  -0.0002968074   0.0005525994
   3.1949999893   0.0004912471  -0.0003333714   0.0004926095
   3.1999999893   0.0004167415  -0.0003534083   0.0004163115
   3.2049999892   0.0003346169  -0.0003569587   0.0003315344
   3.2099999892   0.0002527497  -0.0003460089   0.0002463474
   3.2149999892   0.0001774962  -0.0003236992   0.0001674776
   3.2199999892   0.0001122772  -0.0002933837   0.0000988216
   3.2249999892   0.0000565521  -0.0002576983   0.0000403191
   3.2299999892   0.0000054082  -0.0002178064  -0.0000125656
   3.2349999891  -0.0000500831  -0.0001729717  -0.0000685762
   3.2399999891  -0.0001217156  -0.0001205577  -0.0001395669
   3.2449999891  -0.0002223319  -0.0000564809  -0.0002386869
   3.2499999891  -0.0003636180   0.0000239493  -0.0003781241
   3.2549999891  -0.0005538994   0.0001249531  -0.0005668054
   3.2599999891  -0.0007963677   0.0002491761  -0.0008085011
   3.2649999890  -0.0010881126   0.0003967889  -0.0011007332
   3.2699999890  -0.0014201932   0.0005649937  -0.0014347455
   3.2749999890  -0.0017787738   0.0007480600  -0.0017965814
   3.2799999890  -0.0021471200   0.0009379077  -0.0021690753
   3.2849999890  -0.0025080517   0.0011251309  -0.0025343573
   3.2899999890  -0.0028463362   0.0013002578  -0.0028763423
   3.2949999889  -0.0031505045   0.0014549846  -0.0031826668
   3.2999999889  -0.0034136958   0.0015831188  -0.0034456599
   3.3049999889  -0.0036333629   0.0016810366  -0.0036621554
   3.3099999889  -0.0038099419   0.0017475680  -0.0038322358
   3.3149999889  -0.0039448497   0.0017833628  -0.0039572625
   3.3199999889  -0.0040383500   0.0017899165  -0.0040377359
   3.3249999888  -0.0040878742   0.0017685234  -0.0040715828
   3.3299999888  -0.0040872884   0.0017194443  -0.0040533722
   3.3349999888  -0.0040273646   0.0016415247  -0.0039747353
   3.3399999888  -0.0038974165   0.0015323893  -0.0038259560
   3.3449999888  -0.0036877522   0.0013891860  -0.0035983865
   3.3499999888  -0.0033923707   0.0012097092  -0.0032871124
   3.3549999887  -0.0030112392   0.0009936236  -0.0028931922
   3.3599999887  -0.0025515614   0.0007434659  -0.0024248735
   3.3649999887  -0.0020276768   0.0004651488  -0.0018974217
   3.3699999887  -0.0014595537   0.0001677980  -0.0013315228
   3.3749999887  -0.0008701794  -0.0001370839  -0.0007505811
   3.3799999886  -0.0002824274  -0.0004369705  -0.0001775047
   3.3849999886   0.0002838929  -0.0007198964   0.0003682881
   3.3899999886   0.0008141409  -0.0009759272   0.0008729639
   3.3949999886   0.0012996577  -0.0011981974   0.0013290133
   3.3999999886   0.0017371703  -0.0013833029   0.0017345248
   3.4049999886   0.0021270296  -0.0015309974   0.0020912571
   3.4099999885   0.0024708225  -0.0016433120   0.0024020833
   3.4149999885   0.0027690508  -0.0017233611   0.0026685406
   3.4199999885   0.0030195430  -0.0017741653   0.0028891814
   3.4249999885   0.0032170534  -0.0017978083   0.0030592024
   3.4299999885   0.0033541751  -0.0017951416   0.0031714726
   3.4349999885   0.0034233241  -0.0017660948   0.0032186903
   3.4399999884   0.0034192468  -0.0017104745   0.0031960762
   3.4449999884   0.0033413447  -0.0016289968   0.0031038400
   3.4499999884   0.0031951397  -0.0015242248   0.0029486952
   3.4549999884   0.0029924202  -0.0014011047   0.0027439296
   3.4599999884   0.0027499509  -0.0012668970   0.0025079141
   3.4649999884   0.0024870098  -0.0011304648   0.0022613432
   3.4699999883   0.0022223298  -0.0010010567   0.0020238447
   3.4749999883   0.0019711885  -0.0008868658   0.0018107745
   3.4799999883   0.0017433529  -0.0007937157   0.0016309767
   3.4849999883   0.0015423646  -0.0007241997   0.0014860464
   3.4899999883   0.0013663020  -0.0006774890   0.0013712448
   3.4949999883   0.0012097610  -0.0006498546   0.0012777891
   3.4999999882   0.0010664853  -0.0006357644   0.0011958850
   3.5049999882   0.0009319118  -0.0006292718   0.0011176853
   3.5099999882   0.0008049351  -0.0006253387   0.0010393950
   3.5149999882   0.0006884236  -0.0006207668   0.0009619899
   3.5199999882   0.0005883760  -0.0006145163   0.0008904052
   3.5249999882   0.0005119856  -0.0006073696   0.0008314784
   3.5299999881   0.0004651905  -0.0006010732   0.0007912747
   3.5349999881   0.0004504298  -0.0005972349   0.0007725928
   3.5399999881   0.0004652686  -0.0005963156   0.0007733936
   3.5449999881   0.0005023136  -0.0005970240   0.0007866340
   3.5499999881   0.0005504791  -0.0005963026   0.0008015878
   3.5549999881   0.0005972848  -0.0005899247   0.0008063134
   3.5599999880   0.0006315773  -0.0005735414   0.0007906017
   3.5649999880   0.0006459463  -0.0005438911   0.0007485921
   3.5699999880   0.0006381848  -0.0004998272   0.0006803277
   3.5749999880   0.0006114079  -0.0004428681   0.0005918104
   3.5799999880   0.0005728089  -0.0003770999   0.0004935256
   3.5849999880   0.0005314080  -0.0003084372   0.0003978291
   3.5899999879   0.0004954194  -0.0002434227   0.0003158987
   3.5949999879   0.0004699623  -0.0001878719   0.0002550744
   3.5999999879   0.0004557381  -0.0001457098   0.0002172955
   3.6049999879   0.0004490198  -0.0001182934   0.0001990382
   3.6099999879   0.0004429301  -0.0001043808   0.0001927366
   3.6149999879   0.0004296278  -0.0001007317   0.0001892583
   3.6199999878   0.0004027674  -0.0001031555   0.0001807174
   3.6249999878   0.0003595315  -0.0001077072   0.0001628217
   3.6299999878   0.0003016582  -0.0001117003   0.0001360879
   3.6349999878   0.0002351753  -0.0001142662   0.0001055918
   3.6399999878   0.0001689180  -0.0001163250   0.0000793334
   3.6449999878   0.0001122460  -0.0001200016   0.0000656955
   3.6499999877   0.0000725989  -0.0001276776   0.0000707320
   3.6549999877   0.0000535680  -0.0001409711   0.0000960684
   3.6599999877   0.0000540122  -0.0001599496   0.0001380270
   3.6649999877   0.0000684526  -0.0001828137   0.0001882410
   3.6699999877   0.0000886198  -0.0002061484   0.0002356048
   3.6749999877   0.0001057148  -0.0002256773   0.0002690296
   3.6799999876   0.0001127500  -0.0002373114   0.0002802514
   3.6849999876   0.0001063286  -0.0002381991   0.0002659211
   3.6899999876   0.0000873868  -0.0002274854   0.0002284097
   3.6949999876   0.0000607201  -0.0002065701   0.0001751177
   3.6999999876   0.0000334567  -0.0001787925   0.0001164920
   3.7049999876   0.0000129273  -0.0001486311   0.0000633018
   3.7099999875   0.0000045396  -0.0001206360   0.0000239243
   3.7149999875   0.0000102480  -0.0000983824   0.0000023700
   3.7199999875   0.0000280278  -0.0000837205  -0.0000024392
   3.7249999875   0.0000524762  -0.0000765116   0.0000040193
   3.7299999875   0.0000763415  -0.0000749001   0.0000137316
   3.7349999875   0.0000925311  -0.0000760259   0.0000186300
   3.7399999874   0.0000960283  -0.0000769595   0.0000129838
   3.7449999874   0.0000851876  -0.0000755933  -0.0000049704
   3.7499999874   0.0000620697  -0.0000712391  -0.0000325926
   3.7549999874   0.0000317535  -0.0000647736  -0.0000636927
   3.7599999874   0.0000008487  -0.0000583072  -0.0000903949
   3.7649999874  -0.0000243496  -0.0000544840  -0.0001054670
   3.7699999873  -0.0000395400  -0.0000556233  -0.0001044421
   3.7749999873  -0.0000434675  -0.0000629543  -0.0000869399
   3.7799999873  -0.0000380801  -0.0000761606  -0.0000568279
   3.7849999873  -0.0000277806  -0.0000933646  -0.0000211982
   3.7899999873  -0.0000180184  -0.0001115519   0.0000115358
   3.7949999873  -0.0000136428  -0.0001273164   0.0000338798
   3.7999999872  -0.0000174913  -0.0001377187   0.0000412114
   3.8049999872  -0.0000296039  -0.0001410229   0.0000329181
   3.8099999872  -0.0000472658  -0.0001371153   0.0000124268
   3.8149999872  -0.0000658420  -0.0001274983  -0.0000138501
   3.8199999872  -0.0000801446  -0.0001148706  -0.0000383377
   3.8249999872  -0.0000859374  -0.0001024146  -0.0000543685
   3.8299999871  -0.0000811514  -0.0000929885  -0.0000579330
   3.8349999871  -0.0000664823  -0.0000884370  -0.0000486441
   3.8399999871  -0.0000452210  -0.0000891983  -0.0000296837
   3.8449999871  -0.0000223819  -0.0000942970  -0.0000067824
   3.8499999871  -0.0000033869  -0.0001017074   0.0000134550
   3.8549999871   0.0000073295  -0.0001089742   0.0000253991
   3.8599999870   0.0000074168  -0.0001139121   0.0000259120
   3.8649999870  -0.0000028730  -0.0001151943   0.0000151306
   3.8699999870  -0.0000208599  -0.0001126767  -0.0000036694
   3.8749999870  -0.0000422293  -0.0001073823  -0.0000250592
   3.8799999870  -0.0000622076  -0.0001011655  -0.0000429975
   3.8849999870  -0.0000767956  -0.0000961590  -0.0000524936
   3.8899999869  -0.0000837346  -0.0000941633  -0.0000509426
   3.8949999869  -0.0000829670  -0.0000961437  -0.0000387881
   3.8999999869  -0.0000764969  -0.0001019688  -0.0000193593
   3.9049999869  -0.0000677212  -0.0001104515   0.0000020482
   3.9099999869  -0.0000604303  -0.0001196736   0.0000195815
   3.9149999869  -0.0000577597  -0.0001274991   0.0000283448
   3.9199999868  -0.0000613641  -0.0001321358   0.0000256252
   3.9249999868  -0.0000710194  -0.0001325966   0.0000115218
   3.9299999868  -0.0000847346  -0.0001289435  -0.0000111580
   3.9349999868  -0.0000993197  -0.0001222564  -0.0000376830
   3.9399999868  -0.0001112460  -0.0001143447  -0.0000626366
   3.9449999868  -0.0001175644  -0.0001072802  -0.0000812782
   3.9499999867  -0.0001166498  -0.0001028779  -0.0000906789
   3.9549999867  -0.0001085889  -0.0001022565  -0.0000903552
   3.9599999867  -0.0000951296  -0.0001055857  -0.0000822631
   3.9649999867  -0.0000792218  -0.0001120801  -0.0000701793
   3.9699999867  -0.0000642748  -0.0001202294  -0.0000586510
   3.9749999867  -0.0000533270  -0.0001282021  -0.0000517943
   3.9799999866  -0.0000483298  -0.0001343134  -0.0000522487
   3.9849999866  -0.0000497180  -0.0001374400  -0.0000605459
   3.9899999866  -0.0000563600  -0.0001372779  -0.0000750363
   3.9949999866  -0.0000658883  -0.0001343845  -0.0000923750
   3.9999999866  -0.0000753191  -0.0001300008  -0.0001084292
   4.0049999866  -0.0000818029  -0.0001257035  -0.0001193666
   4.0099999865  -0.0000833204  -0.0001229803  -0.0001226476
   4.0149999865  -0.0000791577  -0.0001228373  -0.0001176717
   4.0199999865  -0.0000700466  -0.0001255374  -0.0001059223
   4.0249999865  -0.0000579461  -0.0001305349  -0.0000905790
   4.0299999865  -0.0000455216  -0.0001366212  -0.0000757033
   4.0349999864  -0.0000354573  -0.0001422421  -0.0000652059
   4.0399999864  -0.0000297738  -0.0001459067  -0.0000618587
   4.0449999864  -0.0000293230  -0.0001465812  -0.0000665992
   4.0499999864  -0.0000335860  -0.0001439687  -0.0000783030
   4.0549999864  -0.0000408244  -0.0001386014  -0.0000940780
   4.0599999864  -0.0000485463  -0.0001317226  -0.0001100041
   4.0649999863  -0.0000541676  -0.0001249848  -0.0001221290
   4.0699999863  -0.0000556976  -0.0001200427  -0.0001274658
   4.0749999863  -0.0000522723  -0.0001181435  -0.0001247373
   4.0799999863  -0.0000443933  -0.0001198192  -0.0001146786
   4.0849999863  -0.0000338086  -0.0001247625  -0.0000998201
   4.0899999863  -0.0000230630  -0.0001319160  -0.0000838106
   4.0949999862  -0.0000148323  -0.0001397543  -0.0000704553
   4.0999999862  -0.0000112167  -0.0001466842  -0.0000627223
   4.1049999862  -0.0000131799  -0.0001514571  -0.0000619750
   4.1099999862  -0.0000202851  -0.0001534858  -0.0000676335
   4.1149999862  -0.0000308023  -0.0001529809  -0.0000773530
   4.1199999862  -0.0000421614  -0.0001508691  -0.0000876708
   4.1249999861  -0.0000516349  -0.0001485181  -0.0000949524
   4.1299999861  -0.0000570679  -0.0001473394  -0.0000963830
   4.1349999861  -0.0000574603  -0.0001483789  -0.0000907412
   4.1399999861  -0.0000532430  -0.0001520072  -0.0000787485
   4.1449999861  -0.0000461692  -0.0001577937  -0.0000628989
   4.1499999861  -0.0000388487  -0.0001646027  -0.0000468130
   4.1549999860  -0.0000340448  -0.0001708866  -0.0000342876
   4.1599999860  -0.0000339233  -0.0001750981  -0.0000282931
   4.1649999860  -0.0000394527  -0.0001761137  -0.0000301840
   4.1699999860  -0.0000501192  -0.0001735515  -0.0000393327
   4.1749999860  -0.0000640319  -0.0001678998  -0.0000532833
   4.1799999860  -0.0000783913  -0.0001604195  -0.0000683815
   4.1849999859  -0.0000901966  -0.0001528452  -0.0000807153
   4.1899999859  -0.0000970024  -0.0001469620  -0.0000871151
   4.1949999859  -0.0000975258  -0.0001441686  -0.0000859517
   4.1999999859  -0.0000919441  -0.0001451382  -0.0000775264
   4.2049999859  -0.0000818103  -0.0001496653  -0.0000639565
   4.2099999859  -0.0000696151  -0.0001567335  -0.0000485944
   4.2149999858  -0.0000581183  -0.0001647859  -0.0000351417
   4.2199999858  -0.0000496324  -0.0001721237  -0.0000266946
   4.2249999858  -0.0000454486  -0.0001773317  -0.0000249714
   4.2299999858  -0.0000455560  -0.0001796187  -0.0000299195
   4.2349999858  -0.0000487193  -0.0001789913  -0.0000397934
   4.2399999858  -0.0000528853  -0.0001762190  -0.0000516713
   4.2449999857  -0.0000558020  -0.0001726064  -0.0000622631
   4.2499999857  -0.0000556779  -0.0001696352  -0.0000687898
   4.2549999857  -0.0000517046  -0.0001685725  -0.0000697038
   4.2599999857  -0.0000443074  -0.0001701481  -0.0000650663
   4.2649999857  -0.0000350616  -0.0001743806  -0.0000564947
   4.2699999857  -0.0000263054  -0.0001805964  -0.0000467053
   4.2749999856  -0.0000205551  -0.0001876298  -0.0000387834
   4.2799999856  -0.0000198819  -0.0001941490  -0.0000353770
   4.2849999856  -0.0000254090  -0.0001990179  -0.0000380261
   4.2899999856  -0.0000370560  -0.0002015997  -0.0000467952
   4.2949999856  -0.0000535875  -0.0002019210  -0.0000602946
   4.2999999856  -0.0000729421  -0.0002006578  -0.0000760730
   4.3049999855  -0.0000927482  -0.0001989483  -0.0000912691
   4.3099999855  -0.0001108868  -0.0001980866  -0.0001033464
   4.3149999855  -0.0001259564  -0.0001991786  -0.0001107196
   4.3199999855  -0.0001375235  -0.0002028513  -0.0001131154
   4.3249999855  -0.0001461045  -0.0002090918  -0.0001115812
   4.3299999855  -0.0001528915  -0.0002172528  -0.0001081488
   4.3349999854  -0.0001593054  -0.0002262224  -0.0001052460
   4.3399999854  -0.0001664961  -0.0002347089  -0.0001050136
   4.3449999854  -0.0001749255  -0.0002415653  -0.0001087010
   4.3499999854  -0.0001841389  -0.0002460692  -0.0001162970
   4.3549999854  -0.0001927864  -0.0002480896  -0.0001264825
   4.3599999854  -0.0001988851  -0.0002481001  -0.0001369165
   4.3649999853  -0.0002002587  -0.0002470425  -0.0001447796
   4.3699999853  -0.0001950417  -0.0002460772  -0.0001474384
   4.3749999853  -0.0001821272  -0.0002462890  -0.0001430666
   4.3799999853  -0.0001614487  -0.0002484207  -0.0001310725
   4.3849999853  -0.0001340317  -0.0002527006  -0.0001122341
   4.3899999853  -0.0001018071  -0.0002588010  -0.0000885141
   4.3949999852  -0.0000672371  -0.0002659373  -0.0000626085
   4.3999999852  -0.0000328465  -0.0002730750  -0.0000373462
   4.4049999852  -0.0000007767  -0.0002791951  -0.0000150889
   4.4099999852   0.0000275350  -0.0002835496   0.0000027198
   4.4149999852   0.0000514761  -0.0002858458   0.0000157502
   4.4199999852   0.0000711602  -0.0002863152   0.0000246858
   4.4249999851   0.0000871454  -0.0002856513   0.0000308601
   4.4299999851   0.0001000482  -0.0002848329   0.0000357319
   4.4349999851   0.0001101641  -0.0002848764   0.0000403412
   4.4399999851   0.0001171964  -0.0002865790   0.0000448895
   4.4449999851   0.0001201742  -0.0002903168   0.0000485617
   4.4499999851   0.0001175867  -0.0002959500   0.0000496400
   4.4549999850   0.0001077097  -0.0003028585   0.0000458886
   4.4599999850   0.0000890456  -0.0003101017   0.0000351168
   4.4649999850   0.0000607700  -0.0003166625   0.0000157794
   4.4699999850   0.0000230728  -0.0003217123  -0.0000125364
   4.4749999850  -0.0000226981  -0.0003248306  -0.0000488660
   4.4799999850  -0.0000741287  -0.0003261200  -0.0000909294
   4.4849999849  -0.0001280532  -0.0003261863  -0.0001354899
   4.4899999849  -0.0001810184  -0.0003259878  -0.0001789269
   4.4949999849  -0.0002297903  -0.0003265921  -0.0002178814
   4.4999999849  -0.0002717862  -0.0003289031  -0.0002498207
   4.5049999849  -0.0003053371  -0.0003334288  -0.0002733871
   4.5099999849  -0.0003297288  -0.0003401493  -0.0002884554
   4.5149999848  -0.0003450332  -0.0003485190  -0.0002959003
   4.5199999848  -0.0003517896  -0.0003575999  -0.0002971486
   4.5249999848  -0.0003506406  -0.0003662926  -0.0002936472
   4.5299999848  -0.0003420284  -0.0003736026  -0.0002863954
   4.5349999848  -0.0003260406  -0.0003788777  -0.0002756673
   4.5399999848  -0.0003024495  -0.0003819554  -0.0002609971
   4.5449999847  -0.0002709287  -0.0003831874  -0.0002414246
   4.5499999847  -0.0002313859  -0.0003833372  -0.0002159292
   4.5549999847  -0.0001843121  -0.0003833802  -0.0001839294
   4.5599999847  -0.0001310458  -0.0003842577  -0.0001457085
   4.5649999847  -0.0000738703  -0.0003866461  -0.0001026491
   4.5699999847  -0.0000159059  -0.0003908011  -0.0000572084
   4.5749999846   0.0000391903  -0.0003965108  -0.0000126335
   4.5799999846   0.0000876574  -0.0004031721   0.0000275186
   4.5849999846   0.0001261059  -0.0004099670   0.0000599466
   4.5899999846   0.0001519385  -0.0004160957   0.0000821267
   4.5949999846   0.0001636343  -0.0004210062   0.0000926760
   4.5999999846   0.0001608489  -0.0004245609   0.0000914855
   4.6049999845   0.0001443276  -0.0004270979   0.0000796043
   4.6099999845   0.0001156655  -0.0004293676   0.0000589175
   4.6149999845   0.0000769841  -0.0004323612   0.0000317028
   4.6199999845   0.0000306000  -0.0004370718   0.0000001767
   4.6249999845  -0.0000212404  -0.0004442503  -0.0000338637
   4.6299999845  -0.0000765121  -0.0004542172  -0.0000692286
   4.6349999844  -0.0001334324  -0.0004667796  -0.0001053184
   4.6399999844  -0.0001903727  -0.0004812745  -0.0001419265
   4.6449999844  -0.0002457085  -0.0004967243  -0.0001789266
   4.6499999844  -0.0002976733  -0.0005120649  -0.0002159413
   4.6549999844  -0.0003442795  -0.0005263843  -0.0002520896
   4.6599999844  -0.0003833506  -0.0005391112  -0.0002858934
   4.6649999843  -0.0004126812  -0.0005501061  -0.0003153795
   4.6699999843  -0.0004303028  -0.0005596365  -0.0003383633
   4.6749999843  -0.0004348033  -0.0005682467  -0.0003528516
   4.6799999843  -0.0004256300  -0.0005765640  -0.0003574707
   4.6849999843  -0.0004033021  -0.0005850944  -0.0003518152
   4.6899999843  -0.0003694761  -0.0005940630  -0.0003366281
   4.6949999842  -0.0003268394  -0.0006033411  -0.0003137664
   4.6999999842  -0.0002788432  -0.0006124746  -0.0002859509
   4.7049999842  -0.0002293212  -0.0006208056  -0.0002563552
   4.7099999842  -0.0001820658  -0.0006276514  -0.0002281216
   4.7149999842  -0.0001404380  -0.0006324965  -0.0002039090
   4.7199999841  -0.0001070776  -0.0006351482  -0.0001855655
   4.7249999841  -0.0000837537  -0.0006358191  -0.0001739877
   4.7299999841  -0.0000713634  -0.0006351171  -0.0001691829
   4.7349999841  -0.0000700529  -0.0006339464  -0.0001705001
   4.7399999841  -0.0000794112  -0.0006333428  -0.0001769618
   4.7449999841  -0.0000986777  -0.0006342818  -0.0001876055
   4.7499999840  -0.0001269071  -0.0006375013  -0.0002017488
   4.7549999840  -0.0001630555  -0.0006433785  -0.0002191137
   4.7599999840  -0.0002059773  -0.0006518864  -0.0002397858
   4.7649999840  -0.0002543495  -0.0006626346  -0.0002640264
   4.7699999840  -0.0003065636  -0.0006749827  -0.0002919958
   4.7749999840  -0.0003606378  -0.0006881940  -0.0003234686
   4.7799999839  -0.0004141987  -0.0007015926  -0.0003576278
   4.7849999839  -0.0004645673  -0.0007146825  -0.0003930033
   4.7899999839  -0.0005089589  -0.0007272046  -0.0004275896
   4.7949999839  -0.0005447733  -0.0007391182  -0.0004591261
   4.7999999839  -0.0005699278  -0.0007505182  -0.0004854851
   4.8049999839  -0.0005831667  -0.0007615137  -0.0005050786
   4.8099999838  -0.0005842796  -0.0007721053  -0.0005171854
   4.8149999838  -0.0005741762  -0.0007820951  -0.0005221177
   4.8199999838  -0.0005547949  -0.0007910594  -0.0005211804
   4.8249999838  -0.0005288568  -0.0007983908  -0.0005164257
   4.8299999838  -0.0004995105  -0.0008034063  -0.0005102588
   4.8349999838  -0.0004699386  -0.0008054950  -0.0005049810
   4.8399999837  -0.0004429971  -0.0008042752  -0.0005023753
   4.8449999837  -0.0004209523  -0.0007997244  -0.0005034241
   4.8499999837  -0.0004053493  -0.0007922557  -0.0005082153
   4.8549999837  -0.0003970123  -0.0007827238  -0.0005160413
   4.8599999837  -0.0003961463  -0.0007723579  -0.0005256526
   4.8649999837  -0.0004024884  -0.0007626365  -0.0005355864
   4.8699999836  -0.0004154519  -0.0007551257  -0.0005444818
   4.8749999836  -0.0004342186  -0.0007513123  -0.0005513000
   4.8799999836  -0.0004577577  -0.0007524605  -0.0005554030
   4.8849999836  -0.0004847796  -0.0007595158  -0.0005564819
   4.8899999836  -0.0005136555  -0.0007730689  -0.0005543731
   4.8949999836  -0.0005423502  -0.0007933753  -0.0005488263
   4.8999999835  -0.0005684135  -0.0008204174  -0.0005393028
   4.9049999835  -0.0005890641  -0.0008539805  -0.0005248729
   4.9099999835  -0.0006013756  -0.0008937131  -0.0005042548
   4.9149999835  -0.0006025472  -0.0009391453  -0.0004759980
   4.9199999835  -0.0005902216  -0.0009896501  -0.0004387805
   4.9249999835  -0.0005627931  -0.0010443507  -0.0003917541
   4.9299999834  -0.0005196541  -0.0011019925  -0.0003348614
   4.9349999834  -0.0004613316  -0.0011608149  -0.0002690490
   4.9399999834  -0.0003894907  -0.0012184602  -0.0001963249
   4.9449999834  -0.0003068044  -0.0012719533  -0.0001196387
   4.9499999834  -0.0002167142  -0.0013177729  -0.0000426026
   4.9549999834  -0.0001231248  -0.0013520117   0.0000308934
   4.9599999833  -0.0000300848  -0.0013706054   0.0000971022
   4.9649999833   0.0000584999  -0.0013695946   0.0001527953
   4.9699999833   0.0001390821  -0.0013453764   0.0001955294
   4.9749999833   0.0002086047  -0.0012949095   0.0002237674
   4.9799999833   0.0002645518  -0.0012158467   0.0002368487
   4.9849999833   0.0003049429  -0.0011065899   0.0002348419
   4.9899999832   0.0003283011  -0.0009662803   0.0002183333
   4.9949999832   0.0003336272  -0.0007947480   0.0001882148
   4.9999999832   0.0003204021  -0.0005924540   0.0001455291
   5.0049999832   0.0002886230  -0.0003604507   0.0000914044
   5.0099999832   0.0002388654  -0.0001003793   0.0000270844
   5.0149999832   0.0001723470   0.0001854939  -0.0000459697
   5.0199999831   0.0000909656   0.0004942172  -0.0001259533
   5.0249999831  -0.0000027146   0.0008220926  -0.0002106206
   5.0299999831  -0.0001055463   0.0011646484  -0.0002972641
   5.0349999831  -0.0002139530   0.0015166725  -0.0003828017
   5.0399999831  -0.0003241417   0.0018723276  -0.0004639737
   5.0449999831  -0.0004323489   0.0022253531  -0.0005376267
   5.0499999830  -0.0005350876   0.0025693406  -0.0006010373
   5.0549999830  -0.0006293623   0.0028980546  -0.0006522173
   5.0599999830  -0.0007128224   0.0032057590  -0.0006901415
   5.0649999830  -0.0007838395   0.0034875094  -0.0007148533
   5.0699999830  -0.0008415000   0.0037393731  -0.0007274222
   5.0749999830  -0.0008855251   0.0039585599  -0.0007297599
   5.0799999829  -0.0009161368   0.0041434578  -0.0007243246
   5.0849999829  -0.0009338979   0.0042935906  -0.0007137661
   5.0899999829  -0.0009395570   0.0044095259  -0.0007005745
   5.0949999829  -0.0009339259   0.0044927638  -0.0006867931
   5.0999999829  -0.0009178051   0.0045456350  -0.0006738399
   5.1049999829  -0.0008919664   0.0045712230  -0.0006624579
   5.1099999828  -0.0008571815   0.0045733073  -0.0006527847
   5.1149999828  -0.0008142787   0.0045563128  -0.0006445070
   5.1199999828  -0.0007642015   0.0045252392  -0.0006370463
   5.1249999828  -0.0007080423   0.0044855451  -0.0006297221
   5.1299999828  -0.0006470335   0.0044429716  -0.0006218448
   5.1349999828  -0.0005824888   0.0044033020  -0.0006127209
   5.1399999827  -0.0005157034   0.0043720727  -0.0006015731
   5.1449999827  -0.0004478330   0.0043542662  -0.0005874130
   5.1499999827  -0.0003797805   0.0043540195  -0.0005689163
   5.1549999827  -0.0003121171   0.0043743871  -0.0005443563
   5.1599999827  -0.0002450564   0.0044171845  -0.0005116372
   5.1649999827  -0.0001784878   0.0044829278  -0.0004684459
   5.1699999826  -0.0001120582   0.0045708684  -0.0004125077
   5.1749999826  -0.0000452793   0.0046791103  -0.0003419016
   5.1799999826   0.0000223710   0.0048047852  -0.0002553735
   5.1849999826   0.0000913800   0.0049442592  -0.0001525790
   5.1899999826   0.0001621853   0.0050933469  -0.0000341995
   5.1949999826   0.0002352168   0.0052475101   0.0000980978
   5.1999999825   0.0003109834   0.0054020330   0.0002418521
   5.2049999825   0.0003901776   0.0055521671   0.0003941188
   5.2099999825   0.0004737645   0.0056932523   0.0005518350
   5.2149999825   0.0005630234   0.0058208219   0.0007121714
   5.2199999825   0.0006595177   0.0059307032   0.0008728058
   5.2249999825   0.0007649877   0.0060191210   0.0010320745
   5.2299999824   0.0008811767   0.0060828066   0.0011889891
   5.2349999824   0.0010096167   0.0061191096   0.0013431331
   5.2399999824   0.0011514112   0.0061260990   0.0014944849
   5.2449999824   0.0013070525   0.0061026355   0.0016432201
   5.2499999824   0.0014763043   0.0060483974   0.0017895501
   5.2549999824   0.0016581692   0.0059638423   0.0019336356
   5.2599999823   0.0018509395   0.0058500994   0.0020755895
   5.2649999823   0.0020523180   0.0057087953   0.0022155557
   5.2699999823   0.0022595824   0.0055418342   0.0023538273
   5.2749999823   0.0024697603   0.0053511591   0.0024909524
   5.2799999823   0.0026797889   0.0051385293   0.0026277800
   5.2849999823   0.0028866381   0.0049053471   0.0027654090
   5.2899999822   0.0030873920   0.0046525544   0.0029050321
   5.2949999822   0.0032792947   0.0043806129   0.0030476915
   5.2999999822   0.0034597765   0.0040895580   0.0031939912
   5.3049999822   0.0036264798   0.0037791099   0.0033438248
   5.3099999822   0.0037773024   0.0034488144   0.0034961796
   5.3149999822   0.0039104667   0.0030981842   0.0036490646
   5.3199999821   0.0040246112   0.0027268205   0.0037995866
   5.3249999821   0.0041188907   0.0023344998   0.0039441657
   5.3299999821   0.0041930606   0.0019212278   0.0040788564
   5.3349999821   0.0042475201   0.0014872685   0.0041997148
   5.3399999821   0.0042832924   0.0010331638   0.0043031486
   5.3449999821   0.0043019290   0.0005597593   0.0043861920
   5.3499999820   0.0043053422   0.0000682458   0.0044466645
   5.3549999820   0.0042955817  -0.0004397808   0.0044832045
   5.3599999820   0.0042745873  -0.0009622497   0.0044951906
   5.3649999820   0.0042439533  -0.0014965514   0.0044825931
   5.3699999820   0.0042047405  -0.0020394990   0.0044458015
   5.3749999820   0.0041573644  -0.0025873336   0.0043854797
   5.3799999819   0.0041015732  -0.0031357869   0.0043024811
   5.3849999819   0.0040365130  -0.0036802039   0.0041978349
   5.3899999819   0.0039608644  -0.0042157153   0.0040727934
   5.3949999819   0.0038730217  -0.0047374434   0.0039289052
   5.3999999819   0.0037712860  -0.0052407116   0.0037680747
   5.4049999818   0.0036540433  -0.0057212321   0.0035925667
   5.4099999818   0.0035199106  -0.0061752454   0.0034049327
   5.4149999818   0.0033678426  -0.0065995985   0.0032078534
   5.4199999818   0.0031972041  -0.0069917578   0.0030039209
   5.4249999818   0.0030078188  -0.0073497671   0.0027953980
   5.4299999818   0.0028000060  -0.0076721697   0.0025840061
   5.4349999817   0.0025746146  -0.0079579191   0.0023707874
   5.4399999817   0.0023330551  -0.0082063000   0.0021560750
   5.4449999817   0.0020773201  -0.0084168748   0.0019395802
   5.4499999817   0.0018099809  -0.0085894610   0.0017205829
   5.4549999817   0.0015341432  -0.0087241340   0.0014981908
   5.4599999817   0.0012533512  -0.0088212405   0.0012716178
   5.4649999816   0.0009714352  -0.0088814085   0.0010404326
   5.4699999816   0.0006923119  -0.0089055367   0.0008047360
   5.4749999816   0.0004197549  -0.0088947581   0.0005652425
   5.4799999816   0.0001571611  -0.0088503801   0.0003232620
   5.4849999816  -0.0000926581  -0.0087738103   0.0000805972
   5.4899999816  -0.0003276334  -0.0086664848  -0.0001606163
   5.4949999815  -0.0005465255  -0.0085298171  -0.0003980887
   5.4999999815  -0.0007489326  -0.0083651794  -0.0006295424
   5.5049999815  -0.0009352217  -0.0081739221  -0.0008528388
   5.5099999815  -0.0011063947  -0.0079574270  -0.0010660545
   5.5149999815  -0.0012639074  -0.0077171834  -0.0012675073
   5.5199999815  -0.0014094677  -0.0074548669  -0.0014557470
   5.5249999814  -0.0015448334  -0.0071724040  -0.0016295318
   5.5299999814  -0.0016716319  -0.0068720048  -0.0017878128
   5.5349999814  -0.0017912180  -0.0065561556  -0.0019297449
   5.5399999814  -0.0019045772  -0.0062275690  -0.0020547325
   5.5449999814  -0.0020122772  -0.0058890994  -0.0021625038
   5.5499999814  -0.0021144618  -0.0055436368  -0.0022531989
   5.5549999813  -0.0022108799  -0.0051939959  -0.0023274443
   5.5599999813  -0.0023009372  -0.0048428163  -0.0023863874
   5.5649999813  -0.0023837615  -0.0044924891  -0.0024316685
   5.5699999813  -0.0024582761  -0.0041451149  -0.0024653173
   5.5749999813  -0.0025232775  -0.0038024955  -0.0024895808
   5.5799999813  -0.0025775187  -0.0034661532  -0.0025067014
   5.5849999812  -0.0026198016  -0.0031373666  -0.0025186804
   5.5899999812  -0.0026490791  -0.0028172124  -0.0025270653
   5.5949999812  -0.0026645646  -0.0025066000  -0.0025327988
   5.5999999812  -0.0026658415  -0.0022062930  -0.0025361571
   5.6049999812  -0.0026529602  -0.0019169150  -0.0025367857
   5.6099999812  -0.0026265066  -0.0016389432  -0.0025338274
   5.6149999811  -0.0025876272  -0.0013726974  -0.0025261157
   5.6199999811  -0.0025379999  -0.0011183328  -0.0025124001
   5.6249999811  -0.0024797457  -0.0008758459  -0.0024915637
   5.6299999811  -0.0024152872  -0.0006450981  -0.0024627983
   5.6349999811  -0.0023471683  -0.0004258553  -0.0024257151
   5.6399999811  -0.0022778550  -0.0002178404  -0.0023803806
   5.6449999810  -0.0022095404  -0.0000207873  -0.0023272847
   5.6499999810  -0.0021439800   0.0001655132  -0.0022672587
   5.6549999810  -0.0020823729   0.0003411843  -0.0022013677
   5.6599999810  -0.0020253041   0.0005062595  -0.0021308046
   5.6649999810  -0.0019727492   0.0006607018  -0.0020568052
   5.6699999810  -0.0019241401   0.0008044448  -0.0019805971
   5.6749999809  -0.0018784774   0.0009374454  -0.0019033813
   5.6799999809  -0.0018344769   0.0010597374  -0.0018263374
   5.6849999809  -0.0017907283   0.0011714766  -0.0017506331
   5.6899999809  -0.0017458517   0.0012729662  -0.0016774188
   5.6949999809  -0.0016986339   0.0013646597  -0.0016077920
   5.6999999809  -0.0016481350   0.0014471389  -0.0015427240
   5.7049999808  -0.0015937585   0.0015210729  -0.0014829549
   5.7099999808  -0.0015352869   0.0015871644  -0.0014288758
   5.7149999808  -0.0014728829   0.0016460941  -0.0013804239
   5.7199999808  -0.0014070653   0.0016984731  -0.0013370219
   5.7249999808  -0.0013386648   0.0017448113  -0.0012975846
   5.7299999808  -0.0012687652   0.0017855054  -0.0012606071
   5.7349999807  -0.0011986333   0.0018208477  -0.0012243300
   5.7399999807  -0.0011296389   0.0018510491  -0.0011869597
   5.7449999807  -0.0010631646   0.0018762699  -0.0011469096
   5.7499999807  -0.0010005071   0.0018966495  -0.0011030182
   5.7549999807  -0.0009427723   0.0019123272  -0.0010547063
   5.7599999807  -0.0008907730   0.0019234506  -0.0010020436
   5.7649999806  -0.0008449385   0.0019301713  -0.0009457149
   5.7699999806  -0.0008052501   0.0019326334  -0.0008868955
   5.7749999806  -0.0007712165   0.0019309625  -0.0008270634
   5.7799999806  -0.0007418978   0.0019252600  -0.0007677857
   5.7849999806  -0.0007159831   0.0019156124  -0.0007105201
   5.7899999806  -0.0006919166   0.0019021122  -0.0006564637
   5.7949999805  -0.0006680583   0.0018848912  -0.0006064676
   5.7999999805  -0.0006428608   0.0018641564  -0.0005610209
   5.8049999805  -0.0006150358   0.0018402209  -0.0005202877
   5.8099999805  -0.0005836890   0.0018135205  -0.0004841761
   5.8149999805  -0.0005484040   0.0017846114  -0.0004524114
   5.8199999805  -0.0005092667   0.0017541457  -0.0004245919
   5.8249999804  -0.0004668293   0.0017228299  -0.0004002164
   5.8299999804  -0.0004220256   0.0016913715  -0.0003786841
   5.8349999804  -0.0003760532   0.0016604239  -0.0003592810
   5.8399999804  -0.0003302426   0.0016305378  -0.0003411696
   5.8449999804  -0.0002859315   0.0016021268  -0.0003234034
   5.8499999804  -0.0002443572   0.0015754512  -0.0003049780
   5.8549999803  -0.0002065751   0.0015506207  -0.0002849238
   5.8599999803  -0.0001734029   0.0015276128  -0.0002624280
   5.8649999803  -0.0001453864   0.0015063018  -0.0002369680
   5.8699999803  -0.0001227827   0.0014864925  -0.0002084281
   5.8749999803  -0.0001055533   0.0014679510  -0.0001771738
   5.8799999803  -0.0000933682   0.0014504293  -0.0001440608
   5.8849999802  -0.0000856189   0.0014336807  -0.0001103703
   5.8899999802  -0.0000814480   0.0014174654  -0.0000776733
   5.8949999802  -0.0000797965   0.0014015494  -0.0000476419
   5.8999999802  -0.0000794735   0.0013857008  -0.0000218362
   5.9049999802  -0.0000792469   0.0013696858  -0.0000014977
   5.9099999802  -0.0000779485   0.0013532688   0.0000126145
   5.9149999801  -0.0000745827   0.0013362189   0.0000203230
   5.9199999801  -0.0000684270   0.0013183204   0.0000220511
   5.9249999801  -0.0000591072   0.0012993882   0.0000187617
   5.9299999801  -0.0000466378   0.0012792837   0.0000118297
   5.9349999801  -0.0000314177   0.0012579282   0.0000028712
   5.9399999801  -0.0000141812   0.0012353120  -0.0000064417
   5.9449999800   0.0000040917   0.0012114964  -0.0000145536
   5.9499999800   0.0000222944   0.0011866076  -0.0000201608
   5.9549999800   0.0000393269   0.0011608239  -0.0000222984
   5.9599999800   0.0000542263   0.0011343569  -0.0000203744
   5.9649999800   0.0000662768   0.0011074282  -0.0000141599
   5.9699999800   0.0000750870   0.0010802480  -0.0000037488
   5.9749999799   0.0000806239   0.0010529952   0.0000104955
   5.9799999799   0.0000832019   0.0010258069   0.0000279912
   5.9849999799   0.0000834302   0.0009987768   0.0000479789
   5.9899999799   0.0000821280   0.0009719646   0.0000695493
   5.9949999799   0.0000802192   0.0009454154   0.0000916646
