   0.0000000000   0.0000000000   0.0000000000   0.0000000000
   0.0050000000   0.0000000000   0.0000000000   0.0000000000
   0.0100000000   0.0000000000   0.0000000000   0.0000000000
   0.0149999999   0.0000000000   0.0000000000   0.0000000000
   0.0199999999   0.0000000000   0.0000000000   0.0000000000
   0.0249999999   0.0000000000   0.0000000000   0.0000000000
   0.0299999999   0.0000000000   0.0000000000   0.0000000000
   0.0349999999   0.0000000000   0.0000000000   0.0000000000
   0.0399999999   0.0000000000   0.0000000000   0.0000000000
   0.0449999998   0.0000000000   0.0000000000   0.0000000000
   0.0499999998   0.0000000000   0.0000000000   0.0000000000
   0.0549999998   0.0000000000   0.0000000000   0.0000000000
   0.0599999998   0.0000000000   0.0000000000   0.0000000000
   0.0649999998   0.0000000000   0.0000000000   0.0000000000
   0.0699999998   0.0000000000   0.0000000000   0.0000000000
   0.0749999997   0.0000000000   0.0000000000   0.0000000000
   0.0799999997   0.0000000000   0.0000000000   0.0000000000
   0.0849999997   0.0000000000   0.0000000000   0.0000000000
   0.0899999997   0.0000000000   0.0000000000  -0.0000000000
   0.0949999997   0.0000000000  -0.0000000000   0.0000000000
   0.0999999997  -0.0000000000   0.0000000000  -0.0000000000
   0.1049999996  -0.0000000000  -0.0000000000  -0.0000000000
   0.1099999996  -0.0000000000   0.0000000000  -0.0000000000
   0.1149999996  -0.0000000000   0.0000000000  -0.0000000000
   0.1199999996  -0.0000000000   0.0000000000  -0.0000000000
   0.1249999996  -0.0000000000   0.0000000000  -0.0000000000
   0.1299999996  -0.0000000000   0.0000000000  -0.0000000000
   0.1349999995  -0.0000000000   0.0000000000  -0.0000000000
   0.1399999995   0.0000000000   0.0000000000   0.0000000000
   0.1449999995   0.0000000000  -0.0000000000   0.0000000000
   0.1499999995   0.0000000000  -0.0000000000   0.0000000000
   0.1549999995   0.0000000000  -0.0000000000   0.0000000000
   0.1599999995   0.0000000000  -0.0000000000   0.0000000000
   0.1649999994   0.0000000000  -0.0000000000   0.0000000000
   0.1699999994   0.0000000000  -0.0000000000   0.0000000000
   0.1749999994   0.0000000000  -0.0000000000   0.0000000000
   0.1799999994   0.0000000000  -0.0000000000   0.0000000000
   0.1849999994   0.0000000000  -0.0000000000   0.0000000000
   0.1899999994   0.0000000000  -0.0000000000   0.0000000000
   0.1949999993   0.0000000000  -0.0000000000   0.0000000000
   0.1999999993   0.0000000000  -0.0000000000   0.0000000000
   0.2049999993   0.0000000000  -0.0000000000   0.0000000000
   0.2099999993   0.0000000000  -0.0000000000   0.0000000000
   0.2149999993   0.0000000000  -0.0000000000   0.0000000000
   0.2199999993   0.0000000000  -0.0000000000   0.0000000000
   0.2249999992  -0.0000000000   0.0000000000  -0.0000000000
   0.2299999992  -0.0000000000   0.0000000000  -0.0000000000
   0.2349999992  -0.0000000000   0.0000000000  -0.0000000000
   0.2399999992  -0.0000000000   0.0000000000  -0.0000000000
   0.2449999992  -0.0000000000   0.0000000000  -0.0000000000
   0.2499999992  -0.0000000000   0.0000000000  -0.0000000000
   0.2549999991  -0.0000000000   0.0000000000  -0.0000000000
   0.2599999991   0.0000000000  -0.0000000000   0.0000000000
   0.2649999991   0.0000000000  -0.0000000000   0.0000000000
   0.2699999991   0.0000000000  -0.0000000000   0.0000000000
   0.2749999991   0.0000000000  -0.0000000000   0.0000000000
   0.2799999991   0.0000000000  -0.0000000000   0.0000000000
   0.2849999990   0.0000000000  -0.0000000000   0.0000000000
   0.2899999990   0.0000000000  -0.0000000000   0.0000000000
   0.2949999990   0.0000000000  -0.0000000000   0.0000000000
   0.2999999990   0.0000000000  -0.0000000000   0.0000000000
   0.3049999990   0.0000000000  -0.0000000000   0.0000000000
   0.3099999990   0.0000000000  -0.0000000000   0.0000000000
   0.3149999989   0.0000000000  -0.0000000000   0.0000000000
   0.3199999989   0.0000000000  -0.0000000000   0.0000000000
   0.3249999989   0.0000000000  -0.0000000000   0.0000000000
   0.3299999989   0.0000000000  -0.0000000000   0.0000000000
   0.3349999989   0.0000000000  -0.0000000000   0.0000000000
   0.3399999989   0.0000000000  -0.0000000000   0.0000000000
   0.3449999988   0.0000000000  -0.0000000000   0.0000000000
   0.3499999988   0.0000000000  -0.0000000000   0.0000000000
   0.3549999988   0.0000000000  -0.0000000000   0.0000000000
   0.3599999988   0.0000000000  -0.0000000000   0.0000000000
   0.3649999988   0.0000000000  -0.0000000000   0.0000000000
   0.3699999988   0.0000000000  -0.0000000000   0.0000000000
   0.3749999987   0.0000000000  -0.0000000000   0.0000000000
   0.3799999987   0.0000000000  -0.0000000000   0.0000000000
   0.3849999987   0.0000000000  -0.0000000000   0.0000000000
   0.3899999987   0.0000000000  -0.0000000000   0.0000000000
   0.3949999987   0.0000000000  -0.0000000000   0.0000000000
   0.3999999987   0.0000000000  -0.0000000000   0.0000000000
   0.4049999986   0.0000000000  -0.0000000000   0.0000000000
   0.4099999986   0.0000000000   0.0000000000   0.0000000000
   0.4149999986   0.0000000000   0.0000000000   0.0000000000
   0.4199999986  -0.0000000000   0.0000000000  -0.0000000000
   0.4249999986  -0.0000000000   0.0000000000  -0.0000000000
   0.4299999986  -0.0000000000   0.0000000000  -0.0000000000
   0.4349999985  -0.0000000000   0.0000000000  -0.0000000000
   0.4399999985  -0.0000000000   0.0000000000  -0.0000000000
   0.4449999985  -0.0000000000   0.0000000000  -0.0000000000
   0.4499999985  -0.0000000000   0.0000000000  -0.0000000000
   0.4549999985  -0.0000000000   0.0000000000  -0.0000000000
   0.4599999985  -0.0000000000   0.0000000000  -0.0000000000
   0.4649999984  -0.0000000000   0.0000000000  -0.0000000000
   0.4699999984  -0.0000000000   0.0000000000  -0.0000000000
   0.4749999984  -0.0000000000   0.0000000000  -0.0000000000
   0.4799999984  -0.0000000000   0.0000000000  -0.0000000000
   0.4849999984  -0.0000000000   0.0000000000  -0.0000000000
   0.4899999984  -0.0000000000   0.0000000000  -0.0000000000
   0.4949999983  -0.0000000000   0.0000000000  -0.0000000000
   0.4999999983  -0.0000000000   0.0000000000  -0.0000000000
   0.5049999983  -0.0000000000   0.0000000000  -0.0000000000
   0.5099999983  -0.0000000000   0.0000000000  -0.0000000000
   0.5149999983  -0.0000000000   0.0000000000  -0.0000000000
   0.5199999983  -0.0000000000   0.0000000000  -0.0000000000
   0.5249999982  -0.0000000000   0.0000000000  -0.0000000000
   0.5299999982  -0.0000000000   0.0000000000  -0.0000000000
   0.5349999982  -0.0000000000   0.0000000000  -0.0000000000
   0.5399999982  -0.0000000000   0.0000000000  -0.0000000000
   0.5449999982  -0.0000000000   0.0000000000  -0.0000000000
   0.5499999982  -0.0000000000   0.0000000000  -0.0000000000
   0.5549999981  -0.0000000000   0.0000000000  -0.0000000000
   0.5599999981  -0.0000000000   0.0000000000  -0.0000000000
   0.5649999981  -0.0000000000   0.0000000000  -0.0000000000
   0.5699999981  -0.0000000000   0.0000000000  -0.0000000000
   0.5749999981  -0.0000000000   0.0000000000  -0.0000000000
   0.5799999981  -0.0000000000   0.0000000000  -0.0000000000
   0.5849999980  -0.0000000000   0.0000000000  -0.0000000000
   0.5899999980  -0.0000000000   0.0000000000  -0.0000000000
   0.5949999980  -0.0000000000   0.0000000000  -0.0000000000
   0.5999999980  -0.0000000000   0.0000000000  -0.0000000000
   0.6049999980  -0.0000000000   0.0000000000  -0.0000000000
   0.6099999980  -0.0000000000   0.0000000000  -0.0000000000
   0.6149999979   0.0000000000   0.0000000000   0.0000000000
   0.6199999979   0.0000000000   0.0000000000   0.0000000000
   0.6249999979   0.0000000000   0.0000000000   0.0000000000
   0.6299999979   0.0000000000   0.0000000000   0.0000000000
   0.6349999979   0.0000000000   0.0000000000   0.0000000000
   0.6399999979   0.0000000000   0.0000000000   0.0000000000
   0.6449999978   0.0000000000   0.0000000000   0.0000000000
   0.6499999978   0.0000000000   0.0000000000   0.0000000000
   0.6549999978   0.0000000000   0.0000000000   0.0000000000
   0.6599999978   0.0000000000   0.0000000000   0.0000000000
   0.6649999978   0.0000000000   0.0000000000   0.0000000000
   0.6699999978   0.0000000000   0.0000000000   0.0000000000
   0.6749999977   0.0000000000   0.0000000000   0.0000000000
   0.6799999977   0.0000000000  -0.0000000000   0.0000000000
   0.6849999977   0.0000000000  -0.0000000000   0.0000000000
   0.6899999977   0.0000000000  -0.0000000000   0.0000000000
   0.6949999977   0.0000000000  -0.0000000000   0.0000000000
   0.6999999976  -0.0000000000  -0.0000000000  -0.0000000000
   0.7049999976  -0.0000000000  -0.0000000000  -0.0000000000
   0.7099999976  -0.0000000000  -0.0000000000  -0.0000000000
   0.7149999976  -0.0000000000  -0.0000000000  -0.0000000000
   0.7199999976  -0.0000000000  -0.0000000000  -0.0000000000
   0.7249999976  -0.0000000000  -0.0000000000  -0.0000000000
   0.7299999975  -0.0000000000  -0.0000000000  -0.0000000000
   0.7349999975  -0.0000000000  -0.0000000000  -0.0000000000
   0.7399999975  -0.0000000000  -0.0000000000  -0.0000000000
   0.7449999975  -0.0000000000   0.0000000000  -0.0000000000
   0.7499999975  -0.0000000000   0.0000000000  -0.0000000000
   0.7549999975   0.0000000000   0.0000000000   0.0000000000
   0.7599999974   0.0000000000   0.0000000000   0.0000000000
   0.7649999974   0.0000000000   0.0000000000   0.0000000000
   0.7699999974   0.0000000000   0.0000000000   0.0000000000
   0.7749999974   0.0000000000   0.0000000000   0.0000000000
   0.7799999974   0.0000000000   0.0000000000   0.0000000000
   0.7849999974   0.0000000000   0.0000000000   0.0000000000
   0.7899999973   0.0000000000   0.0000000000   0.0000000000
   0.7949999973   0.0000000000   0.0000000000   0.0000000000
   0.7999999973   0.0000000000   0.0000000000   0.0000000000
   0.8049999973   0.0000000000   0.0000000000   0.0000000000
   0.8099999973   0.0000000000   0.0000000000   0.0000000000
   0.8149999973   0.0000000000   0.0000000000   0.0000000000
   0.8199999972   0.0000000000   0.0000000000   0.0000000000
   0.8249999972   0.0000000000   0.0000000000   0.0000000000
   0.8299999972   0.0000000000   0.0000000000   0.0000000000
   0.8349999972   0.0000000000   0.0000000000   0.0000000000
   0.8399999972   0.0000000000   0.0000000000   0.0000000000
   0.8449999972   0.0000000000   0.0000000000   0.0000000000
   0.8499999971   0.0000000000   0.0000000000   0.0000000000
   0.8549999971   0.0000000000   0.0000000000   0.0000000000
   0.8599999971   0.0000000000   0.0000000000   0.0000000000
   0.8649999971   0.0000000000   0.0000000000   0.0000000000
   0.8699999971   0.0000000000   0.0000000000   0.0000000000
   0.8749999971   0.0000000000   0.0000000000   0.0000000000
   0.8799999970   0.0000000000   0.0000000000   0.0000000000
   0.8849999970   0.0000000000   0.0000000000   0.0000000000
   0.8899999970   0.0000000000   0.0000000000   0.0000000000
   0.8949999970   0.0000000000   0.0000000000   0.0000000000
   0.8999999970   0.0000000000   0.0000000000   0.0000000000
   0.9049999970   0.0000000000   0.0000000000   0.0000000000
   0.9099999969   0.0000000000   0.0000000000   0.0000000000
   0.9149999969   0.0000000000   0.0000000000   0.0000000000
   0.9199999969   0.0000000000   0.0000000000   0.0000000000
   0.9249999969   0.0000000000   0.0000000000   0.0000000000
   0.9299999969   0.0000000000   0.0000000000   0.0000000000
   0.9349999969   0.0000000000   0.0000000000   0.0000000000
   0.9399999968   0.0000000000   0.0000000000   0.0000000000
   0.9449999968   0.0000000000   0.0000000000   0.0000000000
   0.9499999968   0.0000000000   0.0000000000   0.0000000000
   0.9549999968   0.0000000000   0.0000000000   0.0000000000
   0.9599999968   0.0000000000   0.0000000000   0.0000000000
   0.9649999968   0.0000000000   0.0000000000   0.0000000000
   0.9699999967   0.0000000000   0.0000000000   0.0000000000
   0.9749999967   0.0000000000   0.0000000000   0.0000000000
   0.9799999967   0.0000000000   0.0000000000   0.0000000000
   0.9849999967   0.0000000000   0.0000000000   0.0000000000
   0.9899999967   0.0000000000   0.0000000000   0.0000000000
   0.9949999967   0.0000000000   0.0000000000   0.0000000000
   0.9999999966   0.0000000000   0.0000000000   0.0000000000
   1.0049999966   0.0000000000   0.0000000000   0.0000000000
   1.0099999966   0.0000000000   0.0000000000   0.0000000000
   1.0149999966   0.0000000000   0.0000000000   0.0000000000
   1.0199999966   0.0000000000   0.0000000000   0.0000000000
   1.0249999966   0.0000000000   0.0000000000   0.0000000000
   1.0299999965   0.0000000000   0.0000000000   0.0000000000
   1.0349999965   0.0000000000   0.0000000000   0.0000000000
   1.0399999965   0.0000000000   0.0000000000   0.0000000000
   1.0449999965   0.0000000000   0.0000000000   0.0000000000
   1.0499999965   0.0000000000   0.0000000000   0.0000000000
   1.0549999965   0.0000000000   0.0000000000   0.0000000000
   1.0599999964   0.0000000000   0.0000000000   0.0000000000
   1.0649999964   0.0000000000   0.0000000000   0.0000000000
   1.0699999964   0.0000000000   0.0000000000   0.0000000000
   1.0749999964   0.0000000000   0.0000000000   0.0000000000
   1.0799999964   0.0000000000   0.0000000000   0.0000000000
   1.0849999964   0.0000000000   0.0000000000   0.0000000000
   1.0899999963   0.0000000000   0.0000000000   0.0000000000
   1.0949999963   0.0000000000   0.0000000000   0.0000000000
   1.0999999963   0.0000000000   0.0000000000   0.0000000000
   1.1049999963   0.0000000000   0.0000000000   0.0000000000
   1.1099999963   0.0000000000   0.0000000000   0.0000000000
   1.1149999963   0.0000000000   0.0000000000   0.0000000000
   1.1199999962   0.0000000000   0.0000000000   0.0000000000
   1.1249999962   0.0000000000   0.0000000000   0.0000000000
   1.1299999962   0.0000000000   0.0000000000   0.0000000000
   1.1349999962   0.0000000000   0.0000000000   0.0000000000
   1.1399999962   0.0000000000   0.0000000000   0.0000000000
   1.1449999962   0.0000000000   0.0000000000   0.0000000000
   1.1499999961   0.0000000000   0.0000000000   0.0000000000
   1.1549999961   0.0000000000   0.0000000000  -0.0000000000
   1.1599999961  -0.0000000000  -0.0000000000  -0.0000000000
   1.1649999961  -0.0000000000  -0.0000000000  -0.0000000000
   1.1699999961  -0.0000000000  -0.0000000000  -0.0000000000
   1.1749999961  -0.0000000000  -0.0000000000  -0.0000000000
   1.1799999960  -0.0000000000  -0.0000000000  -0.0000000000
   1.1849999960  -0.0000000000  -0.0000000000  -0.0000000000
   1.1899999960  -0.0000000000  -0.0000000000  -0.0000000000
   1.1949999960  -0.0000000000  -0.0000000000  -0.0000000000
   1.1999999960  -0.0000000000  -0.0000000000  -0.0000000000
   1.2049999960  -0.0000000000  -0.0000000000  -0.0000000000
   1.2099999959  -0.0000000000  -0.0000000000  -0.0000000000
   1.2149999959  -0.0000000000  -0.0000000000  -0.0000000000
   1.2199999959  -0.0000000000  -0.0000000000  -0.0000000000
   1.2249999959  -0.0000000000  -0.0000000000  -0.0000000000
   1.2299999959  -0.0000000000  -0.0000000000  -0.0000000000
   1.2349999959   0.0000000000   0.0000000000   0.0000000000
   1.2399999958   0.0000000000   0.0000000000   0.0000000000
   1.2449999958   0.0000000000   0.0000000000   0.0000000000
   1.2499999958   0.0000000000   0.0000000000   0.0000000000
   1.2549999958   0.0000000000   0.0000000000   0.0000000000
   1.2599999958   0.0000000000   0.0000000000   0.0000000000
   1.2649999958   0.0000000000   0.0000000000   0.0000000000
   1.2699999957   0.0000000000   0.0000000000   0.0000000000
   1.2749999957   0.0000000000   0.0000000000   0.0000000000
   1.2799999957   0.0000000000   0.0000000000   0.0000000000
   1.2849999957   0.0000000000   0.0000000000   0.0000000000
   1.2899999957   0.0000000000   0.0000000000   0.0000000000
   1.2949999957   0.0000000000   0.0000000000   0.0000000000
   1.2999999956   0.0000000000  -0.0000000000  -0.0000000000
   1.3049999956  -0.0000000000  -0.0000000000  -0.0000000000
   1.3099999956  -0.0000000000  -0.0000000000  -0.0000000000
   1.3149999956  -0.0000000000  -0.0000000000  -0.0000000000
   1.3199999956  -0.0000000000  -0.0000000000  -0.0000000000
   1.3249999956  -0.0000000000  -0.0000000000  -0.0000000000
   1.3299999955  -0.0000000000  -0.0000000000  -0.0000000000
   1.3349999955  -0.0000000000  -0.0000000000  -0.0000000000
   1.3399999955  -0.0000000000  -0.0000000000  -0.0000000000
   1.3449999955  -0.0000000000  -0.0000000000  -0.0000000000
   1.3499999955  -0.0000000000  -0.0000000000  -0.0000000000
   1.3549999954  -0.0000000000  -0.0000000000  -0.0000000000
   1.3599999954  -0.0000000000  -0.0000000000   0.0000000000
   1.3649999954   0.0000000000   0.0000000000   0.0000000000
   1.3699999954   0.0000000000   0.0000000000   0.0000000000
   1.3749999954   0.0000000000   0.0000000000   0.0000000000
   1.3799999954   0.0000000000   0.0000000000   0.0000000000
   1.3849999953   0.0000000000   0.0000000000   0.0000000000
   1.3899999953   0.0000000000   0.0000000000   0.0000000000
   1.3949999953   0.0000000000   0.0000000000   0.0000000000
   1.3999999953   0.0000000000   0.0000000000   0.0000000000
   1.4049999953   0.0000000000   0.0000000000   0.0000000000
   1.4099999953   0.0000000000   0.0000000000   0.0000000000
   1.4149999952   0.0000000000   0.0000000000  -0.0000000000
   1.4199999952  -0.0000000000  -0.0000000000  -0.0000000000
   1.4249999952  -0.0000000000  -0.0000000000  -0.0000000000
   1.4299999952  -0.0000000000  -0.0000000000  -0.0000000000
   1.4349999952  -0.0000000000  -0.0000000000  -0.0000000000
   1.4399999952  -0.0000000000  -0.0000000000  -0.0000000000
   1.4449999951  -0.0000000000  -0.0000000000  -0.0000000000
   1.4499999951  -0.0000000000  -0.0000000000  -0.0000000000
   1.4549999951  -0.0000000000  -0.0000000000  -0.0000000000
   1.4599999951  -0.0000000000  -0.0000000000  -0.0000000000
   1.4649999951  -0.0000000000  -0.0000000000  -0.0000000000
   1.4699999951   0.0000000000  -0.0000000000   0.0000000000
   1.4749999950   0.0000000000   0.0000000000   0.0000000000
   1.4799999950   0.0000000000   0.0000000000   0.0000000000
   1.4849999950   0.0000000000   0.0000000000   0.0000000000
   1.4899999950   0.0000000000   0.0000000000   0.0000000000
   1.4949999950   0.0000000000   0.0000000000   0.0000000000
   1.4999999950   0.0000000000   0.0000000000   0.0000000000
   1.5049999949   0.0000000000   0.0000000000   0.0000000000
   1.5099999949   0.0000000000   0.0000000000   0.0000000000
   1.5149999949   0.0000000000   0.0000000000   0.0000000000
   1.5199999949   0.0000000000   0.0000000000  -0.0000000000
   1.5249999949  -0.0000000000  -0.0000000000  -0.0000000000
   1.5299999949  -0.0000000000  -0.0000000000  -0.0000000000
   1.5349999948  -0.0000000000  -0.0000000000  -0.0000000000
   1.5399999948  -0.0000000000  -0.0000000000  -0.0000000000
   1.5449999948  -0.0000000000  -0.0000000000  -0.0000000000
   1.5499999948  -0.0000000000  -0.0000000000  -0.0000000000
   1.5549999948  -0.0000000000  -0.0000000000  -0.0000000000
   1.5599999948  -0.0000000000  -0.0000000000  -0.0000000000
   1.5649999947  -0.0000000000  -0.0000000000  -0.0000000000
   1.5699999947   0.0000000000   0.0000000000   0.0000000000
   1.5749999947   0.0000000000   0.0000000000   0.0000000000
   1.5799999947   0.0000000000   0.0000000000   0.0000000000
   1.5849999947   0.0000000000   0.0000000000   0.0000000000
   1.5899999947   0.0000000000   0.0000000000   0.0000000000
   1.5949999946   0.0000000000   0.0000000000   0.0000000000
   1.5999999946   0.0000000000   0.0000000000   0.0000000000
   1.6049999946   0.0000000000   0.0000000000   0.0000000000
   1.6099999946   0.0000000000   0.0000000000   0.0000000000
   1.6149999946   0.0000000000   0.0000000000   0.0000000000
   1.6199999946   0.0000000000   0.0000000000  -0.0000000000
   1.6249999945  -0.0000000000  -0.0000000000  -0.0000000000
   1.6299999945  -0.0000000000  -0.0000000000  -0.0000000000
   1.6349999945  -0.0000000000  -0.0000000000  -0.0000000000
   1.6399999945  -0.0000000000  -0.0000000000  -0.0000000000
   1.6449999945  -0.0000000000  -0.0000000000  -0.0000000000
   1.6499999945  -0.0000000000  -0.0000000000  -0.0000000000
   1.6549999944  -0.0000000000  -0.0000000000  -0.0000000000
   1.6599999944  -0.0000000000  -0.0000000000  -0.0000000000
   1.6649999944  -0.0000000000  -0.0000000000  -0.0000000000
   1.6699999944  -0.0000000000  -0.0000000000  -0.0000000000
   1.6749999944  -0.0000000000  -0.0000000000  -0.0000000000
   1.6799999944  -0.0000000000  -0.0000000000  -0.0000000000
   1.6849999943  -0.0000000000  -0.0000000000  -0.0000000000
   1.6899999943  -0.0000000000  -0.0000000000  -0.0000000000
   1.6949999943  -0.0000000000  -0.0000000000  -0.0000000000
   1.6999999943  -0.0000000000  -0.0000000000  -0.0000000000
   1.7049999943  -0.0000000000  -0.0000000000  -0.0000000000
   1.7099999943  -0.0000000000  -0.0000000000  -0.0000000000
   1.7149999942  -0.0000000000  -0.0000000000  -0.0000000000
   1.7199999942   0.0000000000   0.0000000000   0.0000000000
   1.7249999942   0.0000000000   0.0000000000   0.0000000000
   1.7299999942   0.0000000000   0.0000000000   0.0000000000
   1.7349999942   0.0000000000   0.0000000000   0.0000000000
   1.7399999942   0.0000000000   0.0000000000   0.0000000000
   1.7449999941   0.0000000000   0.0000000000   0.0000000000
   1.7499999941   0.0000000000   0.0000000000   0.0000000000
   1.7549999941   0.0000000000   0.0000000000   0.0000000000
   1.7599999941   0.0000000000   0.0000000000   0.0000000000
   1.7649999941   0.0000000000   0.0000000000   0.0000000000
   1.7699999941   0.0000000000   0.0000000000   0.0000000000
   1.7749999940   0.0000000000   0.0000000000   0.0000000000
   1.7799999940  -0.0000000000  -0.0000000000  -0.0000000000
   1.7849999940  -0.0000000000  -0.0000000000  -0.0000000000
   1.7899999940  -0.0000000000  -0.0000000000  -0.0000000000
   1.7949999940  -0.0000000000  -0.0000000000  -0.0000000000
   1.7999999940  -0.0000000000  -0.0000000000  -0.0000000000
   1.8049999939  -0.0000000000  -0.0000000000  -0.0000000000
   1.8099999939  -0.0000000000  -0.0000000000  -0.0000000000
   1.8149999939  -0.0000000000  -0.0000000000  -0.0000000000
   1.8199999939  -0.0000000000  -0.0000000000  -0.0000000000
   1.8249999939  -0.0000000000  -0.0000000000  -0.0000000000
   1.8299999939  -0.0000000000  -0.0000000000  -0.0000000000
   1.8349999938   0.0000000000  -0.0000000000   0.0000000000
   1.8399999938   0.0000000000   0.0000000000   0.0000000000
   1.8449999938   0.0000000000   0.0000000000   0.0000000000
   1.8499999938   0.0000000000   0.0000000000   0.0000000000
   1.8549999938   0.0000000000   0.0000000000   0.0000000000
   1.8599999938   0.0000000000   0.0000000000   0.0000000000
   1.8649999937   0.0000000000   0.0000000000   0.0000000000
   1.8699999937   0.0000000000   0.0000000000   0.0000000000
   1.8749999937   0.0000000000   0.0000000000   0.0000000000
   1.8799999937   0.0000000000   0.0000000000   0.0000000000
   1.8849999937   0.0000000000   0.0000000000   0.0000000000
   1.8899999937  -0.0000000000  -0.0000000000  -0.0000000000
   1.8949999936  -0.0000000000  -0.0000000000  -0.0000000000
   1.8999999936  -0.0000000000  -0.0000000000  -0.0000000000
   1.9049999936  -0.0000000000  -0.0000000000  -0.0000000000
   1.9099999936  -0.0000000000  -0.0000000000  -0.0000000000
   1.9149999936  -0.0000000000  -0.0000000000  -0.0000000000
   1.9199999936  -0.0000000000  -0.0000000000  -0.0000000000
   1.9249999935  -0.0000000000  -0.0000000000  -0.0000000000
   1.9299999935  -0.0000000000  -0.0000000000  -0.0000000000
   1.9349999935  -0.0000000000  -0.0000000000  -0.0000000000
   1.9399999935   0.0000000000  -0.0000000000   0.0000000000
   1.9449999935   0.0000000000   0.0000000000   0.0000000000
   1.9499999935   0.0000000000   0.0000000000   0.0000000000
   1.9549999934   0.0000000001   0.0000000000   0.0000000000
   1.9599999934   0.0000000001   0.0000000000   0.0000000001
   1.9649999934   0.0000000001   0.0000000000   0.0000000001
   1.9699999934   0.0000000001   0.0000000000   0.0000000000
   1.9749999934   0.0000000001   0.0000000000   0.0000000000
   1.9799999934   0.0000000000   0.0000000000   0.0000000000
   1.9849999933   0.0000000000   0.0000000000  -0.0000000000
   1.9899999933  -0.0000000000  -0.0000000000  -0.0000000000
   1.9949999933  -0.0000000000  -0.0000000000  -0.0000000000
   1.9999999933  -0.0000000001  -0.0000000000  -0.0000000001
   2.0049999933  -0.0000000001  -0.0000000000  -0.0000000001
   2.0099999933  -0.0000000001  -0.0000000001  -0.0000000001
   2.0149999932  -0.0000000001  -0.0000000001  -0.0000000001
   2.0199999932  -0.0000000001  -0.0000000000  -0.0000000000
   2.0249999932  -0.0000000000  -0.0000000000  -0.0000000000
   2.0299999932   0.0000000000  -0.0000000000   0.0000000000
   2.0349999932   0.0000000000   0.0000000000   0.0000000000
   2.0399999931   0.0000000001   0.0000000000   0.0000000001
   2.0449999931   0.0000000001   0.0000000000   0.0000000001
   2.0499999931   0.0000000001   0.0000000001   0.0000000001
   2.0549999931   0.0000000001   0.0000000001   0.0000000001
   2.0599999931   0.0000000001   0.0000000001   0.0000000000
   2.0649999931   0.0000000000   0.0000000000   0.0000000000
   2.0699999930  -0.0000000000   0.0000000000  -0.0000000000
   2.0749999930  -0.0000000001  -0.0000000000  -0.0000000001
   2.0799999930  -0.0000000001  -0.0000000000  -0.0000000001
   2.0849999930  -0.0000000001  -0.0000000001  -0.0000000001
   2.0899999930  -0.0000000001  -0.0000000001  -0.0000000001
   2.0949999930  -0.0000000001  -0.0000000001  -0.0000000001
   2.0999999929  -0.0000000001  -0.0000000001  -0.0000000000
   2.1049999929  -0.0000000000  -0.0000000000   0.0000000000
   2.1099999929   0.0000000000  -0.0000000000   0.0000000001
   2.1149999929   0.0000000001   0.0000000000   0.0000000001
   2.1199999929   0.0000000001   0.0000000000   0.0000000001
   2.1249999929   0.0000000002   0.0000000001   0.0000000001
   2.1299999928   0.0000000002   0.0000000001   0.0000000001
   2.1349999928   0.0000000001   0.0000000001   0.0000000001
   2.1399999928   0.0000000001   0.0000000001   0.0000000000
   2.1449999928   0.0000000000   0.0000000000  -0.0000000000
   2.1499999928  -0.0000000001  -0.0000000000  -0.0000000001
   2.1549999928  -0.0000000001  -0.0000000000  -0.0000000001
   2.1599999927  -0.0000000002  -0.0000000001  -0.0000000002
   2.1649999927  -0.0000000002  -0.0000000001  -0.0000000002
   2.1699999927  -0.0000000002  -0.0000000001  -0.0000000001
   2.1749999927  -0.0000000002  -0.0000000001  -0.0000000001
   2.1799999927  -0.0000000001  -0.0000000001  -0.0000000000
   2.1849999927  -0.0000000000  -0.0000000000   0.0000000001
   2.1899999926   0.0000000001   0.0000000000   0.0000000001
   2.1949999926   0.0000000001   0.0000000000   0.0000000001
   2.1999999926   0.0000000002   0.0000000001   0.0000000001
   2.2049999926   0.0000000002   0.0000000001   0.0000000001
   2.2099999926   0.0000000002   0.0000000001   0.0000000001
   2.2149999926   0.0000000001   0.0000000001   0.0000000000
   2.2199999925   0.0000000000   0.0000000000  -0.0000000000
   2.2249999925  -0.0000000000   0.0000000000  -0.0000000001
   2.2299999925  -0.0000000001  -0.0000000000  -0.0000000001
   2.2349999925  -0.0000000001  -0.0000000000  -0.0000000001
   2.2399999925  -0.0000000001  -0.0000000001  -0.0000000001
   2.2449999925  -0.0000000001  -0.0000000001  -0.0000000001
   2.2499999924  -0.0000000001  -0.0000000001  -0.0000000000
   2.2549999924  -0.0000000000  -0.0000000000   0.0000000000
   2.2599999924   0.0000000000  -0.0000000000   0.0000000001
   2.2649999924   0.0000000001   0.0000000000   0.0000000001
   2.2699999924   0.0000000001   0.0000000000   0.0000000001
   2.2749999924   0.0000000001   0.0000000001   0.0000000002
   2.2799999923   0.0000000001   0.0000000001   0.0000000002
   2.2849999923   0.0000000001   0.0000000001   0.0000000002
   2.2899999923   0.0000000001   0.0000000002   0.0000000002
   2.2949999923   0.0000000001   0.0000000002   0.0000000003
   2.2999999923   0.0000000001   0.0000000002   0.0000000003
   2.3049999923   0.0000000001   0.0000000002   0.0000000003
   2.3099999922   0.0000000001   0.0000000002   0.0000000002
   2.3149999922   0.0000000001   0.0000000001   0.0000000002
   2.3199999922   0.0000000001   0.0000000001  -0.0000000000
   2.3249999922   0.0000000000  -0.0000000001  -0.0000000002
   2.3299999922  -0.0000000001  -0.0000000002  -0.0000000005
   2.3349999922  -0.0000000002  -0.0000000004  -0.0000000009
   2.3399999921  -0.0000000004  -0.0000000006  -0.0000000012
   2.3449999921  -0.0000000007  -0.0000000008  -0.0000000015
   2.3499999921  -0.0000000009  -0.0000000010  -0.0000000018
   2.3549999921  -0.0000000012  -0.0000000012  -0.0000000020
   2.3599999921  -0.0000000015  -0.0000000013  -0.0000000022
   2.3649999921  -0.0000000018  -0.0000000013  -0.0000000023
   2.3699999920  -0.0000000021  -0.0000000013  -0.0000000022
   2.3749999920  -0.0000000024  -0.0000000013  -0.0000000022
   2.3799999920  -0.0000000028  -0.0000000011  -0.0000000020
   2.3849999920  -0.0000000030  -0.0000000010  -0.0000000018
   2.3899999920  -0.0000000032  -0.0000000007  -0.0000000015
   2.3949999920  -0.0000000032  -0.0000000004  -0.0000000011
   2.3999999919  -0.0000000029  -0.0000000001  -0.0000000005
   2.4049999919  -0.0000000023   0.0000000003   0.0000000003
   2.4099999919  -0.0000000013   0.0000000009   0.0000000014
   2.4149999919   0.0000000000   0.0000000014   0.0000000026
   2.4199999919   0.0000000017   0.0000000021   0.0000000041
   2.4249999919   0.0000000037   0.0000000028   0.0000000056
   2.4299999918   0.0000000057   0.0000000034   0.0000000071
   2.4349999918   0.0000000076   0.0000000040   0.0000000085
   2.4399999918   0.0000000092   0.0000000044   0.0000000095
   2.4449999918   0.0000000102   0.0000000046   0.0000000102
   2.4499999918   0.0000000106   0.0000000045   0.0000000104
   2.4549999918   0.0000000102   0.0000000041   0.0000000100
   2.4599999917   0.0000000090   0.0000000034   0.0000000091
   2.4649999917   0.0000000072   0.0000000025   0.0000000078
   2.4699999917   0.0000000048   0.0000000015   0.0000000059
   2.4749999917   0.0000000021   0.0000000003   0.0000000036
   2.4799999917  -0.0000000005  -0.0000000008   0.0000000009
   2.4849999917  -0.0000000029  -0.0000000017  -0.0000000023
   2.4899999916  -0.0000000048  -0.0000000023  -0.0000000059
   2.4949999916  -0.0000000059  -0.0000000026  -0.0000000099
   2.4999999916  -0.0000000062  -0.0000000025  -0.0000000142
   2.5049999916  -0.0000000058  -0.0000000021  -0.0000000184
   2.5099999916  -0.0000000048  -0.0000000014  -0.0000000221
   2.5149999916  -0.0000000035  -0.0000000006  -0.0000000244
   2.5199999915  -0.0000000025  -0.0000000000  -0.0000000245
   2.5249999915  -0.0000000024  -0.0000000000  -0.0000000212
   2.5299999915  -0.0000000039  -0.0000000010  -0.0000000136
   2.5349999915  -0.0000000079  -0.0000000034  -0.0000000007
   2.5399999915  -0.0000000151  -0.0000000076   0.0000000180
   2.5449999915  -0.0000000259  -0.0000000141   0.0000000423
   2.5499999914  -0.0000000403  -0.0000000229   0.0000000712
   2.5549999914  -0.0000000576  -0.0000000337   0.0000001024
   2.5599999914  -0.0000000759  -0.0000000456   0.0000001325
   2.5649999914  -0.0000000925  -0.0000000572   0.0000001569
   2.5699999914  -0.0000001035  -0.0000000663   0.0000001698
   2.5749999914  -0.0000001040  -0.0000000700   0.0000001645
   2.5799999913  -0.0000000886  -0.0000000648   0.0000001343
   2.5849999913  -0.0000000520  -0.0000000473   0.0000000730
   2.5899999913   0.0000000104  -0.0000000142  -0.0000000241
   2.5949999913   0.0000001009   0.0000000370  -0.0000001587
   2.5999999913   0.0000002191   0.0000001069  -0.0000003289
   2.6049999913   0.0000003603   0.0000001939  -0.0000005274
   2.6099999912   0.0000005154   0.0000002936  -0.0000007410
   2.6149999912   0.0000006699   0.0000003981  -0.0000009505
   2.6199999912   0.0000008052   0.0000004964  -0.0000011304
   2.6249999912   0.0000008986   0.0000005745  -0.0000012511
   2.6299999912   0.0000009263   0.0000006164  -0.0000012803
   2.6349999912   0.0000008649   0.0000006058  -0.0000011871
   2.6399999911   0.0000006953   0.0000005276  -0.0000009453
   2.6449999911   0.0000004057   0.0000003705  -0.0000005388
   2.6499999911  -0.0000000051   0.0000001293   0.0000000346
   2.6549999911  -0.0000005250  -0.0000001933   0.0000007590
   2.6599999911  -0.0000011269  -0.0000005846   0.0000015981
   2.6649999911  -0.0000017692  -0.0000010215   0.0000024949
   2.6699999910  -0.0000023966  -0.0000014706   0.0000033737
   2.6749999910  -0.0000029446  -0.0000018902   0.0000041454
   2.6799999910  -0.0000033449  -0.0000022329   0.0000047150
   2.6849999910  -0.0000035323  -0.0000024504   0.0000049918
   2.6899999910  -0.0000034532  -0.0000024987   0.0000049009
   2.6949999909  -0.0000030733  -0.0000023439   0.0000043940
   2.6999999909  -0.0000023850  -0.0000019680   0.0000034595
   2.7049999909  -0.0000014122  -0.0000013733   0.0000021298
   2.7099999909  -0.0000002120  -0.0000005856   0.0000004829
   2.7149999909   0.0000011270   0.0000003455  -0.0000013599
   2.7199999909   0.0000024912   0.0000013487  -0.0000032427
   2.7249999908   0.0000037517   0.0000023366  -0.0000049892
   2.7299999908   0.0000047782   0.0000032137  -0.0000064209
   2.7349999908   0.0000054531   0.0000038866  -0.0000073774
   2.7399999908   0.0000056871   0.0000042754  -0.0000077365
   2.7449999908   0.0000054314   0.0000043243  -0.0000074319
   2.7499999908   0.0000046861   0.0000040107  -0.0000064642
   2.7549999907   0.0000035032   0.0000033509  -0.0000049052
   2.7599999907   0.0000019823   0.0000024016  -0.0000028929
   2.7649999907   0.0000002599   0.0000012559  -0.0000006167
   2.7699999907  -0.0000015076   0.0000000352   0.0000017044
   2.7749999907  -0.0000031643  -0.0000011245   0.0000038493
   2.7799999907  -0.0000045763  -0.0000020876   0.0000056246
   2.7849999906  -0.0000056516  -0.0000027361   0.0000068912
   2.7899999906  -0.0000063541  -0.0000029843   0.0000075855
   2.7949999906  -0.0000067106  -0.0000027904   0.0000077300
   2.7999999906  -0.0000068075  -0.0000021628   0.0000074311
   2.8049999906  -0.0000067786  -0.0000011590   0.0000068651
   2.8099999906  -0.0000067841   0.0000001209   0.0000062511
   2.8149999905  -0.0000069845   0.0000015487   0.0000058172
   2.8199999905  -0.0000075121   0.0000029847   0.0000057615
   2.8249999905  -0.0000084456   0.0000042978   0.0000062175
   2.8299999905  -0.0000097915   0.0000053827   0.0000072259
   2.8349999905  -0.0000114762   0.0000061745   0.0000087211
   2.8399999905  -0.0000133498   0.0000066556   0.0000105339
   2.8449999904  -0.0000152033   0.0000068555   0.0000124110
   2.8499999904  -0.0000167955   0.0000068427   0.0000140501
   2.8549999904  -0.0000178882   0.0000067088   0.0000151453
   2.8599999904  -0.0000182812   0.0000065499   0.0000154366
   2.8649999904  -0.0000178454   0.0000064453   0.0000147540
   2.8699999904  -0.0000165447   0.0000064394   0.0000130515
   2.8749999903  -0.0000144457   0.0000065294   0.0000104224
   2.8799999903  -0.0000117109   0.0000066609   0.0000070932
   2.8849999903  -0.0000085768   0.0000067336   0.0000033969
   2.8899999903  -0.0000053197   0.0000066156  -0.0000002725
   2.8949999903  -0.0000022143   0.0000061660  -0.0000035154
   2.8999999903   0.0000005085   0.0000052603  -0.0000059866
   2.9049999902   0.0000026968   0.0000038165  -0.0000074473
   2.9099999902   0.0000042985   0.0000018170  -0.0000078031
   2.9149999902   0.0000053658  -0.0000006777  -0.0000071211
   2.9199999902   0.0000060375  -0.0000035261  -0.0000056242
   2.9249999902   0.0000065040  -0.0000065139  -0.0000036627
   2.9299999902   0.0000069590  -0.0000093729  -0.0000016691
   2.9349999901   0.0000075444  -0.0000118080  -0.0000001029
   2.9399999901   0.0000083021  -0.0000135291   0.0000006072
   2.9449999901   0.0000091402  -0.0000142839   0.0000001153
   2.9499999901   0.0000098264  -0.0000138873  -0.0000017990
   2.9549999901   0.0000100134  -0.0000122463  -0.0000052005
   2.9599999901   0.0000093020  -0.0000093781  -0.0000099790
   2.9649999900   0.0000073359  -0.0000054224  -0.0000158359
   2.9699999900   0.0000039222  -0.0000006491  -0.0000222736
   2.9749999900  -0.0000008404   0.0000045380  -0.0000285839
   2.9799999900  -0.0000064452   0.0000095992  -0.0000338380
   2.9849999900  -0.0000118995   0.0000138629  -0.0000368832
   2.9899999900  -0.0000157109   0.0000165384  -0.0000363625
   2.9949999899  -0.0000159632   0.0000167452  -0.0000307756
   2.9999999899  -0.0000105036   0.0000135708  -0.0000186046
   3.0049999899   0.0000027495   0.0000061663   0.0000014742
   3.0099999899   0.0000253784  -0.0000061099   0.0000302768
   3.0149999899   0.0000579380  -0.0000234953   0.0000676965
   3.0199999899   0.0000993613  -0.0000455770   0.0001122040
   3.0249999898   0.0001463583  -0.0000710096   0.0001603042
   3.0299999898   0.0001928781  -0.0000972251   0.0002060135
   3.0349999898   0.0002297216  -0.0001201724   0.0002404427
   3.0399999898   0.0002443956  -0.0001341375   0.0002515834
   3.0449999898   0.0002212928  -0.0001316986   0.0002243971
   3.0499999898   0.0001422674  -0.0001038687   0.0001412914
   3.0549999897  -0.0000123589  -0.0000404701  -0.0000169609
   3.0599999897  -0.0002623637   0.0000692390  -0.0002698513
   3.0649999897  -0.0006258247   0.0002356878  -0.0006353627
   3.0699999897  -0.0011170693   0.0004679087  -0.0011279067
   3.0749999897  -0.0017445422   0.0007723210  -0.0017561466
   3.0799999897  -0.0025088089   0.0011514934  -0.0025209314
   3.0849999896  -0.0034009311   0.0016030222  -0.0034135947
   3.0899999896  -0.0044014566   0.0021186766  -0.0044148738
   3.0949999896  -0.0054802289   0.0026839544  -0.0054946703
   3.0999999896  -0.0065971612   0.0032781690  -0.0066128050
   3.1049999896  -0.0077040256   0.0038751438  -0.0077208205
   3.1099999896  -0.0087471976   0.0044445261  -0.0087647694
   3.1149999895  -0.0096711740   0.0049536648  -0.0096887969
   3.1199999895  -0.0104225730   0.0053699172  -0.0104392133
   3.1249999895  -0.0109542386   0.0056631893  -0.0109686648
   3.1299999895  -0.0112290257   0.0058084618  -0.0112399670
   3.1349999895  -0.0112228496   0.0057880363  -0.0112291738
   3.1399999895  -0.0109266431   0.0055932465  -0.0109275253
   3.1449999894  -0.0103469840   0.0052254240  -0.0103420345
   3.1499999894  -0.0095053044   0.0046959879  -0.0094946365
   3.1549999894  -0.0084357740   0.0040256232  -0.0084200005
   3.1599999894  -0.0071821166   0.0032426241  -0.0071622779
   3.1649999894  -0.0057937626   0.0023805828  -0.0057711998
   3.1699999894  -0.0043218254   0.0014756860  -0.0042980211
   3.1749999893  -0.0028154066   0.0005639346  -0.0027918212
   3.1799999893  -0.0013186770  -0.0003213947  -0.0012966054
   3.1849999893   0.0001309512  -0.0011517614   0.0001504822
   3.1899999893   0.0015034262  -0.0019046458   0.0015197074
   3.1949999893   0.0027755006  -0.0025640147   0.0027881370
   3.1999999893   0.0039292837  -0.0031200005   0.0039381475
   3.2049999892   0.0049503158  -0.0035679440   0.0049554722
   3.2099999892   0.0058256579  -0.0039070461   0.0058272850
   3.2149999892   0.0065424788  -0.0041389218   0.0065408009
   3.2199999892   0.0070875215  -0.0042663516   0.0070827720
   3.2249999892   0.0074476526  -0.0042924735   0.0074400725
   3.2299999892   0.0076114759  -0.0042205598   0.0076013463
   3.2349999891   0.0075717604  -0.0040544006   0.0075594578
   3.2399999891   0.0073282363  -0.0037991830   0.0073142922
   3.2449999891   0.0068901920  -0.0034626456   0.0068753379
   3.2499999891   0.0062782831  -0.0030562083   0.0062634608
   3.2549999891   0.0055250518  -0.0025957656   0.0055113773
   3.2599999891   0.0046738448  -0.0021018673   0.0046625224
   3.2649999890   0.0037760733  -0.0015991104   0.0037682681
   3.2699999890   0.0028870475  -0.0011147017   0.0028837331
   3.2749999890   0.0020608747  -0.0006763042   0.0020626820
   3.2799999890   0.0013451046  -0.0003094209   0.0013521993
   3.2849999890   0.0007758838  -0.0000346779   0.0007878991
   3.2899999890   0.0003743396   0.0001345881   0.0003903807
   3.2949999889   0.0001447437   0.0001940505   0.0001634718
   3.2999999889   0.0000747463   0.0001491240   0.0000945341
   3.3049999889   0.0001376560   0.0000145473   0.0001567933
   3.3099999889   0.0002964282  -0.0001871681   0.0003133474
   3.3149999889   0.0005087692  -0.0004282383   0.0005222535
   3.3199999889   0.0007326063  -0.0006787295   0.0007419449
   3.3249999888   0.0009311407  -0.0009098791   0.0009362053
   3.3299999888   0.0010767972  -0.0010971730   0.0010780231
   3.3349999888   0.0011535856  -0.0012227784   0.0011518619
   3.3399999888   0.0011576614  -0.0012770394   0.0011541476
   3.3449999888   0.0010961620  -0.0012588881   0.0010920635
   3.3499999888   0.0009846539  -0.0011751892   0.0009809976
   3.3549999887   0.0008437091  -0.0010391821   0.0008411595
   3.3599999887   0.0006952140  -0.0008683028   0.0006939638
   3.3649999887   0.0005589887  -0.0006817254   0.0005587446
   3.3699999887   0.0004501811  -0.0004979741   0.0004502466
   3.3749999887   0.0003777193  -0.0003329029   0.0003771588
   3.3799999886   0.0003439048  -0.0001982577   0.0003417565
   3.3849999886   0.0003450388  -0.0001009260   0.0003405338
   3.3899999886   0.0003728299  -0.0000428722   0.0003655735
   3.3949999886   0.0004162541  -0.0000216647   0.0004063310
   3.3999999886   0.0004635232  -0.0000314388   0.0004515033
   3.4049999886   0.0005038643  -0.0000641083   0.0004907041
   3.4099999885   0.0005288955  -0.0001106400   0.0005157506
   3.4149999885   0.0005334763  -0.0001622307   0.0005214599
   3.4199999885   0.0005160062  -0.0002112645   0.0005059377
   3.4249999885   0.0004782110  -0.0002519746   0.0004704064
   3.4299999885   0.0004245055  -0.0002807747   0.0004186512
   3.4349999885   0.0003610423  -0.0002962641   0.0003561844
   3.4399999884   0.0002945696  -0.0002989411   0.0002892272
   3.4449999884   0.0002312240  -0.0002906821   0.0002236156
   3.4499999884   0.0001753904  -0.0002740687   0.0001637395
   3.4549999884   0.0001287647  -0.0002516578   0.0001116391
   3.4599999884   0.0000897546  -0.0002252999   0.0000663824
   3.4649999884   0.0000533353  -0.0001956128   0.0000238471
   3.4699999883   0.0000114354  -0.0001617016  -0.0000230082
   3.4749999883  -0.0000461358  -0.0001211862  -0.0000833565
   3.4799999883  -0.0001303024  -0.0000705522  -0.0001672554
   3.4849999883  -0.0002510473  -0.0000057854  -0.0002840945
   3.4899999883  -0.0004157060   0.0000768076  -0.0004409731
   3.4949999883  -0.0006275224   0.0001797346  -0.0006412927
   3.4999999882  -0.0008847488   0.0003035732  -0.0008838429
   3.5049999882  -0.0011804960   0.0004465012  -0.0011625923
   3.5099999882  -0.0015034083   0.0006042149  -0.0014672681
   3.5149999882  -0.0018390752   0.0007702748  -0.0017846550
   3.5199999882  -0.0021719352   0.0009368340  -0.0021003818
   3.5249999882  -0.0024873068   0.0010956194  -0.0024008477
   3.5299999881  -0.0027731404   0.0012389787  -0.0026748927
   3.5349999881  -0.0030211287   0.0013607823  -0.0029148576
   3.5399999881  -0.0032269500   0.0014569964  -0.0031168074
   3.5449999881  -0.0033896096   0.0015258133  -0.0032798830
   3.5499999881  -0.0035100601   0.0015673217  -0.0034049545
   3.5549999881  -0.0035894575   0.0015828102  -0.0034929286
   3.5599999880  -0.0036275140   0.0015738844  -0.0035431582
   3.5649999880  -0.0036213971   0.0015416252  -0.0035524002
   3.5699999880  -0.0035655053   0.0014860137  -0.0035146424
   3.5749999880  -0.0034522428   0.0014057834  -0.0034219143
   3.5799999880  -0.0032736649   0.0012987583  -0.0032659494
   3.5849999880  -0.0030236376   0.0011626120  -0.0030403377
   3.5899999879  -0.0027000048   0.0009958710  -0.0027426603
   3.5949999879  -0.0023062246   0.0007989157  -0.0023760702
   3.5999999879  -0.0018520391   0.0005747172  -0.0019498904
   3.6049999879  -0.0013529555   0.0003291024  -0.0014790196
   3.6099999879  -0.0008285930   0.0000704458  -0.0009822149
   3.6149999879  -0.0003002203  -0.0001911800  -0.0004795968
   3.6199999878   0.0002119914  -0.0004452308   0.0000100852
   3.6249999878   0.0006914035  -0.0006820357   0.0004718164
   3.6299999878   0.0011265101  -0.0008939718   0.0008957865
   3.6349999878   0.0015113840  -0.0010762151   0.0012776553
   3.6399999878   0.0018449324  -0.0012269186   0.0016176015
   3.6449999878   0.0021292234  -0.0013468065   0.0019184466
   3.6499999877   0.0023673697  -0.0014383125   0.0021833765
   3.6549999877   0.0025615584  -0.0015045039   0.0024138830
   3.6599999877   0.0027117645  -0.0015480754   0.0026084861
   3.6649999877   0.0028154929  -0.0015706714   0.0027625860
   3.6699999877   0.0028686072  -0.0015727021   0.0028694925
   3.6749999877   0.0028670039  -0.0015536792   0.0029223556
   3.6799999876   0.0028086492  -0.0015129554   0.0029164740
   3.6849999876   0.0026953847  -0.0014506378   0.0028513374
   3.6899999876   0.0025339588  -0.0013683955   0.0027318206
   3.6949999876   0.0023359330  -0.0012699067   0.0025681553
   3.6999999876   0.0021164116  -0.0011607867   0.0023746256
   3.7049999876   0.0018918531  -0.0010479768   0.0021672705
   3.7099999875   0.0016774777  -0.0009387250   0.0019611434
   3.7149999875   0.0014848972  -0.0008394008   0.0017678083
   3.7199999875   0.0013205505  -0.0007544426   0.0015936936
   3.7249999875   0.0011853208  -0.0006857042   0.0014397114
   3.7299999875   0.0010754086  -0.0006323711   0.0013022149
   3.7349999875   0.0009842041  -0.0005914677   0.0011750171
   3.7399999874   0.0009046481  -0.0005588236   0.0010519138
   3.7449999874   0.0008314435  -0.0005302487   0.0009290215
   3.7499999874   0.0007625314  -0.0005026118   0.0008062936
   3.7549999874   0.0006994528  -0.0004745449   0.0006878092
   3.7599999874   0.0006465285  -0.0004466019   0.0005807609
   3.7649999874   0.0006091154  -0.0004208448   0.0004934332
   3.7699999873   0.0005914598  -0.0003999896   0.0004327410
   3.7749999873   0.0005947802  -0.0003863638   0.0004020251
   3.7799999873   0.0006161503  -0.0003809751   0.0003997355
   3.7849999873   0.0006485369  -0.0003829633   0.0004193946
   3.7899999873   0.0006820241  -0.0003895950   0.0004508796
   3.7949999873   0.0007059249  -0.0003968144   0.0004827015
   3.7999999872   0.0007112294  -0.0004002020   0.0005046754
   3.8049999872   0.0006927331  -0.0003960822   0.0005102684
   3.8099999872   0.0006502705  -0.0003824732   0.0004979870
   3.8149999872   0.0005887093  -0.0003596143   0.0004714308
   3.8199999872   0.0005166970  -0.0003299195   0.0004379974
   3.8249999872   0.0004444838  -0.0002973641   0.0004065955
   3.8299999871   0.0003813961  -0.0002664631   0.0003849961
   3.8349999871   0.0003336266  -0.0002411185   0.0003775492
   3.8399999871   0.0003029178  -0.0002236417   0.0003838934
   3.8449999871   0.0002864697  -0.0002142163   0.0003990133
   3.8499999871   0.0002780662  -0.0002109411   0.0004146217
   3.8549999871   0.0002700857  -0.0002104356   0.0004214815
   3.8599999870   0.0002558219  -0.0002088351   0.0004120178
   3.8649999870   0.0002314658  -0.0002028989   0.0003824937
   3.8699999870   0.0001972033  -0.0001909219   0.0003341422
   3.8749999870   0.0001571340  -0.0001732017   0.0002729421
   3.8799999870   0.0001180521  -0.0001519347   0.0002080959
   3.8849999870   0.0000874462  -0.0001305765   0.0001496364
   3.8899999869   0.0000712898  -0.0001128506   0.0001058210
   3.8949999869   0.0000722505  -0.0001016869   0.0000810351
   3.8999999869   0.0000888196  -0.0000983876   0.0000747761
   3.9049999869   0.0001156059  -0.0001022540   0.0000819874
   3.9099999869   0.0001447078  -0.0001107780   0.0000946347
   3.9149999869   0.0001677771  -0.0001203395   0.0001040684
   3.9199999868   0.0001781991  -0.0001272145   0.0001035039
   3.9249999868   0.0001727851  -0.0001286074   0.0000899228
   3.9299999868   0.0001525169  -0.0001234209   0.0000648658
   3.9349999868   0.0001221497  -0.0001125460   0.0000339079
   3.9399999868   0.0000888010  -0.0000985960   0.0000049737
   3.9449999868   0.0000599329  -0.0000851587  -0.0000140184
   3.9499999867   0.0000412973  -0.0000757790  -0.0000175132
   3.9549999867   0.0000354139  -0.0000729559  -0.0000040072
   3.9599999867   0.0000409941  -0.0000774320   0.0000234039
   3.9649999867   0.0000534495  -0.0000879706   0.0000577740
   3.9699999867   0.0000663201  -0.0001016782   0.0000901347
   3.9749999867   0.0000732004  -0.0001147800   0.0001118923
   3.9799999866   0.0000696115  -0.0001236285   0.0001171225
   3.9849999866   0.0000542910  -0.0001256691   0.0001041298
   3.9899999866   0.0000295460  -0.0001200975   0.0000758470
   3.9949999866   0.0000005865  -0.0001080364   0.0000389787
   3.9999999866  -0.0000259593  -0.0000921931   0.0000021415
   4.0049999866  -0.0000439152  -0.0000761033  -0.0000264728
   4.0099999865  -0.0000492825  -0.0000631779  -0.0000412595
   4.0149999865  -0.0000413397  -0.0000558182  -0.0000406001
   4.0199999865  -0.0000228185  -0.0000548401  -0.0000271280
   4.0249999865   0.0000008781  -0.0000593546  -0.0000068179
   4.0299999865   0.0000231789  -0.0000671208   0.0000128236
   4.0349999864   0.0000381413  -0.0000752590   0.0000249379
   4.0399999864   0.0000420351  -0.0000811089   0.0000252522
   4.0449999864   0.0000342833  -0.0000829896   0.0000132383
   4.0499999864   0.0000175134  -0.0000806476  -0.0000078123
   4.0549999864  -0.0000032712  -0.0000752773  -0.0000317944
   4.0599999864  -0.0000221490  -0.0000691183  -0.0000515737
   4.0649999863  -0.0000339480  -0.0000647562  -0.0000610355
   4.0699999863  -0.0000356569  -0.0000643328  -0.0000568231
   4.0749999863  -0.0000272001  -0.0000688924  -0.0000392903
   4.0799999863  -0.0000113796  -0.0000780481  -0.0000124190
   4.0849999863   0.0000069736  -0.0000900577   0.0000172562
   4.0899999863   0.0000223825  -0.0001022830   0.0000424007
   4.0949999862   0.0000302440  -0.0001118975   0.0000568190
   4.0999999862   0.0000280665  -0.0001166452   0.0000570511
   4.1049999862   0.0000160934  -0.0001154383   0.0000432034
   4.1099999862  -0.0000028363  -0.0001086351   0.0000188140
   4.1149999862  -0.0000241275  -0.0000979288  -0.0000101822
   4.1199999862  -0.0000427171  -0.0000858856  -0.0000370814
   4.1249999861  -0.0000544444  -0.0000752656  -0.0000561767
   4.1299999861  -0.0000571307  -0.0000683153  -0.0000641842
   4.1349999861  -0.0000510882  -0.0000662204  -0.0000609635
   4.1399999861  -0.0000389407  -0.0000688592  -0.0000493698
   4.1449999861  -0.0000248329  -0.0000749117  -0.0000343129
   4.1499999861  -0.0000132634  -0.0000822787  -0.0000213105
   4.1549999860  -0.0000078688  -0.0000886891  -0.0000149440
   4.1599999860  -0.0000104855  -0.0000923218  -0.0000176351
   4.1649999860  -0.0000207268  -0.0000922776  -0.0000290578
   4.1699999860  -0.0000361657  -0.0000887803  -0.0000463161
   4.1749999860  -0.0000530490  -0.0000830644  -0.0000648102
   4.1799999860  -0.0000673313  -0.0000769936  -0.0000795319
   4.1849999859  -0.0000757418  -0.0000725225  -0.0000864283
   4.1899999859  -0.0000766052  -0.0000711513  -0.0000834697
   4.1949999859  -0.0000702117  -0.0000735201  -0.0000711507
   4.1999999859  -0.0000586611  -0.0000792441  -0.0000523134
   4.2049999859  -0.0000452472  -0.0000870259  -0.0000313629
   4.2099999859  -0.0000335614  -0.0000950048  -0.0000131020
   4.2149999858  -0.0000265612  -0.0001012449  -0.0000014988
   4.2199999858  -0.0000258438  -0.0001042309   0.0000012915
   4.2249999858  -0.0000313022  -0.0001032435  -0.0000045885
   4.2299999858  -0.0000412324  -0.0000985246  -0.0000168140
   4.2349999858  -0.0000528448  -0.0000911968  -0.0000315410
   4.2399999858  -0.0000630300  -0.0000829667  -0.0000444287
   4.2449999857  -0.0000691739  -0.0000756962  -0.0000517494
   4.2499999857  -0.0000698128  -0.0000709512  -0.0000513042
   4.2549999857  -0.0000649684  -0.0000696425  -0.0000429199
   4.2599999857  -0.0000560923  -0.0000718433  -0.0000284201
   4.2649999857  -0.0000456468  -0.0000768203  -0.0000110950
   4.2699999857  -0.0000364399  -0.0000832625   0.0000051790
   4.2749999856  -0.0000308915  -0.0000896430   0.0000169375
   4.2799999856  -0.0000304155  -0.0000946168   0.0000219892
   4.2849999856  -0.0000350703  -0.0000973564   0.0000199279
   4.2899999856  -0.0000435599  -0.0000977406   0.0000121758
   4.2949999856  -0.0000535774  -0.0000963557   0.0000015582
   4.2999999856  -0.0000623996  -0.0000943120  -0.0000084724
   4.3049999855  -0.0000675800  -0.0000929276  -0.0000147599
   4.3099999855  -0.0000675660  -0.0000933628  -0.0000152790
   4.3149999855  -0.0000620865  -0.0000962978  -0.0000096699
   4.3199999855  -0.0000522142  -0.0001017390   0.0000006623
   4.3249999855  -0.0000400898  -0.0001090002   0.0000129041
   4.3299999855  -0.0000283782  -0.0001168673   0.0000235562
   4.3349999854  -0.0000195940  -0.0001239017   0.0000293372
   4.3399999854  -0.0000154681  -0.0001288079   0.0000280372
   4.3449999854  -0.0000165147  -0.0001307691   0.0000191044
   4.3499999854  -0.0000219112  -0.0001296654   0.0000038127
   4.3549999854  -0.0000297222  -0.0001261150  -0.0000150355
   4.3599999854  -0.0000374120  -0.0001213270  -0.0000337991
   4.3649999853  -0.0000425160  -0.0001167986  -0.0000489056
   4.3699999853  -0.0000432979  -0.0001139349  -0.0000577480
   4.3749999853  -0.0000392213  -0.0001136867  -0.0000593390
   4.3799999853  -0.0000311104  -0.0001163009  -0.0000545548
   4.3849999853  -0.0000209539  -0.0001212500  -0.0000459011
   4.3899999853  -0.0000113981  -0.0001273600  -0.0000368612
   4.3949999852  -0.0000050588  -0.0001331078  -0.0000309902
   4.3999999852  -0.0000038302  -0.0001370113  -0.0000309898
   4.4049999852  -0.0000083726  -0.0001380117  -0.0000380032
   4.4099999852  -0.0000179174  -0.0001357506  -0.0000513146
   4.4149999852  -0.0000304432  -0.0001306662  -0.0000685323
   4.4199999852  -0.0000431813  -0.0001238862  -0.0000862078
   4.4249999851  -0.0000533196  -0.0001169426  -0.0001007304
   4.4299999851  -0.0000587205  -0.0001113842  -0.0001092606
   4.4349999851  -0.0000584617  -0.0001083862  -0.0001104584
   4.4399999851  -0.0000530580  -0.0001084614  -0.0001048141
   4.4449999851  -0.0000443030  -0.0001113445  -0.0000944962
   4.4499999851  -0.0000347758  -0.0001160806  -0.0000827592
   4.4549999850  -0.0000271445  -0.0001212914  -0.0000730695
   4.4599999850  -0.0000234547  -0.0001255474  -0.0000681858
   4.4649999850  -0.0000245952  -0.0001277470  -0.0000694361
   4.4699999850  -0.0000300817  -0.0001274028  -0.0000763846
   4.4749999850  -0.0000382160  -0.0001247604  -0.0000869719
   4.4799999850  -0.0000465712  -0.0001207205  -0.0000980866
   4.4849999849  -0.0000526679  -0.0001165894  -0.0001064101
   4.4899999849  -0.0000546548  -0.0001137230  -0.0001093058
   4.4949999849  -0.0000518072  -0.0001131634  -0.0001055141
   4.4999999849  -0.0000447106  -0.0001153613  -0.0000954706
   4.5049999849  -0.0000350829  -0.0001200572  -0.0000811681
   4.5099999849  -0.0000252918  -0.0001263511  -0.0000656087
   4.5149999848  -0.0000177016  -0.0001329384  -0.0000519988
   4.5199999848  -0.0000140343  -0.0001384496  -0.0000429070
   4.5249999848  -0.0000149176  -0.0001418024  -0.0000396113
   4.5299999848  -0.0000197397  -0.0001424741  -0.0000418028
   4.5349999848  -0.0000268447  -0.0001406256  -0.0000477190
   4.5399999848  -0.0000340091  -0.0001370452  -0.0000546582
   4.5449999847  -0.0000390621  -0.0001329312  -0.0000597308
   4.5499999847  -0.0000404806  -0.0001295715  -0.0000606424
   4.5549999847  -0.0000377989  -0.0001280055  -0.0000563015
   4.5599999847  -0.0000317283  -0.0001287570  -0.0000470976
   4.5649999847  -0.0000239609  -0.0001317072  -0.0000347871
   4.5699999847  -0.0000167223  -0.0001361385  -0.0000220273
   4.5749999846  -0.0000121943  -0.0001409368  -0.0000116912
   4.5799999846  -0.0000119670  -0.0001448956  -0.0000061454
   4.5849999846  -0.0000166595  -0.0001470431  -0.0000066781
   4.5899999846  -0.0000258029  -0.0001469041  -0.0000132166
   4.5949999846  -0.0000380037  -0.0001446292  -0.0000243960
   4.5999999846  -0.0000513357  -0.0001409592  -0.0000379477
   4.6049999845  -0.0000638474  -0.0001370329  -0.0000512971
   4.6099999845  -0.0000740508  -0.0001340927  -0.0000622121
   4.6149999845  -0.0000812660  -0.0001331635  -0.0000693363
   4.6199999845  -0.0000857383  -0.0001347914  -0.0000724767
   4.6249999845  -0.0000885071  -0.0001389078  -0.0000725831
   4.6299999845  -0.0000910681  -0.0001448546  -0.0000714319
   4.6349999844  -0.0000949228  -0.0001515606  -0.0000711045
   4.6399999844  -0.0001011314  -0.0001578225  -0.0000733951
   4.6449999844  -0.0001099846  -0.0001626135  -0.0000792981
   4.6499999844  -0.0001208713  -0.0001653412  -0.0000887021
   4.6549999844  -0.0001323737  -0.0001659863  -0.0001003628
   4.6599999844  -0.0001425618  -0.0001650902  -0.0001121598
   4.6649999843  -0.0001494107  -0.0001635968  -0.0001215712
   4.6699999843  -0.0001512398  -0.0001625931  -0.0001262482
   4.6749999843  -0.0001470666  -0.0001630176  -0.0001245506
   4.6799999843  -0.0001367933  -0.0001654128  -0.0001159141
   4.6849999843  -0.0001211871  -0.0001697852  -0.0001009632
   4.6899999843  -0.0001016668  -0.0001756064  -0.0000813473
   4.6949999842  -0.0000799531  -0.0001819516  -0.0000593448
   4.6999999842  -0.0000576761  -0.0001877398  -0.0000373350
   4.7049999842  -0.0000360378  -0.0001920101  -0.0000172725
   4.7099999842  -0.0000156156  -0.0001941659  -0.0000002921
   4.7149999842   0.0000036498  -0.0001941237   0.0000134592
   4.7199999841   0.0000222800  -0.0001923325   0.0000247249
   4.7249999841   0.0000409491  -0.0001896586   0.0000348058
   4.7299999841   0.0000601222  -0.0001871685   0.0000450805
   4.7349999841   0.0000797383  -0.0001858629   0.0000565056
   4.7399999841   0.0000990251  -0.0001864325   0.0000692268
   4.7449999841   0.0001164989  -0.0001890934   0.0000824047
   4.7499999840   0.0001301573  -0.0001935460   0.0000943054
   4.7549999840   0.0001378245  -0.0001990649   0.0001026369
   4.7599999840   0.0001375703  -0.0002046983   0.0001050535
   4.7649999840   0.0001281072  -0.0002095232   0.0000997040
   4.7699999840   0.0001090710  -0.0002128920   0.0000856898
   4.7749999840   0.0000811235  -0.0002146057   0.0000633183
   4.7799999839   0.0000458526  -0.0002149692   0.0000340900
   4.7849999839   0.0000054992  -0.0002147132   0.0000004202
   4.7899999839  -0.0000374241  -0.0002148038  -0.0000348360
   4.7949999839  -0.0000805282  -0.0002161898  -0.0000689381
   4.7999999839  -0.0001218658  -0.0002195543  -0.0000997586
   4.8049999839  -0.0001600993  -0.0002251344  -0.0001261048
   4.8099999838  -0.0001944896  -0.0002326575  -0.0001477877
   4.8149999838  -0.0002247196  -0.0002414081  -0.0001654303
   4.8199999838  -0.0002506152  -0.0002504051  -0.0001800712
   4.8249999838  -0.0002718502  -0.0002586424  -0.0001926783
   4.8299999838  -0.0002877273  -0.0002653277  -0.0002037057
   4.8349999838  -0.0002971102  -0.0002700589  -0.0002128193
   4.8399999837  -0.0002985364  -0.0002728953  -0.0002188706
   4.8449999837  -0.0002904939  -0.0002743094  -0.0002201303
   4.8499999837  -0.0002717980  -0.0002750388  -0.0002147270
   4.8549999837  -0.0002419724  -0.0002758784  -0.0002011743
   4.8599999837  -0.0002015349  -0.0002774711  -0.0001788508
   4.8649999837  -0.0001521083  -0.0002801470  -0.0001483031
   4.8699999836  -0.0000963212  -0.0002838500  -0.0001112901
   4.8749999836  -0.0000375127  -0.0002881648  -0.0000705530
   4.8799999836   0.0000206928  -0.0002924331  -0.0000293663
   4.8849999836   0.0000748457  -0.0002959284   0.0000090209
   4.8899999836   0.0001220666  -0.0002980453   0.0000419163
   4.8949999836   0.0001602948  -0.0002984600   0.0000675646
   4.8999999835   0.0001883532  -0.0002972248   0.0000852950
   4.9049999835   0.0002058374  -0.0002947774   0.0000954144
   4.9099999835   0.0002128835  -0.0002918614   0.0000988946
   4.9149999835   0.0002098966  -0.0002893778   0.0000969490
   4.9199999835   0.0001973210  -0.0002881977   0.0000906167
   4.9249999835   0.0001755200  -0.0002889800   0.0000804674
   4.9299999834   0.0001447913  -0.0002920352   0.0000664986
   4.9349999834   0.0001055076  -0.0002972684   0.0000482448
   4.9399999834   0.0000583312  -0.0003042174   0.0000250625
   4.9449999834   0.0000044340  -0.0003121788  -0.0000034928
   4.9499999834  -0.0000543511  -0.0003203925  -0.0000373029
   4.9549999834  -0.0001155011  -0.0003282398  -0.0000754356
   4.9599999833  -0.0001759245  -0.0003354020  -0.0001160808
   4.9649999833  -0.0002322202  -0.0003419378  -0.0001566959
   4.9699999833  -0.0002810325  -0.0003482549  -0.0001943387
   4.9749999833  -0.0003194359  -0.0003549811  -0.0002261148
   4.9799999833  -0.0003452770  -0.0003627676  -0.0002496439
   4.9849999833  -0.0003574106  -0.0003720766  -0.0002634404
   4.9899999832  -0.0003557881  -0.0003830124  -0.0002671290
   4.9949999832  -0.0003413891  -0.0003952435  -0.0002614482
   4.9999999832  -0.0003160181  -0.0004080385  -0.0002480489
   5.0049999832  -0.0002820150  -0.0004204098  -0.0002291385
   5.0099999832  -0.0002419429  -0.0004313271  -0.0002070567
   5.0149999832  -0.0001983160  -0.0004399463  -0.0001838825
   5.0199999831  -0.0001534162  -0.0004457948  -0.0001611591
   5.0249999831  -0.0001092192  -0.0004488667  -0.0001397910
   5.0299999831  -0.0000674232  -0.0004496069  -0.0001201239
   5.0349999831  -0.0000295439  -0.0004487905  -0.0001021681
   5.0399999831   0.0000029752  -0.0004473327  -0.0000858909
   5.0449999831   0.0000286907  -0.0004460784  -0.0000714895
   5.0499999830   0.0000461667  -0.0004456254  -0.0000595606
   5.0549999830   0.0000540756  -0.0004462241  -0.0000511143
   5.0599999830   0.0000513798  -0.0004477750  -0.0000474234
   5.0649999830   0.0000375544  -0.0004499220  -0.0000497417
   5.0699999830   0.0000127954  -0.0004522130  -0.0000589640
   5.0749999830  -0.0000218440  -0.0004542849  -0.0000753134
   5.0799999829  -0.0000644320  -0.0004560238  -0.0000981406
   5.0849999829  -0.0001122721  -0.0004576561  -0.0001258913
   5.0899999829  -0.0001621428  -0.0004597454  -0.0001562594
   5.0949999829  -0.0002106273  -0.0004630926  -0.0001865011
   5.0999999829  -0.0002544771  -0.0004685622  -0.0002138472
   5.1049999829  -0.0002909503  -0.0004768774  -0.0002359290
   5.1099999828  -0.0003180672  -0.0004884366  -0.0002511305
   5.1149999828  -0.0003347489  -0.0005031988  -0.0002587957
   5.1199999828  -0.0003408236  -0.0005206695  -0.0002592533
   5.1249999828  -0.0003369158  -0.0005399922  -0.0002536609
   5.1299999828  -0.0003242534  -0.0005601225  -0.0002437106
   5.1349999828  -0.0003044397  -0.0005800387  -0.0002312680
   5.1399999827  -0.0002792421  -0.0005989349  -0.0002180305
   5.1449999827  -0.0002504380  -0.0006163472  -0.0002052805
   5.1499999827  -0.0002197384  -0.0006321813  -0.0001937866
   5.1549999827  -0.0001887880  -0.0006466423  -0.0001838661
   5.1599999827  -0.0001592173  -0.0006600907  -0.0001755774
   5.1649999827  -0.0001327052  -0.0006728708  -0.0001689816
   5.1699999826  -0.0001110084  -0.0006851622  -0.0001643869
   5.1749999826  -0.0000959218  -0.0006968966  -0.0001625004
   5.1799999826  -0.0000891539  -0.0007077597  -0.0001644300
   5.1849999826  -0.0000921283  -0.0007172731  -0.0001715249
   5.1899999826  -0.0001057474  -0.0007249293  -0.0001850853
   5.1949999826  -0.0001301719  -0.0007303386  -0.0002060115
   5.1999999825  -0.0001646737  -0.0007333489  -0.0002344842
   5.2049999825  -0.0002076072  -0.0007341062  -0.0002697614
   5.2099999825  -0.0002565221  -0.0007330480  -0.0003101546
   5.2149999825  -0.0003084061  -0.0007308324  -0.0003532010
   5.2199999825  -0.0003600196  -0.0007282285  -0.0003960017
   5.2249999825  -0.0004082604  -0.0007259945  -0.0004356540
   5.2299999824  -0.0004504931  -0.0007247716  -0.0004696820
   5.2349999824  -0.0004847834  -0.0007250159  -0.0004963731
   5.2399999824  -0.0005100058  -0.0007269767  -0.0005149481
   5.2449999824  -0.0005258160  -0.0007307210  -0.0005255364
   5.2499999824  -0.0005325163  -0.0007361965  -0.0005289737
   5.2549999824  -0.0005308565  -0.0007433145  -0.0005264815
   5.2599999823  -0.0005218278  -0.0007520384  -0.0005193122
   5.2649999823  -0.0005064963  -0.0007624565  -0.0005084496
   5.2699999823  -0.0004859083  -0.0007748263  -0.0004944330
   5.2749999823  -0.0004610749  -0.0007895782  -0.0004773416
   5.2799999823  -0.0004330177  -0.0008072769  -0.0004569303
   5.2849999823  -0.0004028411  -0.0008285450  -0.0004328703
   5.2899999822  -0.0003717877  -0.0008539604  -0.0004050204
   5.2949999822  -0.0003412410  -0.0008839488  -0.0003736489
   5.2999999822  -0.0003126533  -0.0009186890  -0.0003395404
   5.3049999822  -0.0002874002  -0.0009580510  -0.0003039512
   5.3099999822  -0.0002665865  -0.0010015760  -0.0002684214
   5.3149999822  -0.0002508431  -0.0010485001  -0.0002344850
   5.3199999821  -0.0002401654  -0.0010978108  -0.0002033528
   5.3249999821  -0.0002338336  -0.0011483196  -0.0001756483
   5.3299999821  -0.0002304454  -0.0011987300  -0.0001512671
   5.3349999821  -0.0002280636  -0.0012476818  -0.0001294013
   5.3399999821  -0.0002244604  -0.0012937628  -0.0001087307
   5.3449999821  -0.0002174180  -0.0013354854  -0.0000877405
   5.3499999820  -0.0002050346  -0.0013712390  -0.0000650964
   5.3549999820  -0.0001859848  -0.0013992350  -0.0000399931
   5.3599999820  -0.0001596926  -0.0014174667  -0.0000123964
   5.3649999820  -0.0001263967  -0.0014237031   0.0000168739
   5.3699999820  -0.0000871069  -0.0014155309   0.0000462369
   5.3749999820  -0.0000434731  -0.0013904496   0.0000735954
   5.3799999819   0.0000023989  -0.0013460134   0.0000966749
   5.3849999819   0.0000481435  -0.0012800038   0.0001133790
   5.3899999819   0.0000913085  -0.0011906110   0.0001220827
   5.3949999819   0.0001294821  -0.0010765969   0.0001218043
   5.3999999819   0.0001603674  -0.0009374188   0.0001122287
   5.4049999818   0.0001818166  -0.0007732948   0.0000935914
   5.4099999818   0.0001918476  -0.0005852076   0.0000664707
   5.4149999818   0.0001886727  -0.0003748519   0.0000315522
   5.4199999818   0.0001707642  -0.0001445420  -0.0000105616
   5.4249999818   0.0001369659   0.0001028975  -0.0000594430
   5.4299999818   0.0000866467   0.0003642343  -0.0001148052
   5.4349999817   0.0000198711   0.0006359086  -0.0001763547
   5.4399999817  -0.0000624508   0.0009140830  -0.0002435755
   5.4449999817  -0.0001584727   0.0011946701  -0.0003155120
   5.4499999817  -0.0002654169   0.0014733573  -0.0003906205
   5.4549999817  -0.0003796887   0.0017456499  -0.0004667461
   5.4599999817  -0.0004970985   0.0020069599  -0.0005412476
   5.4649999816  -0.0006131637   0.0022527506  -0.0006112588
   5.4699999816  -0.0007234482   0.0024787395  -0.0006740380
   5.4749999816  -0.0008238891   0.0026811402  -0.0007273329
   5.4799999816  -0.0009110668   0.0028569138  -0.0007696860
   5.4849999816  -0.0009823873   0.0030039912  -0.0008006159
   5.4899999816  -0.0010361639   0.0031214300  -0.0008206381
   5.4949999815  -0.0010716078   0.0032094810  -0.0008311270
   5.4999999815  -0.0010887512   0.0032695543  -0.0008340497
   5.5049999815  -0.0010883320   0.0033040955  -0.0008316339
   5.5099999815  -0.0010716720   0.0033163972  -0.0008260341
   5.5149999815  -0.0010405679   0.0033103787  -0.0008190629
   5.5199999815  -0.0009972045   0.0032903687  -0.0008120261
   5.5249999814  -0.0009440873   0.0032609177  -0.0008056809
   5.5299999814  -0.0008839807   0.0032266507  -0.0008003015
   5.5349999814  -0.0008198347   0.0031921600  -0.0007958171
   5.5399999814  -0.0007546871   0.0031619206  -0.0007919727
   5.5449999814  -0.0006915298   0.0031402097  -0.0007884633
   5.5499999814  -0.0006331438   0.0031310074  -0.0007850029
   5.5549999813  -0.0005819122   0.0031378697  -0.0007813136
   5.5599999813  -0.0005396318   0.0031637715  -0.0007770391
   5.5649999813  -0.0005073501   0.0032109353  -0.0007716138
   5.5699999813  -0.0004852506   0.0032806688  -0.0007641328
   5.5749999813  -0.0004726099   0.0033732404  -0.0007532679
   5.5799999813  -0.0004678358   0.0034878202  -0.0007372723
   5.5849999812  -0.0004685884   0.0036225050  -0.0007140911
   5.5899999812  -0.0004719693   0.0037744324  -0.0006815730
   5.5949999812  -0.0004747561   0.0039399752  -0.0006377509
   5.5999999812  -0.0004736511   0.0041149914  -0.0005811385
   5.6049999812  -0.0004655134   0.0042951009  -0.0005109846
   5.6099999812  -0.0004475477   0.0044759509  -0.0004274291
   5.6149999811  -0.0004174336   0.0046534413  -0.0003315239
   5.6199999811  -0.0003733917   0.0048238885  -0.0002251116
   5.6249999811  -0.0003141942   0.0049841196  -0.0001105809
   5.6299999811  -0.0002391380   0.0051315032   0.0000094545
   5.6349999811  -0.0001479983   0.0052639324   0.0001324938
   5.6399999811  -0.0000409840   0.0053797833   0.0002564412
   5.6449999810   0.0000812962   0.0054778706   0.0003798052
   5.6499999810   0.0002178527   0.0055574137   0.0005017773
   5.6549999810   0.0003673249   0.0056180204   0.0006221920
   5.6599999810   0.0005279962   0.0056596808   0.0007413939
   5.6649999810   0.0006978261   0.0056827565   0.0008600554
   5.6699999810   0.0008745130   0.0056879480   0.0009789927
   5.6749999809   0.0010555912   0.0056762248   0.0010990244
   5.6799999809   0.0012385612   0.0056487108   0.0012208976
   5.6849999809   0.0014210397   0.0056065308   0.0013452874
   5.6899999809   0.0016009116   0.0055506342   0.0014728512
   5.6949999809   0.0017764634   0.0054816215   0.0016043037
   5.6999999809   0.0019464764   0.0053996030   0.0017404725
   5.7049999808   0.0021102653   0.0053041142   0.0018822946
   5.7099999808   0.0022676551   0.0051941037   0.0020307336
   5.7149999808   0.0024189006   0.0050679987   0.0021866131
   5.7199999808   0.0025645604   0.0049238344   0.0023503923
   5.7249999808   0.0027053481   0.0047594298   0.0025219241
   5.7299999808   0.0028419817   0.0045725795   0.0027002496
   5.7349999807   0.0029750569   0.0043612354   0.0028834827
   5.7399999807   0.0031049567   0.0041236567   0.0030688201
   5.7449999807   0.0032318053   0.0038585144   0.0032526928
   5.7499999807   0.0033554622   0.0035649503   0.0034310413
   5.7549999807   0.0034755422   0.0032425980   0.0035996732
   5.7599999807   0.0035914458   0.0028915794   0.0037546414
   5.7649999806   0.0037023822   0.0025124942   0.0038925780
   5.7699999806   0.0038073759   0.0021064139   0.0040109276
   5.7749999806   0.0039052537   0.0016748844   0.0041080483
   5.7799999806   0.0039946236   0.0012199377   0.0041831763
   5.7849999806   0.0040738579   0.0007440991   0.0042362796
   5.7899999806   0.0041411020   0.0002503783   0.0042678490
   5.7949999805   0.0041943217  -0.0002577691   0.0042786814
   5.7999999805   0.0042313968  -0.0007765194   0.0042697051
   5.8049999805   0.0042502560  -0.0013017964   0.0042418805
   5.8099999805   0.0042490370  -0.0018294167   0.0041961807
   5.8149999805   0.0042262494  -0.0023552472   0.0041336363
   5.8199999805   0.0041809126  -0.0028753535   0.0040554053
   5.8249999804   0.0041126483  -0.0033861194   0.0039628276
   5.8299999804   0.0040217105  -0.0038843211   0.0038574250
   5.8349999804   0.0039089527  -0.0043671497   0.0037408265
   5.8399999804   0.0037757393  -0.0048321844   0.0036146231
   5.8449999804   0.0036238196  -0.0052773288   0.0034801754
   5.8499999804   0.0034551869  -0.0057007264   0.0033384183
   5.8549999803   0.0032719436  -0.0061006754   0.0031897097
   5.8599999803   0.0030761919  -0.0064755585   0.0030337673
   5.8649999803   0.0028699586  -0.0068238001   0.0028697185
   5.8699999803   0.0026551544  -0.0071438541   0.0026962679
   5.8749999803   0.0024335636  -0.0074342205   0.0025119597
   5.8799999803   0.0022068500  -0.0076934827   0.0023154920
   5.8849999802   0.0019765678  -0.0079203549   0.0021060301
   5.8899999802   0.0017441645  -0.0081137296   0.0018834601
   5.8949999802   0.0015109707  -0.0082727158   0.0016485417
   5.8999999802   0.0012781756  -0.0083966642   0.0014029312
   5.9049999802   0.0010467952  -0.0084851792   0.0011490773
   5.9099999802   0.0008176434  -0.0085381199   0.0008900124
   5.9149999801   0.0005913199  -0.0085555975   0.0006290818
   5.9199999801   0.0003682249  -0.0085379735   0.0003696621
   5.9249999801   0.0001486066  -0.0084858642   0.0001149178
   5.9299999801  -0.0000673594  -0.0084001535  -0.0001323692
   5.9349999801  -0.0002794701  -0.0082820112  -0.0003698801
   5.9399999801  -0.0004873899  -0.0081329142  -0.0005957577
   5.9449999800  -0.0006905606  -0.0079546606  -0.0008085478
   5.9499999800  -0.0008881446  -0.0077493713  -0.0010071181
   5.9549999800  -0.0010790159  -0.0075194711  -0.0011905933
   5.9599999800  -0.0012618028  -0.0072676448  -0.0013583305
   5.9649999800  -0.0014349763  -0.0069967701  -0.0015099469
   5.9699999800  -0.0015969722  -0.0067098290  -0.0016453879
   5.9749999799  -0.0017463252  -0.0064098088  -0.0017650127
   5.9799999799  -0.0018817953  -0.0060996013  -0.0018696594
   5.9849999799  -0.0020024685  -0.0057819132  -0.0019606580
   5.9899999799  -0.0021078186  -0.0054591983  -0.0020397668
   5.9949999799  -0.0021977291  -0.0051336182  -0.0021090248
