   0.0000000000   0.0000000000   0.0000000000   0.0000000000
   0.0050000000   0.0000000000   0.0000000000   0.0000000000
   0.0100000000   0.0000000000   0.0000000000   0.0000000000
   0.0149999999   0.0000000000   0.0000000000   0.0000000000
   0.0199999999   0.0000000000   0.0000000000   0.0000000000
   0.0249999999   0.0000000000   0.0000000000   0.0000000000
   0.0299999999   0.0000000000   0.0000000000   0.0000000000
   0.0349999999   0.0000000000   0.0000000000   0.0000000000
   0.0399999999   0.0000000000   0.0000000000   0.0000000000
   0.0449999998   0.0000000000   0.0000000000   0.0000000000
   0.0499999998   0.0000000000   0.0000000000   0.0000000000
   0.0549999998   0.0000000000   0.0000000000   0.0000000000
   0.0599999998   0.0000000000   0.0000000000   0.0000000000
   0.0649999998   0.0000000000   0.0000000000   0.0000000000
   0.0699999998   0.0000000000   0.0000000000   0.0000000000
   0.0749999997   0.0000000000  -0.0000000000   0.0000000000
   0.0799999997  -0.0000000000   0.0000000000  -0.0000000000
   0.0849999997   0.0000000000  -0.0000000000   0.0000000000
   0.0899999997  -0.0000000000   0.0000000000  -0.0000000000
   0.0949999997  -0.0000000000   0.0000000000  -0.0000000000
   0.0999999997  -0.0000000000   0.0000000000  -0.0000000000
   0.1049999996  -0.0000000000   0.0000000000  -0.0000000000
   0.1099999996  -0.0000000000   0.0000000000  -0.0000000000
   0.1149999996   0.0000000000   0.0000000000   0.0000000000
   0.1199999996   0.0000000000  -0.0000000000   0.0000000000
   0.1249999996   0.0000000000  -0.0000000000   0.0000000000
   0.1299999996   0.0000000000  -0.0000000000   0.0000000000
   0.1349999995   0.0000000000  -0.0000000000   0.0000000000
   0.1399999995   0.0000000000  -0.0000000000   0.0000000000
   0.1449999995   0.0000000000  -0.0000000000   0.0000000000
   0.1499999995   0.0000000000  -0.0000000000   0.0000000000
   0.1549999995   0.0000000000  -0.0000000000   0.0000000000
   0.1599999995   0.0000000000  -0.0000000000   0.0000000000
   0.1649999994   0.0000000000  -0.0000000000   0.0000000000
   0.1699999994   0.0000000000  -0.0000000000   0.0000000000
   0.1749999994   0.0000000000  -0.0000000000   0.0000000000
   0.1799999994   0.0000000000  -0.0000000000   0.0000000000
   0.1849999994   0.0000000000  -0.0000000000   0.0000000000
   0.1899999994  -0.0000000000   0.0000000000  -0.0000000000
   0.1949999993  -0.0000000000   0.0000000000  -0.0000000000
   0.1999999993  -0.0000000000   0.0000000000  -0.0000000000
   0.2049999993  -0.0000000000   0.0000000000  -0.0000000000
   0.2099999993  -0.0000000000   0.0000000000  -0.0000000000
   0.2149999993  -0.0000000000   0.0000000000  -0.0000000000
   0.2199999993  -0.0000000000   0.0000000000  -0.0000000000
   0.2249999992   0.0000000000  -0.0000000000   0.0000000000
   0.2299999992   0.0000000000  -0.0000000000   0.0000000000
   0.2349999992   0.0000000000  -0.0000000000   0.0000000000
   0.2399999992   0.0000000000  -0.0000000000   0.0000000000
   0.2449999992   0.0000000000  -0.0000000000   0.0000000000
   0.2499999992   0.0000000000  -0.0000000000   0.0000000000
   0.2549999991   0.0000000000  -0.0000000000   0.0000000000
   0.2599999991   0.0000000000  -0.0000000000   0.0000000000
   0.2649999991   0.0000000000  -0.0000000000   0.0000000000
   0.2699999991   0.0000000000  -0.0000000000   0.0000000000
   0.2749999991   0.0000000000  -0.0000000000   0.0000000000
   0.2799999991   0.0000000000  -0.0000000000   0.0000000000
   0.2849999990   0.0000000000  -0.0000000000   0.0000000000
   0.2899999990   0.0000000000  -0.0000000000   0.0000000000
   0.2949999990   0.0000000000  -0.0000000000   0.0000000000
   0.2999999990   0.0000000000  -0.0000000000   0.0000000000
   0.3049999990   0.0000000000  -0.0000000000   0.0000000000
   0.3099999990   0.0000000000  -0.0000000000   0.0000000000
   0.3149999989   0.0000000000  -0.0000000000   0.0000000000
   0.3199999989   0.0000000000  -0.0000000000   0.0000000000
   0.3249999989   0.0000000000  -0.0000000000   0.0000000000
   0.3299999989   0.0000000000  -0.0000000000   0.0000000000
   0.3349999989   0.0000000000  -0.0000000000   0.0000000000
   0.3399999989   0.0000000000  -0.0000000000   0.0000000000
   0.3449999988   0.0000000000  -0.0000000000   0.0000000000
   0.3499999988   0.0000000000  -0.0000000000   0.0000000000
   0.3549999988   0.0000000000   0.0000000000   0.0000000000
   0.3599999988   0.0000000000   0.0000000000   0.0000000000
   0.3649999988  -0.0000000000   0.0000000000  -0.0000000000
   0.3699999988  -0.0000000000   0.0000000000  -0.0000000000
   0.3749999987  -0.0000000000   0.0000000000  -0.0000000000
   0.3799999987  -0.0000000000   0.0000000000  -0.0000000000
   0.3849999987  -0.0000000000   0.0000000000  -0.0000000000
   0.3899999987  -0.0000000000   0.0000000000  -0.0000000000
   0.3949999987  -0.0000000000   0.0000000000  -0.0000000000
   0.3999999987  -0.0000000000   0.0000000000  -0.0000000000
   0.4049999986  -0.0000000000   0.0000000000  -0.0000000000
   0.4099999986  -0.0000000000   0.0000000000  -0.0000000000
   0.4149999986  -0.0000000000   0.0000000000  -0.0000000000
   0.4199999986  -0.0000000000   0.0000000000  -0.0000000000
   0.4249999986  -0.0000000000   0.0000000000  -0.0000000000
   0.4299999986  -0.0000000000   0.0000000000  -0.0000000000
   0.4349999985  -0.0000000000   0.0000000000  -0.0000000000
   0.4399999985  -0.0000000000   0.0000000000  -0.0000000000
   0.4449999985  -0.0000000000   0.0000000000  -0.0000000000
   0.4499999985  -0.0000000000   0.0000000000  -0.0000000000
   0.4549999985  -0.0000000000   0.0000000000  -0.0000000000
   0.4599999985  -0.0000000000   0.0000000000  -0.0000000000
   0.4649999984  -0.0000000000   0.0000000000  -0.0000000000
   0.4699999984  -0.0000000000   0.0000000000  -0.0000000000
   0.4749999984  -0.0000000000   0.0000000000  -0.0000000000
   0.4799999984  -0.0000000000  -0.0000000000  -0.0000000000
   0.4849999984  -0.0000000000  -0.0000000000  -0.0000000000
   0.4899999984  -0.0000000000  -0.0000000000  -0.0000000000
   0.4949999983  -0.0000000000  -0.0000000000  -0.0000000000
   0.4999999983  -0.0000000000  -0.0000000000  -0.0000000000
   0.5049999983  -0.0000000000  -0.0000000000  -0.0000000000
   0.5099999983  -0.0000000000   0.0000000000  -0.0000000000
   0.5149999983  -0.0000000000   0.0000000000  -0.0000000000
   0.5199999983  -0.0000000000   0.0000000000  -0.0000000000
   0.5249999982  -0.0000000000   0.0000000000  -0.0000000000
   0.5299999982  -0.0000000000   0.0000000000   0.0000000000
   0.5349999982   0.0000000000   0.0000000000   0.0000000000
   0.5399999982   0.0000000000   0.0000000000   0.0000000000
   0.5449999982   0.0000000000   0.0000000000   0.0000000000
   0.5499999982   0.0000000000   0.0000000000   0.0000000000
   0.5549999981   0.0000000000   0.0000000000   0.0000000000
   0.5599999981   0.0000000000   0.0000000000   0.0000000000
   0.5649999981   0.0000000000   0.0000000000   0.0000000000
   0.5699999981   0.0000000000   0.0000000000   0.0000000000
   0.5749999981   0.0000000000   0.0000000000   0.0000000000
   0.5799999981   0.0000000000   0.0000000000   0.0000000000
   0.5849999980   0.0000000000   0.0000000000   0.0000000000
   0.5899999980   0.0000000000  -0.0000000000   0.0000000000
   0.5949999980   0.0000000000  -0.0000000000   0.0000000000
   0.5999999980   0.0000000000  -0.0000000000   0.0000000000
   0.6049999980   0.0000000000  -0.0000000000  -0.0000000000
   0.6099999980  -0.0000000000  -0.0000000000  -0.0000000000
   0.6149999979  -0.0000000000  -0.0000000000  -0.0000000000
   0.6199999979  -0.0000000000  -0.0000000000  -0.0000000000
   0.6249999979  -0.0000000000  -0.0000000000  -0.0000000000
   0.6299999979  -0.0000000000  -0.0000000000  -0.0000000000
   0.6349999979  -0.0000000000  -0.0000000000  -0.0000000000
   0.6399999979  -0.0000000000  -0.0000000000  -0.0000000000
   0.6449999978  -0.0000000000  -0.0000000000  -0.0000000000
   0.6499999978  -0.0000000000  -0.0000000000  -0.0000000000
   0.6549999978  -0.0000000000  -0.0000000000  -0.0000000000
   0.6599999978  -0.0000000000   0.0000000000  -0.0000000000
   0.6649999978  -0.0000000000   0.0000000000  -0.0000000000
   0.6699999978   0.0000000000   0.0000000000   0.0000000000
   0.6749999977   0.0000000000   0.0000000000   0.0000000000
   0.6799999977   0.0000000000   0.0000000000   0.0000000000
   0.6849999977   0.0000000000   0.0000000000   0.0000000000
   0.6899999977   0.0000000000   0.0000000000   0.0000000000
   0.6949999977   0.0000000000   0.0000000000   0.0000000000
   0.6999999976   0.0000000000   0.0000000000   0.0000000000
   0.7049999976   0.0000000000   0.0000000000   0.0000000000
   0.7099999976   0.0000000000   0.0000000000   0.0000000000
   0.7149999976   0.0000000000   0.0000000000   0.0000000000
   0.7199999976   0.0000000000   0.0000000000   0.0000000000
   0.7249999976   0.0000000000   0.0000000000   0.0000000000
   0.7299999975   0.0000000000   0.0000000000   0.0000000000
   0.7349999975   0.0000000000   0.0000000000   0.0000000000
   0.7399999975   0.0000000000   0.0000000000   0.0000000000
   0.7449999975   0.0000000000   0.0000000000   0.0000000000
   0.7499999975   0.0000000000   0.0000000000   0.0000000000
   0.7549999975   0.0000000000   0.0000000000   0.0000000000
   0.7599999974   0.0000000000   0.0000000000   0.0000000000
   0.7649999974   0.0000000000   0.0000000000   0.0000000000
   0.7699999974   0.0000000000   0.0000000000   0.0000000000
   0.7749999974   0.0000000000   0.0000000000   0.0000000000
   0.7799999974   0.0000000000   0.0000000000   0.0000000000
   0.7849999974   0.0000000000   0.0000000000   0.0000000000
   0.7899999973   0.0000000000   0.0000000000   0.0000000000
   0.7949999973   0.0000000000   0.0000000000   0.0000000000
   0.7999999973   0.0000000000   0.0000000000   0.0000000000
   0.8049999973   0.0000000000   0.0000000000   0.0000000000
   0.8099999973   0.0000000000   0.0000000000   0.0000000000
   0.8149999973   0.0000000000   0.0000000000   0.0000000000
   0.8199999972   0.0000000000   0.0000000000   0.0000000000
   0.8249999972   0.0000000000   0.0000000000   0.0000000000
   0.8299999972   0.0000000000   0.0000000000   0.0000000000
   0.8349999972   0.0000000000   0.0000000000   0.0000000000
   0.8399999972   0.0000000000   0.0000000000   0.0000000000
   0.8449999972   0.0000000000   0.0000000000   0.0000000000
   0.8499999971   0.0000000000   0.0000000000   0.0000000000
   0.8549999971   0.0000000000   0.0000000000   0.0000000000
   0.8599999971   0.0000000000   0.0000000000   0.0000000000
   0.8649999971   0.0000000000   0.0000000000   0.0000000000
   0.8699999971   0.0000000000   0.0000000000   0.0000000000
   0.8749999971   0.0000000000   0.0000000000   0.0000000000
   0.8799999970   0.0000000000   0.0000000000   0.0000000000
   0.8849999970   0.0000000000   0.0000000000   0.0000000000
   0.8899999970   0.0000000000   0.0000000000   0.0000000000
   0.8949999970   0.0000000000   0.0000000000   0.0000000000
   0.8999999970   0.0000000000   0.0000000000  -0.0000000000
   0.9049999970   0.0000000000  -0.0000000000  -0.0000000000
   0.9099999969  -0.0000000000  -0.0000000000  -0.0000000000
   0.9149999969  -0.0000000000  -0.0000000000  -0.0000000000
   0.9199999969  -0.0000000000  -0.0000000000  -0.0000000000
   0.9249999969  -0.0000000000  -0.0000000000  -0.0000000000
   0.9299999969  -0.0000000000  -0.0000000000  -0.0000000000
   0.9349999969  -0.0000000000  -0.0000000000  -0.0000000000
   0.9399999968  -0.0000000000  -0.0000000000  -0.0000000000
   0.9449999968  -0.0000000000  -0.0000000000  -0.0000000000
   0.9499999968  -0.0000000000  -0.0000000000  -0.0000000000
   0.9549999968  -0.0000000000  -0.0000000000  -0.0000000000
   0.9599999968  -0.0000000000  -0.0000000000  -0.0000000000
   0.9649999968  -0.0000000000  -0.0000000000  -0.0000000000
   0.9699999967  -0.0000000000  -0.0000000000  -0.0000000000
   0.9749999967  -0.0000000000  -0.0000000000   0.0000000000
   0.9799999967  -0.0000000000   0.0000000000   0.0000000000
   0.9849999967   0.0000000000   0.0000000000   0.0000000000
   0.9899999967   0.0000000000   0.0000000000   0.0000000000
   0.9949999967   0.0000000000   0.0000000000   0.0000000000
   0.9999999966   0.0000000000   0.0000000000   0.0000000000
   1.0049999966   0.0000000000   0.0000000000   0.0000000000
   1.0099999966   0.0000000000   0.0000000000   0.0000000000
   1.0149999966   0.0000000000   0.0000000000   0.0000000000
   1.0199999966   0.0000000000   0.0000000000   0.0000000000
   1.0249999966   0.0000000000   0.0000000000   0.0000000000
   1.0299999965   0.0000000000   0.0000000000   0.0000000000
   1.0349999965   0.0000000000   0.0000000000   0.0000000000
   1.0399999965   0.0000000000   0.0000000000  -0.0000000000
   1.0449999965  -0.0000000000  -0.0000000000  -0.0000000000
   1.0499999965  -0.0000000000  -0.0000000000  -0.0000000000
   1.0549999965  -0.0000000000  -0.0000000000  -0.0000000000
   1.0599999964  -0.0000000000  -0.0000000000  -0.0000000000
   1.0649999964  -0.0000000000  -0.0000000000  -0.0000000000
   1.0699999964  -0.0000000000  -0.0000000000  -0.0000000000
   1.0749999964  -0.0000000000  -0.0000000000  -0.0000000000
   1.0799999964  -0.0000000000  -0.0000000000  -0.0000000000
   1.0849999964  -0.0000000000  -0.0000000000  -0.0000000000
   1.0899999963  -0.0000000000  -0.0000000000  -0.0000000000
   1.0949999963  -0.0000000000  -0.0000000000   0.0000000000
   1.0999999963  -0.0000000000   0.0000000000   0.0000000000
   1.1049999963   0.0000000000   0.0000000000   0.0000000000
   1.1099999963   0.0000000000   0.0000000000   0.0000000000
   1.1149999963   0.0000000000   0.0000000000   0.0000000000
   1.1199999962   0.0000000000   0.0000000000   0.0000000000
   1.1249999962   0.0000000000   0.0000000000   0.0000000000
   1.1299999962   0.0000000000   0.0000000000   0.0000000000
   1.1349999962   0.0000000000   0.0000000000   0.0000000000
   1.1399999962   0.0000000000   0.0000000000   0.0000000000
   1.1449999962   0.0000000000   0.0000000000   0.0000000000
   1.1499999961   0.0000000000   0.0000000000  -0.0000000000
   1.1549999961  -0.0000000000  -0.0000000000  -0.0000000000
   1.1599999961  -0.0000000000  -0.0000000000  -0.0000000000
   1.1649999961  -0.0000000000  -0.0000000000  -0.0000000000
   1.1699999961  -0.0000000000  -0.0000000000  -0.0000000000
   1.1749999961  -0.0000000000  -0.0000000000  -0.0000000000
   1.1799999960  -0.0000000000  -0.0000000000  -0.0000000000
   1.1849999960  -0.0000000000  -0.0000000000  -0.0000000000
   1.1899999960  -0.0000000000  -0.0000000000  -0.0000000000
   1.1949999960  -0.0000000000  -0.0000000000  -0.0000000000
   1.1999999960  -0.0000000000  -0.0000000000   0.0000000000
   1.2049999960   0.0000000000   0.0000000000   0.0000000000
   1.2099999959   0.0000000000   0.0000000000   0.0000000000
   1.2149999959   0.0000000000   0.0000000000   0.0000000000
   1.2199999959   0.0000000000   0.0000000000   0.0000000000
   1.2249999959   0.0000000000   0.0000000000   0.0000000000
   1.2299999959   0.0000000000   0.0000000000   0.0000000000
   1.2349999959   0.0000000000   0.0000000000   0.0000000000
   1.2399999958   0.0000000000   0.0000000000   0.0000000000
   1.2449999958   0.0000000000   0.0000000000  -0.0000000000
   1.2499999958  -0.0000000000  -0.0000000000  -0.0000000000
   1.2549999958  -0.0000000000  -0.0000000000  -0.0000000000
   1.2599999958  -0.0000000000  -0.0000000000  -0.0000000000
   1.2649999958  -0.0000000000  -0.0000000000  -0.0000000000
   1.2699999957  -0.0000000000  -0.0000000000  -0.0000000000
   1.2749999957  -0.0000000000  -0.0000000000  -0.0000000000
   1.2799999957  -0.0000000000  -0.0000000000  -0.0000000000
   1.2849999957  -0.0000000000  -0.0000000000  -0.0000000000
   1.2899999957  -0.0000000000  -0.0000000000   0.0000000000
   1.2949999957   0.0000000000   0.0000000000   0.0000000000
   1.2999999956   0.0000000000   0.0000000000   0.0000000000
   1.3049999956   0.0000000000   0.0000000000   0.0000000000
   1.3099999956   0.0000000000   0.0000000000   0.0000000000
   1.3149999956   0.0000000000   0.0000000000   0.0000000000
   1.3199999956   0.0000000000   0.0000000000   0.0000000000
   1.3249999956   0.0000000000   0.0000000000   0.0000000000
   1.3299999955   0.0000000000   0.0000000000   0.0000000000
   1.3349999955   0.0000000000   0.0000000000  -0.0000000000
   1.3399999955  -0.0000000000  -0.0000000000  -0.0000000000
   1.3449999955  -0.0000000000  -0.0000000000  -0.0000000000
   1.3499999955  -0.0000000000  -0.0000000000  -0.0000000000
   1.3549999954  -0.0000000000  -0.0000000000  -0.0000000000
   1.3599999954  -0.0000000000  -0.0000000000  -0.0000000000
   1.3649999954  -0.0000000000  -0.0000000000  -0.0000000000
   1.3699999954  -0.0000000000  -0.0000000000  -0.0000000000
   1.3749999954  -0.0000000000  -0.0000000000  -0.0000000000
   1.3799999954  -0.0000000000  -0.0000000000   0.0000000000
   1.3849999953   0.0000000000   0.0000000000   0.0000000000
   1.3899999953   0.0000000000   0.0000000000   0.0000000000
   1.3949999953   0.0000000000   0.0000000000   0.0000000000
   1.3999999953   0.0000000000   0.0000000000   0.0000000000
   1.4049999953   0.0000000000   0.0000000000   0.0000000000
   1.4099999953   0.0000000000   0.0000000000   0.0000000000
   1.4149999952   0.0000000000   0.0000000000   0.0000000000
   1.4199999952   0.0000000000   0.0000000000  -0.0000000000
   1.4249999952  -0.0000000000  -0.0000000000  -0.0000000000
   1.4299999952  -0.0000000000  -0.0000000000  -0.0000000000
   1.4349999952  -0.0000000000  -0.0000000000  -0.0000000000
   1.4399999952  -0.0000000000  -0.0000000000  -0.0000000000
   1.4449999951  -0.0000000000  -0.0000000000  -0.0000000000
   1.4499999951  -0.0000000000  -0.0000000000  -0.0000000000
   1.4549999951  -0.0000000000  -0.0000000000  -0.0000000000
   1.4599999951  -0.0000000000  -0.0000000000  -0.0000000000
   1.4649999951  -0.0000000000  -0.0000000000   0.0000000000
   1.4699999951  -0.0000000000  -0.0000000000   0.0000000000
   1.4749999950   0.0000000000   0.0000000000   0.0000000000
   1.4799999950   0.0000000000   0.0000000000   0.0000000000
   1.4849999950   0.0000000000   0.0000000000   0.0000000000
   1.4899999950   0.0000000000   0.0000000000   0.0000000000
   1.4949999950   0.0000000000   0.0000000000   0.0000000000
   1.4999999950   0.0000000000   0.0000000000   0.0000000000
   1.5049999949   0.0000000000   0.0000000000   0.0000000000
   1.5099999949   0.0000000000   0.0000000000   0.0000000000
   1.5149999949   0.0000000000   0.0000000000   0.0000000000
   1.5199999949   0.0000000000   0.0000000000   0.0000000000
   1.5249999949   0.0000000000   0.0000000000   0.0000000000
   1.5299999949   0.0000000000   0.0000000000   0.0000000000
   1.5349999948   0.0000000000   0.0000000000  -0.0000000000
   1.5399999948  -0.0000000000  -0.0000000000  -0.0000000000
   1.5449999948  -0.0000000000  -0.0000000000  -0.0000000000
   1.5499999948  -0.0000000000  -0.0000000000  -0.0000000000
   1.5549999948  -0.0000000000  -0.0000000000  -0.0000000000
   1.5599999948  -0.0000000000  -0.0000000000  -0.0000000000
   1.5649999947  -0.0000000000  -0.0000000000  -0.0000000000
   1.5699999947  -0.0000000000  -0.0000000000  -0.0000000000
   1.5749999947  -0.0000000000  -0.0000000000  -0.0000000000
   1.5799999947  -0.0000000000  -0.0000000000  -0.0000000000
   1.5849999947  -0.0000000000  -0.0000000000  -0.0000000000
   1.5899999947  -0.0000000000  -0.0000000000   0.0000000000
   1.5949999946   0.0000000000   0.0000000000   0.0000000000
   1.5999999946   0.0000000000   0.0000000000   0.0000000000
   1.6049999946   0.0000000000   0.0000000000   0.0000000000
   1.6099999946   0.0000000000   0.0000000000   0.0000000000
   1.6149999946   0.0000000000   0.0000000000   0.0000000000
   1.6199999946   0.0000000000   0.0000000000   0.0000000000
   1.6249999945   0.0000000000   0.0000000000   0.0000000000
   1.6299999945   0.0000000000   0.0000000000   0.0000000000
   1.6349999945   0.0000000000   0.0000000000   0.0000000000
   1.6399999945   0.0000000000   0.0000000000  -0.0000000000
   1.6449999945   0.0000000000   0.0000000000  -0.0000000000
   1.6499999945  -0.0000000000  -0.0000000000  -0.0000000000
   1.6549999944  -0.0000000000  -0.0000000000  -0.0000000000
   1.6599999944  -0.0000000000  -0.0000000000  -0.0000000000
   1.6649999944  -0.0000000000  -0.0000000000  -0.0000000000
   1.6699999944  -0.0000000000  -0.0000000000  -0.0000000000
   1.6749999944  -0.0000000000  -0.0000000000  -0.0000000000
   1.6799999944  -0.0000000000  -0.0000000000  -0.0000000000
   1.6849999943  -0.0000000000  -0.0000000000  -0.0000000000
   1.6899999943  -0.0000000000  -0.0000000000  -0.0000000000
   1.6949999943  -0.0000000000  -0.0000000000   0.0000000000
   1.6999999943   0.0000000000   0.0000000000   0.0000000000
   1.7049999943   0.0000000000   0.0000000000   0.0000000000
   1.7099999943   0.0000000000   0.0000000000   0.0000000000
   1.7149999942   0.0000000000   0.0000000000   0.0000000000
   1.7199999942   0.0000000000   0.0000000000   0.0000000000
   1.7249999942   0.0000000000   0.0000000000   0.0000000000
   1.7299999942   0.0000000000   0.0000000000   0.0000000000
   1.7349999942   0.0000000000   0.0000000000   0.0000000000
   1.7399999942   0.0000000000   0.0000000000   0.0000000000
   1.7449999941   0.0000000000   0.0000000000  -0.0000000000
   1.7499999941  -0.0000000000   0.0000000000  -0.0000000000
   1.7549999941  -0.0000000000  -0.0000000000  -0.0000000000
   1.7599999941  -0.0000000000  -0.0000000000  -0.0000000000
   1.7649999941  -0.0000000000  -0.0000000000  -0.0000000000
   1.7699999941  -0.0000000000  -0.0000000000   0.0000000000
   1.7749999940  -0.0000000000  -0.0000000000   0.0000000000
   1.7799999940  -0.0000000000  -0.0000000000   0.0000000000
   1.7849999940  -0.0000000000  -0.0000000000   0.0000000000
   1.7899999940  -0.0000000000  -0.0000000000   0.0000000000
   1.7949999940   0.0000000000  -0.0000000000   0.0000000000
   1.7999999940   0.0000000000   0.0000000000  -0.0000000000
   1.8049999939   0.0000000000   0.0000000000  -0.0000000000
   1.8099999939   0.0000000000   0.0000000000  -0.0000000000
   1.8149999939   0.0000000000   0.0000000000  -0.0000000000
   1.8199999939   0.0000000000   0.0000000000  -0.0000000000
   1.8249999939   0.0000000000   0.0000000000  -0.0000000000
   1.8299999939   0.0000000000   0.0000000000  -0.0000000000
   1.8349999938   0.0000000000   0.0000000000  -0.0000000000
   1.8399999938  -0.0000000000   0.0000000000  -0.0000000000
   1.8449999938  -0.0000000000  -0.0000000000   0.0000000000
   1.8499999938  -0.0000000000  -0.0000000000   0.0000000000
   1.8549999938  -0.0000000001  -0.0000000000   0.0000000001
   1.8599999938  -0.0000000001  -0.0000000000   0.0000000001
   1.8649999937  -0.0000000001  -0.0000000001   0.0000000001
   1.8699999937  -0.0000000001  -0.0000000001   0.0000000001
   1.8749999937  -0.0000000001  -0.0000000001   0.0000000001
   1.8799999937  -0.0000000001  -0.0000000001   0.0000000001
   1.8849999937  -0.0000000000  -0.0000000000   0.0000000001
   1.8899999937  -0.0000000000  -0.0000000000   0.0000000000
   1.8949999936   0.0000000000   0.0000000000  -0.0000000000
   1.8999999936   0.0000000000   0.0000000000  -0.0000000001
   1.9049999936   0.0000000000   0.0000000000  -0.0000000001
   1.9099999936   0.0000000001   0.0000000001  -0.0000000002
   1.9149999936   0.0000000001   0.0000000001  -0.0000000003
   1.9199999936   0.0000000002   0.0000000001  -0.0000000004
   1.9249999935   0.0000000004   0.0000000002  -0.0000000006
   1.9299999935   0.0000000006   0.0000000003  -0.0000000008
   1.9349999935   0.0000000010   0.0000000005  -0.0000000012
   1.9399999935   0.0000000014   0.0000000007  -0.0000000015
   1.9449999935   0.0000000019   0.0000000009  -0.0000000018
   1.9499999935   0.0000000021   0.0000000010  -0.0000000018
   1.9549999934   0.0000000020   0.0000000009  -0.0000000014
   1.9599999934   0.0000000010   0.0000000005  -0.0000000001
   1.9649999934  -0.0000000011  -0.0000000004   0.0000000025
   1.9699999934  -0.0000000049  -0.0000000022   0.0000000069
   1.9749999934  -0.0000000109  -0.0000000050   0.0000000134
   1.9799999934  -0.0000000194  -0.0000000091   0.0000000224
   1.9849999933  -0.0000000306  -0.0000000146   0.0000000337
   1.9899999933  -0.0000000443  -0.0000000213   0.0000000471
   1.9949999933  -0.0000000596  -0.0000000290   0.0000000615
   1.9999999933  -0.0000000751  -0.0000000370   0.0000000751
   2.0049999933  -0.0000000886  -0.0000000442   0.0000000854
   2.0099999933  -0.0000000968  -0.0000000489   0.0000000893
   2.0149999932  -0.0000000961  -0.0000000495   0.0000000829
   2.0199999932  -0.0000000822  -0.0000000435   0.0000000621
   2.0249999932  -0.0000000509  -0.0000000287   0.0000000232
   2.0299999932   0.0000000016  -0.0000000032  -0.0000000367
   2.0349999932   0.0000000773   0.0000000345  -0.0000001186
   2.0399999931   0.0000001764   0.0000000846  -0.0000002211
   2.0449999931   0.0000002956   0.0000001457  -0.0000003391
   2.0499999931   0.0000004279   0.0000002145  -0.0000004636
   2.0549999931   0.0000005620   0.0000002854  -0.0000005814
   2.0599999931   0.0000006822   0.0000003502  -0.0000006753
   2.0649999931   0.0000007693   0.0000003988  -0.0000007252
   2.0699999930   0.0000008016   0.0000004194  -0.0000007096
   2.0749999930   0.0000007571   0.0000004000  -0.0000006078
   2.0799999930   0.0000006164   0.0000003292  -0.0000004033
   2.0849999930   0.0000003652   0.0000001983  -0.0000000867
   2.0899999930  -0.0000000016   0.0000000031   0.0000003413
   2.0949999930  -0.0000004779  -0.0000002543   0.0000008671
   2.0999999929  -0.0000010433  -0.0000005646   0.0000014625
   2.1049999929  -0.0000016632  -0.0000009099   0.0000020851
   2.1099999929  -0.0000022888  -0.0000012642   0.0000026796
   2.1149999929  -0.0000028608  -0.0000015948   0.0000031822
   2.1199999929  -0.0000033134  -0.0000018643   0.0000035261
   2.1249999929  -0.0000035818  -0.0000020345   0.0000036491
   2.1299999928  -0.0000036094  -0.0000020705   0.0000035017
   2.1349999928  -0.0000033564  -0.0000019456   0.0000030556
   2.1399999928  -0.0000028071  -0.0000016460   0.0000023101
   2.1449999928  -0.0000019757  -0.0000011743   0.0000012971
   2.1499999928  -0.0000009085  -0.0000005522   0.0000000813
   2.1549999928   0.0000003168   0.0000001797  -0.0000012424
   2.1599999927   0.0000015967   0.0000009635  -0.0000025569
   2.1649999927   0.0000028119   0.0000017291  -0.0000037344
   2.1699999927   0.0000038394   0.0000024010  -0.0000046506
   2.1749999927   0.0000045675   0.0000029063  -0.0000052002
   2.1799999927   0.0000049105   0.0000031844  -0.0000053118
   2.1849999927   0.0000048216   0.0000031948  -0.0000049591
   2.1899999926   0.0000043008   0.0000029242  -0.0000041671
   2.1949999926   0.0000033984   0.0000023898  -0.0000030127
   2.1999999926   0.0000022104   0.0000016392  -0.0000016165
   2.2049999926   0.0000008682   0.0000007464  -0.0000001296
   2.2099999926  -0.0000004777  -0.0000001966   0.0000012859
   2.2149999926  -0.0000016778  -0.0000010907   0.0000024781
   2.2199999925  -0.0000026038  -0.0000018422   0.0000033266
   2.2249999925  -0.0000031675  -0.0000023756   0.0000037598
   2.2299999925  -0.0000033332  -0.0000026434   0.0000037649
   2.2349999925  -0.0000031229  -0.0000026333   0.0000033900
   2.2399999925  -0.0000026126  -0.0000023691   0.0000027357
   2.2449999925  -0.0000019198  -0.0000019076   0.0000019387
   2.2499999924  -0.0000011835  -0.0000013291   0.0000011490
   2.2549999924  -0.0000005407  -0.0000007252   0.0000005042
   2.2599999924  -0.0000001024  -0.0000001838   0.0000001053
   2.2649999924   0.0000000661   0.0000002245  -0.0000000009
   2.2699999924  -0.0000000423   0.0000004582   0.0000001687
   2.2749999924  -0.0000003752   0.0000005110   0.0000005364
   2.2799999923  -0.0000008289   0.0000004123   0.0000009771
   2.2849999923  -0.0000012681   0.0000002213   0.0000013411
   2.2899999923  -0.0000015514   0.0000000158   0.0000014826
   2.2949999923  -0.0000015592  -0.0000001227   0.0000012884
   2.2999999923  -0.0000012192  -0.0000001252   0.0000007026
   2.3049999923  -0.0000005240   0.0000000512  -0.0000002588
   2.3099999922   0.0000004628   0.0000004131  -0.0000015053
   2.3149999922   0.0000016145   0.0000009274  -0.0000028818
   2.3199999922   0.0000027606   0.0000015247  -0.0000041915
   2.3249999922   0.0000037175   0.0000021088  -0.0000052251
   2.3299999922   0.0000043224   0.0000025716  -0.0000057945
   2.3349999922   0.0000044666   0.0000028099  -0.0000057623
   2.3399999921   0.0000041197   0.0000027426  -0.0000050645
   2.3449999921   0.0000033405   0.0000023240  -0.0000037220
   2.3499999921   0.0000022701   0.0000015531  -0.0000018391
   2.3549999921   0.0000011074   0.0000004761   0.0000004078
   2.3599999921   0.0000000688  -0.0000008156   0.0000027900
   2.3649999921  -0.0000006617  -0.0000021929   0.0000050484
   2.3699999920  -0.0000009841  -0.0000034986   0.0000069150
   2.3749999920  -0.0000009259  -0.0000045586   0.0000081297
   2.3799999920  -0.0000006673  -0.0000051928   0.0000084521
   2.3849999920  -0.0000005402  -0.0000052265   0.0000076712
   2.3899999920  -0.0000009930  -0.0000045029   0.0000056171
   2.3949999920  -0.0000025195  -0.0000028995   0.0000021807
   2.3999999919  -0.0000055543  -0.0000003504  -0.0000026518
   2.4049999919  -0.0000103408   0.0000031228  -0.0000087475
   2.4099999919  -0.0000167863   0.0000073719  -0.0000157599
   2.4149999919  -0.0000243234   0.0000120789  -0.0000230541
   2.4199999919  -0.0000318024   0.0000167125  -0.0000296401
   2.4249999919  -0.0000374432   0.0000204994  -0.0000341369
   2.4299999918  -0.0000388785   0.0000224204  -0.0000347919
   2.4349999918  -0.0000333153   0.0000212512  -0.0000295847
   2.4399999918  -0.0000178407   0.0000156613  -0.0000164370
   2.4449999918   0.0000101197   0.0000043844   0.0000064581
   2.4499999918   0.0000521927  -0.0000135359   0.0000401881
   2.4549999918   0.0001083271  -0.0000384283   0.0000845760
   2.4599999917   0.0001759934  -0.0000696242   0.0001375804
   2.4649999917   0.0002493934  -0.0001050671   0.0001947032
   2.4699999917   0.0003187821  -0.0001409476   0.0002484877
   2.4749999917   0.0003700203  -0.0001714188   0.0002881972
   2.4799999917   0.0003844828  -0.0001884568   0.0002997684
   2.4849999917   0.0003394343  -0.0001819238   0.0002661209
   2.4899999916   0.0002089551  -0.0001398881   0.0001678815
   2.4949999916  -0.0000345457  -0.0000492305  -0.0000154582
   2.4999999916  -0.0004182584   0.0001034573  -0.0003039757
   2.5049999916  -0.0009664444   0.0003307116  -0.0007154243
   2.5099999916  -0.0016976264   0.0006428404  -0.0012631479
   2.5149999916  -0.0026217440   0.0010464761  -0.0019539863
   2.5199999915  -0.0037375664   0.0015431724  -0.0027863858
   2.5249999915  -0.0050306769   0.0021282012  -0.0037489463
   2.5299999915  -0.0064723256   0.0027897091  -0.0048196198
   2.5349999915  -0.0080193930   0.0035083811  -0.0059657361
   2.5399999915  -0.0096156134   0.0042577238  -0.0071449628
   2.5449999915  -0.0111940870   0.0050050279  -0.0083072171
   2.5499999914  -0.0126809664   0.0057130038  -0.0093974434
   2.5549999914  -0.0140000674   0.0063420084  -0.0103590661
   2.5599999914  -0.0150780273   0.0068527088  -0.0111378373
   2.5649999914  -0.0158495500   0.0072089622  -0.0116857312
   2.5699999914  -0.0162622363   0.0073806529  -0.0119645118
   2.5749999914  -0.0162805198   0.0073462062  -0.0119486127
   2.5799999913  -0.0158883080   0.0070945205  -0.0116270348
   2.5849999913  -0.0150900590   0.0066261036  -0.0110040637
   2.5899999913  -0.0139101960   0.0059532806  -0.0100987442
   2.5949999913  -0.0123909446   0.0050994356  -0.0089431878
   2.5999999913  -0.0105888590   0.0040973581  -0.0075799258
   2.6049999913  -0.0085704467   0.0029868627  -0.0060586266
   2.6099999912  -0.0064073953   0.0018119326  -0.0044325614
   2.6149999912  -0.0041719287   0.0006176881  -0.0027552129
   2.6199999912  -0.0019327742  -0.0005525102  -0.0010773768
   2.6249999912   0.0002478905  -0.0016595409   0.0005549863
   2.6299999912   0.0023163046  -0.0026703685   0.0021020210
   2.6349999912   0.0042277877  -0.0035591372   0.0035303820
   2.6399999911   0.0059463638  -0.0043074950   0.0048129216
   2.6449999911   0.0074436647  -0.0049042381   0.0059279109
   2.6499999911   0.0086975233  -0.0053444501   0.0068581022
   2.6549999911   0.0096906893  -0.0056283637   0.0075899374
   2.6599999911   0.0104100422  -0.0057601864   0.0081131531
   2.6649999911   0.0108465509  -0.0057471078   0.0084209279
   2.6699999910   0.0109960511  -0.0055986380   0.0085105843
   2.6749999910   0.0108607221  -0.0053263455   0.0083847241
   2.6799999910   0.0104509584  -0.0049439614   0.0080525543
   2.6849999910   0.0097872074  -0.0044677289   0.0075310850
   2.6899999910   0.0089012801  -0.0039168149   0.0068458620
   2.6949999909   0.0078366784  -0.0033135648   0.0060309324
   2.6999999909   0.0066475978  -0.0026833990   0.0051278459
   2.7049999909   0.0053964578  -0.0020541992   0.0041836293
   2.7099999909   0.0041500476  -0.0014551196   0.0032478391
   2.7149999909   0.0029746138  -0.0009148618   0.0023689531
   2.7199999909   0.0019304231  -0.0004595610   0.0015904888
   2.7249999908   0.0010664668  -0.0001105195   0.0009473127
   2.7299999908   0.0004160085   0.0001179165   0.0004626153
   2.7349999908  -0.0000063939   0.0002200284   0.0001459638
   2.7399999908  -0.0002059348   0.0001996682  -0.0000072772
   2.7449999908  -0.0002064708   0.0000702769  -0.0000150384
   2.7499999908  -0.0000473760  -0.0001461032   0.0000937737
   2.7549999907   0.0002212878  -0.0004207730   0.0002827474
   2.7599999907   0.0005446807  -0.0007210924   0.0005121672
   2.7649999907   0.0008694212  -0.0010136745   0.0007434315
   2.7699999907   0.0011493521  -0.0012676872   0.0009431403
   2.7749999907   0.0013501196  -0.0014578697   0.0010863542
   2.7799999907   0.0014520232  -0.0015669004   0.0011586449
   2.7849999906   0.0014508505  -0.0015868350   0.0011567253
   2.7899999906   0.0013566966  -0.0015194525   0.0010876462
   2.7949999906   0.0011910489  -0.0013754910   0.0009667392
   2.7999999906   0.0009826422  -0.0011729003   0.0008146558
   2.8049999906   0.0007627351  -0.0009343607   0.0006539597
   2.8099999906   0.0005604983  -0.0006844099   0.0005057722
   2.8149999905   0.0003991451  -0.0004465529   0.0003869369
   2.8199999905   0.0002932848  -0.0002407192   0.0003080677
   2.8249999905   0.0002477665  -0.0000813631   0.0002726908
   2.8299999905   0.0002580443   0.0000235998   0.0002775166
   2.8349999905   0.0003118711   0.0000729542   0.0003137020
   2.8399999905   0.0003919438   0.0000715074   0.0003688226
   2.8449999904   0.0004790149   0.0000287435   0.0004291826
   2.8499999904   0.0005549539  -0.0000429364   0.0004820665
   2.8549999904   0.0006052932  -0.0001301028   0.0005175758
   2.8599999904   0.0006209104  -0.0002200377   0.0005297895
   2.8649999904   0.0005986632  -0.0003021009   0.0005171184
   2.8699999904   0.0005409690  -0.0003685748   0.0004818664
   2.8749999903   0.0004544911  -0.0004149393   0.0004291450
   2.8799999903   0.0003482212  -0.0004396187   0.0003653818
   2.8849999903   0.0002313258  -0.0004433209   0.0002967141
   2.8899999903   0.0001111329  -0.0004281386   0.0002275553
   2.8949999903  -0.0000084065  -0.0003966007   0.0001595701
   2.8999999903  -0.0001275520  -0.0003508464   0.0000912085
   2.9049999902  -0.0002507944  -0.0002920523   0.0000178429
   2.9099999902  -0.0003860981  -0.0002201869  -0.0000675469
   2.9149999902  -0.0005435214  -0.0001340999  -0.0001732831
   2.9199999902  -0.0007334654  -0.0000318982  -0.0003076858
   2.9249999902  -0.0009648452   0.0000884850  -0.0004777663
   2.9299999902  -0.0012434781   0.0002286443  -0.0006881097
   2.9349999901  -0.0015709268   0.0003890981  -0.0009400915
   2.9399999901  -0.0019439502   0.0005688266  -0.0012315100
   2.9449999901  -0.0023546086   0.0007650203  -0.0015566468
   2.9499999901  -0.0027909581   0.0009730676  -0.0019067073
   2.9549999901  -0.0032381850   0.0011867709  -0.0022705426
   2.9599999901  -0.0036799694   0.0013987458  -0.0026355334
   2.9649999900  -0.0040998545   0.0016009367  -0.0029885043
   2.9699999900  -0.0044824225   0.0017851719  -0.0033165592
   2.9749999900  -0.0048141345   0.0019436864  -0.0036077519
   2.9799999900  -0.0050837755   0.0020695548  -0.0038515479
   2.9849999900  -0.0052825229   0.0021569985  -0.0040390706
   2.9899999900  -0.0054037327   0.0022015600  -0.0041631629
   2.9949999899  -0.0054425795   0.0022001563  -0.0042183200
   2.9999999899  -0.0053956987   0.0021510441  -0.0042005642
   3.0049999899  -0.0052609586   0.0020537387  -0.0041073318
   3.0099999899  -0.0050374429   0.0019089272  -0.0039374295
   3.0149999899  -0.0047256574   0.0017184081  -0.0036910933
   3.0199999899  -0.0043279159   0.0014850750  -0.0033701532
   3.0249999898  -0.0038488043   0.0012129419  -0.0029782748
   3.0299999898  -0.0032955992   0.0009071897  -0.0025212229
   3.0349999898  -0.0026785136   0.0005741999  -0.0020070756
   3.0399999898  -0.0020106755   0.0002215368  -0.0014463129
   3.0449999898  -0.0013077876  -0.0001421612  -0.0008517177
   3.0499999898  -0.0005874789  -0.0005074036  -0.0002380497
   3.0549999897   0.0001315887  -0.0008641935   0.0003785113
   3.0599999897   0.0008307546  -0.0012024789   0.0009811185
   3.0649999897   0.0014924072  -0.0015126752   0.0015531417
   3.0699999897   0.0021009234  -0.0017862074   0.0020790874
   3.0749999897   0.0026433997  -0.0020160104   0.0025454581
   3.0799999897   0.0031101139  -0.0021969309   0.0029414554
   3.0849999896   0.0034947009  -0.0023259854   0.0032594576
   3.0899999896   0.0037940663  -0.0024024469   0.0034952352
   3.0949999896   0.0040080963  -0.0024277591   0.0036479037
   3.0999999896   0.0041392361  -0.0024052978   0.0037196502
   3.1049999896   0.0041920143  -0.0023400190   0.0037152950
   3.1099999896   0.0041725778  -0.0022380445   0.0036417623
   3.1149999895   0.0040882844  -0.0021062369   0.0035075340
   3.1199999895   0.0039473727  -0.0019518077   0.0033221445
   3.1249999895   0.0037587109  -0.0017819921   0.0030957536
   3.1299999895   0.0035316037  -0.0016037993   0.0028388069
   3.1349999895   0.0032756291  -0.0014238383   0.0025617704
   3.1399999895   0.0030004728  -0.0012481964   0.0022749112
   3.1449999894   0.0027157310  -0.0010823495   0.0019880884
   3.1499999894   0.0024306652  -0.0009310748   0.0017105258
   3.1549999894   0.0021539058  -0.0007983514   0.0014505500
   3.1599999894   0.0018931168  -0.0006872400   0.0012152983
   3.1649999894   0.0016546511  -0.0005997510   0.0010104212
   3.1699999894   0.0014432368  -0.0005367216   0.0008398149
   3.1749999893   0.0012617430  -0.0004977293   0.0007054330
   3.1799999893   0.0011110684  -0.0004810737   0.0006072184
   3.1849999893   0.0009901895  -0.0004838501   0.0005431833
   3.1899999893   0.0008963829  -0.0005021282   0.0005096477
   3.1949999893   0.0008256103  -0.0005312320   0.0005016156
   3.1999999893   0.0007730282  -0.0005660991   0.0005132507
   3.2049999892   0.0007335588  -0.0006016846   0.0005383909
   3.2099999892   0.0007024430  -0.0006333609   0.0005710376
   3.2149999892   0.0006756966  -0.0006572664   0.0006057598
   3.2199999892   0.0006504020  -0.0006705607   0.0006379712
   3.2249999892   0.0006247995  -0.0006715584   0.0006640627
   3.2299999892   0.0005981773  -0.0006597330   0.0006814037
   3.2349999891   0.0005705997  -0.0006356026   0.0006882455
   3.2399999891   0.0005425445  -0.0006005258   0.0006835793
   3.2449999891   0.0005145347  -0.0005564512   0.0006670009
   3.2499999891   0.0004868503  -0.0005056623   0.0006386199
   3.2549999891   0.0004593789  -0.0004505560   0.0005990332
   3.2599999891   0.0004316304  -0.0003934792   0.0005493513
   3.2649999890   0.0004028966  -0.0003366307   0.0004912443
   3.2699999890   0.0003725012  -0.0002820170   0.0004269610
   3.2749999890   0.0003400623  -0.0002314412   0.0003592750
   3.2799999890   0.0003056895  -0.0001864978   0.0002913298
   3.2849999890   0.0002700552  -0.0001485503   0.0002263826
   3.2899999890   0.0002343166  -0.0001186795   0.0001674772
   3.2949999889   0.0001999051  -0.0000976065   0.0001171050
   3.2999999889   0.0001682369  -0.0000856053   0.0000769224
   3.3049999889   0.0001404186  -0.0000824329   0.0000475889
   3.3099999889   0.0001170250  -0.0000873025   0.0000287646
   3.3149999889   0.0000980036  -0.0000989195   0.0000192695
   3.3199999889   0.0000827277  -0.0001155871   0.0000173672
   3.3249999888   0.0000701780  -0.0001353693   0.0000211058
   3.3299999888   0.0000592035  -0.0001562864   0.0000286352
   3.3349999888   0.0000487883  -0.0001765083   0.0000384297
   3.3399999888   0.0000382594  -0.0001945131   0.0000493736
   3.3449999888   0.0000273860  -0.0002091838   0.0000607084
   3.3499999888   0.0000163569  -0.0002198364   0.0000718808
   3.3549999887   0.0000056552  -0.0002261831   0.0000823591
   3.3599999887  -0.0000041233  -0.0002282556   0.0000914914
   3.3649999887  -0.0000124506  -0.0002263131   0.0000984649
   3.3699999887  -0.0000189969  -0.0002207639   0.0001023864
   3.3749999887  -0.0000236837  -0.0002121153   0.0001024643
   3.3799999886  -0.0000266569  -0.0002009571   0.0000982334
   3.3849999886  -0.0000282097  -0.0001879657   0.0000897443
   3.3899999886  -0.0000286904  -0.0001739114   0.0000776465
   3.3949999886  -0.0000284365  -0.0001596476   0.0000631248
   3.3999999886  -0.0000277558  -0.0001460674   0.0000476913
   3.4049999886  -0.0000269540  -0.0001340298   0.0000328855
   3.4099999885  -0.0000263852  -0.0001242646   0.0000199638
   3.4149999885  -0.0000264906  -0.0001172830   0.0000096686
   3.4199999885  -0.0000277899  -0.0001133171   0.0000021455
   3.4249999885  -0.0000308113  -0.0001123092  -0.0000029686
   3.4299999885  -0.0000359677  -0.0001139555  -0.0000063169
   3.4349999885  -0.0000434159  -0.0001177947  -0.0000085280
   3.4399999884  -0.0000529469  -0.0001233138  -0.0000099561
   3.4449999884  -0.0000639570  -0.0001300420  -0.0000105430
   3.4499999884  -0.0000755256  -0.0001376025  -0.0000098546
   3.4549999884  -0.0000865950  -0.0001457088  -0.0000072816
   3.4599999884  -0.0000962090  -0.0001541110  -0.0000023429
   3.4649999884  -0.0001037453  -0.0001625156   0.0000050159
   3.4699999883  -0.0001090673  -0.0001705151   0.0000142352
   3.4749999883  -0.0001125441  -0.0001775631   0.0000241463
   3.4799999883  -0.0001149204  -0.0001830183   0.0000331864
   3.4849999883  -0.0001170704  -0.0001862560   0.0000397742
   3.4899999883  -0.0001197061  -0.0001868244   0.0000427361
   3.4949999883  -0.0001231326  -0.0001845980   0.0000416520
   3.4999999882  -0.0001271343  -0.0001798794   0.0000370007
   3.5049999882  -0.0001310382  -0.0001734058   0.0000300455
   3.5099999882  -0.0001339450  -0.0001662429   0.0000224783
   3.5149999882  -0.0001350639  -0.0001595822   0.0000159194
   3.5199999882  -0.0001340453  -0.0001544887   0.0000114221
   3.5249999882  -0.0001311998  -0.0001516633   0.0000091391
   3.5299999881  -0.0001275170  -0.0001512895   0.0000082629
   3.5349999881  -0.0001244598  -0.0001530104   0.0000072731
   3.5399999881  -0.0001235752  -0.0001560479   0.0000044254
   3.5449999881  -0.0001260306  -0.0001594362  -0.0000016611
   3.5499999881  -0.0001322124  -0.0001623050  -0.0000115027
   3.5549999881  -0.0001415191  -0.0001641320  -0.0000244998
   3.5599999880  -0.0001524263  -0.0001648904  -0.0000390282
   3.5649999880  -0.0001628273  -0.0001650462  -0.0000528630
   3.5699999880  -0.0001705638  -0.0001654044  -0.0000638157
   3.5749999880  -0.0001740034  -0.0001668468  -0.0000703966
   3.5799999880  -0.0001724951  -0.0001700416  -0.0000722949
   3.5849999880  -0.0001665646  -0.0001752096  -0.0000705197
   3.5899999879  -0.0001577838  -0.0001820217  -0.0000671449
   3.5949999879  -0.0001483433  -0.0001896600  -0.0000647231
   3.5999999879  -0.0001404475  -0.0001970275  -0.0000655390
   3.6049999879  -0.0001357086  -0.0002030447  -0.0000709274
   3.6099999879  -0.0001347203  -0.0002069443  -0.0000808699
   3.6149999879  -0.0001369400  -0.0002084752  -0.0000939991
   3.6199999878  -0.0001409191  -0.0002079524  -0.0001080159
   3.6249999878  -0.0001448120  -0.0002061392  -0.0001203978
   3.6299999878  -0.0001470079  -0.0002039960  -0.0001291773
   3.6349999878  -0.0001466905  -0.0002023768  -0.0001335486
   3.6399999878  -0.0001441440  -0.0002017674  -0.0001341040
   3.6449999878  -0.0001407054  -0.0002021494  -0.0001326202
   3.6499999877  -0.0001383662  -0.0002030347  -0.0001314547
   3.6549999877  -0.0001391390  -0.0002036612  -0.0001327362
   3.6599999877  -0.0001443810  -0.0002032882  -0.0001376079
   3.6649999877  -0.0001542850  -0.0002014966  -0.0001457667
   3.6699999877  -0.0001677001  -0.0001983944  -0.0001554581
   3.6749999877  -0.0001823508  -0.0001946565  -0.0001639404
   3.6799999876  -0.0001953976  -0.0001913775  -0.0001682859
   3.6849999876  -0.0002041800  -0.0001897755  -0.0001662747
   3.6899999876  -0.0002069215  -0.0001908351  -0.0001571011
   3.6949999876  -0.0002031878  -0.0001949974  -0.0001416648
   3.6999999876  -0.0001939591  -0.0002019975  -0.0001223465
   3.7049999876  -0.0001812973  -0.0002109040  -0.0001023260
   3.7099999875  -0.0001677098  -0.0002203564  -0.0000846490
   3.7149999875  -0.0001554067  -0.0002289324  -0.0000713312
   3.7199999875  -0.0001456798  -0.0002355385  -0.0000627819
   3.7249999875  -0.0001385937  -0.0002397055  -0.0000577339
   3.7299999875  -0.0001330824  -0.0002416976  -0.0000537110
   3.7349999875  -0.0001274178  -0.0002424018  -0.0000478920
   3.7399999874  -0.0001198994  -0.0002430286  -0.0000381038
   3.7449999874  -0.0001095437  -0.0002447147  -0.0000236304
   3.7499999874  -0.0000965517  -0.0002481503  -0.0000055735
   3.7549999874  -0.0000824001  -0.0002533448   0.0000133577
   3.7599999874  -0.0000695192  -0.0002596048   0.0000295782
   3.7649999874  -0.0000606505  -0.0002657324   0.0000396599
   3.7699999873  -0.0000580772  -0.0002703843   0.0000413492
   3.7749999873  -0.0000629640  -0.0002724813   0.0000342522
   3.7799999873  -0.0000750079  -0.0002715433   0.0000199675
   3.7849999873  -0.0000925111  -0.0002678454   0.0000016170
   3.7899999873  -0.0001128521  -0.0002623488  -0.0000170854
   3.7949999873  -0.0001332139  -0.0002564265  -0.0000329437
   3.7999999872  -0.0001513440  -0.0002514685  -0.0000442218
   3.8049999872  -0.0001661164  -0.0002484899  -0.0000511216
   3.8099999872  -0.0001777239  -0.0002478610  -0.0000556401
   3.8149999872  -0.0001874489  -0.0002492435  -0.0000608449
   3.8199999872  -0.0001970883  -0.0002517500  -0.0000697857
   3.8249999872  -0.0002082191  -0.0002542777  -0.0000843822
   3.8299999871  -0.0002215396  -0.0002559087  -0.0001046372
   3.8349999871  -0.0002364981  -0.0002562533  -0.0001284318
   3.8399999871  -0.0002513295  -0.0002556250  -0.0001519802
   3.8449999871  -0.0002634956  -0.0002549922  -0.0001708218
   3.8499999871  -0.0002703976  -0.0002557177  -0.0001810584
   3.8549999871  -0.0002701417  -0.0002591635  -0.0001804675
   3.8599999870  -0.0002621261  -0.0002662799  -0.0001691538
   3.8649999870  -0.0002472666  -0.0002773039  -0.0001495416
   3.8699999870  -0.0002277922  -0.0002916573  -0.0001257036
   3.8749999870  -0.0002066697  -0.0003080749  -0.0001022286
   3.8799999870  -0.0001868329  -0.0003249252  -0.0000829618
   3.8849999870  -0.0001704451  -0.0003406255  -0.0000699974
   3.8899999869  -0.0001584153  -0.0003540272  -0.0000632184
   3.8949999869  -0.0001503075  -0.0003646595  -0.0000605168
   3.8999999869  -0.0001446597  -0.0003727601  -0.0000586188
   3.9049999869  -0.0001396074  -0.0003790923  -0.0000542553
   3.9099999869  -0.0001336106  -0.0003846087  -0.0000453174
   3.9149999869  -0.0001260585  -0.0003900715  -0.0000316398
   3.9199999868  -0.0001175618  -0.0003957499  -0.0000151706
   3.9249999868  -0.0001098438  -0.0004012912   0.0000005266
   3.9299999868  -0.0001052629  -0.0004058072   0.0000112918
   3.9349999868  -0.0001061114  -0.0004081524   0.0000136014
   3.9399999868  -0.0001139042  -0.0004073089   0.0000056469
   3.9449999868  -0.0001288719  -0.0004027625  -0.0000120655
   3.9499999867  -0.0001498095  -0.0003947529  -0.0000367730
   3.9549999867  -0.0001743283  -0.0003843204  -0.0000641588
   3.9599999867  -0.0001994332  -0.0003731292  -0.0000894907
   3.9649999867  -0.0002222601  -0.0003631151  -0.0001088656
   3.9699999867  -0.0002407576  -0.0003560539  -0.0001201987
   3.9749999867  -0.0002541217  -0.0003531732  -0.0001236760
   3.9799999866  -0.0002628655  -0.0003549128  -0.0001215510
   3.9849999866  -0.0002685186  -0.0003608990  -0.0001173576
   3.9899999866  -0.0002730538  -0.0003701327  -0.0001147822
   3.9949999866  -0.0002782191  -0.0003813323  -0.0001165322
   3.9999999866  -0.0002849751  -0.0003933288  -0.0001235330
   4.0049999866  -0.0002931986  -0.0004053954  -0.0001346826
   4.0099999865  -0.0003017344  -0.0004174205  -0.0001472258
   4.0149999865  -0.0003087703  -0.0004298752  -0.0001576275
   4.0199999865  -0.0003124191  -0.0004435912  -0.0001626802
   4.0249999865  -0.0003113295  -0.0004594185  -0.0001605183
   4.0299999865  -0.0003051490  -0.0004778676  -0.0001512414
   4.0349999864  -0.0002947020  -0.0004988426  -0.0001369695
   4.0399999864  -0.0002818367  -0.0005215474  -0.0001213170
   4.0449999864  -0.0002689854  -0.0005445930  -0.0001084398
   4.0499999864  -0.0002585676  -0.0005662780  -0.0001019313
   4.0549999864  -0.0002524022  -0.0005849651  -0.0001038768
   4.0599999864  -0.0002512928  -0.0005994490  -0.0001143303
   4.0649999863  -0.0002548941  -0.0006092146  -0.0001313500
   4.0699999863  -0.0002618876  -0.0006145179  -0.0001515721
   4.0749999863  -0.0002704077  -0.0006162710  -0.0001711506
   4.0799999863  -0.0002785913  -0.0006157691  -0.0001867960
   4.0849999863  -0.0002850951  -0.0006143379  -0.0001966224
   4.0899999863  -0.0002894374  -0.0006130035  -0.0002005792
   4.0949999862  -0.0002920762  -0.0006122735  -0.0002003586
   4.0999999862  -0.0002942124  -0.0006120862  -0.0001988268
   4.1049999862  -0.0002973808  -0.0006119350  -0.0001991503
   4.1099999862  -0.0003029527  -0.0006111250  -0.0002038743
   4.1149999862  -0.0003116918  -0.0006090821  -0.0002142109
   4.1199999862  -0.0003234892  -0.0006056213  -0.0002297308
   4.1249999861  -0.0003373485  -0.0006010969  -0.0002485340
   4.1299999861  -0.0003516234  -0.0005963883  -0.0002678371
   4.1349999861  -0.0003644404  -0.0005927278  -0.0002847999
   4.1399999861  -0.0003741895  -0.0005914158  -0.0002973529
   4.1449999861  -0.0003799504  -0.0005935053  -0.0003047875
   4.1499999861  -0.0003817441  -0.0005995411  -0.0003079456
   4.1549999860  -0.0003805452  -0.0006094251  -0.0003089556
   4.1599999860  -0.0003780619  -0.0006224431  -0.0003105910
   4.1649999860  -0.0003763481  -0.0006374433  -0.0003154286
   4.1699999860  -0.0003773597  -0.0006531165  -0.0003250382
   4.1749999860  -0.0003825765  -0.0006683009  -0.0003394231
   4.1799999860  -0.0003927907  -0.0006822297  -0.0003568591
   4.1849999859  -0.0004081147  -0.0006946557  -0.0003741719
   4.1899999859  -0.0004281973  -0.0007058251  -0.0003873734
   4.1949999859  -0.0004525786  -0.0007163097  -0.0003924851
   4.1999999859  -0.0004810768  -0.0007267499  -0.0003863328
   4.2049999859  -0.0005140851  -0.0007375815  -0.0003671104
   4.2099999859  -0.0005526868  -0.0007488235  -0.0003345860
   4.2149999858  -0.0005985378  -0.0007599871  -0.0002899224
   4.2199999858  -0.0006535317  -0.0007701322  -0.0002351972
   4.2249999858  -0.0007193173  -0.0007780557  -0.0001727912
   4.2299999858  -0.0007967760  -0.0007825620  -0.0001048464
   4.2349999858  -0.0008855745  -0.0007827427  -0.0000329764
   4.2399999858  -0.0009838875  -0.0007781893   0.0000416636
   4.2449999857  -0.0010883367  -0.0007690848   0.0001179400
   4.2499999857  -0.0011941371  -0.0007561485   0.0001940387
   4.2549999857  -0.0012953867  -0.0007404540   0.0002666731
   4.2599999857  -0.0013854073  -0.0007231712   0.0003304104
   4.2649999857  -0.0014570352  -0.0007053065   0.0003773002
   4.2699999857  -0.0015027893  -0.0006875131   0.0003969140
   4.2749999856  -0.0015148885  -0.0006700256   0.0003768069
   4.2799999856  -0.0014851478  -0.0006527357   0.0003033089
   4.2849999856  -0.0014048277  -0.0006353878   0.0001624843
   4.2899999856  -0.0012645425  -0.0006178367  -0.0000589347
   4.2949999856  -0.0010543273  -0.0006002934  -0.0003728057
   4.2999999856  -0.0007639350  -0.0005834860  -0.0007891229
   4.3049999855  -0.0003833822  -0.0005686858  -0.0013158569
   4.3099999855   0.0000962966  -0.0005575845  -0.0019590004
   4.3149999855   0.0006821794  -0.0005520494  -0.0027226715
   4.3199999855   0.0013785924  -0.0005538145  -0.0036091070
   4.3249999855   0.0021863728  -0.0005641828  -0.0046184146
   4.3299999855   0.0031023524  -0.0005838091  -0.0057480261
   4.3349999854   0.0041191071  -0.0006126101  -0.0069918907
   4.3399999854   0.0052249603  -0.0006498110  -0.0083395401
   4.3449999854   0.0064041840  -0.0006941030  -0.0097752137
   4.3499999854   0.0076373133  -0.0007438547  -0.0112772500
   4.3549999854   0.0089014930  -0.0007973120  -0.0128179103
   4.3599999854   0.0101708041  -0.0008527240  -0.0143637239
   4.3649999853   0.0114165621  -0.0009083627  -0.0158763451
   4.3699999853   0.0126076257  -0.0009624319  -0.0173138212
   4.3749999853   0.0137107947  -0.0010129004  -0.0186321045
   4.3799999853   0.0146913819  -0.0010573153  -0.0197866265
   4.3849999853   0.0155140319  -0.0010926602  -0.0207337776
   4.3899999853   0.0161438152  -0.0011153144  -0.0214322024
   4.3949999852   0.0165475685  -0.0011211427  -0.0218438994
   4.3999999852   0.0166953975  -0.0011057148  -0.0219351875
   4.4049999852   0.0165622129  -0.0010646188  -0.0216776397
   4.4099999852   0.0161291566  -0.0009938113  -0.0210490870
   4.4149999852   0.0153847865  -0.0008899395  -0.0200347494
   4.4199999852   0.0143259255  -0.0007505781  -0.0186284792
   4.4249999851   0.0129581356  -0.0005743449  -0.0168340193
   4.4299999851   0.0112958275  -0.0003608940  -0.0146661133
   4.4349999851   0.0093620595  -0.0001108092  -0.0121512717
   4.4399999851   0.0071880939   0.0001745528  -0.0093280106
   4.4449999851   0.0048127768   0.0004932148  -0.0062464369
   4.4499999851   0.0022817766   0.0008426786  -0.0029671370
   4.4549999850  -0.0003533124   0.0012199462   0.0004405763
   4.4599999850  -0.0030360326   0.0016214623   0.0039009229
   4.4649999850  -0.0057063347   0.0020430095   0.0073342329
   4.4699999850  -0.0083020994   0.0024796052   0.0106596422
   4.4749999850  -0.0107609213   0.0029254554   0.0137977337
   4.4799999850  -0.0130221240   0.0033740113   0.0166730051
   4.4849999849  -0.0150289257   0.0038181515   0.0192161087
   4.4899999849  -0.0167306299   0.0042504820   0.0213658632
   4.4949999849  -0.0180846894   0.0046637174   0.0230710665
   4.4999999849  -0.0190584891   0.0050510866   0.0242921400
   4.5049999849  -0.0196307128   0.0054066986   0.0250026020
   4.5099999849  -0.0197922042   0.0057258155   0.0251903206
   4.5149999848  -0.0195462804   0.0060049988   0.0248584470
   4.5199999848  -0.0189085148   0.0062421270   0.0240258938
   4.5249999848  -0.0179060429   0.0064363070   0.0227272193
   4.5299999848  -0.0165764730   0.0065877240   0.0210118055
   4.5349999848  -0.0149664875   0.0066974782   0.0189422831
   4.5399999848  -0.0131302103   0.0067674524   0.0165922344
   4.5449999847  -0.0111273930   0.0068002333   0.0140432931
   4.5499999847  -0.0090214549   0.0067990869   0.0113818310
   4.5549999847  -0.0068773964   0.0067679651   0.0086954624
   4.5599999847  -0.0047596091   0.0067115056   0.0060696031
   4.5649999847  -0.0027296228   0.0066349803   0.0035842925
   4.5699999847  -0.0008438556   0.0065441617   0.0013114279
   4.5749999846   0.0008485307   0.0064450886  -0.0006875039
   4.5799999846   0.0023075449   0.0063437437  -0.0023631749
   4.5849999846   0.0035039129   0.0062456732  -0.0036796673
   4.5899999846   0.0044201286   0.0061556030  -0.0046152630
   4.5949999846   0.0050509115   0.0060771049  -0.0051628050
   4.5999999846   0.0054030264   0.0060123667  -0.0053296318
   4.6049999845   0.0054944770   0.0059620975  -0.0051370634
   4.6099999845   0.0053531441   0.0059255752  -0.0046193922
   4.6149999845   0.0050149885   0.0059008172  -0.0038223398
   4.6199999845   0.0045219639   0.0058848314  -0.0028009648
   4.6249999845   0.0039197914   0.0058738953  -0.0016170619
   4.6299999845   0.0032557336   0.0058638120  -0.0003361577
   4.6349999844   0.0025764724   0.0058501067   0.0009757278
   4.6399999844   0.0019261650   0.0058281495   0.0022553337
   4.6449999844   0.0013447178   0.0057932174   0.0034451882
   4.6499999844   0.0008662984   0.0057405259   0.0044961942
   4.6549999844   0.0005181037   0.0056652730   0.0053695973
   4.6599999844   0.0003194031   0.0055627317   0.0060382356
   4.6649999843   0.0002808941   0.0054284143   0.0064870514
   4.6699999843   0.0004044159   0.0052583046   0.0067129175
   4.6749999843   0.0006830701   0.0050491324   0.0067238843
   4.6799999843   0.0011017838   0.0047986425   0.0065379788
   4.6849999843   0.0016383232   0.0045058073   0.0061816813
   4.6899999843   0.0022647218   0.0041709347   0.0056881866
   4.6949999842   0.0029490436   0.0037956458   0.0050955187
   4.6999999842   0.0036573570   0.0033827199   0.0044445461
   4.7049999842   0.0043557678   0.0029358357   0.0037769264
   4.7099999842   0.0050123521   0.0024592556   0.0031330174
   4.7149999842   0.0055988423   0.0019575103   0.0025498135
   4.7199999841   0.0060919552   0.0014351365   0.0020590001
   4.7249999841   0.0064742967   0.0008965032   0.0016852471
   4.7299999841   0.0067348295   0.0003457376   0.0014448811
   4.7349999841   0.0068689342  -0.0002132637   0.0013450684
   4.7399999841   0.0068781259  -0.0007767731   0.0013836080
   4.7449999841   0.0067695028  -0.0013411630   0.0015493787
   4.7499999840   0.0065549998  -0.0019028701   0.0018234119
   4.7549999840   0.0062505076  -0.0024584152   0.0021804934
   4.7599999840   0.0058748951  -0.0030044850   0.0025911351
   4.7649999840   0.0054489604  -0.0035380534   0.0030237265
   4.7699999840   0.0049943244  -0.0040565094   0.0034466667
   4.7749999840   0.0045322882  -0.0045577502   0.0038303054
   4.7799999839   0.0040826882  -0.0050402055   0.0041485673
   4.7849999839   0.0036628063  -0.0055027748   0.0043801895
   4.7899999839   0.0032864076  -0.0059446833   0.0045095593
   4.7949999839   0.0029629920  -0.0063652799   0.0045271806
   4.7999999839   0.0026973381  -0.0067638201   0.0044298179
   4.8049999839   0.0024893988  -0.0071392782   0.0042203682
   4.8099999838   0.0023345699  -0.0074902283   0.0039074972
   4.8149999838   0.0022243116  -0.0078148181   0.0035050529
   4.8199999838   0.0021470585  -0.0081108391   0.0030312571
   4.8249999838   0.0020893196  -0.0083758759   0.0025076696
   4.8299999838   0.0020368528  -0.0086075018   0.0019579338
   4.8349999838   0.0019757969  -0.0088034817   0.0014063442
   4.8399999837   0.0018936643  -0.0089619445   0.0008763117
   4.8449999837   0.0017801253  -0.0090814985   0.0003888388
   4.8499999837   0.0016275545  -0.0091612793  -0.0000388582
   4.8549999837   0.0014313384  -0.0092009349  -0.0003944411
   4.8599999837   0.0011899721  -0.0092005683  -0.0006711403
   4.8649999837   0.0009049840  -0.0091606655  -0.0008679669
   4.8699999836   0.0005807266  -0.0090820350  -0.0009894331
   4.8749999836   0.0002240651  -0.0089657808  -0.0010448252
   4.8799999836  -0.0001560214  -0.0088133148  -0.0010471289
   4.8849999836  -0.0005489185  -0.0086264029  -0.0010117433
   4.8899999836  -0.0009429398  -0.0084072257  -0.0009551309
   4.8949999836  -0.0013259689  -0.0081584260  -0.0008935401
   4.8999999835  -0.0016861680  -0.0078831171  -0.0008419045
   4.9049999835  -0.0020127195  -0.0075848334  -0.0008129779
   4.9099999835  -0.0022965466  -0.0072674158  -0.0008167235
   4.9149999835  -0.0025309477  -0.0069348422  -0.0008599353
   4.9199999835  -0.0027120701  -0.0065910271  -0.0009460540
   4.9249999835  -0.0028391624  -0.0062396226  -0.0010751365
   4.9299999834  -0.0029145644  -0.0058838539  -0.0012439505
   4.9349999834  -0.0029434272  -0.0055264175  -0.0014461910
   4.9399999834  -0.0029331936  -0.0051694563  -0.0016728300
   4.9449999834  -0.0028929003  -0.0048146091  -0.0019126270
   4.9499999834  -0.0028323884  -0.0044631182  -0.0021528156
   4.9549999834  -0.0027615122  -0.0041159668  -0.0023799629
   4.9599999833  -0.0026894305  -0.0037740129  -0.0025809609
   4.9649999833  -0.0026240411  -0.0034380925  -0.0027440729
   4.9699999833  -0.0025715875  -0.0031090721  -0.0028599270
   4.9749999833  -0.0025364394  -0.0027878464  -0.0029223376
   4.9799999833  -0.0025210235  -0.0024752899  -0.0029288443
   4.9849999833  -0.0025258697  -0.0021721849  -0.0028808947
   4.9899999832  -0.0025497367  -0.0018791516  -0.0027836432
   4.9949999832  -0.0025897914  -0.0015966052  -0.0026453965
   4.9999999832  -0.0026418308  -0.0013247575  -0.0024767874
   5.0049999832  -0.0027005468  -0.0010636669  -0.0022897898
   5.0099999832  -0.0027598460  -0.0008133260  -0.0020967038
   5.0149999832  -0.0028132292  -0.0005737650  -0.0019092240
   5.0199999831  -0.0028542318  -0.0003451442  -0.0017376768
   5.0249999831  -0.0028769042  -0.0001278065  -0.0015904704
   5.0299999831  -0.0028762989   0.0000777246  -0.0014737598
   5.0349999831  -0.0028489128   0.0002708085  -0.0013912987
   5.0399999831  -0.0027930318   0.0004507982  -0.0013444328
   5.0449999831  -0.0027089270   0.0006171754  -0.0013321891
   5.0499999830  -0.0025988704   0.0007696773  -0.0013514294
   5.0549999830  -0.0024669582   0.0009083863  -0.0013970593
   5.0599999830  -0.0023187606   0.0010337602  -0.0014623002
   5.0649999830  -0.0021608370   0.0011465960  -0.0015390480
   5.0699999830  -0.0020001773   0.0012479368  -0.0016183370
   5.0749999830  -0.0018436322   0.0013389422  -0.0016909158
   5.0799999829  -0.0016973971   0.0014207536  -0.0017479137
   5.0849999829  -0.0015665951   0.0014943820  -0.0017815485
   5.0899999829  -0.0014549899   0.0015606406  -0.0017858036
   5.0949999829  -0.0013648360   0.0016201335  -0.0017569870
   5.0999999829  -0.0012968549   0.0016732937  -0.0016940930
   5.1049999829  -0.0012503166   0.0017204553  -0.0015989061
   5.1099999828  -0.0012231969   0.0017619359  -0.0014758230
   5.1149999828  -0.0012123853   0.0017981034  -0.0013314111
   5.1199999828  -0.0012139233   0.0018294077  -0.0011737580
   5.1249999828  -0.0012232612   0.0018563679  -0.0010116986
   5.1299999828  -0.0012355284   0.0018795189  -0.0008540174
   5.1349999828  -0.0012458152   0.0018993321  -0.0007087217
   5.1399999827  -0.0012494652   0.0019161341  -0.0005824586
   5.1449999827  -0.0012423707   0.0019300465  -0.0004801231
   5.1499999827  -0.0012212578   0.0019409696  -0.0004046678
   5.1549999827  -0.0011839407   0.0019486172  -0.0003570951
   5.1599999827  -0.0011295169   0.0019525998  -0.0003365944
   5.1649999827  -0.0010584769   0.0019525383  -0.0003407722
   5.1699999826  -0.0009727029   0.0019481833  -0.0003659300
   5.1749999826  -0.0008753432   0.0019395109  -0.0004073539
   5.1799999826  -0.0007705612   0.0019267710  -0.0004595990
   5.1849999826  -0.0006631792   0.0019104784  -0.0005167688
   5.1899999826  -0.0005582501   0.0018913470  -0.0005728017
   5.1949999826  -0.0004606055   0.0018701846  -0.0006217814
   5.1999999825  -0.0003744332   0.0018477745  -0.0006582815
   5.2049999825  -0.0003029346   0.0018247711  -0.0006777387
   5.2099999825  -0.0002480992   0.0018016323  -0.0006768296
   5.2149999825  -0.0002106165   0.0017786019  -0.0006538076
   5.2199999825  -0.0001899212   0.0017557386  -0.0006087424
   5.2249999825  -0.0001843498   0.0017329803  -0.0005436084
   5.2299999824  -0.0001913738   0.0017102206  -0.0004621802
   5.2349999824  -0.0002078654   0.0016873773  -0.0003697220
   5.2399999824  -0.0002303626   0.0016644341  -0.0002724933
   5.2449999824  -0.0002553054   0.0016414471  -0.0001771265
   5.2499999824  -0.0002792344   0.0016185181  -0.0000899589
   5.2549999824  -0.0002989547   0.0015957449  -0.0000164125
   5.2599999823  -0.0003116772   0.0015731638   0.0000394938
   5.2649999823  -0.0003151489   0.0015507029   0.0000754376
   5.2699999823  -0.0003077815   0.0015281583   0.0000908697
   5.2749999823  -0.0002887719   0.0015052011   0.0000868868
   5.2799999823  -0.0002582016   0.0014814171   0.0000659493
   5.2849999823  -0.0002170896   0.0014563702   0.0000315103
   5.2899999822  -0.0001673750   0.0014296792  -0.0000123723
   5.2949999822  -0.0001118100   0.0014010921  -0.0000613851
   5.2999999822  -0.0000537570   0.0013705427  -0.0001112352
   5.3049999822   0.0000030979   0.0013381784  -0.0001578491
   5.3099999822   0.0000550870   0.0013043507  -0.0001975125
   5.3149999822   0.0000989174   0.0012695713  -0.0002269818
   5.3199999821   0.0001319949   0.0012344401  -0.0002436009
   5.3249999821   0.0001526715   0.0011995592  -0.0002454405
   5.3299999821   0.0001603855   0.0011654520  -0.0002314599
   5.3349999821   0.0001556782   0.0011325023  -0.0002016689
   5.3399999821   0.0001400922   0.0011009272  -0.0001572489
   5.3449999821   0.0001159727   0.0010707878  -0.0001005883
   5.3499999820   0.0000862052   0.0010420337  -0.0000351944
   5.3549999820   0.0000539278   0.0010145671   0.0000345374
   5.3599999820   0.0000222556   0.0009883106   0.0001036906
   5.3649999820  -0.0000059564   0.0009632575   0.0001672912
   5.3699999820  -0.0000282945   0.0009394938   0.0002208112
   5.3749999820  -0.0000429090   0.0009171836   0.0002606377
   5.3799999819  -0.0000485837   0.0008965231   0.0002844378
   5.3849999819  -0.0000447651   0.0008776762   0.0002913663
   5.3899999819  -0.0000315620   0.0008607099   0.0002820874
   5.3949999819  -0.0000097253   0.0008455466   0.0002586161
   5.3999999819   0.0000193918   0.0008319485   0.0002240154
   5.4049999818   0.0000538966   0.0008195386   0.0001820038
   5.4099999818   0.0000914536   0.0008078537   0.0001365424
   5.4149999818   0.0001294216   0.0007964177   0.0000914613
   5.4199999818   0.0001650359   0.0007848150   0.0000501710
   5.4249999818   0.0001956293   0.0007727490   0.0000154812
   5.4299999818   0.0002188738   0.0007600676  -0.0000104808
   5.4349999817   0.0002330170   0.0007467542  -0.0000262738
   5.4399999817   0.0002370786   0.0007328836  -0.0000311069
   5.4449999817   0.0002309757   0.0007185587  -0.0000247985
   5.4499999817   0.0002155526   0.0007038434  -0.0000077543
   5.4549999817   0.0001925027   0.0006887117   0.0000190309
   5.4599999817   0.0001641913   0.0006730265   0.0000539607
   5.4649999816   0.0001334014   0.0006565572   0.0000948425
   5.4699999816   0.0001030390   0.0006390307   0.0001389440
   5.4749999816   0.0000758395   0.0006202056   0.0001831263
   5.4799999816   0.0000541144   0.0005999499   0.0002240647
   5.4849999816   0.0000395661   0.0005783027   0.0002585438
   5.4899999816   0.0000331875   0.0005555030   0.0002837910
   5.4949999815   0.0000352434   0.0005319770   0.0002977988
   5.4999999815   0.0000453213   0.0005082854   0.0002995788
   5.5049999815   0.0000624294   0.0004850425   0.0002892983
   5.5099999815   0.0000851201   0.0004628263   0.0002682731
   5.5149999815   0.0001116204   0.0004420988   0.0002388104
   5.5199999815   0.0001399580   0.0004231546   0.0002039289
   5.5249999814   0.0001680800   0.0004061087   0.0001670005
   5.5299999814   0.0001939672   0.0003909215   0.0001313710
   5.5349999814   0.0002157469   0.0003774521   0.0001000178
   5.5399999814   0.0002318073   0.0003655245   0.0000752883
   5.5449999814   0.0002409106   0.0003549873   0.0000587461
   5.5499999814   0.0002422956   0.0003457520   0.0000511279
   5.5549999813   0.0002357587   0.0003378014   0.0000523961
   5.5599999813   0.0002216966   0.0003311683   0.0000618579
   5.5649999813   0.0002011014   0.0003258919   0.0000783161
   5.5699999813   0.0001754981   0.0003219657   0.0001002228
   5.5749999813   0.0001468268   0.0003192930   0.0001258120
   5.5799999813   0.0001172776   0.0003176616   0.0001532046
   5.5849999812   0.0000890953   0.0003167473   0.0001804857
   5.5899999812   0.0000643729   0.0003161440   0.0002057688
   5.5949999812   0.0000448611   0.0003154163   0.0002272593
   5.5999999812   0.0000318128   0.0003141616   0.0002433339
   5.6049999812   0.0000258834   0.0003120669   0.0002526390
   5.6099999812   0.0000270962   0.0003089496   0.0002542085
   5.6149999811   0.0000348762   0.0003047715   0.0002475839
   5.6199999811   0.0000481445   0.0002996240   0.0002329170
   5.6249999811   0.0000654584   0.0002936896   0.0002110278
   5.6299999811   0.0000851774   0.0002871874   0.0001833950
   5.6349999811   0.0001056308   0.0002803177   0.0001520645
   5.6399999811   0.0001252676   0.0002732180   0.0001194756
   5.6449999810   0.0001427725   0.0002659400   0.0000882204
   5.6499999810   0.0001571404   0.0002584541   0.0000607675
   5.6549999810   0.0001677094   0.0002506776   0.0000391905
   5.6599999810   0.0001741591   0.0002425191   0.0000249432
   5.6649999810   0.0001764843   0.0002339271   0.0000187172
   5.6699999810   0.0001749552   0.0002249287   0.0000204040
   5.6749999809   0.0001700723   0.0002156480   0.0000291616
   5.6799999809   0.0001625208   0.0002062996   0.0000435715
   5.6849999809   0.0001531227   0.0001971578   0.0000618512
   5.6899999809   0.0001427858   0.0001885087   0.0000820843
   5.6949999809   0.0001324443   0.0001805996   0.0001024294
   5.6999999809   0.0001229902   0.0001735949   0.0001212778
   5.7049999808   0.0001151987   0.0001675521   0.0001373476
   5.7099999808   0.0001096529   0.0001624213   0.0001497134
   5.7149999808   0.0001066792   0.0001580690   0.0001577883
   5.7199999808   0.0001063039   0.0001543179   0.0001612799
   5.7249999808   0.0001082421   0.0001509937   0.0001601451
   5.7299999808   0.0001119220   0.0001479660   0.0001545591
   5.7349999807   0.0001165479   0.0001451751   0.0001449092
   5.7399999807   0.0001211919   0.0001426371   0.0001318068
   5.7449999807   0.0001249051   0.0001404285   0.0001161040
   5.7499999807   0.0001268312   0.0001386547   0.0000988967
   5.7549999807   0.0001263075   0.0001374093   0.0000814941
   5.7599999807   0.0001229390   0.0001367368   0.0000653434
   5.7649999806   0.0001166360   0.0001366056   0.0000519073
   5.7699999806   0.0001076132   0.0001368994   0.0000425060
   5.7749999806   0.0000963519   0.0001374272   0.0000381465
   5.7799999806   0.0000835355   0.0001379504   0.0000393680
   5.7849999806   0.0000699697   0.0001382201   0.0000461350
   5.7899999806   0.0000565014   0.0001380151   0.0000578011
   5.7949999805   0.0000439486   0.0001371719   0.0000731587
   5.7999999805   0.0000330486   0.0001356007   0.0000905689
   5.8049999805   0.0000244276   0.0001332821   0.0001081556
   5.8099999805   0.0000185892   0.0001302496   0.0001240316
   5.8149999805   0.0000159149   0.0001265603   0.0001365195
   5.8199999805   0.0000166677   0.0001222646   0.0001443334
   5.8249999804   0.0000209903   0.0001173823   0.0001466941
   5.8299999804   0.0000288933   0.0001118923   0.0001433657
   5.8349999804   0.0000402335   0.0001057389   0.0001346190
   5.8399999804   0.0000546872   0.0000988529   0.0001211385
   5.8449999804   0.0000717279   0.0000911811   0.0001039014
   5.8499999804   0.0000906205   0.0000827176   0.0000840555
   5.8549999803   0.0001104399   0.0000735270   0.0000628213
   5.8599999803   0.0001301203   0.0000637533   0.0000414261
   5.8649999803   0.0001485339   0.0000536124   0.0000210734
   5.8699999803   0.0001645894   0.0000433687   0.0000029310
   5.8749999803   0.0001773384   0.0000333018  -0.0000118784
   5.8799999803   0.0001860711   0.0000236699  -0.0000223052
   5.8849999802   0.0001903874   0.0000146789  -0.0000274295
   5.8899999802   0.0001902317   0.0000064636  -0.0000265506
   5.8949999802   0.0001858872  -0.0000009164  -0.0000192951
   5.8999999802   0.0001779335  -0.0000074634  -0.0000057250
   5.9049999802   0.0001671769  -0.0000132169   0.0000135830
   5.9099999802   0.0001545659  -0.0000182212   0.0000375107
   5.9149999801   0.0001411076  -0.0000224937   0.0000644426
   5.9199999801   0.0001277923  -0.0000260002   0.0000923849
   5.9249999801   0.0001155350  -0.0000286424   0.0001191491
   5.9299999801   0.0001051323  -0.0000302605   0.0001425774
   5.9349999801   0.0000972308  -0.0000306504   0.0001607766
   5.9399999801   0.0000923025  -0.0000295920   0.0001723279
   5.9449999800   0.0000906215  -0.0000268820   0.0001764387
   5.9499999800   0.0000922393  -0.0000223671   0.0001730189
   5.9549999800   0.0000969627  -0.0000159688   0.0001626723
   5.9599999800   0.0001043382  -0.0000076978   0.0001466092
   5.9649999800   0.0001136525   0.0000023450   0.0001264983
   5.9699999800   0.0001239551   0.0000139791   0.0001042832
   5.9749999799   0.0001341108   0.0000269620   0.0000819897
   5.9799999799   0.0001428802   0.0000410106   0.0000615488
   5.9849999799   0.0001490260   0.0000558193   0.0000446513
   5.9899999799   0.0001514340   0.0000710715   0.0000326433
   5.9949999799   0.0001492352   0.0000864426   0.0000264609
