   0.0000000000   0.0000000000   0.0000000000   0.0000000000
   0.0050000000   0.0000000000   0.0000000000   0.0000000000
   0.0100000000   0.0000000000   0.0000000000   0.0000000000
   0.0149999999   0.0000000000   0.0000000000   0.0000000000
   0.0199999999   0.0000000000   0.0000000000   0.0000000000
   0.0249999999   0.0000000000   0.0000000000   0.0000000000
   0.0299999999   0.0000000000   0.0000000000   0.0000000000
   0.0349999999   0.0000000000   0.0000000000   0.0000000000
   0.0399999999   0.0000000000   0.0000000000   0.0000000000
   0.0449999998   0.0000000000   0.0000000000   0.0000000000
   0.0499999998   0.0000000000   0.0000000000   0.0000000000
   0.0549999998   0.0000000000   0.0000000000   0.0000000000
   0.0599999998   0.0000000000   0.0000000000   0.0000000000
   0.0649999998   0.0000000000   0.0000000000   0.0000000000
   0.0699999998   0.0000000000   0.0000000000   0.0000000000
   0.0749999997   0.0000000000  -0.0000000000   0.0000000000
   0.0799999997  -0.0000000000   0.0000000000  -0.0000000000
   0.0849999997   0.0000000000  -0.0000000000  -0.0000000000
   0.0899999997  -0.0000000000   0.0000000000  -0.0000000000
   0.0949999997  -0.0000000000   0.0000000000  -0.0000000000
   0.0999999997  -0.0000000000   0.0000000000  -0.0000000000
   0.1049999996  -0.0000000000   0.0000000000  -0.0000000000
   0.1099999996  -0.0000000000   0.0000000000  -0.0000000000
   0.1149999996  -0.0000000000   0.0000000000  -0.0000000000
   0.1199999996   0.0000000000  -0.0000000000   0.0000000000
   0.1249999996   0.0000000000  -0.0000000000   0.0000000000
   0.1299999996   0.0000000000  -0.0000000000   0.0000000000
   0.1349999995   0.0000000000  -0.0000000000   0.0000000000
   0.1399999995   0.0000000000  -0.0000000000   0.0000000000
   0.1449999995   0.0000000000  -0.0000000000   0.0000000000
   0.1499999995   0.0000000000  -0.0000000000   0.0000000000
   0.1549999995   0.0000000000  -0.0000000000   0.0000000000
   0.1599999995   0.0000000000  -0.0000000000   0.0000000000
   0.1649999994   0.0000000000  -0.0000000000   0.0000000000
   0.1699999994  -0.0000000000   0.0000000000   0.0000000000
   0.1749999994  -0.0000000000   0.0000000000  -0.0000000000
   0.1799999994  -0.0000000000   0.0000000000  -0.0000000000
   0.1849999994  -0.0000000000   0.0000000000  -0.0000000000
   0.1899999994  -0.0000000000   0.0000000000  -0.0000000000
   0.1949999993  -0.0000000000   0.0000000000  -0.0000000000
   0.1999999993  -0.0000000000   0.0000000000  -0.0000000000
   0.2049999993   0.0000000000  -0.0000000000   0.0000000000
   0.2099999993   0.0000000000  -0.0000000000   0.0000000000
   0.2149999993   0.0000000000  -0.0000000000   0.0000000000
   0.2199999993   0.0000000000  -0.0000000000   0.0000000000
   0.2249999992   0.0000000000  -0.0000000000   0.0000000000
   0.2299999992   0.0000000000  -0.0000000000   0.0000000000
   0.2349999992   0.0000000000  -0.0000000000   0.0000000000
   0.2399999992   0.0000000000  -0.0000000000   0.0000000000
   0.2449999992   0.0000000000  -0.0000000000   0.0000000000
   0.2499999992   0.0000000000  -0.0000000000   0.0000000000
   0.2549999991   0.0000000000  -0.0000000000   0.0000000000
   0.2599999991   0.0000000000  -0.0000000000   0.0000000000
   0.2649999991   0.0000000000  -0.0000000000   0.0000000000
   0.2699999991   0.0000000000  -0.0000000000   0.0000000000
   0.2749999991   0.0000000000  -0.0000000000   0.0000000000
   0.2799999991   0.0000000000  -0.0000000000   0.0000000000
   0.2849999990   0.0000000000  -0.0000000000   0.0000000000
   0.2899999990   0.0000000000  -0.0000000000   0.0000000000
   0.2949999990   0.0000000000  -0.0000000000   0.0000000000
   0.2999999990   0.0000000000  -0.0000000000   0.0000000000
   0.3049999990   0.0000000000  -0.0000000000   0.0000000000
   0.3099999990   0.0000000000  -0.0000000000   0.0000000000
   0.3149999989   0.0000000000  -0.0000000000   0.0000000000
   0.3199999989   0.0000000000  -0.0000000000   0.0000000000
   0.3249999989   0.0000000000  -0.0000000000   0.0000000000
   0.3299999989   0.0000000000  -0.0000000000   0.0000000000
   0.3349999989   0.0000000000  -0.0000000000   0.0000000000
   0.3399999989   0.0000000000  -0.0000000000   0.0000000000
   0.3449999988   0.0000000000  -0.0000000000   0.0000000000
   0.3499999988   0.0000000000  -0.0000000000   0.0000000000
   0.3549999988   0.0000000000  -0.0000000000   0.0000000000
   0.3599999988   0.0000000000  -0.0000000000   0.0000000000
   0.3649999988   0.0000000000   0.0000000000   0.0000000000
   0.3699999988   0.0000000000   0.0000000000   0.0000000000
   0.3749999987  -0.0000000000   0.0000000000  -0.0000000000
   0.3799999987  -0.0000000000   0.0000000000  -0.0000000000
   0.3849999987  -0.0000000000   0.0000000000  -0.0000000000
   0.3899999987  -0.0000000000   0.0000000000  -0.0000000000
   0.3949999987  -0.0000000000   0.0000000000  -0.0000000000
   0.3999999987  -0.0000000000   0.0000000000  -0.0000000000
   0.4049999986  -0.0000000000   0.0000000000  -0.0000000000
   0.4099999986  -0.0000000000   0.0000000000  -0.0000000000
   0.4149999986  -0.0000000000   0.0000000000  -0.0000000000
   0.4199999986  -0.0000000000   0.0000000000  -0.0000000000
   0.4249999986  -0.0000000000   0.0000000000  -0.0000000000
   0.4299999986  -0.0000000000   0.0000000000  -0.0000000000
   0.4349999985  -0.0000000000   0.0000000000  -0.0000000000
   0.4399999985  -0.0000000000   0.0000000000  -0.0000000000
   0.4449999985  -0.0000000000   0.0000000000  -0.0000000000
   0.4499999985  -0.0000000000   0.0000000000  -0.0000000000
   0.4549999985  -0.0000000000   0.0000000000  -0.0000000000
   0.4599999985  -0.0000000000   0.0000000000  -0.0000000000
   0.4649999984  -0.0000000000   0.0000000000  -0.0000000000
   0.4699999984  -0.0000000000   0.0000000000  -0.0000000000
   0.4749999984  -0.0000000000   0.0000000000  -0.0000000000
   0.4799999984  -0.0000000000   0.0000000000  -0.0000000000
   0.4849999984  -0.0000000000   0.0000000000  -0.0000000000
   0.4899999984  -0.0000000000   0.0000000000  -0.0000000000
   0.4949999983  -0.0000000000   0.0000000000  -0.0000000000
   0.4999999983  -0.0000000000   0.0000000000  -0.0000000000
   0.5049999983  -0.0000000000   0.0000000000  -0.0000000000
   0.5099999983  -0.0000000000   0.0000000000  -0.0000000000
   0.5149999983  -0.0000000000   0.0000000000  -0.0000000000
   0.5199999983  -0.0000000000   0.0000000000  -0.0000000000
   0.5249999982  -0.0000000000   0.0000000000  -0.0000000000
   0.5299999982  -0.0000000000   0.0000000000  -0.0000000000
   0.5349999982  -0.0000000000   0.0000000000  -0.0000000000
   0.5399999982  -0.0000000000   0.0000000000  -0.0000000000
   0.5449999982  -0.0000000000   0.0000000000   0.0000000000
   0.5499999982   0.0000000000   0.0000000000   0.0000000000
   0.5549999981   0.0000000000   0.0000000000   0.0000000000
   0.5599999981   0.0000000000   0.0000000000   0.0000000000
   0.5649999981   0.0000000000   0.0000000000   0.0000000000
   0.5699999981   0.0000000000   0.0000000000   0.0000000000
   0.5749999981   0.0000000000   0.0000000000   0.0000000000
   0.5799999981   0.0000000000   0.0000000000   0.0000000000
   0.5849999980   0.0000000000   0.0000000000   0.0000000000
   0.5899999980   0.0000000000   0.0000000000   0.0000000000
   0.5949999980   0.0000000000   0.0000000000   0.0000000000
   0.5999999980   0.0000000000   0.0000000000   0.0000000000
   0.6049999980   0.0000000000  -0.0000000000   0.0000000000
   0.6099999980   0.0000000000  -0.0000000000   0.0000000000
   0.6149999979   0.0000000000  -0.0000000000   0.0000000000
   0.6199999979   0.0000000000  -0.0000000000   0.0000000000
   0.6249999979  -0.0000000000  -0.0000000000  -0.0000000000
   0.6299999979  -0.0000000000  -0.0000000000  -0.0000000000
   0.6349999979  -0.0000000000  -0.0000000000  -0.0000000000
   0.6399999979  -0.0000000000  -0.0000000000  -0.0000000000
   0.6449999978  -0.0000000000  -0.0000000000  -0.0000000000
   0.6499999978  -0.0000000000  -0.0000000000  -0.0000000000
   0.6549999978  -0.0000000000  -0.0000000000  -0.0000000000
   0.6599999978  -0.0000000000  -0.0000000000  -0.0000000000
   0.6649999978  -0.0000000000  -0.0000000000  -0.0000000000
   0.6699999978  -0.0000000000   0.0000000000  -0.0000000000
   0.6749999977  -0.0000000000   0.0000000000  -0.0000000000
   0.6799999977   0.0000000000   0.0000000000   0.0000000000
   0.6849999977   0.0000000000   0.0000000000   0.0000000000
   0.6899999977   0.0000000000   0.0000000000   0.0000000000
   0.6949999977   0.0000000000   0.0000000000   0.0000000000
   0.6999999976   0.0000000000   0.0000000000   0.0000000000
   0.7049999976   0.0000000000   0.0000000000   0.0000000000
   0.7099999976   0.0000000000   0.0000000000   0.0000000000
   0.7149999976   0.0000000000   0.0000000000   0.0000000000
   0.7199999976   0.0000000000   0.0000000000   0.0000000000
   0.7249999976   0.0000000000   0.0000000000   0.0000000000
   0.7299999975   0.0000000000   0.0000000000   0.0000000000
   0.7349999975   0.0000000000   0.0000000000   0.0000000000
   0.7399999975   0.0000000000   0.0000000000   0.0000000000
   0.7449999975   0.0000000000   0.0000000000   0.0000000000
   0.7499999975   0.0000000000   0.0000000000   0.0000000000
   0.7549999975   0.0000000000   0.0000000000   0.0000000000
   0.7599999974   0.0000000000   0.0000000000   0.0000000000
   0.7649999974   0.0000000000   0.0000000000   0.0000000000
   0.7699999974   0.0000000000   0.0000000000   0.0000000000
   0.7749999974   0.0000000000   0.0000000000   0.0000000000
   0.7799999974   0.0000000000   0.0000000000   0.0000000000
   0.7849999974   0.0000000000   0.0000000000   0.0000000000
   0.7899999973   0.0000000000   0.0000000000   0.0000000000
   0.7949999973   0.0000000000   0.0000000000   0.0000000000
   0.7999999973   0.0000000000   0.0000000000   0.0000000000
   0.8049999973   0.0000000000   0.0000000000   0.0000000000
   0.8099999973   0.0000000000   0.0000000000   0.0000000000
   0.8149999973   0.0000000000   0.0000000000   0.0000000000
   0.8199999972   0.0000000000   0.0000000000   0.0000000000
   0.8249999972   0.0000000000   0.0000000000   0.0000000000
   0.8299999972   0.0000000000   0.0000000000   0.0000000000
   0.8349999972   0.0000000000   0.0000000000   0.0000000000
   0.8399999972   0.0000000000   0.0000000000   0.0000000000
   0.8449999972   0.0000000000   0.0000000000   0.0000000000
   0.8499999971   0.0000000000   0.0000000000   0.0000000000
   0.8549999971   0.0000000000   0.0000000000   0.0000000000
   0.8599999971   0.0000000000   0.0000000000   0.0000000000
   0.8649999971   0.0000000000   0.0000000000   0.0000000000
   0.8699999971   0.0000000000   0.0000000000   0.0000000000
   0.8749999971   0.0000000000   0.0000000000   0.0000000000
   0.8799999970   0.0000000000   0.0000000000   0.0000000000
   0.8849999970   0.0000000000   0.0000000000   0.0000000000
   0.8899999970   0.0000000000   0.0000000000   0.0000000000
   0.8949999970   0.0000000000   0.0000000000   0.0000000000
   0.8999999970   0.0000000000   0.0000000000   0.0000000000
   0.9049999970   0.0000000000   0.0000000000   0.0000000000
   0.9099999969   0.0000000000   0.0000000000   0.0000000000
   0.9149999969   0.0000000000   0.0000000000   0.0000000000
   0.9199999969   0.0000000000   0.0000000000   0.0000000000
   0.9249999969  -0.0000000000   0.0000000000   0.0000000000
   0.9299999969  -0.0000000000  -0.0000000000  -0.0000000000
   0.9349999969  -0.0000000000  -0.0000000000  -0.0000000000
   0.9399999968  -0.0000000000  -0.0000000000  -0.0000000000
   0.9449999968  -0.0000000000  -0.0000000000  -0.0000000000
   0.9499999968  -0.0000000000  -0.0000000000  -0.0000000000
   0.9549999968  -0.0000000000  -0.0000000000  -0.0000000000
   0.9599999968  -0.0000000000  -0.0000000000  -0.0000000000
   0.9649999968  -0.0000000000  -0.0000000000  -0.0000000000
   0.9699999967  -0.0000000000  -0.0000000000  -0.0000000000
   0.9749999967  -0.0000000000  -0.0000000000  -0.0000000000
   0.9799999967  -0.0000000000  -0.0000000000  -0.0000000000
   0.9849999967  -0.0000000000  -0.0000000000  -0.0000000000
   0.9899999967  -0.0000000000  -0.0000000000  -0.0000000000
   0.9949999967  -0.0000000000  -0.0000000000  -0.0000000000
   0.9999999966   0.0000000000   0.0000000000   0.0000000000
   1.0049999966   0.0000000000   0.0000000000   0.0000000000
   1.0099999966   0.0000000000   0.0000000000   0.0000000000
   1.0149999966   0.0000000000   0.0000000000   0.0000000000
   1.0199999966   0.0000000000   0.0000000000   0.0000000000
   1.0249999966   0.0000000000   0.0000000000   0.0000000000
   1.0299999965   0.0000000000   0.0000000000   0.0000000000
   1.0349999965   0.0000000000   0.0000000000   0.0000000000
   1.0399999965   0.0000000000   0.0000000000   0.0000000000
   1.0449999965   0.0000000000   0.0000000000   0.0000000000
   1.0499999965   0.0000000000   0.0000000000   0.0000000000
   1.0549999965   0.0000000000   0.0000000000   0.0000000000
   1.0599999964  -0.0000000000   0.0000000000   0.0000000000
   1.0649999964  -0.0000000000  -0.0000000000  -0.0000000000
   1.0699999964  -0.0000000000  -0.0000000000  -0.0000000000
   1.0749999964  -0.0000000000  -0.0000000000  -0.0000000000
   1.0799999964  -0.0000000000  -0.0000000000  -0.0000000000
   1.0849999964  -0.0000000000  -0.0000000000  -0.0000000000
   1.0899999963  -0.0000000000  -0.0000000000  -0.0000000000
   1.0949999963  -0.0000000000  -0.0000000000  -0.0000000000
   1.0999999963  -0.0000000000  -0.0000000000  -0.0000000000
   1.1049999963  -0.0000000000  -0.0000000000  -0.0000000000
   1.1099999963  -0.0000000000  -0.0000000000  -0.0000000000
   1.1149999963  -0.0000000000  -0.0000000000  -0.0000000000
   1.1199999962   0.0000000000   0.0000000000   0.0000000000
   1.1249999962   0.0000000000   0.0000000000   0.0000000000
   1.1299999962   0.0000000000   0.0000000000   0.0000000000
   1.1349999962   0.0000000000   0.0000000000   0.0000000000
   1.1399999962   0.0000000000   0.0000000000   0.0000000000
   1.1449999962   0.0000000000   0.0000000000   0.0000000000
   1.1499999961   0.0000000000   0.0000000000   0.0000000000
   1.1549999961   0.0000000000   0.0000000000   0.0000000000
   1.1599999961   0.0000000000   0.0000000000   0.0000000000
   1.1649999961   0.0000000000   0.0000000000   0.0000000000
   1.1699999961  -0.0000000000   0.0000000000  -0.0000000000
   1.1749999961  -0.0000000000  -0.0000000000  -0.0000000000
   1.1799999960  -0.0000000000  -0.0000000000  -0.0000000000
   1.1849999960  -0.0000000000  -0.0000000000  -0.0000000000
   1.1899999960  -0.0000000000  -0.0000000000  -0.0000000000
   1.1949999960  -0.0000000000  -0.0000000000  -0.0000000000
   1.1999999960  -0.0000000000  -0.0000000000  -0.0000000000
   1.2049999960  -0.0000000000  -0.0000000000  -0.0000000000
   1.2099999959  -0.0000000000  -0.0000000000  -0.0000000000
   1.2149999959  -0.0000000000  -0.0000000000  -0.0000000000
   1.2199999959   0.0000000000  -0.0000000000   0.0000000000
   1.2249999959   0.0000000000   0.0000000000   0.0000000000
   1.2299999959   0.0000000000   0.0000000000   0.0000000000
   1.2349999959   0.0000000000   0.0000000000   0.0000000000
   1.2399999958   0.0000000000   0.0000000000   0.0000000000
   1.2449999958   0.0000000000   0.0000000000   0.0000000000
   1.2499999958   0.0000000000   0.0000000000   0.0000000000
   1.2549999958   0.0000000000   0.0000000000   0.0000000000
   1.2599999958   0.0000000000   0.0000000000   0.0000000000
   1.2649999958   0.0000000000   0.0000000000   0.0000000000
   1.2699999957  -0.0000000000  -0.0000000000  -0.0000000000
   1.2749999957  -0.0000000000  -0.0000000000  -0.0000000000
   1.2799999957  -0.0000000000  -0.0000000000  -0.0000000000
   1.2849999957  -0.0000000000  -0.0000000000  -0.0000000000
   1.2899999957  -0.0000000000  -0.0000000000  -0.0000000000
   1.2949999957  -0.0000000000  -0.0000000000  -0.0000000000
   1.2999999956  -0.0000000000  -0.0000000000  -0.0000000000
   1.3049999956  -0.0000000000  -0.0000000000  -0.0000000000
   1.3099999956  -0.0000000000  -0.0000000000  -0.0000000000
   1.3149999956   0.0000000000  -0.0000000000   0.0000000000
   1.3199999956   0.0000000000   0.0000000000   0.0000000000
   1.3249999956   0.0000000000   0.0000000000   0.0000000000
   1.3299999955   0.0000000000   0.0000000000   0.0000000000
   1.3349999955   0.0000000000   0.0000000000   0.0000000000
   1.3399999955   0.0000000000   0.0000000000   0.0000000000
   1.3449999955   0.0000000000   0.0000000000   0.0000000000
   1.3499999955   0.0000000000   0.0000000000   0.0000000000
   1.3549999954   0.0000000000   0.0000000000   0.0000000000
   1.3599999954   0.0000000000   0.0000000000   0.0000000000
   1.3649999954   0.0000000000   0.0000000000   0.0000000000
   1.3699999954  -0.0000000000  -0.0000000000  -0.0000000000
   1.3749999954  -0.0000000000  -0.0000000000  -0.0000000000
   1.3799999954  -0.0000000000  -0.0000000000  -0.0000000000
   1.3849999953  -0.0000000000  -0.0000000000  -0.0000000000
   1.3899999953  -0.0000000000  -0.0000000000  -0.0000000000
   1.3949999953  -0.0000000000  -0.0000000000  -0.0000000000
   1.3999999953  -0.0000000000  -0.0000000000  -0.0000000000
   1.4049999953  -0.0000000000  -0.0000000000  -0.0000000000
   1.4099999953  -0.0000000000  -0.0000000000  -0.0000000000
   1.4149999952  -0.0000000000  -0.0000000000  -0.0000000000
   1.4199999952  -0.0000000000  -0.0000000000  -0.0000000000
   1.4249999952  -0.0000000000  -0.0000000000  -0.0000000000
   1.4299999952  -0.0000000000  -0.0000000000  -0.0000000000
   1.4349999952  -0.0000000000  -0.0000000000  -0.0000000000
   1.4399999952  -0.0000000000  -0.0000000000  -0.0000000000
   1.4449999951  -0.0000000000  -0.0000000000  -0.0000000000
   1.4499999951  -0.0000000000  -0.0000000000  -0.0000000000
   1.4549999951   0.0000000000   0.0000000000   0.0000000000
   1.4599999951   0.0000000000   0.0000000000   0.0000000000
   1.4649999951   0.0000000000   0.0000000000   0.0000000000
   1.4699999951   0.0000000000   0.0000000000   0.0000000000
   1.4749999950   0.0000000000   0.0000000000   0.0000000000
   1.4799999950   0.0000000000   0.0000000000   0.0000000000
   1.4849999950   0.0000000000   0.0000000000   0.0000000000
   1.4899999950   0.0000000000   0.0000000000   0.0000000000
   1.4949999950   0.0000000000   0.0000000000   0.0000000000
   1.4999999950   0.0000000000   0.0000000000   0.0000000000
   1.5049999949   0.0000000000   0.0000000000   0.0000000000
   1.5099999949  -0.0000000000   0.0000000000  -0.0000000000
   1.5149999949  -0.0000000000  -0.0000000000  -0.0000000000
   1.5199999949  -0.0000000000  -0.0000000000  -0.0000000000
   1.5249999949  -0.0000000000  -0.0000000000  -0.0000000000
   1.5299999949  -0.0000000000  -0.0000000000  -0.0000000000
   1.5349999948  -0.0000000000  -0.0000000000  -0.0000000000
   1.5399999948  -0.0000000000  -0.0000000000  -0.0000000000
   1.5449999948  -0.0000000000  -0.0000000000  -0.0000000000
   1.5499999948  -0.0000000000  -0.0000000000  -0.0000000000
   1.5549999948  -0.0000000000  -0.0000000000  -0.0000000000
   1.5599999948  -0.0000000000  -0.0000000000  -0.0000000000
   1.5649999947   0.0000000000   0.0000000000   0.0000000000
   1.5699999947   0.0000000000   0.0000000000   0.0000000000
   1.5749999947   0.0000000000   0.0000000000   0.0000000000
   1.5799999947   0.0000000001   0.0000000000   0.0000000001
   1.5849999947   0.0000000001   0.0000000000   0.0000000001
   1.5899999947   0.0000000001   0.0000000001   0.0000000001
   1.5949999946   0.0000000001   0.0000000001   0.0000000001
   1.5999999946   0.0000000001   0.0000000001   0.0000000001
   1.6049999946   0.0000000000   0.0000000000   0.0000000001
   1.6099999946   0.0000000000   0.0000000000   0.0000000000
   1.6149999946  -0.0000000000  -0.0000000000  -0.0000000000
   1.6199999946  -0.0000000001  -0.0000000000  -0.0000000001
   1.6249999945  -0.0000000001  -0.0000000001  -0.0000000002
   1.6299999945  -0.0000000002  -0.0000000001  -0.0000000002
   1.6349999945  -0.0000000002  -0.0000000001  -0.0000000003
   1.6399999945  -0.0000000002  -0.0000000002  -0.0000000003
   1.6449999945  -0.0000000001  -0.0000000002  -0.0000000003
   1.6499999945  -0.0000000001  -0.0000000002  -0.0000000002
   1.6549999944   0.0000000000  -0.0000000001  -0.0000000001
   1.6599999944   0.0000000001  -0.0000000001   0.0000000000
   1.6649999944   0.0000000002   0.0000000000   0.0000000002
   1.6699999944   0.0000000003   0.0000000001   0.0000000003
   1.6749999944   0.0000000003   0.0000000002   0.0000000005
   1.6799999944   0.0000000002   0.0000000004   0.0000000006
   1.6849999943   0.0000000000   0.0000000005   0.0000000007
   1.6899999943  -0.0000000002   0.0000000005   0.0000000008
   1.6949999943  -0.0000000005   0.0000000005   0.0000000007
   1.6999999943  -0.0000000008   0.0000000005   0.0000000006
   1.7049999943  -0.0000000011   0.0000000004   0.0000000003
   1.7099999943  -0.0000000012   0.0000000003  -0.0000000000
   1.7149999942  -0.0000000011   0.0000000000  -0.0000000004
   1.7199999942  -0.0000000007  -0.0000000003  -0.0000000009
   1.7249999942  -0.0000000000  -0.0000000007  -0.0000000014
   1.7299999942   0.0000000010  -0.0000000011  -0.0000000019
   1.7349999942   0.0000000022  -0.0000000015  -0.0000000023
   1.7399999942   0.0000000036  -0.0000000018  -0.0000000026
   1.7449999941   0.0000000049  -0.0000000021  -0.0000000027
   1.7499999941   0.0000000058  -0.0000000022  -0.0000000025
   1.7549999941   0.0000000062  -0.0000000021  -0.0000000020
   1.7599999941   0.0000000058  -0.0000000017  -0.0000000012
   1.7649999941   0.0000000044  -0.0000000011  -0.0000000000
   1.7699999941   0.0000000020  -0.0000000002   0.0000000014
   1.7749999940  -0.0000000014   0.0000000010   0.0000000031
   1.7799999940  -0.0000000055   0.0000000024   0.0000000049
   1.7849999940  -0.0000000099   0.0000000039   0.0000000066
   1.7899999940  -0.0000000140   0.0000000053   0.0000000081
   1.7949999940  -0.0000000172   0.0000000065   0.0000000089
   1.7999999940  -0.0000000188   0.0000000073   0.0000000090
   1.8049999939  -0.0000000182   0.0000000073   0.0000000081
   1.8099999939  -0.0000000153   0.0000000066   0.0000000060
   1.8149999939  -0.0000000099   0.0000000049   0.0000000028
   1.8199999939  -0.0000000024   0.0000000024  -0.0000000013
   1.8249999939   0.0000000065  -0.0000000009  -0.0000000061
   1.8299999939   0.0000000157  -0.0000000047  -0.0000000110
   1.8349999938   0.0000000242  -0.0000000085  -0.0000000153
   1.8399999938   0.0000000305  -0.0000000120  -0.0000000185
   1.8449999938   0.0000000336  -0.0000000145  -0.0000000199
   1.8499999938   0.0000000328  -0.0000000157  -0.0000000191
   1.8549999938   0.0000000277  -0.0000000151  -0.0000000158
   1.8599999938   0.0000000187  -0.0000000127  -0.0000000102
   1.8649999937   0.0000000069  -0.0000000085  -0.0000000028
   1.8699999937  -0.0000000063  -0.0000000029   0.0000000056
   1.8749999937  -0.0000000191   0.0000000035   0.0000000138
   1.8799999937  -0.0000000295   0.0000000098   0.0000000206
   1.8849999937  -0.0000000359   0.0000000152   0.0000000249
   1.8899999937  -0.0000000371   0.0000000189   0.0000000259
   1.8949999936  -0.0000000329   0.0000000202   0.0000000232
   1.8999999936  -0.0000000237   0.0000000188   0.0000000170
   1.9049999936  -0.0000000111   0.0000000148   0.0000000082
   1.9099999936   0.0000000030   0.0000000087  -0.0000000019
   1.9149999936   0.0000000162   0.0000000015  -0.0000000117
   1.9199999936   0.0000000260  -0.0000000059  -0.0000000193
   1.9249999935   0.0000000307  -0.0000000120  -0.0000000234
   1.9299999935   0.0000000294  -0.0000000160  -0.0000000230
   1.9349999935   0.0000000221  -0.0000000171  -0.0000000181
   1.9399999935   0.0000000101  -0.0000000150  -0.0000000094
   1.9449999935  -0.0000000043  -0.0000000101   0.0000000016
   1.9499999935  -0.0000000185  -0.0000000033   0.0000000128
   1.9549999934  -0.0000000297   0.0000000041   0.0000000218
   1.9599999934  -0.0000000354   0.0000000107   0.0000000268
   1.9649999934  -0.0000000343   0.0000000151   0.0000000265
   1.9699999934  -0.0000000263   0.0000000164   0.0000000205
   1.9749999934  -0.0000000125   0.0000000141   0.0000000096
   1.9799999934   0.0000000045   0.0000000086  -0.0000000041
   1.9849999933   0.0000000218   0.0000000008  -0.0000000183
   1.9899999933   0.0000000361  -0.0000000079  -0.0000000301
   1.9949999933   0.0000000448  -0.0000000157  -0.0000000370
   1.9999999933   0.0000000460  -0.0000000211  -0.0000000374
   2.0049999933   0.0000000396  -0.0000000229  -0.0000000311
   2.0099999933   0.0000000268  -0.0000000206  -0.0000000190
   2.0149999932   0.0000000098  -0.0000000146  -0.0000000033
   2.0199999932  -0.0000000081  -0.0000000058   0.0000000132
   2.0249999932  -0.0000000238   0.0000000042   0.0000000271
   2.0299999932  -0.0000000347   0.0000000135   0.0000000361
   2.0349999932  -0.0000000391   0.0000000205   0.0000000384
   2.0399999931  -0.0000000371   0.0000000241   0.0000000339
   2.0449999931  -0.0000000295   0.0000000237   0.0000000238
   2.0499999931  -0.0000000187   0.0000000196   0.0000000105
   2.0549999931  -0.0000000071   0.0000000129  -0.0000000031
   2.0599999931   0.0000000030   0.0000000050  -0.0000000142
   2.0649999931   0.0000000099  -0.0000000026  -0.0000000208
   2.0699999930   0.0000000133  -0.0000000087  -0.0000000220
   2.0749999930   0.0000000136  -0.0000000124  -0.0000000185
   2.0799999930   0.0000000121  -0.0000000136  -0.0000000119
   2.0849999930   0.0000000106  -0.0000000127  -0.0000000047
   2.0899999930   0.0000000102  -0.0000000106   0.0000000008
   2.0949999930   0.0000000115  -0.0000000083   0.0000000031
   2.0999999929   0.0000000138  -0.0000000065   0.0000000016
   2.1049999929   0.0000000158  -0.0000000055  -0.0000000028
   2.1099999929   0.0000000155  -0.0000000052  -0.0000000081
   2.1149999929   0.0000000112  -0.0000000049  -0.0000000120
   2.1199999929   0.0000000021  -0.0000000039  -0.0000000124
   2.1249999929  -0.0000000111  -0.0000000016  -0.0000000083
   2.1299999928  -0.0000000262   0.0000000022  -0.0000000000
   2.1349999928  -0.0000000397   0.0000000071   0.0000000104
   2.1399999928  -0.0000000478   0.0000000120   0.0000000200
   2.1449999928  -0.0000000473   0.0000000155   0.0000000255
   2.1499999928  -0.0000000366   0.0000000162   0.0000000247
   2.1549999928  -0.0000000168   0.0000000134   0.0000000169
   2.1599999927   0.0000000084   0.0000000070   0.0000000037
   2.1649999927   0.0000000332  -0.0000000016  -0.0000000112
   2.1699999927   0.0000000506  -0.0000000103  -0.0000000226
   2.1749999927   0.0000000542  -0.0000000159  -0.0000000249
   2.1799999927   0.0000000398  -0.0000000155  -0.0000000140
   2.1849999927   0.0000000064  -0.0000000066   0.0000000121
   2.1899999926  -0.0000000435   0.0000000122   0.0000000528
   2.1949999926  -0.0000001048   0.0000000406   0.0000001049
   2.1999999926  -0.0000001713   0.0000000771   0.0000001644
   2.2049999926  -0.0000002384   0.0000001197   0.0000002281
   2.2099999926  -0.0000003055   0.0000001664   0.0000002964
   2.2149999926  -0.0000003781   0.0000002165   0.0000003751
   2.2199999925  -0.0000004688   0.0000002719   0.0000004760
   2.2249999925  -0.0000005962   0.0000003371   0.0000006173
   2.2299999925  -0.0000007831   0.0000004194   0.0000008215
   2.2349999925  -0.0000010533   0.0000005284   0.0000011123
   2.2399999925  -0.0000014273   0.0000006751   0.0000015115
   2.2449999925  -0.0000019196   0.0000008700   0.0000020354
   2.2499999924  -0.0000025358   0.0000011226   0.0000026925
   2.2549999924  -0.0000032733   0.0000014402   0.0000034829
   2.2599999924  -0.0000041218   0.0000018279   0.0000043988
   2.2649999924  -0.0000050672   0.0000022887   0.0000054272
   2.2699999924  -0.0000060950   0.0000028245   0.0000065530
   2.2749999924  -0.0000071936   0.0000034368   0.0000077619
   2.2799999923  -0.0000083561   0.0000041270   0.0000090418
   2.2849999923  -0.0000095807   0.0000048953   0.0000103837
   2.2899999923  -0.0000108678   0.0000057400   0.0000117791
   2.2949999923  -0.0000122161   0.0000066539   0.0000132170
   2.2999999923  -0.0000136177   0.0000076216   0.0000146800
   2.3049999923  -0.0000150528   0.0000086166   0.0000161409
   2.3099999922  -0.0000164877   0.0000095986   0.0000175617
   2.3149999922  -0.0000178728   0.0000105135   0.0000188947
   2.3199999922  -0.0000191452   0.0000112949   0.0000200864
   2.3249999922  -0.0000202318   0.0000118678   0.0000210831
   2.3299999922  -0.0000210540   0.0000121547   0.0000218379
   2.3349999922  -0.0000215324   0.0000120828   0.0000223147
   2.3399999921  -0.0000215903   0.0000115916   0.0000224907
   2.3449999921  -0.0000211563   0.0000106400   0.0000223534
   2.3499999921  -0.0000201670   0.0000092126   0.0000218935
   2.3549999921  -0.0000185709   0.0000073246   0.0000210933
   2.3599999921  -0.0000163352   0.0000050248   0.0000199136
   2.3649999921  -0.0000134572   0.0000023984   0.0000182808
   2.3699999920  -0.0000099809  -0.0000004320   0.0000160785
   2.3749999920  -0.0000060154  -0.0000033062   0.0000131456
   2.3799999920  -0.0000017520  -0.0000060285   0.0000092852
   2.3849999920   0.0000025260  -0.0000083733   0.0000042852
   2.3899999920   0.0000064496  -0.0000100969  -0.0000020469
   2.3949999920   0.0000095931  -0.0000109583  -0.0000098349
   2.3999999919   0.0000115302  -0.0000107500  -0.0000190712
   2.4049999919   0.0000119191  -0.0000093403  -0.0000295424
   2.4099999919   0.0000106102  -0.0000067261  -0.0000407497
   2.4149999919   0.0000077638  -0.0000030891  -0.0000518315
   2.4199999919   0.0000039595   0.0000011501  -0.0000615023
   2.4249999919   0.0000002696   0.0000052941  -0.0000680281
   2.4299999918  -0.0000017305   0.0000083590  -0.0000692608
   2.4349999918  -0.0000000435   0.0000091113  -0.0000627597
   2.4399999918   0.0000075532   0.0000061632  -0.0000460277
   2.4449999918   0.0000231825  -0.0000018609  -0.0000168817
   2.4499999918   0.0000484158  -0.0000160830   0.0000260316
   2.4549999918   0.0000837128  -0.0000370589   0.0000825880
   2.4599999917   0.0001277936  -0.0000644120   0.0001504390
   2.4649999917   0.0001770031  -0.0000964394   0.0002242338
   2.4699999917   0.0002247468  -0.0001297351   0.0002949026
   2.4749999917   0.0002610887  -0.0001588802   0.0003491199
   2.4799999917   0.0002726083  -0.0001762609   0.0003690777
   2.4849999917   0.0002426061  -0.0001720758   0.0003326979
   2.4899999916   0.0001517285  -0.0001345880   0.0002143876
   2.4949999916  -0.0000209505  -0.0000506628  -0.0000135984
   2.4999999916  -0.0002963994   0.0000933927  -0.0003791873
   2.5049999916  -0.0006937123   0.0003107025  -0.0009079882
   2.5099999916  -0.0012279313   0.0006124612  -0.0016204187
   2.5149999916  -0.0019077855   0.0010064349  -0.0025286967
   2.5199999915  -0.0027335748   0.0014954545  -0.0036339972
   2.5249999915  -0.0036954508   0.0020760618  -0.0049241095
   2.5299999915  -0.0047723459   0.0027374860  -0.0063719302
   2.5349999915  -0.0059317687   0.0034611176  -0.0079350838
   2.5399999915  -0.0071306166   0.0042206235  -0.0095568770
   2.5449999915  -0.0083170602   0.0049827953  -0.0111686702
   2.5499999914  -0.0094334359   0.0057091505  -0.0126935992
   2.5549999914  -0.0104199595   0.0063582244  -0.0140514195
   2.5599999914  -0.0112189587   0.0068884026  -0.0151640958
   2.5649999914  -0.0117792328   0.0072610640  -0.0159616367
   2.5699999914  -0.0120601032   0.0074437432  -0.0163876068
   2.5749999914  -0.0120347208   0.0074129939  -0.0164037384
   2.5799999913  -0.0116922637   0.0071566392  -0.0159931317
   2.5849999913  -0.0110387681   0.0066751451  -0.0151616686
   2.5899999913  -0.0100964922   0.0059819366  -0.0139374529
   2.5949999913  -0.0089018858   0.0051025900  -0.0123683210
   2.5999999913  -0.0075024076   0.0040729609  -0.0105176978
   2.6049999913  -0.0059525754   0.0029364372  -0.0084592787
   2.6099999912  -0.0043097223   0.0017406067  -0.0062711690
   2.6149999912  -0.0026299607   0.0005337055  -0.0040301737
   2.6199999912  -0.0009648086  -0.0006387662  -0.0018069031
   2.6249999912   0.0006411772  -0.0017369013   0.0003377750
   2.6299999912   0.0021515786  -0.0027284322   0.0023546121
   2.6349999912   0.0035381088  -0.0035897999   0.0042061241
   2.6399999911   0.0047796069  -0.0043062174   0.0058652161
   2.6449999911   0.0058603775  -0.0048708402   0.0073127406
   2.6499999911   0.0067683074  -0.0052832779   0.0085346036
   2.6549999911   0.0074932156  -0.0055477643   0.0095190987
   2.6599999911   0.0080258320  -0.0056713367   0.0102550861
   2.6649999911   0.0083576705  -0.0056623473   0.0107314652
   2.6699999910   0.0084818815  -0.0055295495   0.0109381257
   2.6749999910   0.0083949648  -0.0052818838   0.0108682622
   2.6799999910   0.0080990331  -0.0049289411   0.0105216374
   2.6849999910   0.0076041744  -0.0044819412   0.0099081492
   2.6899999910   0.0069303877  -0.0039549524   0.0090509262
   2.6949999909   0.0061085883  -0.0033660065   0.0079881879
   2.6999999909   0.0051802912  -0.0027377635   0.0067732565
   2.7049999909   0.0041957710  -0.0020974358   0.0054723780
   2.7099999909   0.0032107363  -0.0014758016   0.0041603655
   2.7149999909   0.0022818148  -0.0009052946   0.0029144511
   2.7199999909   0.0014613643  -0.0004173283   0.0018070687
   2.7249999908   0.0007922842  -0.0000391732   0.0008985224
   2.7299999908   0.0003035553   0.0002091823   0.0002305840
   2.7349999908   0.0000071786   0.0003177059  -0.0001780155
   2.7399999908  -0.0001029856   0.0002880763  -0.0003334688
   2.7449999908  -0.0000502337   0.0001341725  -0.0002657861
   2.7499999908   0.0001280492  -0.0001188812  -0.0000247612
   2.7549999907   0.0003851686  -0.0004370853   0.0003264888
   2.7599999907   0.0006709835  -0.0007811081   0.0007195470
   2.7649999907   0.0009380518  -0.0011105715   0.0010891826
   2.7699999907   0.0011472138  -0.0013885277   0.0013811263
   2.7749999907   0.0012718491  -0.0015855303   0.0015580730
   2.7799999907   0.0013002479  -0.0016827490   0.0016031194
   2.7849999906   0.0012358225  -0.0016737128   0.0015202373
   2.7899999906   0.0010952151  -0.0015644606   0.0013318270
   2.7949999906   0.0009046721  -0.0013721091   0.0010738331
   2.7999999906   0.0006953039  -0.0011220775   0.0007892497
   2.8049999906   0.0004979957  -0.0008443933   0.0005210597
   2.8099999906   0.0003387543  -0.0005696273   0.0003056958
   2.8149999905   0.0002351691  -0.0003250348   0.0001679816
   2.8199999905   0.0001944568  -0.0001314300   0.0001182416
   2.8249999905   0.0002132813  -0.0000011795   0.0001518917
   2.8299999905   0.0002792481   0.0000624798   0.0002514159
   2.8349999905   0.0003737077   0.0000648079   0.0003902568
   2.8399999905   0.0004753180   0.0000178187   0.0005378647
   2.8449999904   0.0005637261  -0.0000622178   0.0006650029
   2.8499999904   0.0006227557  -0.0001575810   0.0007484151
   2.8549999904   0.0006426107  -0.0002517608   0.0007741165
   2.8599999904   0.0006208025  -0.0003315798   0.0007388442
   2.8649999904   0.0005617453  -0.0003885052   0.0006495393
   2.8699999904   0.0004751869  -0.0004190343   0.0005210748
   2.8749999903   0.0003738307  -0.0004241975   0.0003727334
   2.8799999903   0.0002706126  -0.0004083644   0.0002241241
   2.8849999903   0.0001761245  -0.0003776349   0.0000912853
   2.8899999903   0.0000966155  -0.0003381426  -0.0000163515
   2.8949999903   0.0000328779  -0.0002945778  -0.0000976523
   2.8999999903  -0.0000198478  -0.0002491756  -0.0001599002
   2.9049999902  -0.0000709912  -0.0002013067  -0.0002174062
   2.9099999902  -0.0001329956  -0.0001476982  -0.0002889300
   2.9149999902  -0.0002192047  -0.0000831930  -0.0003944149
   2.9199999902  -0.0003416607  -0.0000018765  -0.0005516297
   2.9249999902  -0.0005091712   0.0001016568  -0.0007732826
   2.9299999902  -0.0007259319   0.0002311259  -0.0010650532
   2.9349999901  -0.0009908813   0.0003876755  -0.0014247977
   2.9399999901  -0.0012978282   0.0005694117  -0.0018429594
   2.9449999901  -0.0016362703   0.0007714134  -0.0023040083
   2.9499999901  -0.0019927124   0.0009861882  -0.0027885748
   2.9549999901  -0.0023522340   0.0012044688  -0.0032758536
   2.9599999901  -0.0027000389   0.0014161995  -0.0037458529
   2.9649999900  -0.0030227488   0.0016115418  -0.0041811389
   2.9699999900  -0.0033092728   0.0017817451  -0.0045678551
   2.9749999900  -0.0035511771   0.0019197620  -0.0048959564
   2.9799999900  -0.0037425738   0.0020205482  -0.0051587515
   2.9849999900  -0.0038796348   0.0020810466  -0.0053519683
   2.9899999900  -0.0039598972   0.0020999118  -0.0054726261
   2.9949999899  -0.0039815478   0.0020770734  -0.0055180080
   2.9999999899  -0.0039428656   0.0020132539  -0.0054849757
   3.0049999899  -0.0038419527   0.0019095572  -0.0053697796
   3.0099999899  -0.0036768175   0.0017672135  -0.0051684005
   3.0149999899  -0.0034457966   0.0015875296  -0.0048773493
   3.0199999899  -0.0031482282   0.0013720443  -0.0044947565
   3.0249999898  -0.0027852397   0.0011228425  -0.0040215294
   3.0299999898  -0.0023604810   0.0008429471  -0.0034623460
   3.0349999898  -0.0018806465   0.0005366909  -0.0028262827
   3.0399999898  -0.0013556586   0.0002099696  -0.0021269406
   3.0449999898  -0.0007984479  -0.0001297018  -0.0013820199
   3.0499999898  -0.0002243308  -0.0004733707  -0.0006123819
   3.0549999897   0.0003499439  -0.0008110686   0.0001592836
   3.0599999897   0.0009073545  -0.0011324296   0.0009100116
   3.0649999897   0.0014318142  -0.0014274277   0.0016181384
   3.0699999897   0.0019092662  -0.0016871343   0.0022647065
   3.0749999897   0.0023285262  -0.0019043930   0.0028345428
   3.0799999897   0.0026817788  -0.0020743201   0.0033169072
   3.0849999896   0.0029646942  -0.0021945692   0.0037056760
   3.0899999896   0.0031761915  -0.0022653350   0.0039990917
   3.0949999896   0.0033179283  -0.0022891113   0.0041991661
   3.0999999896   0.0033936341  -0.0022702529   0.0043108619
   3.1049999896   0.0034084123  -0.0022144195   0.0043411950
   3.1099999896   0.0033681298  -0.0021279872   0.0042983929
   3.1149999895   0.0032789773  -0.0020175119   0.0041912161
   3.1199999895   0.0031472383  -0.0018893085   0.0040285089
   3.1249999895   0.0029792551  -0.0017491831   0.0038189943
   3.1299999895   0.0027815385  -0.0016023217   0.0035712801
   3.1349999895   0.0025609346  -0.0014533096   0.0032940035
   3.1399999895   0.0023247555  -0.0013062325   0.0029960161
   3.1449999894   0.0020807925  -0.0011647997   0.0026865101
   3.1499999894   0.0018371569  -0.0010324322   0.0023749986
   3.1549999894   0.0016019384  -0.0009122739   0.0020711007
   3.1599999894   0.0013827147  -0.0008071056   0.0017841251
   3.1649999894   0.0011859839  -0.0007191727   0.0015224941
   3.1699999894   0.0010166162  -0.0006499594   0.0012930952
   3.1749999893   0.0008774275  -0.0005999607   0.0011006704
   3.1799999893   0.0007689587  -0.0005685131   0.0009473635
   3.1849999893   0.0006895159  -0.0005537341   0.0008325260
   3.1899999893   0.0006354774  -0.0005526074   0.0007528430
   3.1949999893   0.0006018285  -0.0005612210   0.0007027879
   3.1999999893   0.0005828443  -0.0005751387   0.0006753541
   3.2049999892   0.0005728129  -0.0005898563   0.0006629584
   3.2099999892   0.0005666872  -0.0006012797   0.0006583784
   3.2149999892   0.0005605679  -0.0006061488   0.0006555721
   3.2199999892   0.0005519507  -0.0006023457   0.0006502506
   3.2249999892   0.0005397213  -0.0005890388   0.0006401175
   3.2299999892   0.0005239211  -0.0005666456   0.0006247509
   3.2349999891   0.0005053540  -0.0005366271   0.0006051740
   3.2399999891   0.0004851267  -0.0005011561   0.0005832154
   3.2449999891   0.0004642229  -0.0004627209   0.0005608045
   3.2499999891   0.0004431959  -0.0004237349   0.0005393487
   3.2549999891   0.0004220372  -0.0003862169   0.0005193242
   3.2599999891   0.0004002323  -0.0003515902   0.0005001538
   3.2649999890   0.0003769773  -0.0003206209   0.0004803869
   3.2699999890   0.0003514914  -0.0002934889   0.0004581228
   3.2749999890   0.0003233440  -0.0002699588   0.0004315660
   3.2799999890   0.0002927111  -0.0002495990   0.0003995735
   3.2849999890   0.0002604959  -0.0002319932   0.0003620562
   3.2899999890   0.0002282785  -0.0002168944   0.0003201311
   3.2949999889   0.0001981002  -0.0002042891   0.0002759809
   3.2999999889   0.0001721255  -0.0001943611   0.0002324444
   3.3049999889   0.0001522499  -0.0001873730   0.0001924293
   3.3099999889   0.0001397379  -0.0001834989   0.0001582767
   3.3149999889   0.0001349652  -0.0001826579   0.0001312273
   3.3199999889   0.0001373207  -0.0001843941   0.0001111136
   3.3249999888   0.0001452872  -0.0001878393   0.0000963567
   3.3299999888   0.0001566852  -0.0001917773   0.0000842781
   3.3349999888   0.0001690300  -0.0001948006   0.0000716660
   3.3399999888   0.0001799306  -0.0001955328   0.0000554772
   3.3449999888   0.0001874540  -0.0001928716   0.0000335264
   3.3499999888   0.0001903868  -0.0001862027   0.0000050133
   3.3549999887   0.0001883499  -0.0001755384  -0.0000292291
   3.3599999887   0.0001817522  -0.0001615505  -0.0000668184
   3.3649999887   0.0001716030  -0.0001454881  -0.0001042268
   3.3699999887   0.0001592291  -0.0001289931  -0.0001374211
   3.3749999887   0.0001459578  -0.0001138479  -0.0001626081
   3.3799999886   0.0001328330  -0.0001017010  -0.0001769322
   3.3849999886   0.0001204182  -0.0000938220  -0.0001789839
   3.3899999886   0.0001087238  -0.0000909274  -0.0001690210
   3.3949999886   0.0000972646  -0.0000931076  -0.0001488644
   3.3999999886   0.0000852318  -0.0000998619  -0.0001215009
   3.4049999886   0.0000717373  -0.0001102287  -0.0000904832
   3.4099999885   0.0000560767  -0.0001229813  -0.0000592620
   3.4149999885   0.0000379545  -0.0001368458  -0.0000305905
   3.4199999885   0.0000176227  -0.0001506988  -0.0000061259
   3.4249999885  -0.0000040961  -0.0001637074   0.0000136950
   3.4299999885  -0.0000259093  -0.0001753879   0.0000294927
   3.4349999885  -0.0000462581  -0.0001855773   0.0000425412
   3.4399999884  -0.0000635856  -0.0001943333   0.0000542277
   3.4449999884  -0.0000766145  -0.0002017892   0.0000655061
   3.4499999884  -0.0000845774  -0.0002080037   0.0000764771
   3.4549999884  -0.0000873522  -0.0002128429   0.0000861985
   3.4599999884  -0.0000854716  -0.0002159281   0.0000927748
   3.4649999884  -0.0000800047  -0.0002166628   0.0000937135
   3.4699999883  -0.0000723333  -0.0002143413   0.0000864725
   3.4749999883  -0.0000638726  -0.0002083145   0.0000690767
   3.4799999883  -0.0000557961  -0.0001981795   0.0000406642
   3.4849999883  -0.0000488264  -0.0001839494   0.0000018341
   3.4899999883  -0.0000431417  -0.0001661608  -0.0000452902
   3.4949999883  -0.0000384179  -0.0001458883  -0.0000973068
   3.4999999882  -0.0000339983  -0.0001246550  -0.0001500441
   3.5049999882  -0.0000291487  -0.0001042470  -0.0001992307
   3.5099999882  -0.0000233341  -0.0000864656  -0.0002411833
   3.5149999882  -0.0000164472  -0.0000728610  -0.0002733685
   3.5199999882  -0.0000089248  -0.0000645029  -0.0002947188
   3.5249999882  -0.0000017187  -0.0000618324  -0.0003056426
   3.5299999881   0.0000038806  -0.0000646264  -0.0003077350
   3.5349999881   0.0000065286  -0.0000720821  -0.0003032659
   3.5399999881   0.0000051533  -0.0000830013  -0.0002945730
   3.5449999881  -0.0000007562  -0.0000960356  -0.0002835052
   3.5499999881  -0.0000109747  -0.0001099372  -0.0002710489
   3.5549999881  -0.0000245253  -0.0001237634  -0.0002572217
   3.5599999880  -0.0000398342  -0.0001369899  -0.0002412517
   3.5649999880  -0.0000550225  -0.0001495137  -0.0002219883
   3.5699999880  -0.0000682696  -0.0001615506  -0.0001984337
   3.5749999880  -0.0000781619  -0.0001734572  -0.0001702536
   3.5799999880  -0.0000839469  -0.0001855267  -0.0001381323
   3.5849999880  -0.0000856349  -0.0001978103  -0.0001038743
   3.5899999879  -0.0000839293  -0.0002100111  -0.0000702185
   3.5949999879  -0.0000800094  -0.0002214791  -0.0000404027
   3.5999999879  -0.0000752233  -0.0002313081  -0.0000175769
   3.6049999879  -0.0000707708  -0.0002385133  -0.0000042007
   3.6099999879  -0.0000674521  -0.0002422462  -0.0000015637
   3.6149999879  -0.0000655403  -0.0002419960  -0.0000095383
   3.6199999878  -0.0000647982  -0.0002377296  -0.0000266168
   3.6249999878  -0.0000646253  -0.0002299368  -0.0000502198
   3.6299999878  -0.0000642856  -0.0002195719  -0.0000771986
   3.6349999878  -0.0000631513  -0.0002079033  -0.0001044162
   3.6399999878  -0.0000608974  -0.0001963077  -0.0001292762
   3.6449999878  -0.0000576009  -0.0001860519  -0.0001500911
   3.6499999877  -0.0000537246  -0.0001781100  -0.0001662224
   3.6549999877  -0.0000499982  -0.0001730499  -0.0001779838
   3.6599999877  -0.0000472353  -0.0001710066  -0.0001863512
   3.6649999877  -0.0000461350  -0.0001717403  -0.0001925663
   3.6699999877  -0.0000471185  -0.0001747561  -0.0001977360
   3.6749999877  -0.0000502364  -0.0001794534  -0.0002025224
   3.6799999876  -0.0000551599  -0.0001852680  -0.0002069891
   3.6849999876  -0.0000612507  -0.0001917760  -0.0002106273
   3.6899999876  -0.0000676843  -0.0001987400  -0.0002125418
   3.6949999876  -0.0000735957  -0.0002060951  -0.0002117404
   3.6999999876  -0.0000782171  -0.0002138850  -0.0002074517
   3.7049999876  -0.0000809857  -0.0002221699  -0.0001993952
   3.7099999875  -0.0000816085  -0.0002309324  -0.0001879407
   3.7149999875  -0.0000800844  -0.0002400068  -0.0001741228
   3.7199999875  -0.0000766870  -0.0002490489  -0.0001595097
   3.7249999875  -0.0000719157  -0.0002575555  -0.0001459520
   3.7299999875  -0.0000664218  -0.0002649286  -0.0001352644
   3.7349999875  -0.0000609160  -0.0002705741  -0.0001289010
   3.7399999874  -0.0000560648  -0.0002740129  -0.0001276887
   3.7449999874  -0.0000523856  -0.0002749836  -0.0001316677
   3.7499999874  -0.0000501581  -0.0002735156  -0.0001400718
   3.7549999874  -0.0000493688  -0.0002699558  -0.0001514530
   3.7599999874  -0.0000497084  -0.0002649413  -0.0001639315
   3.7649999874  -0.0000506312  -0.0002593195  -0.0001755251
   3.7699999873  -0.0000514744  -0.0002540266  -0.0001844994
   3.7749999873  -0.0000516174  -0.0002499443  -0.0001896717
   3.7799999873  -0.0000506479  -0.0002477600  -0.0001906083
   3.7849999873  -0.0000484904  -0.0002478579  -0.0001876751
   3.7899999873  -0.0000454605  -0.0002502620  -0.0001819264
   3.7949999873  -0.0000422189  -0.0002546458  -0.0001748536
   3.7999999872  -0.0000396278  -0.0002604088  -0.0001680443
   3.8049999872  -0.0000385369  -0.0002668061  -0.0001628251
   3.8099999872  -0.0000395510  -0.0002731054  -0.0001599688
   3.8149999872  -0.0000428406  -0.0002787374  -0.0001595334
   3.8199999872  -0.0000480519  -0.0002834058  -0.0001608759
   3.8249999872  -0.0000543481  -0.0002871313  -0.0001628388
   3.8299999871  -0.0000605822  -0.0002902182  -0.0001640697
   3.8349999871  -0.0000655618  -0.0002931506  -0.0001633964
   3.8399999871  -0.0000683434  -0.0002964453  -0.0001601651
   3.8449999871  -0.0000684763  -0.0003004961  -0.0001544543
   3.8499999871  -0.0000661314  -0.0003054533  -0.0001471052
   3.8549999871  -0.0000620749  -0.0003111687  -0.0001395546
   3.8599999870  -0.0000574907  -0.0003172241  -0.0001335058
   3.8649999870  -0.0000536932  -0.0003230373  -0.0001305169
   3.8699999870  -0.0000518077  -0.0003280195  -0.0001316097
   3.8749999870  -0.0000524995  -0.0003317417  -0.0001369986
   3.8799999870  -0.0000558259  -0.0003340669  -0.0001460132
   3.8849999870  -0.0000612493  -0.0003352092  -0.0001572379
   3.8899999869  -0.0000678052  -0.0003357023  -0.0001688389
   3.8949999869  -0.0000743795  -0.0003362833  -0.0001789972
   3.8999999869  -0.0000800167  -0.0003377191  -0.0001863427
   3.9049999869  -0.0000841745  -0.0003406196  -0.0001902779
   3.9099999869  -0.0000868567  -0.0003452869  -0.0001911127
   3.9149999869  -0.0000885893  -0.0003516375  -0.0001899743
   3.9199999868  -0.0000902499  -0.0003592201  -0.0001885183
   3.9249999868  -0.0000928006  -0.0003673220  -0.0001885118
   3.9299999868  -0.0000969984  -0.0003751393  -0.0001913947
   3.9349999868  -0.0001031646  -0.0003819674  -0.0001979265
   3.9399999868  -0.0001110725  -0.0003873633  -0.0002080027
   3.9449999868  -0.0001199833  -0.0003912434  -0.0002206809
   3.9499999867  -0.0001288140  -0.0003938922  -0.0002344048
   3.9549999867  -0.0001363910  -0.0003958849  -0.0002473631
   3.9599999867  -0.0001417192  -0.0003979436  -0.0002578940
   3.9649999867  -0.0001441963  -0.0004007654  -0.0002648364
   3.9699999867  -0.0001437220  -0.0004048635  -0.0002677473
   3.9749999867  -0.0001406789  -0.0004104574  -0.0002669437
   3.9799999866  -0.0001358016  -0.0004174364  -0.0002633686
   3.9849999866  -0.0001299732  -0.0004254003  -0.0002583257
   3.9899999866  -0.0001240092  -0.0004337634  -0.0002531542
   3.9949999866  -0.0001184823  -0.0004418954  -0.0002489239
   3.9999999866  -0.0001136302  -0.0004492636  -0.0002462206
   4.0049999866  -0.0001093602  -0.0004555454  -0.0002450651
   4.0099999865  -0.0001053411  -0.0004606858  -0.0002449747
   4.0149999865  -0.0001011490  -0.0004648908  -0.0002451435
   4.0199999865  -0.0000964268  -0.0004685614  -0.0002446902
   4.0249999865  -0.0000910157  -0.0004721871  -0.0002429152
   4.0299999865  -0.0000850307  -0.0004762243  -0.0002395054
   4.0349999864  -0.0000788677  -0.0004809893  -0.0002346465
   4.0399999864  -0.0000731469  -0.0004865889  -0.0002290200
   4.0449999864  -0.0000686124  -0.0004929032  -0.0002236916
   4.0499999864  -0.0000660131  -0.0004996224  -0.0002199172
   4.0549999864  -0.0000659900  -0.0005063271  -0.0002189089
   4.0599999864  -0.0000689903  -0.0005125911  -0.0002216096
   4.0649999863  -0.0000752203  -0.0005180840  -0.0002285197
   4.0699999863  -0.0000846387  -0.0005226492  -0.0002396097
   4.0749999863  -0.0000969863  -0.0005263401  -0.0002543326
   4.0799999863  -0.0001118419  -0.0005294105  -0.0002717307
   4.0849999863  -0.0001286917  -0.0005322600  -0.0002906134
   4.0899999863  -0.0001470011  -0.0005353522  -0.0003097682
   4.0949999862  -0.0001662758  -0.0005391216  -0.0003281601
   4.0999999862  -0.0001861041  -0.0005438928  -0.0003450797
   4.1049999862  -0.0002061745  -0.0005498266  -0.0003602082
   4.1099999862  -0.0002262664  -0.0005569038  -0.0003735895
   4.1149999862  -0.0002462166  -0.0005649472  -0.0003855177
   4.1199999862  -0.0002658692  -0.0005736742  -0.0003963685
   4.1249999861  -0.0002850213  -0.0005827670  -0.0004064177
   4.1299999861  -0.0003033753  -0.0005919449  -0.0004156907
   4.1349999861  -0.0003205130  -0.0006010229  -0.0004238846
   4.1399999861  -0.0003358981  -0.0006099456  -0.0004303848
   4.1449999861  -0.0003489113  -0.0006187905  -0.0004343779
   4.1499999861  -0.0003589106  -0.0006277419  -0.0004350400
   4.1549999860  -0.0003653075  -0.0006370398  -0.0004317619
   4.1599999860  -0.0003676405  -0.0006469174  -0.0004243617
   4.1649999860  -0.0003656295  -0.0006575375  -0.0004132403
   4.1699999860  -0.0003591980  -0.0006689425  -0.0003994440
   4.1749999860  -0.0003484545  -0.0006810283  -0.0003846209
   4.1799999860  -0.0003336364  -0.0006935461  -0.0003708803
   4.1849999859  -0.0003150266  -0.0007061346  -0.0003605824
   4.1899999859  -0.0002928620  -0.0007183737  -0.0003561005
   4.1949999859  -0.0002672531  -0.0007298484  -0.0003596010
   4.1999999859  -0.0002381373  -0.0007402094  -0.0003728791
   4.2049999859  -0.0002052794  -0.0007492148  -0.0003972707
   4.2099999859  -0.0001683267  -0.0007567446  -0.0004336446
   4.2149999858  -0.0001269157  -0.0007627828  -0.0004824540
   4.2199999858  -0.0000808189  -0.0007673726  -0.0005438156
   4.2249999858  -0.0000301133  -0.0007705563  -0.0006175726
   4.2299999858   0.0000246496  -0.0007723153  -0.0007033042
   4.2349999858   0.0000822916  -0.0007725268  -0.0008002543
   4.2399999858   0.0001408865  -0.0007709510  -0.0009071719
   4.2449999857   0.0001976769  -0.0007672536  -0.0010220776
   4.2499999857   0.0002490251  -0.0007610617  -0.0011419911
   4.2549999857   0.0002903924  -0.0007520429  -0.0012626673
   4.2599999857   0.0003163326  -0.0007399920  -0.0013783955
   4.2649999857   0.0003204922  -0.0007249075  -0.0014819054
   4.2699999857   0.0002956118  -0.0007070437  -0.0015644136
   4.2749999856   0.0002335335  -0.0006869282  -0.0016158164
   4.2799999856   0.0001252282  -0.0006653430  -0.0016250173
   4.2849999856  -0.0000391345  -0.0006432731  -0.0015803525
   4.2899999856  -0.0002700475  -0.0006218327  -0.0014700726
   4.2949999856  -0.0005784326  -0.0006021834  -0.0012828321
   4.2999999856  -0.0009752940  -0.0005854559  -0.0010081524
   4.3049999855  -0.0014712514  -0.0005726884  -0.0006368347
   4.3099999855  -0.0020759630  -0.0005647876  -0.0001613248
   4.3149999855  -0.0027974603  -0.0005625143   0.0004239576
   4.3199999855  -0.0036414346  -0.0005664898   0.0011222997
   4.3249999855  -0.0046105178  -0.0005772123   0.0019343610
   4.3299999855  -0.0057036096  -0.0005950719   0.0028578090
   4.3349999854  -0.0069152920  -0.0006203495   0.0038869285
   4.3399999854  -0.0082353715  -0.0006531887   0.0050122268
   4.3449999854  -0.0096485729  -0.0006935342   0.0062200797
   4.3499999854  -0.0111344010  -0.0007410398   0.0074924739
   4.3549999854  -0.0126671762  -0.0007949567   0.0088069082
   4.3599999854  -0.0142162458  -0.0008540222   0.0101365061
   4.3649999853  -0.0157463703  -0.0009163714   0.0114503780
   4.3699999853  -0.0172182880  -0.0009794951   0.0127142465
   4.3749999853  -0.0185894628  -0.0010402599   0.0138913208
   4.3799999853  -0.0198150233  -0.0010949954   0.0149433833
   4.3849999853  -0.0208489003  -0.0011396412   0.0158320303
   4.3899999853  -0.0216451620  -0.0011699336   0.0165199999
   4.3949999852  -0.0221595330  -0.0011816044   0.0169725198
   4.3999999852  -0.0223510652  -0.0011705655   0.0171586139
   4.4049999852  -0.0221839051  -0.0011330569   0.0170523216
   4.4099999852  -0.0216290818  -0.0010657482   0.0166337999
   4.4149999852  -0.0206662232  -0.0009657978   0.0158902882
   4.4199999852  -0.0192850977  -0.0008308847   0.0148169263
   4.4249999851  -0.0174868802  -0.0006592356   0.0134174126
   4.4299999851  -0.0152850543  -0.0004496673   0.0117044837
   4.4349999851  -0.0127058801  -0.0002016600   0.0097001860
   4.4399999851  -0.0097883842   0.0000845390   0.0074358943
   4.4449999851  -0.0065838553   0.0004077910   0.0049520321
   4.4499999851  -0.0031548515   0.0007659472   0.0022974462
   4.4549999850   0.0004262523   0.0011557612  -0.0004715976
   4.4599999850   0.0040791374   0.0015728624  -0.0032928042
   4.4649999850   0.0077177825   0.0020118075  -0.0060996035
   4.4699999850   0.0112530154   0.0024662172  -0.0088232117
   4.4749999850   0.0145953081   0.0029289885  -0.0113949154
   4.4799999850   0.0176577372   0.0033925635  -0.0137484680
   4.4849999849   0.0203590192   0.0038492262  -0.0158224815
   4.4899999849   0.0226265133   0.0042913975  -0.0175626950
   4.4949999849   0.0243990704   0.0047119039  -0.0189240125
   4.4999999849   0.0256295966   0.0051042033  -0.0198722226
   4.5049999849   0.0262871976   0.0054625606  -0.0203853315
   4.5099999849   0.0263587758   0.0057821789  -0.0204544634
   4.5149999848   0.0258499746   0.0060592944  -0.0200843004
   4.5199999848   0.0247853881   0.0062912481  -0.0192930481
   4.5249999848   0.0232079969   0.0064765449  -0.0181119278
   4.5299999848   0.0211778266   0.0066149034  -0.0165842048
   4.5349999848   0.0187698719   0.0067072933  -0.0147637732
   4.5399999848   0.0160713664   0.0067559501  -0.0127133323
   4.5449999847   0.0131785120   0.0067643506  -0.0105021986
   4.5499999847   0.0101928098   0.0067371339  -0.0082038177
   4.5549999847   0.0072171526   0.0066799553  -0.0058930555
   4.5599999847   0.0043518453   0.0065992688  -0.0036433652
   4.5649999847   0.0016907266   0.0065020439  -0.0015239455
   4.5699999847  -0.0006824454   0.0063954328   0.0004029856
   4.5749999846  -0.0026971907   0.0062864136   0.0020846648
   4.5799999846  -0.0042989536   0.0061814377   0.0034798741
   4.5849999846  -0.0054510844   0.0060861095   0.0045605252
   4.5899999846  -0.0061360690   0.0060049242   0.0053126403
   4.5949999846  -0.0063559471   0.0059410769   0.0057366628
   4.5999999846  -0.0061318892   0.0058963505   0.0058470747
   4.6049999845  -0.0055029396   0.0058710788   0.0056713444
   4.6099999845  -0.0045239633   0.0058641767   0.0052482693
   4.6149999845  -0.0032628792   0.0058732257   0.0046258201
   4.6199999845  -0.0017972939   0.0058946022   0.0038586140
   4.6249999845  -0.0002106908   0.0059236417   0.0030051624
   4.6299999845   0.0014116422   0.0059548302   0.0021250343
   4.6349999844   0.0029867398   0.0059820196   0.0012760699
   4.6399999844   0.0044379245   0.0059986637   0.0005117589
   4.6449999844   0.0056983987   0.0059980686  -0.0001211137
   4.6499999844   0.0067142702   0.0059736520  -0.0005844730
   4.6549999844   0.0074468506   0.0059192005  -0.0008505364
   4.6599999844   0.0078741138   0.0058291155  -0.0009029107
   4.6649999843   0.0079912487   0.0056986363  -0.0007371515
   4.6699999843   0.0078102985   0.0055240294  -0.0003607460
   4.6749999843   0.0073589272   0.0053027375   0.0002074990
   4.6799999843   0.0066784024   0.0050334803   0.0009386521
   4.6849999843   0.0058209183   0.0047163023   0.0017953899
   4.6899999843   0.0048464149   0.0043525635   0.0027341833
   4.6949999842   0.0038190641   0.0039448713   0.0037078135
   4.6999999842   0.0028036119   0.0034969521   0.0046680702
   4.7049999842   0.0018617620   0.0030134679   0.0055684616
   4.7099999842   0.0010487907   0.0024997863   0.0063667661
   4.7149999842   0.0004105662   0.0019617194   0.0070272685
   4.7199999841  -0.0000188664   0.0014052510   0.0075225480
   4.7249999841  -0.0002190059   0.0008362761   0.0078347240
   4.7299999841  -0.0001838224   0.0002603741   0.0079561043
   4.7349999841   0.0000781604  -0.0003173675   0.0078892263
   4.7399999841   0.0005446345  -0.0008924674   0.0076463162
   4.7449999841   0.0011810812  -0.0014611050   0.0072482270
   4.7499999840   0.0019430515  -0.0020201209   0.0067229398
   4.7549999840   0.0027790116  -0.0025669788   0.0061037277
   4.7599999840   0.0036335725  -0.0030997026   0.0054270962
   4.7649999840   0.0044509019  -0.0036168023   0.0047306123
   4.7699999840   0.0051781042  -0.0041171967   0.0040507392
   4.7749999840   0.0057683615  -0.0046001344   0.0034207867
   4.7799999839   0.0061836465  -0.0050651095   0.0028690837
   4.7849999839   0.0063968503  -0.0055117685   0.0024174669
   4.7899999839   0.0063932079  -0.0059398036   0.0020801684
   4.7949999839   0.0061709492  -0.0063488345   0.0018631671
   4.7999999839   0.0057411543  -0.0067382847   0.0017640420
   4.8049999839   0.0051268362  -0.0071072660   0.0017723442
   4.8099999838   0.0043613200  -0.0074544865   0.0018704649
   4.8149999838   0.0034860288  -0.0077781995   0.0020349504
   4.8199999838   0.0025478155  -0.0080762059   0.0022381790
   4.8249999838   0.0015960086  -0.0083459170   0.0024502896
   4.8299999838   0.0006793523  -0.0085844756   0.0026412322
   4.8349999838  -0.0001569712  -0.0087889250   0.0027827998
   4.8399999837  -0.0008740545  -0.0089564072   0.0028505032
   4.8449999837  -0.0014415491  -0.0090843682   0.0028251639
   4.8499999837  -0.0018393787  -0.0091707471   0.0026941197
   4.8549999837  -0.0020587798  -0.0092141287   0.0024519696
   4.8599999837  -0.0021026082  -0.0092138463   0.0021008189
   4.8649999837  -0.0019848963  -0.0091700281   0.0016500219
   4.8699999836  -0.0017296983  -0.0090835925   0.0011154536
   4.8749999836  -0.0013693018  -0.0089561988   0.0005183750
   4.8799999836  -0.0009419301  -0.0087901698  -0.0001160204
   4.8849999836  -0.0004890908  -0.0085883980  -0.0007602746
   4.8899999836  -0.0000527487  -0.0083542473  -0.0013864320
   4.8949999836   0.0003274882  -0.0080914550  -0.0019677928
   4.8999999835   0.0006169823  -0.0078040339  -0.0024805444
   4.9049999835   0.0007883079  -0.0074961715  -0.0029051765
   4.9099999835   0.0008229775  -0.0071721193  -0.0032276016
   4.9149999835   0.0007125430  -0.0068360705  -0.0034399220
   4.9199999835   0.0004590085  -0.0064920263  -0.0035408049
   4.9249999835   0.0000745371  -0.0061436593  -0.0035354485
   4.9299999834  -0.0004195174  -0.0057941848  -0.0034351436
   4.9349999834  -0.0009941798  -0.0054462588  -0.0032564572
   4.9399999834  -0.0016149083  -0.0051019131  -0.0030200848
   4.9449999834  -0.0022439933  -0.0047625429  -0.0027494416
   4.9499999834  -0.0028431341  -0.0044289457  -0.0024690788
   4.9549999834  -0.0033760214  -0.0041014108  -0.0022030299
   4.9599999833  -0.0038107560  -0.0037798453  -0.0019731971
   4.9649999833  -0.0041219438  -0.0034639219  -0.0017978945
   4.9699999833  -0.0042923345  -0.0031532288  -0.0016906516
   4.9749999833  -0.0043138986  -0.0028474067  -0.0016593674
   4.9799999833  -0.0041882784  -0.0025462597  -0.0017058779
   4.9849999833  -0.0039265869  -0.0022498323  -0.0018259653
   4.9899999832  -0.0035485740  -0.0019584495  -0.0020098053
   4.9949999832  -0.0030812198  -0.0016727230  -0.0022428093
   4.9999999832  -0.0025568536  -0.0013935261  -0.0025067905
   5.0049999832  -0.0020109268  -0.0011219448  -0.0027813577
   5.0099999832  -0.0014795929  -0.0008592120  -0.0030454257
   5.0149999832  -0.0009972586  -0.0006066327  -0.0032787284
   5.0199999831  -0.0005942721  -0.0003655068  -0.0034632264
   5.0249999831  -0.0002949065  -0.0001370570  -0.0035843129
   5.0299999831  -0.0001157737   0.0000776347  -0.0036317472
   5.0349999831  -0.0000647790   0.0002776776  -0.0036002624
   5.0399999831  -0.0001406844   0.0004624104  -0.0034898257
   5.0449999831  -0.0003333121   0.0006314295  -0.0033055481
   5.0499999830  -0.0006243700   0.0007846073  -0.0030572643
   5.0549999830  -0.0009888401   0.0009221067  -0.0027588193
   5.0599999830  -0.0013968272   0.0010443895  -0.0024271118
   5.0649999830  -0.0018157341   0.0011522181  -0.0020809552
   5.0699999830  -0.0022126032   0.0012466469  -0.0017398251
   5.0749999830  -0.0025564537   0.0013289953  -0.0014225651
   5.0799999829  -0.0028204473   0.0014008000  -0.0011461328
   5.0849999829  -0.0029837259   0.0014637412  -0.0009244629
   5.0899999829  -0.0030327981   0.0015195473  -0.0007675272
   5.0949999829  -0.0029623821   0.0015698840  -0.0006806616
   5.0999999829  -0.0027756579   0.0016162405  -0.0006642162
   5.1049999829  -0.0024839240   0.0016598276  -0.0007135656
   5.1099999828  -0.0021056951   0.0017015006  -0.0008194850
   5.1149999828  -0.0016653152   0.0017417189  -0.0009688732
   5.1199999828  -0.0011911892   0.0017805478  -0.0011457652
   5.1249999828  -0.0007137595   0.0018176993  -0.0013325558
   5.1299999828  -0.0002633673   0.0018526071  -0.0015113325
   5.1349999828   0.0001318569   0.0018845227  -0.0016652076
   5.1399999827   0.0004479301   0.0019126193  -0.0017795424
   5.1449999827   0.0006666505   0.0019360910  -0.0018429697
   5.1499999827   0.0007768165   0.0019542375  -0.0018481401
   5.1549999827   0.0007749481   0.0019665264  -0.0017921500
   5.1599999827   0.0006654578   0.0019726329  -0.0016766304
   5.1649999827   0.0004602624   0.0019724567  -0.0015075111
   5.1699999826   0.0001778621   0.0019661204  -0.0012944893
   5.1749999826  -0.0001580453   0.0019539566  -0.0010502567
   5.1799999826  -0.0005203124   0.0019364862  -0.0007895462
   5.1849999826  -0.0008803247   0.0019143940  -0.0005280689
   5.1899999826  -0.0012100710   0.0018885034  -0.0002814115
   5.1949999826  -0.0014841513   0.0018597487  -0.0000639662
   5.1999999825  -0.0016815754   0.0018291442   0.0001120424
   5.2049999825  -0.0017872225   0.0017977461   0.0002373746
   5.2099999825  -0.0017928599   0.0017666042   0.0003063863
   5.2149999825  -0.0016976496   0.0017367033   0.0003173949
   5.2199999825  -0.0015081120   0.0017088955   0.0002727752
   5.2249999825  -0.0012375560   0.0016838309   0.0001787741
   5.2299999824  -0.0009050253   0.0016618945   0.0000450509
   5.2349999824  -0.0005338428   0.0016431612  -0.0001160299
   5.2399999824  -0.0001498676   0.0016273786  -0.0002903095
   5.2449999824   0.0002204046   0.0016139841  -0.0004628867
   5.2499999824   0.0005517588   0.0016021581  -0.0006192319
   5.2549999824   0.0008220566   0.0015909079  -0.0007462785
   5.2599999823   0.0010137857   0.0015791712  -0.0008334009
   5.2649999823   0.0011152587   0.0015659254  -0.0008731996
   5.2699999823   0.0011213806   0.0015502855  -0.0008620250
   5.2749999823   0.0010339410   0.0015315793  -0.0008001994
   5.2799999823   0.0008614137   0.0015093898  -0.0006919199
   5.2849999823   0.0006182837   0.0014835654  -0.0005448588
   5.2899999822   0.0003239522   0.0014541997  -0.0003695001
   5.2949999822   0.0000012963   0.0014215927  -0.0001782788
   5.2999999822  -0.0003250118   0.0013862021   0.0000154034
   5.3049999822  -0.0006303083   0.0013485968   0.0001982006
   5.3099999822  -0.0008917316   0.0013094174   0.0003578065
   5.3149999822  -0.0010898773   0.0012693476   0.0004838268
   5.3199999821  -0.0012101900   0.0012290933   0.0005684864
   5.3249999821  -0.0012439888   0.0011893654   0.0006071286
   5.3299999821  -0.0011890506   0.0011508601   0.0005984845
   5.3349999821  -0.0010497071   0.0011142323   0.0005447018
   5.3399999821  -0.0008364530   0.0010800609   0.0004511405
   5.3449999821  -0.0005650974   0.0010488079   0.0003259508
   5.3499999820  -0.0002555305   0.0010207771   0.0001794643
   5.3549999820   0.0000697975   0.0009960800   0.0000234371
   5.3599999820   0.0003875656   0.0009746175  -0.0001298069
   5.3649999820   0.0006753093   0.0009560811  -0.0002682748
   5.3699999820   0.0009130567   0.0009399803  -0.0003811856
   5.3749999820   0.0010847550   0.0009256896  -0.0004597677
   5.3799999819   0.0011793858   0.0009125144  -0.0004979146
   5.3849999819   0.0011916953   0.0008997628  -0.0004926430
   5.3899999819   0.0011224931   0.0008868153  -0.0004443164
   5.3949999819   0.0009785066   0.0008731820  -0.0003566085
   5.3999999819   0.0007718095   0.0008585394  -0.0002362073
   5.4049999818   0.0005188704   0.0008427427  -0.0000922798
   5.4099999818   0.0002392973   0.0008258151   0.0000642612
   5.4149999818  -0.0000456310   0.0008079168   0.0002216266
   5.4199999818  -0.0003145386   0.0007893022   0.0003680862
   5.4249999818  -0.0005475171   0.0007702721   0.0004928875
   5.4299999818  -0.0007275697   0.0007511297   0.0005870850
   5.4349999817  -0.0008418315   0.0007321459   0.0006442099
   5.4399999817  -0.0008824770   0.0007135361   0.0006607300
   5.4449999817  -0.0008472507   0.0006954496   0.0006362663
   5.4499999817  -0.0007395819   0.0006779695   0.0005735594
   5.4549999817  -0.0005682756   0.0006611186   0.0004781938
   5.4599999817  -0.0003468023   0.0006448689   0.0003581140
   5.4649999816  -0.0000922428   0.0006291502   0.0002229763
   5.4699999816   0.0001760332   0.0006138579   0.0000833915
   5.4749999816   0.0004378519   0.0005988577  -0.0000498810
   5.4799999816   0.0006737673   0.0005839905  -0.0001667291
   5.4849999816   0.0008665234   0.0005690773  -0.0002584187
   5.4899999816   0.0010023319   0.0005539274  -0.0003182113
   5.4949999815   0.0010718698   0.0005383505  -0.0003418294
   5.4999999815   0.0010709231   0.0005221748  -0.0003277424
   5.5049999815   0.0010006331   0.0005052694  -0.0002772556
   5.5099999815   0.0008673328   0.0004875682  -0.0001943978
   5.5149999815   0.0006819949   0.0004690945  -0.0000856143
   5.5199999815   0.0004593404   0.0004499789   0.0000407142
   5.5249999814   0.0002166805   0.0004304679   0.0001748972
   5.5299999814  -0.0000274149   0.0004109187   0.0003066601
   5.5349999814  -0.0002545227   0.0003917779   0.0004259217
   5.5399999814  -0.0004477411   0.0003735460   0.0005235648
   5.5449999814  -0.0005929328   0.0003567301   0.0005921407
   5.5499999814  -0.0006797481   0.0003417921   0.0006264512
   5.5549999813  -0.0007023563   0.0003290996   0.0006239579
   5.5599999813  -0.0006598337   0.0003188873   0.0005849814
   5.5649999813  -0.0005561820   0.0003112354   0.0005126700
   5.5699999813  -0.0003999806   0.0003060658   0.0004127379
   5.5749999813  -0.0002036968   0.0003031580   0.0002929927
   5.5799999813   0.0000172887   0.0003021767   0.0001626938
   5.5849999812   0.0002458701   0.0003027085   0.0000317991
   5.5899999812   0.0004645255   0.0003042970  -0.0000898346
   5.5949999812   0.0006566498   0.0003064748  -0.0001932248
   5.5999999812   0.0008078082   0.0003087861  -0.0002709462
   5.6049999812   0.0009068167   0.0003108018  -0.0003176681
   5.6099999812   0.0009465672   0.0003121289  -0.0003305091
   5.6149999811   0.0009245354   0.0003124175  -0.0003091900
   5.6199999811   0.0008429331   0.0003113686  -0.0002559841
   5.6249999811   0.0007084946   0.0003087449  -0.0001754811
   5.6299999811   0.0005319163   0.0003043854  -0.0000741926
   5.6349999811   0.0003269945   0.0002982199   0.0000399658
   5.6399999811   0.0001095320   0.0002902826   0.0001582746
   5.6449999810  -0.0001039001   0.0002807182   0.0002718522
   5.6499999810  -0.0002972444   0.0002697805   0.0003722976
   5.6549999810  -0.0004561838   0.0002578183   0.0004522929
   5.6599999810  -0.0005692167   0.0002452517   0.0005061296
   5.6649999810  -0.0006284998   0.0002325385   0.0005301220
   5.6699999810  -0.0006303962   0.0002201355   0.0005228788
   5.6749999809  -0.0005756948   0.0002084595   0.0004854072
   5.6799999809  -0.0004694875   0.0001978525   0.0004210386
   5.6849999809  -0.0003207230   0.0001885561   0.0003351729
   5.6899999809  -0.0001414746   0.0001806979   0.0002348567
   5.6949999809   0.0000540165   0.0001742913   0.0001282239
   5.6999999809   0.0002504480   0.0001692472   0.0000238417
   5.7049999808   0.0004326303   0.0001653957  -0.0000699845
   5.7099999808   0.0005866381   0.0001625129  -0.0001458873
   5.7149999808   0.0007008557   0.0001603484  -0.0001980370
   5.7199999808   0.0007668397   0.0001586506  -0.0002226096
   5.7249999808   0.0007799364   0.0001571872  -0.0002180839
   5.7299999808   0.0007396075   0.0001557587  -0.0001853416
   5.7349999807   0.0006494425   0.0001542082  -0.0001275642
   5.7399999807   0.0005168547   0.0001524256  -0.0000499387
   5.7449999807   0.0003524858   0.0001503498   0.0000407966
   5.7499999807   0.0001693629   0.0001479679   0.0001369247
   5.7549999807  -0.0000181261   0.0001453121   0.0002303878
   5.7599999807  -0.0001953607   0.0001424539   0.0003134364
   5.7649999806  -0.0003486299   0.0001394943   0.0003792358
   5.7699999806  -0.0004661989   0.0001365508   0.0004223853
   5.7749999806  -0.0005392147   0.0001337428   0.0004393140
   5.7799999806  -0.0005623804   0.0001311759   0.0004285279
   5.7849999806  -0.0005343441   0.0001289282   0.0003906984
   5.7899999806  -0.0004577733   0.0001270408   0.0003285896
   5.7949999805  -0.0003391122   0.0001255115   0.0002468359
   5.7999999805  -0.0001880433   0.0001242935   0.0001515877
   5.8049999805  -0.0000167006   0.0001232963   0.0000500505
   5.8099999805   0.0001613012   0.0001223883  -0.0000500507
   5.8149999805   0.0003319416   0.0001214005  -0.0001410455
   5.8199999805   0.0004818891   0.0001201311  -0.0002158937
   5.8249999804   0.0005995287   0.0001183529  -0.0002687212
   5.8299999804   0.0006758458   0.0001158242  -0.0002952767
   5.8349999804   0.0007050996   0.0001123063  -0.0002932759
   5.8399999804   0.0006852374   0.0001075855  -0.0002626006
   5.8449999804   0.0006180237   0.0001014981  -0.0002053344
   5.8499999804   0.0005088762   0.0000939556  -0.0001256243
   5.8549999803   0.0003664252   0.0000849641  -0.0000293749
   5.8599999803   0.0002018321   0.0000746349   0.0000762062
   5.8649999803   0.0000279199   0.0000631819   0.0001831769
   5.8699999803  -0.0001418184   0.0000509077   0.0002834957
   5.8749999803  -0.0002942604   0.0000381787   0.0003696699
   5.8799999803  -0.0004176630   0.0000253952   0.0004353587
   5.8849999802  -0.0005025661   0.0000129601   0.0004758768
   5.8899999802  -0.0005425208   0.0000012522   0.0004885556
   5.8949999802  -0.0005345841  -0.0000093929   0.0004729301
   5.8999999802  -0.0004795423  -0.0000186939   0.0004307409
   5.9049999802  -0.0003818419  -0.0000264269   0.0003657559
   5.9099999802  -0.0002492314  -0.0000324229   0.0002834331
   5.9149999801  -0.0000921429  -0.0000365629   0.0001904608
   5.9199999801   0.0000771386  -0.0000387726   0.0000942150
   5.9249999801   0.0002454501  -0.0000390188   0.0000021814
   5.9299999801   0.0003997911  -0.0000373066  -0.0000786143
   5.9349999801   0.0005283425  -0.0000336791  -0.0001421281
   5.9399999801   0.0006213854  -0.0000282163  -0.0001837368
   5.9449999800   0.0006720440  -0.0000210338  -0.0002005671
   5.9499999800   0.0006767989  -0.0000122799  -0.0001916958
   5.9549999800   0.0006357326  -0.0000021317  -0.0001582075
   5.9599999800   0.0005524915   0.0000092112  -0.0001031070
   5.9649999800   0.0004339737   0.0000215318  -0.0000310900
   5.9699999800   0.0002897664   0.0000346022   0.0000518134
   5.9749999799   0.0001313823   0.0000481879   0.0001386993
   5.9799999799  -0.0000286498   0.0000620505   0.0002223237
   5.9849999799  -0.0001777657   0.0000759493   0.0002956684
   5.9899999799  -0.0003043461   0.0000896398   0.0003524969
   5.9949999799  -0.0003986187   0.0001028714   0.0003878564
