   0.0000000000   0.0000000000   0.0000000000   0.0000000000
   0.0050000000   0.0000000000   0.0000000000   0.0000000000
   0.0100000000   0.0000000000   0.0000000000   0.0000000000
   0.0149999999   0.0000000000   0.0000000000   0.0000000000
   0.0199999999   0.0000000000   0.0000000000   0.0000000000
   0.0249999999   0.0000000000   0.0000000000   0.0000000000
   0.0299999999   0.0000000000   0.0000000000   0.0000000000
   0.0349999999   0.0000000000   0.0000000000   0.0000000000
   0.0399999999  -0.0000000000  -0.0000000000  -0.0000000000
   0.0449999998  -0.0000000000  -0.0000000000  -0.0000000000
   0.0499999998  -0.0000000000  -0.0000000000  -0.0000000000
   0.0549999998  -0.0000000000  -0.0000000000  -0.0000000000
   0.0599999998  -0.0000000000  -0.0000000000  -0.0000000000
   0.0649999998  -0.0000000000  -0.0000000000  -0.0000000000
   0.0699999998  -0.0000000000  -0.0000000000  -0.0000000000
   0.0749999997  -0.0000000000  -0.0000000000  -0.0000000000
   0.0799999997  -0.0000000000  -0.0000000000  -0.0000000000
   0.0849999997  -0.0000000000  -0.0000000000  -0.0000000000
   0.0899999997  -0.0000000000  -0.0000000000  -0.0000000000
   0.0949999997  -0.0000000000  -0.0000000000  -0.0000000000
   0.0999999997  -0.0000000000  -0.0000000000  -0.0000000000
   0.1049999996  -0.0000000000  -0.0000000000  -0.0000000000
   0.1099999996  -0.0000000000  -0.0000000000  -0.0000000000
   0.1149999996  -0.0000000000  -0.0000000000  -0.0000000000
   0.1199999996  -0.0000000000  -0.0000000000  -0.0000000000
   0.1249999996  -0.0000000000  -0.0000000000  -0.0000000000
   0.1299999996  -0.0000000000  -0.0000000000  -0.0000000000
   0.1349999995  -0.0000000000  -0.0000000000  -0.0000000000
   0.1399999995  -0.0000000000  -0.0000000000  -0.0000000000
   0.1449999995   0.0000000000   0.0000000000   0.0000000000
   0.1499999995   0.0000000000   0.0000000000   0.0000000000
   0.1549999995   0.0000000000   0.0000000000   0.0000000000
   0.1599999995   0.0000000000   0.0000000000   0.0000000000
   0.1649999994  -0.0000000000   0.0000000000  -0.0000000000
   0.1699999994  -0.0000000000  -0.0000000000  -0.0000000000
   0.1749999994  -0.0000000000  -0.0000000000  -0.0000000000
   0.1799999994  -0.0000000000  -0.0000000000  -0.0000000000
   0.1849999994  -0.0000000000  -0.0000000000  -0.0000000000
   0.1899999994   0.0000000000  -0.0000000000   0.0000000000
   0.1949999993   0.0000000000  -0.0000000000   0.0000000000
   0.1999999993   0.0000000000   0.0000000000   0.0000000000
   0.2049999993   0.0000000000   0.0000000000   0.0000000000
   0.2099999993  -0.0000000000   0.0000000000  -0.0000000000
   0.2149999993  -0.0000000000   0.0000000000  -0.0000000000
   0.2199999993  -0.0000000000   0.0000000000  -0.0000000000
   0.2249999992  -0.0000000000  -0.0000000000  -0.0000000000
   0.2299999992   0.0000000000  -0.0000000000   0.0000000000
   0.2349999992   0.0000000000  -0.0000000000   0.0000000000
   0.2399999992   0.0000000000  -0.0000000000   0.0000000000
   0.2449999992   0.0000000000  -0.0000000000   0.0000000000
   0.2499999992   0.0000000000   0.0000000000   0.0000000000
   0.2549999991  -0.0000000000   0.0000000000  -0.0000000000
   0.2599999991  -0.0000000000   0.0000000000  -0.0000000000
   0.2649999991  -0.0000000000   0.0000000000  -0.0000000000
   0.2699999991  -0.0000000000   0.0000000000  -0.0000000000
   0.2749999991  -0.0000000000  -0.0000000000  -0.0000000000
   0.2799999991   0.0000000000  -0.0000000000   0.0000000000
   0.2849999990   0.0000000000  -0.0000000000   0.0000000000
   0.2899999990   0.0000000000  -0.0000000000   0.0000000000
   0.2949999990   0.0000000000   0.0000000000   0.0000000000
   0.2999999990   0.0000000000   0.0000000000   0.0000000000
   0.3049999990  -0.0000000000   0.0000000000  -0.0000000000
   0.3099999990  -0.0000000000   0.0000000000  -0.0000000000
   0.3149999989  -0.0000000000  -0.0000000000  -0.0000000000
   0.3199999989  -0.0000000000  -0.0000000000  -0.0000000000
   0.3249999989  -0.0000000000  -0.0000000000  -0.0000000000
   0.3299999989   0.0000000000  -0.0000000000   0.0000000000
   0.3349999989   0.0000000000   0.0000000000   0.0000000000
   0.3399999989   0.0000000000   0.0000000000   0.0000000000
   0.3449999988  -0.0000000000   0.0000000001  -0.0000000000
   0.3499999988  -0.0000000000   0.0000000001  -0.0000000000
   0.3549999988  -0.0000000001   0.0000000001  -0.0000000001
   0.3599999988  -0.0000000001  -0.0000000000  -0.0000000001
   0.3649999988   0.0000000001  -0.0000000002   0.0000000001
   0.3699999988   0.0000000005  -0.0000000002   0.0000000005
   0.3749999987   0.0000000010  -0.0000000001   0.0000000010
   0.3799999987   0.0000000013   0.0000000000   0.0000000013
   0.3849999987   0.0000000005  -0.0000000000   0.0000000005
   0.3899999987  -0.0000000022  -0.0000000008  -0.0000000022
   0.3949999987  -0.0000000074  -0.0000000030  -0.0000000074
   0.3999999987  -0.0000000143  -0.0000000063  -0.0000000143
   0.4049999986  -0.0000000189  -0.0000000084  -0.0000000189
   0.4099999986  -0.0000000136  -0.0000000045  -0.0000000136
   0.4149999986   0.0000000125   0.0000000131   0.0000000125
   0.4199999986   0.0000000686   0.0000000512   0.0000000686
   0.4249999986   0.0000001529   0.0000001083   0.0000001529
   0.4299999986   0.0000002385   0.0000001633   0.0000002385
   0.4349999985   0.0000002602   0.0000001650   0.0000002602
   0.4399999985   0.0000001107   0.0000000290   0.0000001107
   0.4449999985  -0.0000003367  -0.0000003429  -0.0000003367
   0.4499999985  -0.0000011660  -0.0000010098  -0.0000011660
   0.4549999985  -0.0000023079  -0.0000018985  -0.0000023079
   0.4599999985  -0.0000033964  -0.0000026848  -0.0000033964
   0.4649999984  -0.0000036402  -0.0000026913  -0.0000036402
   0.4699999984  -0.0000018006  -0.0000008827  -0.0000018006
   0.4749999984   0.0000035995   0.0000039385   0.0000035995
   0.4799999984   0.0000137082   0.0000126297   0.0000137082
   0.4849999984   0.0000283513   0.0000248550   0.0000283513
   0.4899999984   0.0000446866   0.0000379557   0.0000446866
   0.4949999983   0.0000558054   0.0000458172   0.0000558054
   0.4999999983   0.0000498572   0.0000382278   0.0000498572
   0.5049999983   0.0000105272   0.0000014259   0.0000105272
   0.5099999983  -0.0000801918  -0.0000793997  -0.0000801918
   0.5149999983  -0.0002361401  -0.0002150394  -0.0002361401
   0.5199999983  -0.0004577683  -0.0004044614  -0.0004577683
   0.5249999982  -0.0007201728  -0.0006248587  -0.0007201728
   0.5299999982  -0.0009601827  -0.0008210749  -0.0009601827
   0.5349999982  -0.0010654838  -0.0008968578  -0.0010654838
   0.5399999982  -0.0008696040  -0.0007110092  -0.0008696040
   0.5449999982  -0.0001566533  -0.0000814726  -0.0001566532
   0.5499999982   0.0013213076   0.0012004668   0.0013213078
   0.5549999981   0.0038136010   0.0033454712   0.0038136013
   0.5599999981   0.0075294330   0.0065329619   0.0075294335
   0.5649999981   0.0125914664   0.0108740978   0.0125914669
   0.5699999981   0.0189932051   0.0163776424   0.0189932055
   0.5749999981   0.0265701842   0.0229262974   0.0265701843
   0.5799999981   0.0349938762   0.0302701899   0.0349938758
   0.5849999980   0.0437935854   0.0380414520   0.0437935841
   0.5899999980   0.0524058979   0.0457896539   0.0524058956
   0.5949999980   0.0602447078   0.0530331330   0.0602447042
   0.5999999980   0.0667791440   0.0593172306   0.0667791395
   0.6049999980   0.0716036210   0.0642682787   0.0716036161
   0.6099999980   0.0744849384   0.0676326714   0.0744849342
   0.6149999979   0.0753761296   0.0692936030   0.0753761276
   0.6199999979   0.0743946347   0.0692633573   0.0743946366
   0.6249999979   0.0717713687   0.0676550105   0.0717713761
   0.6299999979   0.0677848133   0.0646423870   0.0677848269
   0.6349999979   0.0626980689   0.0604196139   0.0626980880
   0.6399999979   0.0567155183   0.0551708616   0.0567155400
   0.6449999978   0.0499695573   0.0490570380   0.0499695766
   0.6499999978   0.0425384790   0.0422204757   0.0425384885
   0.6549999978   0.0344869091   0.0348028211   0.0344869005
   0.6599999978   0.0259132648   0.0269672498   0.0259132307
   0.6649999978   0.0169868141   0.0189151107   0.0169867511
   0.6699999978   0.0079607545   0.0108894371   0.0079606672
   0.6749999977  -0.0008439386   0.0031626284  -0.0008440335
   0.6799999977  -0.0090790865  -0.0039886917  -0.0090791569
   0.6849999977  -0.0164211515  -0.0103140704  -0.0164211481
   0.6899999977  -0.0226174570  -0.0156154791  -0.0226173158
   0.6949999977  -0.0275121008  -0.0197615556  -0.0275117507
   0.6999999976  -0.0310442876  -0.0226863034  -0.0310436655
   0.7049999976  -0.0332218348  -0.0243743079  -0.0332209095
   0.7099999976  -0.0340816706  -0.0248393742  -0.0340804766
   0.7149999976  -0.0336539675  -0.0241058438  -0.0336526470
   0.7199999976  -0.0319453158  -0.0222008295  -0.0319441669
   0.7249999976  -0.0289493632  -0.0191615325  -0.0289488895
   0.7299999975  -0.0246829896  -0.0150560391  -0.0246839446
   0.7349999975  -0.0192359674  -0.0100105159  -0.0192393831
   0.7399999975  -0.0128157360  -0.0042324070  -0.0128229290
   0.7449999975  -0.0057687138   0.0019807479  -0.0057812559
   0.7499999975   0.0014343138   0.0082538351   0.0014146644
   0.7549999975   0.0082506365   0.0141691808   0.0082220478
   0.7599999974   0.0141461843   0.0193187467   0.0141069034
   0.7649999974   0.0186854978   0.0233629936   0.0186340330
   0.7699999974   0.0216087617   0.0260834211   0.0215440767
   0.7749999974   0.0228763388   0.0274167129   0.0227980355
   0.7799999974   0.0226694731   0.0274624090   0.0225779358
   0.7849999974   0.0213469875   0.0264620126   0.0212434635
   0.7899999973   0.0193686780   0.0247538588   0.0192552748
   0.7949999973   0.0172037969   0.0227133625   0.0170833839
   0.7999999973   0.0152457136   0.0206912334   0.0151217328
   0.8049999973   0.0137512231   0.0189622677   0.0136274251
   0.8099999973   0.0128160749   0.0176945072   0.0126962089
   0.8149999973   0.0123891134   0.0169435829   0.0122766127
   0.8199999972   0.0123182911   0.0166711319   0.0122159955
   0.8249999972   0.0124148261   0.0167806609   0.0123247813
   0.8299999972   0.0125184019   0.0171604636   0.0124417632
   0.8349999972   0.0125471268   0.0177220989   0.0124841810
   0.8399999972   0.0125206664   0.0184248244   0.0124709637
   0.8449999972   0.0125523495   0.0192807689   0.0125149193
   0.8499999971   0.0128143426   0.0203413656   0.0127879535
   0.8549999971   0.0134871090   0.0216710176   0.0134705226
   0.8599999971   0.0147084095   0.0233175260   0.0147005823
   0.8649999971   0.0165368651   0.0252893610   0.0165370588
   0.8699999971   0.0189404667   0.0275471879   0.0189482490
   0.8749999971   0.0218125905   0.0300119882   0.0218277269
   0.8799999970   0.0250093028   0.0325862827   0.0250315655
   0.8849999970   0.0283947742   0.0351803066   0.0284237092
   0.8899999970   0.0318788038   0.0377331133   0.0319135113
   0.8949999970   0.0354329251   0.0402201603   0.0354719044
   0.8999999970   0.0390787093   0.0426434674   0.0391198130
   0.9049999970   0.0428514668   0.0450063910   0.0428919854
   0.9099999969   0.0467513323   0.0472804010   0.0467882086
   0.9149999969   0.0506986391   0.0493741499   0.0507287826
   0.9199999969   0.0545096784   0.0511146383   0.0545303325
   0.9249999969   0.0579025653   0.0522466332   0.0579116630
   0.9299999969   0.0605330925   0.0524510119   0.0605295397
   0.9349999969   0.0620505803   0.0513772931   0.0620344135
   0.9399999968   0.0621572620   0.0486820724   0.0621296502
   0.9449999968   0.0606539429   0.0440644527   0.0606170305
   0.9499999968   0.0574597517   0.0372918273   0.0574163657
   0.9549999968   0.0526028621   0.0282134895   0.0525561317
   0.9599999968   0.0461888205   0.0167639119   0.0461417707
   0.9649999968   0.0383600978   0.0029605989   0.0383152807
   0.9699999967   0.0292623349  -0.0130977861   0.0292215549
   0.9749999967   0.0190290378  -0.0312288670   0.0189932056
   0.9799999967   0.0077887821  -0.0511585318   0.0077579128
   0.9849999967  -0.0043097425  -0.0725098474  -0.0043364014
   0.9899999967  -0.0170661282  -0.0947938336  -0.0170898698
   0.9949999967  -0.0302036255  -0.1174078158  -0.0302260046
   0.9999999966  -0.0433624271  -0.1396459755  -0.0433849789
   1.0049999966  -0.0561155241  -0.1607242171  -0.0561395253
   1.0099999966  -0.0680043195  -0.1798184073  -0.0680306259
   1.0149999966  -0.0785851345  -0.1961123217  -0.0786141109
   1.0199999966  -0.0874750313  -0.2088499083  -0.0875065740
   1.0249999966  -0.0943865609  -0.2173859965  -0.0944201965
   1.0299999965  -0.0991452832  -0.2212302108  -0.0991803174
   1.0349999965  -0.1016894151  -0.2200802114  -0.1017251007
   1.0399999965  -0.1020557656  -0.2138420223  -0.1020914574
   1.0449999965  -0.1003587665  -0.2026367585  -0.1003940402
   1.0499999965  -0.0967694365  -0.1867943081  -0.0968041535
   1.0549999965  -0.0914990090  -0.1668354086  -0.0915333239
   1.0599999964  -0.0847888662  -0.1434441027  -0.0848231831
   1.0649999964  -0.0769055933  -0.1174328480  -0.0769404851
   1.0699999964  -0.0681382932  -0.0897026333  -0.0681744038
   1.0749999964  -0.0587950750  -0.0612003908  -0.0588330266
   1.0799999964  -0.0491965452  -0.0328758180  -0.0492368670
   1.0849999964  -0.0396655745  -0.0056395048  -0.0397086649
   1.0899999963  -0.0305139457   0.0196759442  -0.0305600718
   1.0949999963  -0.0220273214   0.0423502513  -0.0220766479
   1.0999999963  -0.0144502343   0.0618038156  -0.0145028728
   1.1049999963  -0.0079726955   0.0776186837  -0.0080287575
   1.1099999963  -0.0027197783   0.0895508962  -0.0027794174
   1.1149999963   0.0012546588   0.0975332773   0.0011912231
   1.1199999962   0.0039691169   0.1016682733   0.0039016005
   1.1249999962   0.0055097852   0.1022112104   0.0054378612
   1.1299999962   0.0060199567   0.0995452457   0.0059432919
   1.1349999962   0.0056843478   0.0941501627   0.0056026440
   1.1399999962   0.0047101941   0.0865678476   0.0046232278
   1.1449999962   0.0033078571   0.0773676087   0.0032155124
   1.1499999961   0.0016739756   0.0671143648   0.0015762698
   1.1549999961  -0.0000202989   0.0563421419  -0.0001231938
   1.1599999961  -0.0016346988   0.0455343578  -0.0017424363
   1.1649999961  -0.0030592646   0.0351112344  -0.0031713039
   1.1699999961  -0.0042097752   0.0254235700  -0.0043253646
   1.1749999961  -0.0050221091   0.0167512679  -0.0051402766
   1.1799999960  -0.0054484245   0.0093046139  -0.0055679846
   1.1849999960  -0.0054570214   0.0032264178  -0.0055766027
   1.1899999960  -0.0050360736  -0.0014062829  -0.0051541695
   1.1949999960  -0.0041996724  -0.0045813636  -0.0043147073
   1.1999999960  -0.0029934217  -0.0063510546  -0.0031038204
   1.2049999960  -0.0014965947  -0.0068304147  -0.0016008352
   1.2099999959   0.0001813083  -0.0061932526   0.0000846795
   1.2149999959   0.0019101493  -0.0046641351   0.0018225560
   1.2199999959   0.0035535852  -0.0025057933   0.0034765242
   1.2249999959   0.0049855678  -0.0000022004   0.0049207737
   1.2299999959   0.0061055022   0.0025614347   0.0060551594
   1.2349999959   0.0068490320   0.0049197777   0.0068160137
   1.2399999958   0.0071926334   0.0068472675   0.0071807379
   1.2449999958   0.0071518059   0.0081746126   0.0071659622
   1.2499999958   0.0067741216   0.0088001785   0.0068205408
   1.2549999958   0.0061293149   0.0086952567   0.0062155670
   1.2599999958   0.0052987514   0.0079029352   0.0054337585
   1.2649999958   0.0043661203   0.0065309148   0.0045600579
   1.2699999957   0.0034103184   0.0047390853   0.0036744235
   1.2749999957   0.0025006263   0.0027230040   0.0028469106
   1.2799999957   0.0016937044   0.0006946506   0.0021345714
   1.2849999957   0.0010317789  -0.0011379740   0.0015795447
   1.2899999957   0.0005415791  -0.0025906957   0.0012078979
   1.2949999957   0.0002339226  -0.0035206827   0.0010291234
   1.2999999956   0.0001041092  -0.0038399369   0.0010364578
   1.3049999956   0.0001333398  -0.0035233538   0.0012082484
   1.3099999956   0.0002912152  -0.0026104420   0.0015104339
   1.3149999956   0.0005391125  -0.0012004558   0.0018999448
   1.3199999956   0.0008340281   0.0005585756   0.0023286211
   1.3249999956   0.0011324392   0.0024857631   0.0027472037
   1.3299999955   0.0013938707   0.0043865264   0.0031090860
   1.3349999955   0.0015840752   0.0060730068   0.0033737319
   1.3399999955   0.0016778920   0.0073836182   0.0035098170
   1.3449999955   0.0016618308   0.0081997319   0.0034981285
   1.3499999955   0.0015362138   0.0084577616   0.0033340427
   1.3549999954   0.0013164057   0.0081553298   0.0030290928
   1.3599999954   0.0010324476   0.0073507428   0.0026109234
   1.3649999954   0.0007264532   0.0061556665   0.0021209713
   1.3699999954   0.0004475149   0.0047216499   0.0016096028
   1.3749999954   0.0002445198   0.0032219232   0.0011290879
   1.3799999954   0.0001579982   0.0018305865   0.0007255210
   1.3849999953   0.0002126412   0.0007017812   0.0004313119
   1.3899999953   0.0004122132  -0.0000484358   0.0002599634
   1.3949999953   0.0007381609  -0.0003550786   0.0002044306
   1.3999999953   0.0011523747  -0.0002103392   0.0002395169
   1.4049999953   0.0016035477   0.0003379211   0.0003277538
   1.4099999953   0.0020357071   0.0011948904   0.0004273507
   1.4149999952   0.0023970370   0.0022332601   0.0005003510
   1.4199999952   0.0026471849   0.0033111469   0.0005192153
   1.4249999952   0.0027617930   0.0042908224   0.0004706092
   1.4299999952   0.0027338132   0.0050556561   0.0003559999
   1.4349999952   0.0025719694   0.0055231366   0.0001894756
   1.4399999952   0.0022972917   0.0056525824  -0.0000062391
   1.4449999951   0.0019388279   0.0054470111  -0.0002044140
   1.4499999951   0.0015294770   0.0049494565  -0.0003786106
   1.4549999951   0.0011025029   0.0042346962  -0.0005060540
   1.4599999951   0.0006888867   0.0033978002  -0.0005699128
   1.4649999951   0.0003153926   0.0025411340  -0.0005606097
   1.4699999951   0.0000031479   0.0017614699  -0.0004763884
   1.4749999950  -0.0002333793   0.0011387050  -0.0003232898
   1.4799999950  -0.0003869661   0.0007274050  -0.0001145582
   1.4849999950  -0.0004576494   0.0005520026   0.0001305882
   1.4899999950  -0.0004520492   0.0006060175   0.0003888554
   1.4949999950  -0.0003820251   0.0008551651   0.0006353313
   1.4999999950  -0.0002628772   0.0012437349   0.0008462009
   1.5049999949  -0.0001114452   0.0017032152   0.0010012898
   1.5099999949   0.0000555269   0.0021618904   0.0010860075
   1.5149999949   0.0002225249   0.0025540845   0.0010924182
   1.5199999949   0.0003758755   0.0028278756   0.0010194117
   1.5249999949   0.0005040276   0.0029504334   0.0008721871
   1.5299999949   0.0005977901   0.0029105514   0.0006613921
   1.5349999948   0.0006507578   0.0027183681   0.0004022178
   1.5399999948   0.0006599530   0.0024026214   0.0001135788
   1.5449999948   0.0006264774   0.0020060078  -0.0001827315
   1.5499999948   0.0005557962   0.0015793209  -0.0004631737
   1.5549999948   0.0004572882   0.0011750592  -0.0007041518
   1.5599999948   0.0003428876   0.0008411546  -0.0008843384
   1.5649999947   0.0002249755   0.0006154307  -0.0009874051
   1.5699999947   0.0001140002   0.0005213391  -0.0010046244
   1.5749999947   0.0000164977   0.0005654432  -0.0009366539
   1.5799999947  -0.0000658664   0.0007369796  -0.0007938867
   1.5849999947  -0.0001358934   0.0010096043  -0.0005950774
   1.5899999947  -0.0001991764   0.0013451475  -0.0003644079
   1.5949999946  -0.0002616596   0.0016988817  -0.0001276092
   1.5999999946  -0.0003272002   0.0020255484   0.0000919726
   1.6049999946  -0.0003958916   0.0022852383   0.0002764711
   1.6099999946  -0.0004636528   0.0024482467   0.0004151328
   1.6149999946  -0.0005231669   0.0024982202   0.0005043028
   1.6199999946  -0.0005658227   0.0024332397   0.0005460412
   1.6249999945  -0.0005840290   0.0022648557   0.0005459734
   1.6299999945  -0.0005732123   0.0020154342   0.0005110783
   1.6349999945  -0.0005329719   0.0017143973   0.0004479895
   1.6399999945  -0.0004671819   0.0013940311   0.0003621025
   1.6449999945  -0.0003831522   0.0010854804   0.0002574756
   1.6499999945  -0.0002901938   0.0008154117   0.0001372827
   1.6549999944  -0.0001980083   0.0006036356   0.0000044994
   1.6599999944  -0.0001152479   0.0004618071  -0.0001374436
   1.6649999944  -0.0000484412   0.0003931798  -0.0002841802
   1.6699999944  -0.0000013316   0.0003932918  -0.0004301210
   1.6749999944   0.0000254100   0.0004513967  -0.0005683322
   1.6799999944   0.0000341343   0.0005524047  -0.0006905774
   1.6849999943   0.0000298185   0.0006790682  -0.0007875931
   1.6899999943   0.0000192859   0.0008141243  -0.0008497063
   1.6949999943   0.0000100288   0.0009421255  -0.0008678773
   1.6999999943   0.0000087290   0.0010507403  -0.0008351283
   1.7049999943   0.0000197138   0.0011314110  -0.0007481470
   1.7099999943   0.0000437038   0.0011793790  -0.0006087056
   1.7149999942   0.0000772295   0.0011932194  -0.0004244787
   1.7199999942   0.0001129799   0.0011741109  -0.0002089294
   1.7249999942   0.0001411178   0.0011250871   0.0000198554
   1.7299999942   0.0001513165   0.0010504602   0.0002412223
   1.7349999942   0.0001350461   0.0009554984   0.0004345008
   1.7399999942   0.0000875414   0.0008463077   0.0005815173
   1.7449999941   0.0000089618   0.0007297754   0.0006685877
   1.7499999941  -0.0000955137   0.0006134001   0.0006876831
   1.7549999941  -0.0002166117   0.0005048839   0.0006367270
   1.7599999941  -0.0003425929   0.0004114688   0.0005192149
   1.7649999941  -0.0004611168   0.0003391205   0.0003434755
   1.7699999941  -0.0005608894   0.0002917559   0.0001218763
   1.7749999940  -0.0006327971   0.0002707260  -0.0001298702
   1.7799999940  -0.0006704549   0.0002747088  -0.0003933311
   1.7849999940  -0.0006703051   0.0003000513  -0.0006481005
   1.7899999940  -0.0006315036   0.0003414669  -0.0008728964
   1.7949999940  -0.0005558112   0.0003929037  -0.0010471495
   1.7999999940  -0.0004475844   0.0004483669  -0.0011530302
   1.8049999939  -0.0003138004   0.0005025245  -0.0011776496
   1.8099999939  -0.0001639417   0.0005510180  -0.0011150229
   1.8149999939  -0.0000095492   0.0005905034  -0.0009673567
   1.8199999939   0.0001366559   0.0006185258  -0.0007453438
   1.8249999939   0.0002620230   0.0006333542  -0.0004673510
   1.8299999939   0.0003553872   0.0006338748  -0.0001576272
   1.8349999938   0.0004083559   0.0006195860   0.0001561677
   1.8399999938   0.0004161943   0.0005906743   0.0004457318
   1.8449999938   0.0003781591   0.0005481175   0.0006848336
   1.8499999938   0.0002972842   0.0004937570   0.0008517107
   1.8549999938   0.0001797691   0.0004303037   0.0009310000
   1.8599999938   0.0000341822   0.0003612753   0.0009151201
   1.8649999937  -0.0001293287   0.0002908779   0.0008050401
   1.8699999937  -0.0002997176   0.0002238404   0.0006103582
   1.8749999937  -0.0004656203   0.0001651916   0.0003485989
   1.8799999937  -0.0006159051   0.0001199447   0.0000436830
   1.8849999937  -0.0007402703   0.0000926535  -0.0002763734
   1.8899999937  -0.0008299004   0.0000868313  -0.0005823219
   1.8949999936  -0.0008781061   0.0001042843  -0.0008467467
   1.8999999936  -0.0008808122   0.0001444756  -0.0010468895
   1.9049999936  -0.0008367630   0.0002040858  -0.0011668070
   1.9099999936  -0.0007473889   0.0002769410  -0.0011985683
   1.9149999936  -0.0006163986   0.0003544268  -0.0011424051
   1.9199999936  -0.0004492703   0.0004264067  -0.0010059467
   1.9249999935  -0.0002528586   0.0004825381  -0.0008028306
   1.9299999935  -0.0000352867   0.0005137711  -0.0005510358
   1.9349999935   0.0001938422   0.0005137544  -0.0002712286
   1.9399999935   0.0004230490   0.0004798780   0.0000147187
   1.9449999935   0.0006386740   0.0004137597   0.0002850247
   1.9499999935   0.0008249885   0.0003210981   0.0005191972
   1.9549999934   0.0009649797   0.0002109432   0.0006992389
   1.9599999934   0.0010418919   0.0000945398   0.0008109006
   1.9649999934   0.0010413817  -0.0000160505   0.0008449106
   1.9699999934   0.0009539382  -0.0001093410   0.0007980054
   1.9749999934   0.0007771001  -0.0001756580   0.0006735390
   1.9799999934   0.0005169961  -0.0002081175   0.0004814800
   1.9849999933   0.0001888531  -0.0002032821   0.0002377086
   1.9899999933  -0.0001836970  -0.0001614764  -0.0000373350
   1.9949999933  -0.0005704687  -0.0000867492  -0.0003204796
   1.9999999933  -0.0009375110   0.0000135161  -0.0005878838
   2.0049999933  -0.0012504956   0.0001293317  -0.0008170855
   2.0099999933  -0.0014783181   0.0002491279  -0.0009888457
   2.0149999932  -0.0015965284   0.0003609762  -0.0010886680
   2.0199999932  -0.0015902309   0.0004538732  -0.0011079360
   2.0249999932  -0.0014561367   0.0005189175  -0.0010446363
   2.0299999932  -0.0012034956   0.0005502174  -0.0009036278
   2.0349999932  -0.0008537177   0.0005454104  -0.0006963993
   2.0399999931  -0.0004386065   0.0005057478  -0.0004402576
   2.0449999931   0.0000026999   0.0004357710  -0.0001569331
   2.0499999931   0.0004277955   0.0003426717   0.0001293265
   2.0549999931   0.0007956019   0.0002354511   0.0003939942
   2.0599999931   0.0010708956   0.0001239929   0.0006145662
   2.0649999931   0.0012281464   0.0000181364   0.0007726272
   2.0699999930   0.0012541458  -0.0000731961   0.0008554159
   2.0749999930   0.0011491102  -0.0001427756   0.0008567331
   2.0799999930   0.0009261986  -0.0001857062   0.0007771711
   2.0849999930   0.0006096308  -0.0001998705   0.0006237609
   2.0899999930   0.0002317723  -0.0001861093   0.0004091977
   2.0949999930  -0.0001703727  -0.0001480728   0.0001508031
   2.0999999929  -0.0005588294  -0.0000917181  -0.0001306830
   2.1049999929  -0.0008981369  -0.0000244911  -0.0004124598
   2.1099999929  -0.0011583949   0.0000456941  -0.0006712020
   2.1149999929  -0.0013177007   0.0001115101  -0.0008847958
   2.1199999929  -0.0013638462   0.0001671138  -0.0010342231
   2.1249999929  -0.0012951622   0.0002087263  -0.0011054397
   2.1299999928  -0.0011204235   0.0002348056  -0.0010909948
   2.1349999928  -0.0008577771   0.0002458194  -0.0009911072
   2.1399999928  -0.0005327603   0.0002437133  -0.0008139499
   2.1449999928  -0.0001755979   0.0002312325  -0.0005750233
   2.1499999928   0.0001819020   0.0002112664  -0.0002956548
   2.1549999928   0.0005094566   0.0001863518  -0.0000008284
   2.1599999927   0.0007810233   0.0001584098   0.0002833467
   2.1649999927   0.0009768056   0.0001287161   0.0005321852
   2.1699999927   0.0010843882   0.0000980520   0.0007246928
   2.1749999927   0.0010990083   0.0000669488   0.0008453428
   2.1799999927   0.0010231184   0.0000359466   0.0008852577
   2.1849999927   0.0008654708   0.0000058047   0.0008427729
   2.1899999926   0.0006399578  -0.0000223678   0.0007234041
   2.1949999926   0.0003643794  -0.0000470719   0.0005392554
   2.1999999926   0.0000592179  -0.0000664723   0.0003079070
   2.2049999926  -0.0002535739  -0.0000785456   0.0000508354
   2.2099999926  -0.0005518067  -0.0000813269  -0.0002085381
   2.2149999926  -0.0008143289  -0.0000732452  -0.0004470158
   2.2199999925  -0.0010223181  -0.0000535142  -0.0006437884
   2.2249999925  -0.0011605117  -0.0000225138  -0.0007823434
   2.2299999925  -0.0012182682   0.0000179318  -0.0008518804
   2.2349999925  -0.0011903544   0.0000644797  -0.0008480641
   2.2399999925  -0.0010773902   0.0001124703  -0.0007730631
   2.2449999925  -0.0008859300   0.0001564254  -0.0006349418
   2.2499999924  -0.0006282015   0.0001907864  -0.0004465708
   2.2549999924  -0.0003215319   0.0002107663  -0.0002242630
   2.2599999924   0.0000125227   0.0002131493   0.0000136674
   2.2649999924   0.0003493564   0.0001968708   0.0002482889
   2.2699999924   0.0006628294   0.0001632547   0.0004613170
   2.2749999924   0.0009271232   0.0001158611   0.0006362515
   2.2799999923   0.0011188763   0.0000599812   0.0007594019
   2.2849999923   0.0012194413   0.0000018851   0.0008207936
   2.2899999923   0.0012170102  -0.0000520352   0.0008149050
   2.2949999923   0.0011082906  -0.0000960845   0.0007411461
   2.2999999923   0.0008994246  -0.0001259289   0.0006039795
   2.3049999923   0.0006059208  -0.0001390368   0.0004126090
   2.3099999922   0.0002515149  -0.0001348688   0.0001802246
   2.3149999922  -0.0001339569  -0.0001148227  -0.0000771333
   2.3199999922  -0.0005174300  -0.0000819646  -0.0003419669
   2.3249999922  -0.0008658786  -0.0000405859  -0.0005968162
   2.3299999922  -0.0011495876   0.0000043581  -0.0008257042
   2.3349999922  -0.0013450587   0.0000478673  -0.0010154129
   2.3399999921  -0.0014372490   0.0000854942  -0.0011565073
   2.3449999921  -0.0014209332   0.0001138448  -0.0012440525
   2.3499999921  -0.0013010735   0.0001309081  -0.0012779838
   2.3549999921  -0.0010921765   0.0001361705  -0.0012630837
   2.3599999921  -0.0008167059   0.0001305067  -0.0012085301
   2.3649999921  -0.0005027074   0.0001158839  -0.0011269970
   2.3699999920  -0.0001808931   0.0000949527  -0.0010333425
   2.3749999920   0.0001184940   0.0000706130  -0.0009429882
   2.3799999920   0.0003686695   0.0000456390  -0.0008701658
   2.3849999920   0.0005487969   0.0000224162  -0.0008262522
   2.3899999920   0.0006456889   0.0000028050  -0.0008184170
   2.3949999920   0.0006545622  -0.0000118935  -0.0008487539
   2.3999999919   0.0005788436  -0.0000209115  -0.0009139833
   2.4049999919   0.0004291769  -0.0000239736  -0.0010057077
   2.4099999919   0.0002218831  -0.0000212650  -0.0011111252
   2.4149999919  -0.0000228303  -0.0000134084  -0.0012140608
   2.4199999919  -0.0002826584  -0.0000014251  -0.0012961833
   2.4249999919  -0.0005348174   0.0000133455  -0.0013383139
   2.4299999918  -0.0007574327   0.0000293837  -0.0013217791
   2.4349999918  -0.0009307241   0.0000451716  -0.0012297899
   2.4399999918  -0.0010380510   0.0000593804  -0.0010488247
   2.4449999918  -0.0010668682   0.0000710119  -0.0007699492
   2.4499999918  -0.0010095857   0.0000794465  -0.0003899582
   2.4549999918  -0.0008642610   0.0000843834   0.0000878234
   2.4599999917  -0.0006350081   0.0000856957   0.0006532410
   2.4649999917  -0.0003320019   0.0000832562   0.0012896237
   2.4699999917   0.0000289982   0.0000768070   0.0019747327
   2.4749999917   0.0004276134   0.0000659326   0.0026822488
   2.4799999917   0.0008402289   0.0000501610   0.0033836109
   2.4849999917   0.0012416650   0.0000291693   0.0040499595
   2.4899999916   0.0016069818   0.0000030329   0.0046539436
   2.4949999916   0.0019132658  -0.0000275660   0.0051712041
   2.4999999916   0.0021412721  -0.0000612413   0.0055814324
   2.5049999916   0.0022768186  -0.0000959575   0.0058689868
   2.5099999916   0.0023118423  -0.0001292323   0.0060231115
   2.5149999916   0.0022450303  -0.0001584388   0.0060378297
   2.5199999915   0.0020819364  -0.0001811419   0.0059115784
   2.5249999915   0.0018345147  -0.0001953995   0.0056466386
   2.5299999915   0.0015200464  -0.0001999796   0.0052484023
   2.5349999915   0.0011595158  -0.0001944729   0.0047245307
   2.5399999915   0.0007755848  -0.0001793042   0.0040840797
   2.5449999915   0.0003904005  -0.0001556601   0.0033367025
   2.5499999914   0.0000235180  -0.0001253545   0.0024920504
   2.5549999914  -0.0003097881  -0.0000906434   0.0015594793
   2.5599999914  -0.0005996199  -0.0000539984   0.0005481192
   2.5649999914  -0.0008418599  -0.0000178465  -0.0005327072
   2.5699999914  -0.0010379012   0.0000157033  -0.0016728030
   2.5749999914  -0.0011938202   0.0000451159  -0.0028602914
   2.5799999913  -0.0013191576   0.0000696206  -0.0040808363
   2.5849999913  -0.0014254823   0.0000892918  -0.0053170165
   2.5899999913  -0.0015248830   0.0001049889  -0.0065479317
   2.5949999913  -0.0016284938   0.0001181535  -0.0077490618
   2.5999999913  -0.0017451338   0.0001304964  -0.0088923669
   2.6049999913  -0.0018801338   0.0001436377  -0.0099466037
   2.6099999912  -0.0020344371   0.0001587755  -0.0108778499
   2.6149999912  -0.0022040788   0.0001764523  -0.0116502597
   2.6199999912  -0.0023801406   0.0001964631  -0.0122270907
   2.6249999912  -0.0025492463   0.0002179094  -0.0125720464
   2.6299999912  -0.0026945891   0.0002393701  -0.0126509415
   2.6349999912  -0.0027973992   0.0002591352  -0.0124336485
   2.6399999911  -0.0028386752   0.0002754422  -0.0118962180
   2.6449999911  -0.0028009629   0.0002866676  -0.0110230140
   2.6499999911  -0.0026699639   0.0002914487  -0.0098086762
   2.6549999911  -0.0024358131   0.0002887334  -0.0082597252
   2.6599999911  -0.0020939437   0.0002777791  -0.0063956500
   2.6649999911  -0.0016455454   0.0002581230  -0.0042493616
   2.6699999910  -0.0010976812   0.0002295486  -0.0018669444
   2.6749999910  -0.0004631448   0.0001920649   0.0006933184
   2.6799999910   0.0002398804   0.0001459038   0.0033626259
   2.6849999910   0.0009883507   0.0000915395   0.0060639846
   2.6899999910   0.0017551130   0.0000297293   0.0087150689
   2.6949999909   0.0025099380  -0.0000384266   0.0112314633
   2.6999999909   0.0032208732  -0.0001114158   0.0135300902
   2.7049999909   0.0038559066  -0.0001872510   0.0155326061
   2.7099999909   0.0043848510  -0.0002634442   0.0171685558
   2.7149999909   0.0047812961  -0.0003370496   0.0183781061
   2.7199999909   0.0050244262  -0.0004048023   0.0191142494
   2.7249999908   0.0051005011  -0.0004633615   0.0193444291
   2.7299999908   0.0050038320  -0.0005096323   0.0190516037
   2.7349999908   0.0047371522  -0.0005411143   0.0182347913
   2.7399999908   0.0043113551  -0.0005562003   0.0169091342
   2.7449999908   0.0037446493  -0.0005543534   0.0151054969
   2.7499999908   0.0030612296  -0.0005361131   0.0128695784
   2.7549999907   0.0022896067  -0.0005029270   0.0102605105
   2.7599999907   0.0014607490  -0.0004568525   0.0073489379
   2.7649999907   0.0006062014  -0.0004002083   0.0042146358
   2.7699999907  -0.0002436674  -0.0003352688   0.0009437972
   2.7749999907  -0.0010611506  -0.0002640727  -0.0023738086
   2.7799999907  -0.0018223224  -0.0001883764  -0.0056475843
   2.7849999906  -0.0025077291  -0.0001097328  -0.0087885685
   2.7899999906  -0.0031026468  -0.0000296352  -0.0117115105
   2.7949999906  -0.0035969502   0.0000503508  -0.0143365664
   2.7999999906  -0.0039846748   0.0001285268  -0.0165907347
   2.8049999906  -0.0042633769   0.0002030991  -0.0184092013
   2.8099999906  -0.0044333905   0.0002722945  -0.0197367537
   2.8149999905  -0.0044970687   0.0003345022  -0.0205293466
   2.8199999905  -0.0044580742   0.0003883794  -0.0207557792
   2.8249999905  -0.0043207699   0.0004328783  -0.0203993348
   2.8299999905  -0.0040897601   0.0004671873  -0.0194591644
   2.8349999905  -0.0037696369   0.0004906241  -0.0179511954
   2.8399999905  -0.0033649842   0.0005025413  -0.0159084204
   2.8449999904  -0.0028806791   0.0005023081  -0.0133805264
   2.8499999904  -0.0023224789   0.0004894018  -0.0104329349
   2.8549999904  -0.0016978228   0.0004635971  -0.0071453891
   2.8599999904  -0.0010166979   0.0004251950  -0.0036102206
   2.8649999904  -0.0002923732   0.0003752044   0.0000696332
   2.8699999904   0.0004582068   0.0003153968   0.0037828864
   2.8749999903   0.0012145242   0.0002481866   0.0074125500
   2.8799999903   0.0019531409   0.0001763525   0.0108391093
   2.8849999903   0.0026488326   0.0001026671   0.0139443379
   2.8899999903   0.0032760198   0.0000295425   0.0166157336
   2.8949999903   0.0038102540  -0.0000412012   0.0187514055
   2.8999999903   0.0042295276  -0.0001083720   0.0202650861
   2.9049999902   0.0045152623  -0.0001712374   0.0210908410
   2.9099999902   0.0046529559  -0.0002292071   0.0211870294
   2.9149999902   0.0046325860  -0.0002814746   0.0205391370
   2.9199999902   0.0044489430  -0.0003267410   0.0191612436
   2.9249999902   0.0041020564  -0.0003631219   0.0170960526
   2.9299999902   0.0035977862  -0.0003882849   0.0144135632
   2.9349999901   0.0029485189  -0.0003997982   0.0112085655
   2.9399999901   0.0021737686  -0.0003956065   0.0075971808
   2.9449999901   0.0013004014  -0.0003745178   0.0037126437
   2.9499999901   0.0003622117  -0.0003365773  -0.0002995215
   2.9549999901  -0.0006013175  -0.0002832378  -0.0042868340
   2.9599999901  -0.0015470680  -0.0002172864  -0.0080956196
   2.9649999900  -0.0024309619  -0.0001425471  -0.0115771048
   2.9699999900  -0.0032109265  -0.0000634296  -0.0145936780
   2.9749999900  -0.0038497528   0.0000155744  -0.0170250639
   2.9799999900  -0.0043174963   0.0000903458  -0.0187740735
   2.9849999900  -0.0045931846   0.0001574633  -0.0197715321
   2.9899999900  -0.0046657547   0.0002143561  -0.0199799859
   2.9949999899  -0.0045342840   0.0002592925  -0.0193958437
   2.9999999899  -0.0042076605   0.0002912480  -0.0180497269
   3.0049999899  -0.0037038554   0.0003097247  -0.0160049601
   3.0099999899  -0.0030489082   0.0003145953  -0.0133543082
   3.0149999899  -0.0022756658   0.0003060268  -0.0102152278
   3.0199999899  -0.0014222519   0.0002845043  -0.0067240175
   3.0249999898  -0.0005302306   0.0002509363  -0.0030293084
   3.0299999898   0.0003575350   0.0002067873   0.0007146751
   3.0349999898   0.0011992481   0.0001541686   0.0043547224
   3.0399999898   0.0019565958   0.0000958236   0.0077448527
   3.0449999898   0.0025969810   0.0000349737   0.0107519787
   3.0499999898   0.0030953206  -0.0000249660   0.0132609326
   3.0549999897   0.0034352059  -0.0000807469   0.0151787907
   3.0599999897   0.0036093231  -0.0001296408   0.0164384095
   3.0649999897   0.0036191465  -0.0001696969   0.0170010331
   3.0699999897   0.0034740295  -0.0001998377   0.0168577818
   3.0749999897   0.0031898864  -0.0002197745   0.0160298215
   3.0799999897   0.0027876775  -0.0002297781   0.0145670691
   3.0849999896   0.0022918799  -0.0002303868   0.0125454038
   3.0899999896   0.0017290662  -0.0002221512   0.0100625261
   3.0949999896   0.0011266406  -0.0002055029   0.0072327690
   3.0999999896   0.0005117276  -0.0001807884   0.0041812988
   3.1049999896  -0.0000898239  -0.0001484502   0.0010381850
   3.1099999896  -0.0006543577  -0.0001092801  -0.0020672280
   3.1149999895  -0.0011612587  -0.0000646404  -0.0050113416
   3.1199999895  -0.0015937069  -0.0000165534  -0.0076805801
   3.1249999895  -0.0019392772   0.0000323970  -0.0099749418
   3.1299999895  -0.0021903057   0.0000793462  -0.0118109369
   3.1349999895  -0.0023439461   0.0001215426  -0.0131240388
   3.1399999895  -0.0024018718   0.0001567427  -0.0138707068
   3.1449999894  -0.0023696274   0.0001834960  -0.0140299327
   3.1499999894  -0.0022556958   0.0002012395  -0.0136041553
   3.1549999894  -0.0020704085   0.0002101889  -0.0126193364
   3.1599999894  -0.0018248661   0.0002110725  -0.0111240172
   3.1649999894  -0.0015300469   0.0002048086  -0.0091872731
   3.1699999894  -0.0011962538   0.0001922316  -0.0068956318
   3.1749999893  -0.0008329776   0.0001739514  -0.0043491638
   3.1799999893  -0.0004491638   0.0001503755  -0.0016570508
   3.1849999893  -0.0000537700   0.0001218640   0.0010670370
   3.1899999893   0.0003435747   0.0000889416   0.0037094779
   3.1949999893   0.0007320284   0.0000524765   0.0061609715
   3.1999999893   0.0010993064   0.0000137537   0.0083204778
   3.2049999892   0.0014318796  -0.0000255877   0.0100988306
   3.2099999892   0.0017156074  -0.0000637321   0.0114220486
   3.2149999892   0.0019367036  -0.0000989217   0.0122343288
   3.2199999892   0.0020828547  -0.0001296711   0.0125006300
   3.2249999892   0.0021442887  -0.0001549031   0.0122086732
   3.2299999892   0.0021146251  -0.0001739753   0.0113701402
   3.2349999891   0.0019914159  -0.0001866091   0.0100208608
   3.2399999891   0.0017763751  -0.0001927639   0.0082198417
   3.2449999891   0.0014753697  -0.0001925111   0.0060470955
   3.2499999891   0.0010982687  -0.0001859548   0.0036003424
   3.2549999891   0.0006587316  -0.0001732229   0.0009907537
   3.2599999891   0.0001739561  -0.0001545218  -0.0016620262
   3.2649999890  -0.0003356607  -0.0001302285  -0.0042353202
   3.2699999890  -0.0008470411  -0.0001009810  -0.0066090603
   3.2749999890  -0.0013352255  -0.0000677370  -0.0086713870
   3.2799999890  -0.0017745062  -0.0000317806  -0.0103239739
   3.2849999890  -0.0021398787   0.0000053229  -0.0114868529
   3.2899999890  -0.0024087012   0.0000418135  -0.0121025142
   3.2949999889  -0.0025623920   0.0000758489  -0.0121390647
   3.2999999889  -0.0025879644   0.0001056299  -0.0115922476
   3.3049999889  -0.0024792215   0.0001295273  -0.0104861694
   3.3099999889  -0.0022374892   0.0001462066  -0.0088726416
   3.3149999889  -0.0018718376   0.0001547409  -0.0068291190
   3.3199999889  -0.0013988014   0.0001547005  -0.0044552908
   3.3249999888  -0.0008416498   0.0001462042  -0.0018684534
   3.3299999888  -0.0002292655   0.0001299169   0.0008021472
   3.3349999888   0.0004053182   0.0001069891   0.0034217588
   3.3399999888   0.0010266766   0.0000789440   0.0058570544
   3.3449999888   0.0015990016   0.0000475341   0.0079832025
   3.3499999888   0.0020882806   0.0000145971   0.0096906848
   3.3549999887   0.0024645237  -0.0000180626   0.0108914378
   3.3599999887   0.0027038705  -0.0000487504   0.0115239082
   3.3649999887   0.0027903828  -0.0000759188   0.0115566554
   3.3699999887   0.0027173346  -0.0000981849   0.0109902326
   3.3749999887   0.0024878560  -0.0001143555   0.0098572108
   3.3799999886   0.0021148594  -0.0001234800   0.0082203533
   3.3849999886   0.0016202586  -0.0001249392   0.0061690911
   3.3899999886   0.0010335666  -0.0001185510   0.0038145558
   3.3949999886   0.0003900029  -0.0001046622   0.0012834930
   3.3999999886  -0.0002717371  -0.0000841869  -0.0012885890
   3.4049999886  -0.0009119021  -0.0000585645  -0.0037646821
   3.4099999885  -0.0014921548  -0.0000296312  -0.0060136032
   3.4149999885  -0.0019779635   0.0000005738  -0.0079170387
   3.4199999885  -0.0023407835   0.0000300263  -0.0093759566
   3.4249999885  -0.0025598909   0.0000569105  -0.0103160369
   3.4299999885  -0.0026237288   0.0000797499  -0.0106917820
   3.4349999885  -0.0025306414   0.0000974603  -0.0104890167
   3.4399999884  -0.0022889142   0.0001093319  -0.0097255750
   3.4449999884  -0.0019160994   0.0001149738  -0.0084500975
   3.4499999884  -0.0014376875   0.0001142547  -0.0067390071
   3.4549999884  -0.0008852514   0.0001072699  -0.0046918720
   3.4599999884  -0.0002942403   0.0000943450  -0.0024254809
   3.4649999884   0.0002983829   0.0000760659  -0.0000670281
   3.4699999883   0.0008564874   0.0000533102   0.0022531649
   3.4749999883   0.0013469590   0.0000272528   0.0044089654
   3.4799999883   0.0017416259  -0.0000006719   0.0062853898
   3.4849999883   0.0020188528  -0.0000288542   0.0077848410
   3.4899999883   0.0021647452  -0.0000556231   0.0088322986
   3.4949999883   0.0021739073  -0.0000793694   0.0093791767
   3.4999999882   0.0020496929  -0.0000986547   0.0094056252
   3.5049999882   0.0018038987  -0.0001122970   0.0089211316
   3.5099999882   0.0014558829  -0.0001194336   0.0079633892
   3.5149999882   0.0010311399  -0.0001195734   0.0065955247
   3.5199999882   0.0005594260  -0.0001126465   0.0049019000
   3.5249999882   0.0000725901  -0.0000990520   0.0029828087
   3.5299999881  -0.0003977005  -0.0000796896   0.0009484460
   3.5349999881  -0.0008221411  -0.0000559482  -0.0010874500
   3.5399999881  -0.0011757016  -0.0000296286  -0.0030139183
   3.5449999881  -0.0014391380  -0.0000027890  -0.0047287323
   3.5499999881  -0.0016000259   0.0000224760  -0.0061437303
   3.5549999881  -0.0016532816   0.0000442832  -0.0071892935
   3.5599999880  -0.0016011725   0.0000611822  -0.0078177733
   3.5649999880  -0.0014528414   0.0000722995  -0.0080056946
   3.5699999880  -0.0012233836   0.0000773704  -0.0077545878
   3.5749999880  -0.0009325389   0.0000766586  -0.0070903654
   3.5799999880  -0.0006030871   0.0000707959  -0.0060612472
   3.5849999880  -0.0002590673   0.0000605957  -0.0047343561
   3.5899999879   0.0000760297   0.0000468989  -0.0031912358
   3.5949999879   0.0003809357   0.0000304913  -0.0015226387
   3.5999999879   0.0006379996   0.0000121026   0.0001770053
   3.6049999879   0.0008341915  -0.0000075371   0.0018150320
   3.6099999879   0.0009616664  -0.0000276257   0.0033055489
   3.6149999879   0.0010178910  -0.0000472505   0.0045737445
   3.6199999878   0.0010053875  -0.0000654102   0.0055593438
   3.6249999878   0.0009311678  -0.0000811004   0.0062191334
   3.6299999878   0.0008059322  -0.0000934359   0.0065285324
   3.6349999878   0.0006430933  -0.0001017689   0.0064822039
   3.6399999878   0.0004576705  -0.0001057630   0.0060937106
   3.6449999878   0.0002650988  -0.0001054007   0.0053942269
   3.6499999877   0.0000800123  -0.0001009292   0.0044303520
   3.6549999877  -0.0000849091  -0.0000927716   0.0032611278
   3.6599999877  -0.0002199175  -0.0000814404   0.0019544347
   3.6649999877  -0.0003188792  -0.0000674843   0.0005830074
   3.6699999877  -0.0003795642  -0.0000514809  -0.0007796466
   3.6749999877  -0.0004035006  -0.0000340642  -0.0020631473
   3.6799999876  -0.0003954231  -0.0000159573  -0.0032037246
   3.6849999876  -0.0003624115   0.0000020210  -0.0041471201
   3.6899999876  -0.0003128658   0.0000189980  -0.0048508275
   3.6949999876  -0.0002554709   0.0000341349  -0.0052856538
   3.6999999876  -0.0001982819   0.0000467382  -0.0054366205
   3.7049999876  -0.0001480057   0.0000563589  -0.0053032305
   3.7099999875  -0.0001095055   0.0000628420  -0.0048991149
   3.7149999875  -0.0000855106   0.0000663105  -0.0042510632
   3.7199999875  -0.0000765020   0.0000670856  -0.0033974489
   3.7249999875  -0.0000807561   0.0000655742  -0.0023860953
   3.7299999875  -0.0000945490   0.0000621607  -0.0012716752
   3.7349999875  -0.0001125420   0.0000571399  -0.0001127969
   3.7399999874  -0.0001283641   0.0000507089   0.0010310359
   3.7449999874  -0.0001353743   0.0000430122   0.0021023908
   3.7499999874  -0.0001275427   0.0000342144   0.0030486282
   3.7549999874  -0.0001003361   0.0000245646   0.0038242541
   3.7599999874  -0.0000514713   0.0000144229   0.0043928395
   3.7649999874   0.0000185976   0.0000042385   0.0047284858
   3.7699999873   0.0001065450  -0.0000055145   0.0048168404
   3.7749999873   0.0002064145  -0.0000144148   0.0046556603
   3.7799999873   0.0003101830  -0.0000221568   0.0042549045
   3.7849999873   0.0004085463  -0.0000285758   0.0036363188
   3.7899999873   0.0004918034  -0.0000336283   0.0028324755
   3.7949999873   0.0005507347  -0.0000373417   0.0018852584
   3.7999999872   0.0005774031  -0.0000397576   0.0008438279
   3.8049999872   0.0005658511  -0.0000408938  -0.0002378375
   3.8099999872   0.0005126872  -0.0000407407  -0.0013036811
   3.8149999872   0.0004175557  -0.0000392921  -0.0022984186
   3.8199999872   0.0002834594  -0.0000365928  -0.0031703276
   3.8249999872   0.0001168776  -0.0000327805  -0.0038738349
   3.8299999871  -0.0000723971  -0.0000281010  -0.0043717894
   3.8349999871  -0.0002717616  -0.0000228863  -0.0046373484
   3.8399999871  -0.0004666600  -0.0000175046  -0.0046554182
   3.8449999871  -0.0006417431  -0.0000122987  -0.0044235957
   3.8499999871  -0.0007822077  -0.0000075382  -0.0039525485
   3.8549999871  -0.0008751496  -0.0000033997  -0.0032657700
   3.8599999870  -0.0009107607   0.0000000182  -0.0023986561
   3.8649999870  -0.0008832315   0.0000026599  -0.0013968876
   3.8699999870  -0.0007912867   0.0000044751  -0.0003141559
   3.8749999870  -0.0006383490   0.0000054036   0.0007906654
   3.8799999870  -0.0004323730   0.0000053924   0.0018567399
   3.8849999870  -0.0001854131   0.0000044425   0.0028246779
   3.8899999869   0.0000870272   0.0000026702   0.0036399165
   3.8949999869   0.0003668463   0.0000003549   0.0042558660
   3.8999999869   0.0006343992  -0.0000020482   0.0046366415
   3.9049999869   0.0008697635  -0.0000039446   0.0047592359
   3.9099999869   0.0010541875  -0.0000046799   0.0046150203
   3.9149999869   0.0011716360  -0.0000036464   0.0042104861
   3.9199999868   0.0012102869  -0.0000003872   0.0035671646
   3.9249999868   0.0011637906   0.0000053252   0.0027206904
   3.9299999868   0.0010321046   0.0000134518   0.0017190102
   3.9349999868   0.0008217634   0.0000236934   0.0006197951
   3.9399999868   0.0005455270   0.0000355295  -0.0005128274
   3.9449999868   0.0002214489   0.0000482739  -0.0016120390
   3.9499999867  -0.0001285113   0.0000611330  -0.0026123588
   3.9549999867  -0.0004801598   0.0000732578  -0.0034536709
   3.9599999867  -0.0008088470   0.0000837906  -0.0040849783
   3.9649999867  -0.0010912074   0.0000919111  -0.0044676373
   3.9699999867  -0.0013067596   0.0000968843  -0.0045778624
   3.9749999867  -0.0014393041   0.0000981126  -0.0044083456
   3.9799999866  -0.0014780775   0.0000951824  -0.0039688878
   3.9849999866  -0.0014186111   0.0000878964  -0.0032859909
   3.9899999866  -0.0012632291   0.0000762835  -0.0024014158
   3.9949999866  -0.0010211049   0.0000605827  -0.0013697641
   3.9999999866  -0.0007078099   0.0000412097  -0.0002552013
   4.0049999866  -0.0003443266   0.0000187184   0.0008724951
   4.0099999865   0.0000444286  -0.0000062271   0.0019423240
   4.0149999865   0.0004314557  -0.0000328618   0.0028865961
   4.0199999865   0.0007897162  -0.0000603105   0.0036453059
   4.0249999865   0.0010941647  -0.0000875722   0.0041700338
   4.0299999865   0.0013235760  -0.0001135163   0.0044271081
   4.0349999864   0.0014620221  -0.0001369082   0.0043998156
   4.0399999864   0.0014999172  -0.0001564718   0.0040895240
   4.0449999864   0.0014346093  -0.0001709873   0.0035156541
   4.0499999864   0.0012705300  -0.0001794067   0.0027145151
   4.0549999864   0.0010189298  -0.0001809643   0.0017370745
   4.0599999864   0.0006972138  -0.0001752608   0.0006457941
   4.0649999863   0.0003278860  -0.0001623052  -0.0004892887
   4.0699999863  -0.0000628852  -0.0001425103  -0.0015950064
   4.0749999863  -0.0004470419  -0.0001166513  -0.0025997640
   4.0799999863  -0.0007966595  -0.0000857974  -0.0034381992
   4.0849999863  -0.0010860701  -0.0000512343  -0.0040554847
   4.0899999863  -0.0012938921  -0.0000143848  -0.0044109731
   4.0949999862  -0.0014047566   0.0000232659  -0.0044809248
   4.0999999862  -0.0014105458   0.0000602417  -0.0042601241
   4.1049999862  -0.0013110159   0.0000951445  -0.0037622732
   4.1099999862  -0.0011137616   0.0001267193  -0.0030191420
   4.1149999862  -0.0008335558   0.0001539105  -0.0020785340
   4.1199999862  -0.0004911630   0.0001759026  -0.0010012071
   4.1249999861  -0.0001117586   0.0001921389   0.0001430569
   4.1299999861   0.0002769073   0.0002023157   0.0012799866
   4.1349999861   0.0006464744   0.0002063588   0.0023356775
   4.1399999861   0.0009699533   0.0002043909   0.0032414577
   4.1449999861   0.0012236182   0.0001967024   0.0039384417
   4.1499999861   0.0013887060   0.0001837340   0.0043814535
   4.1549999860   0.0014528067   0.0001660704   0.0045420378
   4.1599999860   0.0014108295   0.0001444375   0.0044103360
   4.1649999860   0.0012654407   0.0001196903   0.0039956914
   4.1699999860   0.0010269105   0.0000927786   0.0033259485
   4.1749999860   0.0007123588   0.0000646880   0.0024455126
   4.1799999860   0.0003444580   0.0000363628   0.0014123268
   4.1849999859  -0.0000502863   0.0000086271   0.0002939926
   4.1899999859  -0.0004435202  -0.0000178721  -0.0008366979
   4.1949999859  -0.0008071155  -0.0000426840  -0.0019065289
   4.1999999859  -0.0011151746  -0.0000655283  -0.0028466305
   4.2049999859  -0.0013458305  -0.0000862343  -0.0035969624
   4.2099999859  -0.0014827436  -0.0001046653  -0.0041102326
   4.2149999858  -0.0015162209  -0.0001206548  -0.0043549941
   4.2199999858  -0.0014439005  -0.0001339751  -0.0043176977
   4.2249999858  -0.0012709548  -0.0001443471  -0.0040035400
   4.2299999858  -0.0010097769  -0.0001514821  -0.0034360220
   4.2349999858  -0.0006791406  -0.0001551388  -0.0026552401
   4.2399999858  -0.0003028589  -0.0001551697  -0.0017150307
   4.2449999857   0.0000919772  -0.0001515422  -0.0006791935
   4.2499999857   0.0004770476  -0.0001443287   0.0003829151
   4.2549999857   0.0008249602  -0.0001336760   0.0014010850
   4.2599999857   0.0011113215  -0.0001197731   0.0023089199
   4.2649999857   0.0013165313  -0.0001028350   0.0030481626
   4.2699999857   0.0014271538  -0.0000831146   0.0035724170
   4.2749999856   0.0014367711  -0.0000609376   0.0038500552
   4.2799999856   0.0013462856  -0.0000367466   0.0038661487
   4.2849999856   0.0011636895  -0.0000111322   0.0036233104
   4.2899999856   0.0009033552   0.0000151653   0.0031413856
   4.2949999856   0.0005849178   0.0000412918   0.0024559954
   4.2999999856   0.0002318326   0.0000663418   0.0016160076
   4.3049999855  -0.0001303062   0.0000894302   0.0006800979
   4.3099999855  -0.0004755891   0.0001097507  -0.0002873559
   4.3149999855  -0.0007796455   0.0001266046  -0.0012207393
   4.3199999855  -0.0010214029   0.0001393997  -0.0020576859
   4.3249999855  -0.0011846146   0.0001476309  -0.0027432472
   4.3299999855  -0.0012590269   0.0001508650  -0.0032334561
   4.3349999854  -0.0012410816   0.0001487495  -0.0034980621
   4.3399999854  -0.0011340879   0.0001410566  -0.0035222945
   4.3449999854  -0.0009478578   0.0001277546  -0.0033075871
   4.3499999854  -0.0006978453   0.0001090863  -0.0028712570
   4.3549999854  -0.0004038800   0.0000856244  -0.0022451824
   4.3599999854  -0.0000886113   0.0000582798  -0.0014735605
   4.3649999853   0.0002242050   0.0000282511  -0.0006098733
   4.3699999853   0.0005114530  -0.0000030754   0.0002867671
   4.3749999853   0.0007523173  -0.0000342521   0.0011556648
   4.3799999853   0.0009297538  -0.0000638910   0.0019387021
   4.3849999853   0.0010316825  -0.0000907534   0.0025843088
   4.3899999853   0.0010518228  -0.0001137964   0.0030509316
   4.3949999852   0.0009901116  -0.0001321833   0.0033097335
   4.3999999852   0.0008526653  -0.0001452767   0.0033463293
   4.4049999852   0.0006512777  -0.0001526364   0.0031614571
   4.4099999852   0.0004024809  -0.0001540370   0.0027705879
   4.4149999852   0.0001262386  -0.0001495036   0.0022025595
   4.4199999852  -0.0001556269  -0.0001393504   0.0014973811
   4.4249999851  -0.0004211444  -0.0001241976   0.0007033891
   4.4299999851  -0.0006499012  -0.0001049466  -0.0001260561
   4.4349999851  -0.0008246084  -0.0000827060  -0.0009361329
   4.4399999851  -0.0009324033  -0.0000586828  -0.0016741803
   4.4449999851  -0.0009657895  -0.0000340617  -0.0022931626
   4.4499999851  -0.0009231486  -0.0000099088  -0.0027547503
   4.4549999850  -0.0008087903   0.0000128816  -0.0030317951
   4.4599999850  -0.0006325421   0.0000335862  -0.0031099985
   4.4649999850  -0.0004089163   0.0000516160  -0.0029886339
   4.4699999850  -0.0001559240   0.0000664691  -0.0026802679
   4.4749999850   0.0001063691   0.0000777046  -0.0022095251
   4.4799999850   0.0003574252   0.0000849559  -0.0016110363
   4.4849999849   0.0005778308   0.0000879835  -0.0009267783
   4.4899999849   0.0007507805   0.0000867462  -0.0002030483
   4.4949999849   0.0008633379   0.0000814604   0.0005126906
   4.4999999849   0.0009073806   0.0000726166   0.0011748851
   4.5049999849   0.0008801679   0.0000609379   0.0017427212
   4.5099999849   0.0007844939   0.0000472882   0.0021825776
   4.5149999848   0.0006284211   0.0000325551   0.0024699903
   4.5199999848   0.0004246151   0.0000175440   0.0025910290
   4.5249999848   0.0001893291   0.0000029137   0.0025429953
   4.5299999848  -0.0000588879  -0.0000108316   0.0023343721
   4.5349999848  -0.0003006602  -0.0000233029   0.0019839998
   4.5399999848  -0.0005173166  -0.0000341666   0.0015195218
   4.5449999847  -0.0006923560  -0.0000430978   0.0009752156
   4.5499999847  -0.0008127258  -0.0000497731   0.0003894004
   4.5549999847  -0.0008698047  -0.0000539108  -0.0001983450
   4.5599999847  -0.0008600124  -0.0000553427  -0.0007499096
   4.5649999847  -0.0007850054  -0.0000540872  -0.0012311108
   4.5699999847  -0.0006514554  -0.0000503897  -0.0016137293
   4.5749999846  -0.0004704459  -0.0000447065  -0.0018770286
   4.5799999846  -0.0002565454  -0.0000376314  -0.0020087251
   4.5849999846  -0.0000266370  -0.0000297867  -0.0020054122
   4.5899999846   0.0002014059  -0.0000217135  -0.0018724576
   4.5949999846   0.0004101045  -0.0000137981  -0.0016233962
   4.5999999846   0.0005837212  -0.0000062569  -0.0012788433
   4.6049999845   0.0007094714   0.0000008223  -0.0008649717
   4.6099999845   0.0007785031   0.0000074036  -0.0004116278
   4.6149999845   0.0007865626   0.0000134265   0.0000497917
   4.6199999845   0.0007342803   0.0000187620   0.0004885402
   4.6249999845   0.0006270482   0.0000232178   0.0008766124
   4.6299999845   0.0004744959   0.0000265871   0.0011905457
   4.6349999844   0.0002896212   0.0000287178   0.0014127926
   4.6399999844   0.0000876613   0.0000295678   0.0015325829
   4.6449999844  -0.0001151810   0.0000292227   0.0015462638
   4.6499999844  -0.0003030383   0.0000278654   0.0014571596
   4.6549999844  -0.0004615999   0.0000257119   0.0012750238
   4.6599999844  -0.0005791653   0.0000229400   0.0010151636
   4.6649999843  -0.0006474683   0.0000196426   0.0006973025
   4.6699999843  -0.0006622331   0.0000158259   0.0003442355
   4.6749999843  -0.0006234358   0.0000114539  -0.0000196735
   4.6799999843  -0.0005352583   0.0000065199  -0.0003700898
   4.6849999843  -0.0004057320   0.0000011141  -0.0006843116
   4.6899999843  -0.0002460813  -0.0000045427  -0.0009427627
   4.6949999842  -0.0000698029  -0.0000101149  -0.0011302429
   4.6999999842   0.0001084537  -0.0000152138  -0.0012368207
   4.7049999842   0.0002741120  -0.0000194818  -0.0012582878
   4.7099999842   0.0004138836  -0.0000226658  -0.0011961577
   4.7149999842   0.0005168536  -0.0000246554  -0.0010572505
   4.7199999841   0.0005753305  -0.0000254706  -0.0008529528
   4.7249999841   0.0005853883  -0.0000252108  -0.0005982604
   4.7299999841   0.0005470714  -0.0000239888  -0.0003107060
   4.7349999841   0.0004642706  -0.0000218801  -0.0000092423
   4.7399999841   0.0003443138  -0.0000189097   0.0002868754
   4.7449999841   0.0001973254  -0.0000150808   0.0005591891
   4.7499999840   0.0000354160  -0.0000104318   0.0007910958
   4.7549999840  -0.0001282463  -0.0000050923   0.0009688263
   4.7599999840  -0.0002804308   0.0000006885   0.0010822802
   4.7649999840  -0.0004088554   0.0000065575   0.0011256364
   4.7699999840  -0.0005031494   0.0000121162   0.0010976626
   4.7749999840  -0.0005556951   0.0000169989   0.0010016780
   4.7799999839  -0.0005622668   0.0000209418   0.0008451674
   4.7849999839  -0.0005223917   0.0000238154   0.0006391046
   4.7899999839  -0.0004393839   0.0000256097   0.0003970750
   4.7949999839  -0.0003200395   0.0000263794   0.0001343088
   4.7999999839  -0.0001740276   0.0000261782  -0.0001332788
   4.8049999839  -0.0000130511   0.0000250095  -0.0003899792
   4.8099999838   0.0001501254   0.0000228212  -0.0006210870
   4.8149999838   0.0003026804   0.0000195467  -0.0008136054
   4.8199999838   0.0004326872   0.0000151768  -0.0009568731
   4.8249999838   0.0005299564   0.0000098330  -0.0010431078
   4.8299999838   0.0005867347   0.0000038063  -0.0010678412
   4.8349999838   0.0005982439  -0.0000024565  -0.0010301932
   4.8399999837   0.0005630461  -0.0000084216  -0.0009329315
   4.8449999837   0.0004832121  -0.0000135700  -0.0007822769
   4.8499999837   0.0003642627  -0.0000174985  -0.0005874529
   4.8549999837   0.0002148561  -0.0000199856  -0.0003600256
   4.8599999837   0.0000462069  -0.0000210038  -0.0001131111
   4.8649999837  -0.0001287427  -0.0000206794   0.0001394512
   4.8699999836  -0.0002963389  -0.0000192208   0.0003838762
   4.8749999836  -0.0004433252  -0.0000168471   0.0006071089
   4.8799999836  -0.0005579290  -0.0000137449   0.0007973848
   4.8849999836  -0.0006308150  -0.0000100662   0.0009446917
   4.8899999836  -0.0006558170  -0.0000059608   0.0010411659
   4.8949999836  -0.0006303998  -0.0000016208   0.0010814390
   4.8999999835  -0.0005558378   0.0000026918   0.0010629322
   4.9049999835  -0.0004371277   0.0000066535   0.0009860654
   4.9099999835  -0.0002826584   0.0000099286   0.0008543325
   4.9149999835  -0.0001036676   0.0000122428   0.0006741999
   4.9199999835   0.0000864998   0.0000134540   0.0004548111
   4.9249999835   0.0002733114   0.0000135921   0.0002075116
   4.9299999834   0.0004421123   0.0000128481  -0.0000547572
   4.9349999834   0.0005792786   0.0000115167  -0.0003181325
   4.9399999834   0.0006733684   0.0000099107  -0.0005685134
   4.9449999834   0.0007161532   0.0000082789  -0.0007922164
   4.9499999834   0.0007034082   0.0000067555  -0.0009765936
   4.9549999834   0.0006353574   0.0000053561  -0.0011106250
   4.9599999833   0.0005167146   0.0000040177  -0.0011854986
   4.9649999833   0.0003563150   0.0000026610  -0.0011951777
   4.9699999833   0.0001663905   0.0000012460  -0.0011369217
   4.9749999833  -0.0000384224  -0.0000002005  -0.0010117019
   4.9799999833  -0.0002422341  -0.0000015970  -0.0008244335
   4.9849999833  -0.0004291141  -0.0000028492  -0.0005839527
   4.9899999832  -0.0005842800  -0.0000038997  -0.0003026994
   4.9949999832  -0.0006952045  -0.0000047595   0.0000038963
   4.9999999832  -0.0007525870  -0.0000055043   0.0003182768
   5.0049999832  -0.0007511395  -0.0000062347   0.0006217925
   5.0099999832  -0.0006901220  -0.0000070153   0.0008958234
   5.0149999832  -0.0005735593  -0.0000078201   0.0011229076
   5.0199999831  -0.0004100759  -0.0000085094   0.0012878160
   5.0249999831  -0.0002123161  -0.0000088525   0.0013785330
   5.0299999831   0.0000040340  -0.0000085908   0.0013871113
   5.0349999831   0.0002215495  -0.0000075226   0.0013103609
   5.0399999831   0.0004225631  -0.0000055763   0.0011503211
   5.0449999831   0.0005906945  -0.0000028489   0.0009144461
   5.0499999830   0.0007122471   0.0000004057   0.0006154390
   5.0549999830   0.0007773350   0.0000038332   0.0002706843
   5.0599999830   0.0007806486   0.0000070588  -0.0000987264
   5.0649999830   0.0007218222   0.0000097632  -0.0004693267
   5.0699999830   0.0006054098   0.0000117322  -0.0008168648
   5.0749999830   0.0004405031   0.0000128672  -0.0011180100
   5.0799999829   0.0002400338   0.0000131640  -0.0013520229
   5.0849999829   0.0000198066   0.0000126750  -0.0015022469
   5.0899999829  -0.0002026930   0.0000114766  -0.0015573116
   5.0949999829  -0.0004096547   0.0000096564  -0.0015119743
   5.0999999829  -0.0005843794   0.0000073209  -0.0013675624
   5.1049999829  -0.0007126814   0.0000046164  -0.0011320015
   5.1099999828  -0.0007841200   0.0000017437  -0.0008194293
   5.1149999828  -0.0007929224  -0.0000010483  -0.0004494022
   5.1199999828  -0.0007384837  -0.0000034957  -0.0000457175
   5.1249999828  -0.0006253851  -0.0000053722   0.0003651031
   5.1299999828  -0.0004629331  -0.0000065438   0.0007555893
   5.1349999828  -0.0002642916  -0.0000070034   0.0010992368
   5.1399999827  -0.0000453207  -0.0000068703   0.0013724107
   5.1449999827   0.0001767404  -0.0000063503   0.0015560725
   5.1499999827   0.0003846230  -0.0000056700   0.0016371760
   5.1549999827   0.0005623106  -0.0000050074   0.0016096131
   5.1599999827   0.0006961847  -0.0000044417   0.0014746417
   5.1649999827   0.0007759895  -0.0000039415   0.0012407837
   5.1699999826   0.0007955752  -0.0000033925   0.0009232288
   5.1749999826   0.0007533793  -0.0000026531   0.0005428108
   5.1799999826   0.0006525938  -0.0000016153   0.0001246406
   5.1849999826   0.0005009763  -0.0000002495  -0.0003035201
   5.1899999826   0.0003102815   0.0000013833  -0.0007130564
   5.1949999826   0.0000953350   0.0000031530  -0.0010763771
   5.1999999825  -0.0001271783   0.0000049023  -0.0013687691
   5.2049999825  -0.0003400910   0.0000064914  -0.0015701102
   5.2099999825  -0.0005271489   0.0000078266  -0.0016663120
   5.2149999825  -0.0006742796   0.0000088620  -0.0016503684
   5.2199999825  -0.0007706171   0.0000095778  -0.0015229085
   5.2249999825  -0.0008092163   0.0000099474  -0.0012921950
   5.2299999824  -0.0007874370   0.0000099119  -0.0009735647
   5.2349999824  -0.0007070178   0.0000093748  -0.0005883626
   5.2399999824  -0.0005738775   0.0000082244  -0.0001624668
   5.2449999824  -0.0003976786   0.0000063745   0.0002754715
   5.2499999824  -0.0001911771   0.0000038098   0.0006959432
   5.2549999824   0.0000306248   0.0000006176   0.0010705261
   5.2599999823   0.0002515043  -0.0000030067   0.0013737515
   5.2649999823   0.0004551777  -0.0000067830   0.0015847922
   5.2699999823   0.0006265198  -0.0000103921   0.0016888823
   5.2749999823   0.0007527391  -0.0000135259   0.0016783797
   5.2799999823   0.0008243868  -0.0000159297   0.0015533876
   5.2849999823   0.0008360908  -0.0000174236   0.0013218676
   5.2899999822   0.0007869379  -0.0000179036   0.0009992054
   5.2949999822   0.0006804810  -0.0000173300   0.0006072337
   5.2999999822   0.0005243969  -0.0000157144   0.0001727690
   5.3049999822   0.0003298602  -0.0000131171  -0.0002742321
   5.3099999822   0.0001107162  -0.0000096570  -0.0007027548
   5.3149999822  -0.0001174718  -0.0000055291  -0.0010828851
   5.3199999821  -0.0003384453  -0.0000010180  -0.0013878887
   5.3249999821  -0.0005363043   0.0000035082  -0.0015960666
   5.3299999821  -0.0006965637   0.0000076285  -0.0016922745
   5.3349999821  -0.0008071731   0.0000109263  -0.0016690167
   5.3399999821  -0.0008594430   0.0000130575  -0.0015270489
   5.3449999821  -0.0008487932   0.0000138130  -0.0012754456
   5.3499999820  -0.0007752350   0.0000131548  -0.0009311090
   5.3549999820  -0.0006435026   0.0000112162  -0.0005177234
   5.3599999820  -0.0004627911   0.0000082648  -0.0000641971
   5.3649999820  -0.0002461046   0.0000046424   0.0003973237
   5.3699999820  -0.0000092732   0.0000007000   0.0008337360
   5.3749999820   0.0002302573  -0.0000032510   0.0012133876
   5.3799999819   0.0004547443  -0.0000069617   0.0015084181
   5.3849999819   0.0006474566  -0.0000102406   0.0016968434
   5.3899999819   0.0007938770  -0.0000129326   0.0017642138
   5.3949999819   0.0008827333  -0.0000148976   0.0017047191
   5.3999999819   0.0009068126  -0.0000160022   0.0015216627
   5.4049999818   0.0008635271  -0.0000161321   0.0012272807
   5.4099999818   0.0007551982  -0.0000152204   0.0008419261
   5.4149999818   0.0005890219  -0.0000132787   0.0003926780
   5.4199999818   0.0003766830  -0.0000104178  -0.0000885335
   5.4249999818   0.0001336014  -0.0000068460  -0.0005671667
   5.4299999818  -0.0001221663  -0.0000028434  -0.0010085311
   5.4349999817  -0.0003713011   0.0000012784  -0.0013803069
   5.4399999817  -0.0005947573   0.0000052201  -0.0016549412
   5.4449999817  -0.0007753092   0.0000087276  -0.0018117345
   5.4499999817  -0.0008989534   0.0000116057  -0.0018384482
   5.4549999817  -0.0009560309   0.0000137159  -0.0017322903
   5.4599999817  -0.0009419716   0.0000149647  -0.0015001916
   5.4649999816  -0.0008576181   0.0000152938  -0.0011583442
   5.4699999816  -0.0007091289   0.0000146815  -0.0007310390
   5.4749999816  -0.0005074976   0.0000131536  -0.0002488989
   5.4799999816  -0.0002677390   0.0000108004   0.0002533507
   5.4849999816  -0.0000078005   0.0000077874   0.0007394029
   5.4899999816   0.0002527409   0.0000043500   0.0011739967
   5.4949999815   0.0004941288   0.0000007692   0.0015254663
   5.4999999815   0.0006979371  -0.0000026678   0.0017680372
   5.5049999815   0.0008485332  -0.0000057114   0.0018837110
   5.5099999815   0.0009343647  -0.0000081837   0.0018636045
   5.5149999815   0.0009489393  -0.0000099935   0.0017086415
   5.5199999815   0.0008913822  -0.0000111280   0.0014295352
   5.5249999814   0.0007665028  -0.0000116269   0.0010460492
   5.5299999814   0.0005843572  -0.0000115512   0.0005855843
   5.5349999814   0.0003593627  -0.0000109567   0.0000811885
   5.5399999814   0.0001090679  -0.0000098834  -0.0004308550
   5.5449999814  -0.0001472848  -0.0000083609  -0.0009136770
   5.5499999814  -0.0003902668  -0.0000064255  -0.0013325020
   5.5549999813  -0.0006017172  -0.0000041393  -0.0016571568
   5.5599999813  -0.0007660522  -0.0000016025  -0.0018642243
   5.5649999813  -0.0008713602   0.0000010464  -0.0019386961
   5.5699999813  -0.0009102348   0.0000036430  -0.0018750163
   5.5749999813  -0.0008802996   0.0000060161  -0.0016774545
   5.5799999813  -0.0007843854   0.0000080078  -0.0013597912
   5.5849999812  -0.0006303244   0.0000094873  -0.0009443400
   5.5899999812  -0.0004303506   0.0000103583  -0.0004603742
   5.5949999812  -0.0002001292   0.0000105590   0.0000579388
   5.5999999812   0.0000425127   0.0000100619   0.0005739525
   5.6049999812   0.0002790386   0.0000088739   0.0010511378
   5.6099999812   0.0004916927   0.0000070407   0.0014556734
   5.6149999811   0.0006648771   0.0000046528   0.0017588424
   5.6199999811   0.0007862904   0.0000018495   0.0019390569
   5.6249999811   0.0008477404  -0.0000011833   0.0019833700
   5.6299999811   0.0008456004  -0.0000042252   0.0018883692
   5.6349999811   0.0007809156  -0.0000070403   0.0016603991
   5.6399999811   0.0006591965  -0.0000094020   0.0013151096
   5.6449999810   0.0004899431  -0.0000111173   0.0008763671
   5.6499999810   0.0002859387  -0.0000120467   0.0003746090
   5.6549999810   0.0000623472  -0.0000121150  -0.0001552506
   5.6599999810  -0.0001643539  -0.0000113153  -0.0006762285
   5.6649999810  -0.0003775541  -0.0000097058  -0.0011518374
   5.6699999810  -0.0005617332  -0.0000074024  -0.0015486388
   5.6749999809  -0.0007036306  -0.0000045701  -0.0018386036
   5.6799999809  -0.0007932513  -0.0000014134  -0.0020011128
   5.6849999809  -0.0008246069   0.0000018341  -0.0020244430
   5.6899999809  -0.0007961173   0.0000049228  -0.0019066245
   5.6949999809  -0.0007106449   0.0000076029  -0.0016556028
   5.6999999809  -0.0005751791   0.0000096438  -0.0012886931
   5.7049999808  -0.0004002285   0.0000108563  -0.0008313724
   5.7099999808  -0.0001989964   0.0000111148  -0.0003154988
   5.7149999808   0.0000135801   0.0000103770   0.0002229078
   5.7199999808   0.0002218618   0.0000086959   0.0007461726
   5.7249999808   0.0004105605   0.0000062213   0.0012175879
   5.7299999808   0.0005657701   0.0000031887   0.0016039775
   5.7349999807   0.0006759333  -0.0000001055   0.0018780326
   5.7399999807   0.0007326904  -0.0000033387   0.0020202583
   5.7449999807   0.0007315421  -0.0000062021   0.0020203908
   5.7499999807   0.0006722560  -0.0000084387   0.0018781734
   5.7549999807   0.0005589553  -0.0000098715   0.0016034242
   5.7599999807   0.0003998571  -0.0000104195   0.0012153772
   5.7649999806   0.0002066676  -0.0000100964   0.0007413367
   5.7699999806  -0.0000063162  -0.0000089987   0.0002147384
   5.7749999806  -0.0002233142  -0.0000072841  -0.0003272369
   5.7799999806  -0.0004282747  -0.0000051491  -0.0008463234
   5.7849999806  -0.0006060857  -0.0000028074  -0.0013059048
   5.7899999806  -0.0007436927  -0.0000004720  -0.0016736252
   5.7949999805  -0.0008310478   0.0000016606  -0.0019236906
   5.7999999805  -0.0008618400   0.0000034257  -0.0020386977
   5.8049999805  -0.0008339634   0.0000047045  -0.0020108614
   5.8099999805  -0.0007496980   0.0000054377  -0.0018425543
   5.8149999805  -0.0006155799   0.0000056313  -0.0015461176
   5.8199999805  -0.0004419538   0.0000053543  -0.0011429546
   5.8249999804  -0.0002422196   0.0000047233  -0.0006619707
   5.8299999804  -0.0000318143   0.0000038776  -0.0001374731
   5.8349999804   0.0001729989   0.0000029504   0.0003933141
   5.8399999804   0.0003564327   0.0000020435   0.0008929342
   5.8449999804   0.0005044481   0.0000012130   0.0013263795
   5.8499999804   0.0006058788   0.0000004703   0.0016635758
   5.8549999803   0.0006533033  -0.0000002049   0.0018814871
   5.8599999803   0.0006435927  -0.0000008441   0.0019656953
   5.8649999803   0.0005781006  -0.0000014705   0.0019113478
   5.8699999803   0.0004624985  -0.0000020865   0.0017234146
   5.8749999803   0.0003062899  -0.0000026720   0.0014162452
   5.8799999803   0.0001220532  -0.0000031898   0.0010124647
   5.8849999802  -0.0000755216  -0.0000035954   0.0005412929
   5.8899999802  -0.0002707392  -0.0000038459   0.0000364132
   5.8949999802  -0.0004480764  -0.0000039045  -0.0004664539
   5.8999999802  -0.0005933566  -0.0000037426  -0.0009320942
   5.9049999802  -0.0006948378  -0.0000033410  -0.0013282757
   5.9099999802  -0.0007441309  -0.0000026939  -0.0016279812
   5.9149999801  -0.0007368623  -0.0000018159  -0.0018112400
   5.9199999801  -0.0006730173  -0.0000007498  -0.0018664373
   5.9249999801  -0.0005569207   0.0000004277  -0.0017910197
   5.9299999801  -0.0003968566   0.0000016085  -0.0015915598
   5.9349999801  -0.0002043627   0.0000026647  -0.0012831890
   5.9399999801   0.0000067235   0.0000034681  -0.0008884475
   5.9449999800   0.0002213720   0.0000039115  -0.0004356400
   5.9499999800   0.0004245161   0.0000039263   0.0000431883
   5.9549999800   0.0006021627   0.0000034915   0.0005145124
   5.9599999800   0.0007423792   0.0000026318   0.0009456722
   5.9649999800   0.0008361031   0.0000014094   0.0013071371
   5.9699999800   0.0008777368  -0.0000000874   0.0015745348
   5.9749999799   0.0008655018  -0.0000017515   0.0017303028
   5.9799999799   0.0008015357  -0.0000034608   0.0017648479
   5.9849999799   0.0006917182  -0.0000050778   0.0016771356
   5.9899999799   0.0005452273  -0.0000064527   0.0014746730
   5.9949999799   0.0003738425  -0.0000074330   0.0011728942
