   0.0000000000   0.0000000000   0.0000000000   0.0000000000
   0.0050000000   0.0000000000   0.0000000000   0.0000000000
   0.0100000000   0.0000000000   0.0000000000   0.0000000000
   0.0149999999   0.0000000000   0.0000000000   0.0000000000
   0.0199999999   0.0000000000   0.0000000000   0.0000000000
   0.0249999999   0.0000000000   0.0000000000   0.0000000000
   0.0299999999   0.0000000000   0.0000000000   0.0000000000
   0.0349999999   0.0000000000   0.0000000000   0.0000000000
   0.0399999999   0.0000000000   0.0000000000   0.0000000000
   0.0449999998   0.0000000000   0.0000000000   0.0000000000
   0.0499999998  -0.0000000000  -0.0000000000  -0.0000000000
   0.0549999998  -0.0000000000  -0.0000000000  -0.0000000000
   0.0599999998  -0.0000000000  -0.0000000000  -0.0000000000
   0.0649999998  -0.0000000000  -0.0000000000  -0.0000000000
   0.0699999998  -0.0000000000  -0.0000000000  -0.0000000000
   0.0749999997  -0.0000000000  -0.0000000000  -0.0000000000
   0.0799999997  -0.0000000000  -0.0000000000  -0.0000000000
   0.0849999997  -0.0000000000  -0.0000000000  -0.0000000000
   0.0899999997  -0.0000000000  -0.0000000000  -0.0000000000
   0.0949999997  -0.0000000000  -0.0000000000  -0.0000000000
   0.0999999997  -0.0000000000  -0.0000000000  -0.0000000000
   0.1049999996  -0.0000000000  -0.0000000000  -0.0000000000
   0.1099999996  -0.0000000000  -0.0000000000  -0.0000000000
   0.1149999996  -0.0000000000  -0.0000000000  -0.0000000000
   0.1199999996  -0.0000000000  -0.0000000000  -0.0000000000
   0.1249999996  -0.0000000000  -0.0000000000  -0.0000000000
   0.1299999996  -0.0000000000  -0.0000000000  -0.0000000000
   0.1349999995  -0.0000000000  -0.0000000000  -0.0000000000
   0.1399999995  -0.0000000000  -0.0000000000  -0.0000000000
   0.1449999995  -0.0000000000  -0.0000000000  -0.0000000000
   0.1499999995  -0.0000000000  -0.0000000000  -0.0000000000
   0.1549999995  -0.0000000000  -0.0000000000  -0.0000000000
   0.1599999995  -0.0000000000  -0.0000000000  -0.0000000000
   0.1649999994  -0.0000000000  -0.0000000000  -0.0000000000
   0.1699999994  -0.0000000000  -0.0000000000  -0.0000000000
   0.1749999994  -0.0000000000  -0.0000000000  -0.0000000000
   0.1799999994  -0.0000000000  -0.0000000000  -0.0000000000
   0.1849999994  -0.0000000000  -0.0000000000  -0.0000000000
   0.1899999994  -0.0000000000   0.0000000000  -0.0000000000
   0.1949999993   0.0000000000   0.0000000000   0.0000000000
   0.1999999993   0.0000000000   0.0000000000   0.0000000000
   0.2049999993   0.0000000000   0.0000000000   0.0000000000
   0.2099999993   0.0000000000   0.0000000000   0.0000000000
   0.2149999993   0.0000000000   0.0000000000   0.0000000000
   0.2199999993   0.0000000000   0.0000000000   0.0000000000
   0.2249999992   0.0000000000   0.0000000000   0.0000000000
   0.2299999992   0.0000000000  -0.0000000000   0.0000000000
   0.2349999992   0.0000000000  -0.0000000000   0.0000000000
   0.2399999992   0.0000000000  -0.0000000000   0.0000000000
   0.2449999992   0.0000000000  -0.0000000000   0.0000000000
   0.2499999992   0.0000000000  -0.0000000000   0.0000000000
   0.2549999991   0.0000000000  -0.0000000000   0.0000000000
   0.2599999991   0.0000000000  -0.0000000000   0.0000000000
   0.2649999991  -0.0000000000   0.0000000000  -0.0000000000
   0.2699999991  -0.0000000000   0.0000000000  -0.0000000000
   0.2749999991  -0.0000000000   0.0000000000  -0.0000000000
   0.2799999991  -0.0000000000   0.0000000000  -0.0000000000
   0.2849999990  -0.0000000000   0.0000000000  -0.0000000000
   0.2899999990  -0.0000000000   0.0000000000  -0.0000000000
   0.2949999990   0.0000000000  -0.0000000000   0.0000000000
   0.2999999990   0.0000000000  -0.0000000000   0.0000000000
   0.3049999990   0.0000000000  -0.0000000000   0.0000000000
   0.3099999990   0.0000000000  -0.0000000000   0.0000000000
   0.3149999989   0.0000000000  -0.0000000000   0.0000000000
   0.3199999989   0.0000000000  -0.0000000000   0.0000000000
   0.3249999989   0.0000000000   0.0000000000   0.0000000000
   0.3299999989  -0.0000000000   0.0000000000  -0.0000000000
   0.3349999989  -0.0000000000   0.0000000000  -0.0000000000
   0.3399999989  -0.0000000000   0.0000000000  -0.0000000000
   0.3449999988  -0.0000000000   0.0000000000  -0.0000000000
   0.3499999988  -0.0000000000   0.0000000000  -0.0000000000
   0.3549999988  -0.0000000000   0.0000000000  -0.0000000000
   0.3599999988   0.0000000000  -0.0000000000   0.0000000000
   0.3649999988   0.0000000000  -0.0000000000   0.0000000000
   0.3699999988   0.0000000000  -0.0000000000   0.0000000000
   0.3749999987   0.0000000000  -0.0000000000   0.0000000000
   0.3799999987   0.0000000000  -0.0000000000   0.0000000000
   0.3849999987   0.0000000000  -0.0000000000   0.0000000000
   0.3899999987  -0.0000000000   0.0000000000  -0.0000000000
   0.3949999987  -0.0000000000   0.0000000000  -0.0000000000
   0.3999999987  -0.0000000000   0.0000000000  -0.0000000000
   0.4049999986  -0.0000000000   0.0000000000  -0.0000000000
   0.4099999986  -0.0000000000   0.0000000000  -0.0000000000
   0.4149999986  -0.0000000000   0.0000000000  -0.0000000000
   0.4199999986   0.0000000000  -0.0000000000   0.0000000000
   0.4249999986   0.0000000000  -0.0000000000   0.0000000000
   0.4299999986   0.0000000000  -0.0000000000   0.0000000000
   0.4349999985   0.0000000000  -0.0000000000   0.0000000000
   0.4399999985   0.0000000000  -0.0000000000   0.0000000000
   0.4449999985   0.0000000000  -0.0000000000   0.0000000000
   0.4499999985  -0.0000000000   0.0000000000  -0.0000000000
   0.4549999985  -0.0000000000   0.0000000000  -0.0000000000
   0.4599999985  -0.0000000001   0.0000000001  -0.0000000001
   0.4649999984  -0.0000000001   0.0000000001  -0.0000000001
   0.4699999984  -0.0000000001   0.0000000001  -0.0000000001
   0.4749999984  -0.0000000000   0.0000000000  -0.0000000000
   0.4799999984   0.0000000001  -0.0000000000   0.0000000001
   0.4849999984   0.0000000002  -0.0000000001   0.0000000002
   0.4899999984   0.0000000003  -0.0000000001   0.0000000003
   0.4949999983   0.0000000003  -0.0000000001   0.0000000003
   0.4999999983   0.0000000002  -0.0000000001   0.0000000002
   0.5049999983   0.0000000000  -0.0000000000   0.0000000000
   0.5099999983  -0.0000000002  -0.0000000000  -0.0000000002
   0.5149999983  -0.0000000006  -0.0000000000  -0.0000000006
   0.5199999983  -0.0000000008  -0.0000000001  -0.0000000008
   0.5249999982  -0.0000000009  -0.0000000003  -0.0000000009
   0.5299999982  -0.0000000007  -0.0000000004  -0.0000000007
   0.5349999982  -0.0000000002  -0.0000000002  -0.0000000002
   0.5399999982   0.0000000005   0.0000000004   0.0000000005
   0.5449999982   0.0000000014   0.0000000015   0.0000000014
   0.5499999982   0.0000000023   0.0000000030   0.0000000023
   0.5549999981   0.0000000029   0.0000000045   0.0000000030
   0.5599999981   0.0000000032   0.0000000050   0.0000000032
   0.5649999981   0.0000000029   0.0000000037   0.0000000029
   0.5699999981   0.0000000019  -0.0000000003   0.0000000019
   0.5749999981  -0.0000000003  -0.0000000074  -0.0000000003
   0.5799999981  -0.0000000042  -0.0000000169  -0.0000000043
   0.5849999980  -0.0000000106  -0.0000000271  -0.0000000107
   0.5899999980  -0.0000000195  -0.0000000347  -0.0000000197
   0.5949999980  -0.0000000298  -0.0000000356  -0.0000000300
   0.5999999980  -0.0000000375  -0.0000000251  -0.0000000376
   0.6049999980  -0.0000000353   0.0000000010  -0.0000000352
   0.6099999980  -0.0000000123   0.0000000452  -0.0000000119
   0.6149999979   0.0000000429   0.0000001068   0.0000000436
   0.6199999979   0.0000001360   0.0000001792   0.0000001369
   0.6249999979   0.0000002569   0.0000002465   0.0000002579
   0.6299999979   0.0000003679   0.0000002798   0.0000003686
   0.6349999979   0.0000003942   0.0000002340   0.0000003943
   0.6399999979   0.0000002259   0.0000000508   0.0000002251
   0.6449999978  -0.0000002594  -0.0000003292  -0.0000002612
   0.6499999978  -0.0000011438  -0.0000009377  -0.0000011465
   0.6549999978  -0.0000023825  -0.0000017315  -0.0000023855
   0.6599999978  -0.0000036951  -0.0000025297  -0.0000036976
   0.6649999978  -0.0000044656  -0.0000029541  -0.0000044666
   0.6699999978  -0.0000037062  -0.0000024022  -0.0000037049
   0.6749999977  -0.0000001612  -0.0000001009  -0.0000001573
   0.6799999977   0.0000073689   0.0000047066   0.0000073749
   0.6849999977   0.0000194283   0.0000124020   0.0000194348
   0.6899999977   0.0000350410   0.0000224570   0.0000350456
   0.6949999977   0.0000507034   0.0000327899   0.0000507036
   0.6999999976   0.0000595012   0.0000391716   0.0000594950
   0.7049999976   0.0000507712   0.0000349399   0.0000507585
   0.7099999976   0.0000108447   0.0000113629   0.0000108279
   0.7149999976  -0.0000745823  -0.0000409928  -0.0000745977
   0.7199999976  -0.0002160464  -0.0001296020  -0.0002160525
   0.7249999976  -0.0004138183  -0.0002559495  -0.0004138060
   0.7299999975  -0.0006497741  -0.0004103617  -0.0006497356
   0.7349999975  -0.0008787569  -0.0005663484  -0.0008786888
   0.7399999975  -0.0010211978  -0.0006755178  -0.0010211048
   0.7449999975  -0.0009592306  -0.0006644493  -0.0009591281
   0.7499999975  -0.0005386134  -0.0004350113  -0.0005385302
   0.7549999975   0.0004216899   0.0001306055   0.0004217118
   0.7599999974   0.0021114902   0.0011594601   0.0021113970
   0.7649999974   0.0047037339   0.0027722829   0.0047034652
   0.7699999974   0.0083239489   0.0050641344   0.0083234456
   0.7749999974   0.0130192503   0.0080838200   0.0130184671
   0.7799999974   0.0187325839   0.0118154395   0.0187315052
   0.7849999974   0.0252880717   0.0161657735   0.0252867314
   0.7899999973   0.0323922389   0.0209608025   0.0323907416
   0.7949999973   0.0396535317   0.0259534796   0.0396520729
   0.7999999973   0.0466192173   0.0308430560   0.0466180986
   0.8049999973   0.0528251213   0.0353041058   0.0528247547
   0.8099999973   0.0578505185   0.0390213529   0.0578514162
   0.8149999973   0.0613686893   0.0417249402   0.0613714350
   0.8199999972   0.0631837713   0.0432203019   0.0631889725
   0.8249999972   0.0632467791   0.0434075131   0.0632550069
   0.8299999972   0.0616477035   0.0422868375   0.0616594256
   0.8349999972   0.0585856011   0.0399498332   0.0586011234
   0.8399999972   0.0543234085   0.0365582554   0.0543428363
   0.8449999972   0.0491376358   0.0323154361   0.0491608668
   0.8499999971   0.0432741873   0.0274362472   0.0433009419
   0.8549999971   0.0369199295   0.0221217713   0.0369498143
   0.8599999971   0.0301955769   0.0165433940   0.0302281699
   0.8649999971   0.0231699804   0.0108385068   0.0232049183
   0.8699999971   0.0158903712   0.0051170174   0.0159274153
   0.8749999971   0.0084190151  -0.0005248485   0.0084580783
   0.8799999970   0.0008652004  -0.0059886738   0.0009063226
   0.8849999970  -0.0065970413  -0.0111613824  -0.0065537651
   0.8899999970  -0.0137309736  -0.0159104145  -0.0136854963
   0.8949999970  -0.0202588512  -0.0200883942  -0.0202112794
   0.8999999970  -0.0258976770  -0.0235463024  -0.0258483475
   0.9049999970  -0.0303996107  -0.0261517012  -0.0303491114
   0.9099999969  -0.0335865895  -0.0278071652  -0.0335357099
   0.9149999969  -0.0353707626  -0.0284641530  -0.0353203804
   0.9199999969  -0.0357568067  -0.0281290513  -0.0357077346
   0.9249999969  -0.0348276921  -0.0268605371  -0.0347805243
   0.9299999969  -0.0327202818  -0.0247599774  -0.0326752818
   0.9349999969  -0.0295997363  -0.0219584682  -0.0295568006
   0.9399999968  -0.0256412359  -0.0186047182  -0.0255999470
   0.9449999968  -0.0210241449  -0.0148570919  -0.0209839031
   0.9499999968  -0.0159385380  -0.0108810618  -0.0158987376
   0.9549999968  -0.0105987274  -0.0068507714  -0.0105589269
   0.9599999968  -0.0052548965  -0.0029512858  -0.0052149321
   0.9649999968  -0.0001935094   0.0006227988  -0.0001535174
   0.9699999967   0.0042798172   0.0036759829   0.0043194807
   0.9749999967   0.0078755930   0.0060290675   0.0079145116
   0.9799999967   0.0103678149   0.0075431197   0.0104057034
   0.9849999967   0.0116418542   0.0081453367   0.0116787206
   0.9899999967   0.0117289257   0.0078500258   0.0117651478
   0.9949999967   0.0108149772   0.0067678844   0.0108512614
   0.9999999966   0.0092175897   0.0050988285   0.0092548134
   1.0049999966   0.0073327487   0.0031073510   0.0073717263
   1.0099999966   0.0055618110   0.0010838368   0.0056030485
   1.0149999966   0.0042351384  -0.0007008351   0.0042786520
   1.0199999966   0.0035507537  -0.0020378456   0.0035960125
   1.0249999966   0.0035432504  -0.0028107646   0.0035892719
   1.0299999965   0.0040907492  -0.0030069127   0.0041363304
   1.0349999965   0.0049579320  -0.0027074745   0.0050019593
   1.0399999965   0.0058638042  -0.0020592056   0.0059055583
   1.0449999965   0.0065564799  -0.0012349966   0.0065958482
   1.0499999965   0.0068757473  -0.0003930890   0.0069132802
   1.0549999965   0.0067878775   0.0003552999   0.0068246663
   1.0599999964   0.0063850118   0.0009627506   0.0064224178
   1.0649999964   0.0058512472   0.0014439979   0.0058905543
   1.0699999964   0.0054064651   0.0018580249   0.0054485532
   1.0749999964   0.0052445411   0.0022802518   0.0052896739
   1.0799999964   0.0054833500   0.0027734807   0.0055311385
   1.0849999964   0.0061398646   0.0033660782   0.0061894201
   1.0899999963   0.0071359601   0.0040433418   0.0071861930
   1.0949999963   0.0083315652   0.0047538650   0.0083815440
   1.0999999963   0.0095741383   0.0054282259   0.0096234013
   1.1049999963   0.0107492200   0.0060037513   0.0107979463
   1.1099999963   0.0118171099   0.0064474660   0.0118660909
   1.1149999963   0.0128252785   0.0067700622   0.0128756923
   1.1199999962   0.0138935137   0.0070265386   0.0139465595
   1.1249999962   0.0151767831   0.0073032051   0.0152332771
   1.1299999962   0.0168170689   0.0076947993   0.0168771197
   1.1349999962   0.0188982555   0.0082783262   0.0189611160
   1.1399999962   0.0214168185   0.0090910842   0.0214809703
   1.1449999962   0.0242761183   0.0101189831   0.0243395766
   1.1499999961   0.0273050823   0.0112981494   0.0273658511
   1.1549999961   0.0302950735   0.0125289302   0.0303516361
   1.1599999961   0.0330438238   0.0136979302   0.0330955406
   1.1649999961   0.0353938039   0.0147016566   0.0354411101
   1.1699999961   0.0372546355   0.0154652710   0.0372989851
   1.1749999961   0.0386043353   0.0159517736   0.0386479009
   1.1799999960   0.0394706731   0.0161600405   0.0395158767
   1.1849999960   0.0398997733   0.0161135098   0.0399487681
   1.1899999960   0.0399225758   0.0158439365   0.0399768108
   1.1949999960   0.0395299587   0.0153757855   0.0395899330
   1.1999999960   0.0386642732   0.0147162443   0.0387295390
   1.2049999960   0.0372297953   0.0138538109   0.0372991973
   1.2099999959   0.0351187978   0.0127656373   0.0351908782
   1.2149999959   0.0322453402   0.0114311402   0.0323187931
   1.2199999959   0.0285767780   0.0098476056   0.0286508286
   1.2249999959   0.0241539103   0.0080430386   0.0242285184
   1.2299999959   0.0190942043   0.0060824024   0.0191700415
   1.2349999959   0.0135774934   0.0040652803   0.0136557077
   1.2399999958   0.0078184146   0.0021153087   0.0079002547
   1.2449999958   0.0020332341   0.0003638061   0.0021196423
   1.2499999958  -0.0035902861  -0.0010686559  -0.0034989982
   1.2549999958  -0.0089128244  -0.0020887130  -0.0088171266
   1.2599999958  -0.0138494698  -0.0026414257  -0.0137505513
   1.2649999958  -0.0183621321  -0.0027144882  -0.0182616470
   1.2699999957  -0.0224425023  -0.0023355039  -0.0223421940
   1.2749999957  -0.0260918942  -0.0015640707  -0.0259932023
   1.2799999957  -0.0293045237  -0.0004815036  -0.0292082780
   1.2849999957  -0.0320591144   0.0008187351  -0.0319653948
   1.2899999957  -0.0343207850   0.0022374579  -0.0342289762
   1.2949999957  -0.0360519031   0.0036718867  -0.0359609194
   1.2999999956  -0.0372279395   0.0050139439  -0.0371365495
   1.3049999956  -0.0378530202   0.0061465600  -0.0377601748
   1.3099999956  -0.0379701342   0.0069406706  -0.0378752055
   1.3149999956  -0.0376626305   0.0072555538  -0.0375654984
   1.3199999956  -0.0370461689   0.0069442900  -0.0369471390
   1.3249999956  -0.0362529219   0.0058646654  -0.0361525098
   1.3299999955  -0.0354118353   0.0038942236  -0.0353104926
   1.3349999955  -0.0346296296   0.0009468821  -0.0345275081
   1.3399999955  -0.0339768123  -0.0030120536  -0.0338736516
   1.3449999955  -0.0334814622  -0.0079553762  -0.0333766588
   1.3499999955  -0.0331314475  -0.0137898462  -0.0330243102
   1.3549999954  -0.0328836469  -0.0203589208  -0.0327737940
   1.3599999954  -0.0326772308  -0.0274514452  -0.0325650442
   1.3649999954  -0.0324474776  -0.0348144603  -0.0323345067
   1.3699999954  -0.0321369985  -0.0421679650  -0.0320262134
   1.3749999954  -0.0317024067  -0.0492197626  -0.0315982307
   1.3799999954  -0.0311159696  -0.0556792068  -0.0310240660
   1.3849999953  -0.0303631696  -0.0612694372  -0.0302900098
   1.3899999953  -0.0294379994  -0.0657382615  -0.0293902829
   1.3949999953  -0.0283380696  -0.0688680776  -0.0283220942
   1.3999999953  -0.0270612459  -0.0704851040  -0.0270823297
   1.4049999953  -0.0256047786  -0.0704678738  -0.0256668204
   1.4099999953  -0.0239670176  -0.0687545921  -0.0240722449
   1.4149999952  -0.0221510630  -0.0653487359  -0.0222999782
   1.4199999952  -0.0201692493  -0.0603222251  -0.0203607427
   1.4249999952  -0.0180472093  -0.0538155959  -0.0182787814
   1.4299999952  -0.0158263867  -0.0460347811  -0.0160944087
   1.4349999952  -0.0135641522  -0.0372442818  -0.0138641050
   1.4399999952  -0.0113310848  -0.0277566828  -0.0116577371
   1.4449999951  -0.0092054503  -0.0179186678  -0.0095529692
   1.4499999951  -0.0072654231  -0.0080939795  -0.0076274445
   1.4549999951  -0.0055801128   0.0013558187  -0.0059498195
   1.4599999951  -0.0042008670   0.0100914494  -0.0045711314
   1.4649999951  -0.0031545107   0.0178151460  -0.0035181467
   1.4699999951  -0.0024400065   0.0242870573  -0.0027901491
   1.4749999950  -0.0020294501   0.0293370587  -0.0023600415
   1.4799999950  -0.0018734013   0.0328707639  -0.0021797236
   1.4849999950  -0.0019095185   0.0348693901  -0.0021886829
   1.4899999950  -0.0020726021   0.0353840923  -0.0023238923
   1.4949999950  -0.0023037506   0.0345261657  -0.0025287264
   1.4999999950  -0.0025565664   0.0324549366  -0.0027588658
   1.5049999949  -0.0027991896   0.0293651004  -0.0029840151
   1.5099999949  -0.0030121602   0.0254747980  -0.0031854871
   1.5149999949  -0.0031833309   0.0210150296  -0.0033509266
   1.5199999949  -0.0033018867   0.0162203378  -0.0034682626
   1.5249999949  -0.0033536959   0.0113202720  -0.0035211306
   1.5299999949  -0.0033196676   0.0065310887  -0.0034874300
   1.5349999948  -0.0031777085   0.0020474221  -0.0033415856
   1.5399999948  -0.0029076260  -0.0019658601  -0.0030598202
   1.5449999948  -0.0024973229  -0.0053809306  -0.0026267432
   1.5499999948  -0.0019482032  -0.0081124370  -0.0020411358
   1.5549999948  -0.0012779645  -0.0101201552  -0.0013190766
   1.5599999948  -0.0005197834  -0.0114082415  -0.0004933953
   1.5649999947   0.0002819951  -0.0120209965   0.0003904529
   1.5699999947   0.0010785540  -0.0120356230   0.0012809868
   1.5749999947   0.0018239719  -0.0115529332   0.0021280701
   1.5799999947   0.0024815115  -0.0106872009   0.0028893114
   1.5849999947   0.0030275457  -0.0095563494   0.0035342200
   1.5899999947   0.0034526095  -0.0082734441   0.0040456118
   1.5949999946   0.0037598649  -0.0069401017   0.0044185532
   1.5999999946   0.0039618404  -0.0056420530   0.0046576925
   1.6049999946   0.0040765309  -0.0044467645   0.0047740340
   1.6099999946   0.0041238103  -0.0034028064   0.0047820642
   1.6149999946   0.0041227534  -0.0025405408   0.0046977643
   1.6199999946   0.0040900482  -0.0018736946   0.0045376146
   1.6249999945   0.0040393513  -0.0014014250   0.0043183716
   1.6299999945   0.0039812905  -0.0011105789   0.0040572460
   1.6349999945   0.0039238164  -0.0009779426   0.0037721330
   1.6399999945   0.0038726970  -0.0009723907   0.0034816591
   1.6449999945   0.0038320396  -0.0010569441   0.0032049340
   1.6499999945   0.0038047509  -0.0011908299   0.0029609633
   1.6549999944   0.0037928297  -0.0013316886   0.0027676936
   1.6599999944   0.0037973484  -0.0014380607   0.0026406550
   1.6649999944   0.0038180094  -0.0014722067   0.0025912167
   1.6699999944   0.0038522833  -0.0014031723   0.0026245928
   1.6749999944   0.0038943354  -0.0012098310   0.0027379269
   1.6799999944   0.0039341547  -0.0008834737   0.0029189665
   1.6849999943   0.0039574098  -0.0004294310   0.0031459052
   1.6899999943   0.0039464835   0.0001327511   0.0033888610
   1.6949999943   0.0038828578   0.0007708815   0.0036131278
   1.6999999943   0.0037506000   0.0014434417   0.0037838786
   1.7049999943   0.0035402609   0.0021043026   0.0038715250
   1.7099999943   0.0032522082   0.0027081746   0.0038566296
   1.7149999942   0.0028984037   0.0032159414   0.0037332427
   1.7199999942   0.0025019336   0.0035990176   0.0035098415
   1.7249999942   0.0020941561   0.0038420687   0.0032076118
   1.7299999942   0.0017099651   0.0039437621   0.0028564755
   1.7349999942   0.0013821973   0.0039156232   0.0024898205
   1.7399999942   0.0011364507   0.0037794158   0.0021391688
   1.7449999941   0.0009874583   0.0035636873   0.0018299374
   1.7499999941   0.0009377187   0.0033001555   0.0015790422
   1.7549999941   0.0009784605   0.0030204874   0.0013945183
   1.7599999941   0.0010924218   0.0027537885   0.0012767634
   1.7649999941   0.0012575327   0.0025248605   0.0012206463
   1.7699999941   0.0014505084   0.0023530971   0.0012176482
   1.7749999940   0.0016495821   0.0022517977   0.0012574135
   1.7799999940   0.0018360200   0.0022277172   0.0013284779
   1.7849999940   0.0019945143   0.0022807818   0.0014183419
   1.7899999940   0.0021128739   0.0024040375   0.0015133318
   1.7949999940   0.0021815475   0.0025839953   0.0015987433
   1.7999999940   0.0021934113   0.0028015469   0.0016596048
   1.8049999939   0.0021440049   0.0030335517   0.0016821086
   1.8099999939   0.0020321297   0.0032550535   0.0016554609
   1.8149999939   0.0018605331   0.0034419273   0.0015737091
   1.8199999939   0.0016363523   0.0035736270   0.0014370756
   1.8249999939   0.0013710756   0.0036356425   0.0012524486
   1.8299999939   0.0010799408   0.0036212965   0.0010328951
   1.8349999938   0.0007808433   0.0035325972   0.0007962801
   1.8399999938   0.0004929255   0.0033800078   0.0005632291
   1.8449999938   0.0002350247   0.0031811416   0.0003547313
   1.8499999938   0.0000241139   0.0029585419   0.0001896725
   1.8549999938  -0.0001261852   0.0027368199   0.0000825380
   1.8599999938  -0.0002069525   0.0025395113   0.0000415017
   1.8649999937  -0.0002150809   0.0023860525   0.0000671140
   1.8699999937  -0.0001539747   0.0022892838   0.0001518148
   1.8749999937  -0.0000336172   0.0022538359   0.0002804760
   1.8799999937   0.0001301865   0.0022756634   0.0004320805
   1.8849999937   0.0003174533   0.0023428283   0.0005824596
   1.8899999937   0.0005064066   0.0024374518   0.0007077604
   1.8949999936   0.0006762305   0.0025385459   0.0007880829
   1.8999999936   0.0008096668   0.0026252655   0.0008105891
   1.9049999936   0.0008949129   0.0026800279   0.0007714190
   1.9099999936   0.0009264348   0.0026909585   0.0006759755
   1.9149999936   0.0009045891   0.0026532543   0.0005375006
   1.9199999936   0.0008342827   0.0025692815   0.0003742788
   1.9249999935   0.0007231533   0.0024474958   0.0002061318
   1.9299999935   0.0005798584   0.0023005082   0.0000510130
   1.9349999935   0.0004129644   0.0021427737  -0.0000775640
   1.9399999935   0.0002306635   0.0019883993  -0.0001718158
   1.9449999935   0.0000412155   0.0018494594  -0.0002296258
   1.9499999935  -0.0001462765   0.0017350113  -0.0002534240
   1.9549999934  -0.0003212818   0.0016507916  -0.0002485321
   1.9599999934  -0.0004719117   0.0015993989  -0.0002215341
   1.9649999934  -0.0005858661   0.0015807027  -0.0001790863
   1.9699999934  -0.0006521560   0.0015922483  -0.0001273230
   1.9749999934  -0.0006631995   0.0016295393  -0.0000717589
   1.9799999934  -0.0006167249   0.0016862200  -0.0000174169
   1.9849999933  -0.0005169321   0.0017542761   0.0000311067
   1.9899999933  -0.0003745556   0.0018244068   0.0000698200
   1.9949999933  -0.0002057644   0.0018866644   0.0000957514
   1.9999999933  -0.0000301222   0.0019313581   0.0001074332
   2.0049999933   0.0001319664   0.0019501016   0.0001052045
   2.0099999933   0.0002618454   0.0019368153   0.0000911314
   2.0149999932   0.0003448228   0.0018884864   0.0000684834
   2.0199999932   0.0003717634   0.0018055475   0.0000408858
   2.0249999932   0.0003399694   0.0016918325   0.0000113991
   2.0299999932   0.0002533715   0.0015541578  -0.0000181837
   2.0349999932   0.0001220944   0.0014016375  -0.0000476115
   2.0399999931  -0.0000385560   0.0012448450  -0.0000779632
   2.0449999931  -0.0002096562   0.0010949051  -0.0001110606
   2.0499999931  -0.0003707300   0.0009625581  -0.0001487266
   2.0549999931  -0.0005021849   0.0008572122  -0.0001921287
   2.0599999931  -0.0005878584   0.0007860154  -0.0002413659
   2.0649999931  -0.0006172947   0.0007530218  -0.0002953353
   2.0699999930  -0.0005873213   0.0007585778  -0.0003517947
   2.0749999930  -0.0005025620   0.0007990817  -0.0004074921
   2.0799999930  -0.0003747096   0.0008672426  -0.0004582662
   2.0849999930  -0.0002206511   0.0009528800  -0.0004991204
   2.0899999930  -0.0000598021   0.0010441870  -0.0005243804
   2.0949999930   0.0000888105   0.0011292524  -0.0005280983
   2.0999999929   0.0002091375   0.0011975649  -0.0005048276
   2.1049999929   0.0002899080   0.0012412142  -0.0004507637
   2.1099999929   0.0003254129   0.0012555859  -0.0003650681
   2.1149999929   0.0003153051   0.0012394776  -0.0002510403
   2.1199999929   0.0002636759   0.0011947152  -0.0001167434
   2.1249999929   0.0001777685   0.0011254572   0.0000252428
   2.1299999928   0.0000666744   0.0010374172   0.0001590706
   2.1349999928  -0.0000597602   0.0009371950   0.0002677464
   2.1399999928  -0.0001917458   0.0008318077   0.0003357518
   2.1449999928  -0.0003201312   0.0007283944   0.0003516367
   2.1499999928  -0.0004368601   0.0006339857   0.0003100480
   2.1549999928  -0.0005353812   0.0005551992   0.0002127879
   2.1599999927  -0.0006110101   0.0004977714   0.0000687233
   2.1649999927  -0.0006611645   0.0004659282  -0.0001073795
   2.1699999927  -0.0006853604   0.0004617022  -0.0002968193
   2.1749999927  -0.0006848961   0.0004843717  -0.0004793395
   2.1799999927  -0.0006622434   0.0005302076  -0.0006355391
   2.1849999927  -0.0006202828   0.0005926547  -0.0007490083
   2.1899999926  -0.0005615977   0.0006629727  -0.0008079957
   2.1949999926  -0.0004880529   0.0007312503  -0.0008065103
   2.1999999926  -0.0004008065   0.0007876260  -0.0007448273
   2.2049999926  -0.0003007715   0.0008235120  -0.0006293884
   2.2099999926  -0.0001893906   0.0008326451  -0.0004721023
   2.2149999926  -0.0000694855   0.0008118357  -0.0002890780
   2.2199999925   0.0000540936   0.0007613517  -0.0000988807
   2.2249999925   0.0001742344   0.0006849238   0.0000795126
   2.2299999925   0.0002818479   0.0005893804   0.0002288018
   2.2349999925   0.0003666435   0.0004839380   0.0003351960
   2.2399999925   0.0004182606   0.0003791856   0.0003897188
   2.2449999925   0.0004275766   0.0002858355   0.0003888145
   2.2499999924   0.0003880163   0.0002133646   0.0003342376
   2.2549999924   0.0002967269   0.0001687292   0.0002323583
   2.2599999924   0.0001555154   0.0001553704   0.0000931219
   2.2649999924  -0.0000285437   0.0001727166  -0.0000710808
   2.2699999924  -0.0002429451   0.0002163136  -0.0002464425
   2.2749999924  -0.0004701732   0.0002785945  -0.0004185999
   2.2799999923  -0.0006888407   0.0003501492  -0.0005733799
   2.2849999923  -0.0008756059   0.0004212396  -0.0006975609
   2.2899999923  -0.0010077916   0.0004832440  -0.0007797596
   2.2949999923  -0.0010664337   0.0005297445  -0.0008114699
   2.2999999923  -0.0010393095   0.0005570740  -0.0007881412
   2.3049999923  -0.0009233856   0.0005642897  -0.0007100760
   2.3099999922  -0.0007261448   0.0005526837  -0.0005828780
   2.3149999922  -0.0004654124   0.0005250446  -0.0004172391
   2.3199999922  -0.0001675759   0.0004849006  -0.0002279887
   2.3249999922   0.0001355850   0.0004359316  -0.0000325107
   2.3299999922   0.0004109581   0.0003816351   0.0001512120
   2.3349999922   0.0006283758   0.0003252248   0.0003065808
   2.3399999921   0.0007644177   0.0002696677   0.0004200633
   2.3449999921   0.0008051740   0.0002177373   0.0004823502
   2.3499999921   0.0007476304   0.0001719967   0.0004889109
   2.3549999921   0.0005996015   0.0001346824   0.0004400136
   2.3599999921   0.0003783658   0.0001075270   0.0003403600
   2.3649999921   0.0001083144   0.0000915953   0.0001984968
   2.3699999920  -0.0001820096   0.0000872006   0.0000261140
   2.3749999920  -0.0004631014   0.0000939366  -0.0001627381
   2.3799999920  -0.0007075801   0.0001107982  -0.0003525431
   2.3849999920  -0.0008928839   0.0001363345  -0.0005273680
   2.3899999920  -0.0010033380   0.0001687608  -0.0006720736
   2.3949999920  -0.0010314109   0.0002059923  -0.0007736135
   2.3999999919  -0.0009780359   0.0002456083  -0.0008222777
   2.4049999919  -0.0008519748   0.0002848073  -0.0008126940
   2.4099999919  -0.0006683219   0.0003204348  -0.0007444238
   2.4149999919  -0.0004463806   0.0003491515  -0.0006220543
   2.4199999919  -0.0002072526   0.0003677536  -0.0004547930
   2.4249999919   0.0000284789   0.0003735990  -0.0002556532
   2.4299999918   0.0002426266   0.0003650365  -0.0000403708
   2.4349999918   0.0004206186   0.0003417233   0.0001738124
   2.4399999918   0.0005520091   0.0003047462   0.0003694084
   2.4449999918   0.0006304038   0.0002565210   0.0005299496
   2.4499999918   0.0006530372   0.0002005117   0.0006412550
   2.4549999918   0.0006202711   0.0001408594   0.0006926791
   2.4599999917   0.0005352222   0.0000820132   0.0006782664
   2.4649999917   0.0004035991   0.0000284243   0.0005976652
   2.4699999917   0.0002336928  -0.0000156929   0.0004566011
   2.4749999917   0.0000363604  -0.0000465788   0.0002667189
   2.4799999917  -0.0001751871  -0.0000611885   0.0000446804
   2.4849999917  -0.0003859335  -0.0000575342  -0.0001894549
   2.4899999916  -0.0005799834  -0.0000350891  -0.0004143807
   2.4949999916  -0.0007417879   0.0000048343  -0.0006099103
   2.4999999916  -0.0008575135   0.0000588646  -0.0007591879
   2.5049999916  -0.0009163610   0.0001216442  -0.0008504101
   2.5099999916  -0.0009116719   0.0001862725  -0.0008778397
   2.5149999916  -0.0008417162   0.0002451045  -0.0008420515
   2.5199999915  -0.0007101167   0.0002907905  -0.0007494959
   2.5249999915  -0.0005259006   0.0003173616  -0.0006115651
   2.5299999915  -0.0003031686   0.0003211472  -0.0004433669
   2.5349999915  -0.0000603568   0.0003013383  -0.0002623771
   2.5399999915   0.0001809512   0.0002600974  -0.0000870690
   2.5449999915   0.0003976778   0.0002022132   0.0000644415
   2.5499999914   0.0005673222   0.0001343912   0.0001757265
   2.5549999914   0.0006702920   0.0000643260   0.0002333255
   2.5599999914   0.0006922288  -0.0000002839   0.0002279020
   2.5649999914   0.0006259859  -0.0000526431   0.0001551607
   2.5699999914   0.0004729126  -0.0000875918   0.0000163905
   2.5749999914   0.0002431784  -0.0001021115  -0.0001814706
   2.5799999913  -0.0000449738  -0.0000955797  -0.0004262879
   2.5849999913  -0.0003669732  -0.0000697632  -0.0007016487
   2.5899999913  -0.0006944219  -0.0000285507  -0.0009881252
   2.5949999913  -0.0009979945   0.0000225658  -0.0012647189
   2.5999999913  -0.0012503481   0.0000772182  -0.0015103370
   2.6049999913  -0.0014287006   0.0001290186  -0.0017051926
   2.6099999912  -0.0015168300   0.0001724226  -0.0018320767
   2.6149999912  -0.0015063579   0.0002034511  -0.0018774867
   2.6199999912  -0.0013972780   0.0002201324  -0.0018325990
   2.6249999912  -0.0011977497   0.0002225730  -0.0016940429
   2.6299999912  -0.0009232111   0.0002126476  -0.0014643836
   2.6349999912  -0.0005948898   0.0001933897  -0.0011521907
   2.6399999911  -0.0002378131   0.0001682371  -0.0007715787
   2.6449999911   0.0001215301   0.0001403192  -0.0003411598
   2.6499999911   0.0004576653   0.0001119511   0.0001175402
   2.6549999911   0.0007484863   0.0000844312   0.0005820436
   2.6599999911   0.0009772056   0.0000581465   0.0010310018
   2.6649999911   0.0011336584   0.0000329032   0.0014461012
   2.6699999910   0.0012148079   0.0000083516   0.0018135298
   2.6749999910   0.0012244344  -0.0000156380   0.0021248275
   2.6799999910   0.0011721284  -0.0000387450   0.0023770635
   2.6849999910   0.0010718147  -0.0000601568   0.0025723971
   2.6899999910   0.0009400769  -0.0000786892   0.0027171554
   2.6949999909   0.0007945271  -0.0000930080   0.0028205907
   2.6999999909   0.0006523804  -0.0001018791   0.0028934624
   2.7049999909   0.0005292921  -0.0001043920   0.0029465568
   2.7099999909   0.0004384224  -0.0001001317   0.0029892249
   2.7149999909   0.0003896557  -0.0000892967   0.0030280153
   2.7199999909   0.0003889079  -0.0000727665   0.0030654967
   2.7249999908   0.0004375168  -0.0000521140   0.0030993926
   2.7299999908   0.0005317765  -0.0000295402   0.0031221696
   2.7349999908   0.0006627345  -0.0000076999   0.0031211951
   2.7399999908   0.0008163808   0.0000105983   0.0030795223
   2.7449999908   0.0009743254   0.0000228050   0.0029772635
   2.7499999908   0.0011149908   0.0000270966   0.0027934131
   2.7549999907   0.0012152594   0.0000227968   0.0025079063
   2.7599999907   0.0012524430   0.0000106443   0.0021036745
   2.7649999907   0.0012063944  -0.0000071837   0.0015684825
   2.7699999907   0.0010615624  -0.0000273264   0.0008964050
   2.7749999907   0.0008088011  -0.0000457341   0.0000888761
   2.7799999907   0.0004467636  -0.0000583010  -0.0008446870
   2.7849999906  -0.0000172657  -0.0000614961  -0.0018866611
   2.7899999906  -0.0005672166  -0.0000528595  -0.0030113798
   2.7949999906  -0.0011788390  -0.0000312736  -0.0041857034
   2.7999999906  -0.0018210901   0.0000030101  -0.0053700446
   2.8049999906  -0.0024582498   0.0000485439  -0.0065198969
   2.8099999906  -0.0030526073   0.0001029659  -0.0075878685
   2.8149999905  -0.0035674682   0.0001632953  -0.0085261395
   2.8199999905  -0.0039701566   0.0002261739  -0.0092891659
   2.8249999905  -0.0042346630   0.0002880360  -0.0098363780
   2.8299999905  -0.0043436305   0.0003452342  -0.0101345926
   2.8349999905  -0.0042894664   0.0003941765  -0.0101598944
   2.8399999905  -0.0040745048   0.0004315218  -0.0098988272
   2.8449999904  -0.0037102827   0.0004544446  -0.0093488536
   2.8499999904  -0.0032161060   0.0004609366  -0.0085181490
   2.8549999904  -0.0026171437   0.0004500720  -0.0074248720
   2.8599999904  -0.0019422951   0.0004221555  -0.0060960724
   2.8649999904  -0.0012220408   0.0003786932  -0.0045663765
   2.8699999904  -0.0004864324   0.0003221748  -0.0028765394
   2.8749999903   0.0002366720   0.0002557135  -0.0010719022
   2.8799999903   0.0009230525   0.0001826284   0.0007992300
   2.8849999903   0.0015531890   0.0001060724   0.0026872671
   2.8899999903   0.0021128808   0.0000287827   0.0045430108
   2.8949999903   0.0025933813  -0.0000470113   0.0063192327
   2.8999999903   0.0029910404  -0.0001195423   0.0079720284
   2.9049999902   0.0033065094  -0.0001873799   0.0094618344
   2.9099999902   0.0035436288  -0.0002493022   0.0107540403
   2.9149999902   0.0037081738  -0.0003042223   0.0118191992
   2.9199999902   0.0038066478  -0.0003511976   0.0126329163
   2.9249999902   0.0038452823  -0.0003895092   0.0131755513
   2.9299999902   0.0038293270  -0.0004187678   0.0134318924
   2.9349999901   0.0037626289  -0.0004389958   0.0133909436
   2.9399999901   0.0036474226  -0.0004506421   0.0130459211
   2.9449999901   0.0034842328  -0.0004545126   0.0123944972
   2.9499999901   0.0032718143  -0.0004516263   0.0114392750
   2.9549999901   0.0030071335  -0.0004430255   0.0101884392
   2.9599999901   0.0026854772  -0.0004295815   0.0086565057
   2.9649999900   0.0023008365  -0.0004118308   0.0068650825
   2.9699999900   0.0018467105  -0.0003898713   0.0048435498
   2.9749999900   0.0013173980  -0.0003633334   0.0026295620
   2.9799999900   0.0007097166  -0.0003314355   0.0002692666
   2.9849999900   0.0000249341  -0.0002931193  -0.0021828624
   2.9899999900  -0.0007294184  -0.0002472589  -0.0046646694
   2.9949999899  -0.0015382326  -0.0001929205  -0.0071075027
   2.9999999899  -0.0023783357  -0.0001296406  -0.0094379601
   3.0049999899  -0.0032190257  -0.0000576778  -0.0115801597
   3.0099999899  -0.0040236390   0.0000218139  -0.0134584565
   3.0149999899  -0.0047519711   0.0001067313  -0.0150004836
   3.0199999899  -0.0053632369   0.0001941128  -0.0161403784
   3.0249999898  -0.0058191934   0.0002803649  -0.0168220473
   3.0299999898  -0.0060870728   0.0003615862  -0.0170023124
   3.0349999898  -0.0061420601   0.0004339250  -0.0166537819
   3.0399999898  -0.0059691632   0.0004939044  -0.0157672686
   3.0449999898  -0.0055644264   0.0005386614  -0.0143535639
   3.0499999898  -0.0049355030   0.0005660792  -0.0124443772
   3.0549999897  -0.0041016223   0.0005748279  -0.0100922648
   3.0599999897  -0.0030929725   0.0005643522  -0.0073694382
   3.0649999897  -0.0019494969   0.0005348543  -0.0043654273
   3.0699999897  -0.0007190957   0.0004873018  -0.0011836933
   3.0749999897   0.0005447465   0.0004234589   0.0020626091
   3.0799999897   0.0017858257   0.0003459067   0.0052554364
   3.0849999896   0.0029484113   0.0002579995   0.0082769098
   3.0899999896   0.0039805239   0.0001637104   0.0110143178
   3.0949999896   0.0048370117   0.0000673526   0.0133648255
   3.0999999896   0.0054821371  -0.0000267897   0.0152397187
   3.1049999896   0.0058914440  -0.0001148448   0.0165680697
   3.1099999896   0.0060527662  -0.0001936539   0.0172997426
   3.1149999895   0.0059663544  -0.0002609095   0.0174076454
   3.1199999895   0.0056442000  -0.0003150988   0.0168891086
   3.1249999895   0.0051087159  -0.0003552874   0.0157662522
   3.1299999895   0.0043909660  -0.0003808370   0.0140852084
   3.1349999895   0.0035286351  -0.0003911790   0.0119141367
   3.1399999895   0.0025638928  -0.0003857516   0.0093400768
   3.1449999894   0.0015412605  -0.0003641463   0.0064648207
   3.1499999894   0.0005055391  -0.0003264341   0.0034001168
   3.1549999894  -0.0005001684  -0.0002735616   0.0002625901
   3.1599999894  -0.0014363140  -0.0002076700  -0.0028312268
   3.1649999894  -0.0022685996  -0.0001321955  -0.0057694319
   3.1699999894  -0.0029694326  -0.0000516725  -0.0084486612
   3.1749999893  -0.0035190368   0.0000287517  -0.0107773063
   3.1799999893  -0.0039060946   0.0001039885  -0.0126780918
   3.1849999893  -0.0041278109   0.0001697037  -0.0140901154
   3.1899999893  -0.0041893360   0.0002228634  -0.0149704434
   3.1949999893  -0.0041025692   0.0002619983  -0.0152952864
   3.1999999893  -0.0038844621   0.0002871384  -0.0150607046
   3.2049999892  -0.0035550379   0.0002994628  -0.0142827266
   3.2099999892  -0.0031354029   0.0003007846  -0.0129967558
   3.2149999892  -0.0026460408   0.0002930255  -0.0112561820
   3.2199999892  -0.0021056234   0.0002778200  -0.0091302056
   3.2249999892  -0.0015304658   0.0002563306  -0.0067009872
   3.2299999892  -0.0009346172   0.0002292844  -0.0040603230
   3.2349999891  -0.0003304410   0.0001971674  -0.0013060891
   3.2399999891   0.0002705500   0.0001604788   0.0014613144
   3.2449999891   0.0008568706   0.0001199400   0.0041423487
   3.2499999891   0.0014164741   0.0000765900   0.0066414610
   3.2549999891   0.0019365261   0.0000317475   0.0088699380
   3.2599999891   0.0024035482  -0.0000131279   0.0107485251
   3.2649999890   0.0028038437  -0.0000566109   0.0122098526
   3.2699999890   0.0031240609  -0.0000974534   0.0132006800
   3.2749999890   0.0033517618  -0.0001346471   0.0136839143
   3.2799999890   0.0034759205  -0.0001673952   0.0136403019
   3.2849999890   0.0034873629  -0.0001950170   0.0130696584
   3.2899999890   0.0033792233  -0.0002168354   0.0119914912
   3.2949999889   0.0031475185  -0.0002320974   0.0104448978
   3.2999999889   0.0027919047  -0.0002399692   0.0084876662
   3.3049999889   0.0023165932  -0.0002396129   0.0061945622
   3.3099999889   0.0017312986  -0.0002303324   0.0036548436
   3.3149999889   0.0010520044  -0.0002117502   0.0009690829
   3.3199999889   0.0003012993  -0.0001839713  -0.0017545872
   3.3249999888  -0.0004919238  -0.0001476963  -0.0044046699
   3.3299999888  -0.0012935081  -0.0001042570  -0.0068707960
   3.3349999888  -0.0020657761  -0.0000555671  -0.0090483453
   3.3399999888  -0.0027698034  -0.0000039977  -0.0108430238
   3.3449999888  -0.0033679572   0.0000478017  -0.0121752075
   3.3499999888  -0.0038264098   0.0000971066  -0.0129838531
   3.3549999887  -0.0041173778   0.0001413170  -0.0132297736
   3.3599999887  -0.0042209262   0.0001781259  -0.0128980817
   3.3649999887  -0.0041262708   0.0002056397  -0.0119996198
   3.3699999887  -0.0038325900   0.0002224482  -0.0105712283
   3.3749999887  -0.0033493842   0.0002276500  -0.0086747471
   3.3799999886  -0.0026964068   0.0002208547  -0.0063947113
   3.3849999886  -0.0019031452   0.0002021807  -0.0038347797
   3.3899999886  -0.0010077901   0.0001722678  -0.0011130255
   3.3949999886  -0.0000556219   0.0001323053   0.0016436870
   3.3999999886   0.0009032238   0.0000840617   0.0043059371
   3.4049999886   0.0018165635   0.0000298882   0.0067482262
   3.4099999885   0.0026333938  -0.0000273399   0.0088553165
   3.4149999885   0.0033072863  -0.0000843694   0.0105280533
   3.4199999885   0.0037996278  -0.0001378069   0.0116883492
   3.4249999885   0.0040823772  -0.0001844239   0.0122830786
   3.4299999885   0.0041400574  -0.0002214798   0.0122867089
   3.4349999885   0.0039707978  -0.0002469947   0.0117025737
   3.4399999884   0.0035863595  -0.0002599137   0.0105627459
   3.4449999884   0.0030111898  -0.0002601245   0.0089265209
   3.4499999884   0.0022806418  -0.0002483305   0.0068775572
   3.4549999884   0.0014385488  -0.0002258189   0.0045197656
   3.4599999884   0.0005343638  -0.0001941944   0.0019721012
   3.4649999884  -0.0003799269  -0.0001551532  -0.0006375179
   3.4699999883  -0.0012529239  -0.0001103568  -0.0031788598
   3.4749999883  -0.0020367953  -0.0000614280  -0.0055262178
   3.4799999883  -0.0026899592  -0.0000100463  -0.0075650209
   3.4849999883  -0.0031793315   0.0000419141  -0.0091977937
   3.4899999883  -0.0034820225   0.0000922789  -0.0103490901
   3.4949999883  -0.0035863959   0.0001385659  -0.0109691141
   3.4999999882  -0.0034924441   0.0001781078  -0.0110358530
   3.5049999882  -0.0032114749   0.0002082974  -0.0105556671
   3.5099999882  -0.0027651489   0.0002269048  -0.0095623841
   3.5149999882  -0.0021839416   0.0002323945  -0.0081150227
   3.5199999882  -0.0015051325   0.0002241680  -0.0062943217
   3.5249999882  -0.0007704450   0.0002026801  -0.0041982797
   3.5299999881  -0.0000234694   0.0001694099  -0.0019369289
   3.5349999881   0.0006929822   0.0001267031   0.0003734102
   3.5399999881   0.0013394353   0.0000775265   0.0026161250
   3.5449999881   0.0018820656   0.0000251849   0.0046802600
   3.5499999881   0.0022946093  -0.0000269587   0.0064661068
   3.5549999881   0.0025597341  -0.0000757317   0.0078901248
   3.5599999880   0.0026697707  -0.0001183594   0.0088889139
   3.5649999880   0.0026267561  -0.0001526292   0.0094220238
   3.5699999880   0.0024418055  -0.0001770127   0.0094734672
   3.5749999880   0.0021338873  -0.0001907367   0.0090518979
   3.5799999880   0.0017281287  -0.0001937950   0.0081895019
   3.5849999880   0.0012538120  -0.0001868883   0.0069397230
   3.5899999879   0.0007422296  -0.0001712916   0.0053739910
   3.5949999879   0.0002245639  -0.0001486645   0.0035776575
   3.5999999879  -0.0002700661  -0.0001208346   0.0016453594
   3.6049999879  -0.0007162707  -0.0000895972  -0.0003239526
   3.6099999879  -0.0010936774  -0.0000565671  -0.0022320721
   3.6149999879  -0.0013877732  -0.0000231094  -0.0039864253
   3.6199999878  -0.0015902711   0.0000096515  -0.0055045357
   3.6249999878  -0.0016989978   0.0000407670  -0.0067178326
   3.6299999878  -0.0017173455   0.0000693799  -0.0075746114
   3.6349999878  -0.0016533680   0.0000946617  -0.0080420182
   3.6399999878  -0.0015186350   0.0001157968  -0.0081070043
   3.6449999878  -0.0013269799   0.0001320206  -0.0077762688
   3.6499999877  -0.0010932742   0.0001426957  -0.0070752709
   3.6549999877  -0.0008323441   0.0001473978  -0.0060464317
   3.6599999877  -0.0005581033   0.0001459786  -0.0047466635
   3.6649999877  -0.0002829401   0.0001385851  -0.0032443679
   3.6699999877  -0.0000173515   0.0001256341  -0.0016160349
   3.6749999877   0.0002302049   0.0001077535   0.0000574236
   3.6799999876   0.0004532841   0.0000857187   0.0016944729
   3.6849999876   0.0006472937   0.0000604051   0.0032167378
   3.6899999876   0.0008092345   0.0000327705   0.0045526085
   3.6949999876   0.0009373718   0.0000038632   0.0056405007
   3.6999999876   0.0010308688  -0.0000251632   0.0064316110
   3.7049999876   0.0010894202  -0.0000530533   0.0068920323
   3.7099999875   0.0011129359  -0.0000784902   0.0070041337
   3.7149999875   0.0011013268  -0.0001001815   0.0067671598
   3.7199999875   0.0010544398  -0.0001169766   0.0061970479
   3.7249999875   0.0009721655  -0.0001279932   0.0053255025
   3.7299999875   0.0008547099  -0.0001327202   0.0041983882
   3.7349999875   0.0007029889  -0.0001310737   0.0028735200
   3.7399999874   0.0005190721  -0.0001233935   0.0014179371
   3.7449999874   0.0003065940  -0.0001103853  -0.0000952415
   3.7499999874   0.0000710540  -0.0000930263  -0.0015902672
   3.7549999874  -0.0001800513  -0.0000724573  -0.0029923821
   3.7599999874  -0.0004372902  -0.0000498817  -0.0042314518
   3.7649999874  -0.0006895546  -0.0000264850  -0.0052454359
   3.7699999873  -0.0009244955  -0.0000033765  -0.0059835136
   3.7749999873  -0.0011291145   0.0000184506  -0.0064086944
   3.7799999873  -0.0012904855   0.0000381466  -0.0064997668
   3.7849999873  -0.0013965856   0.0000550238  -0.0062524750
   3.7899999873  -0.0014372052   0.0000685667  -0.0056798562
   3.7949999873  -0.0014048902   0.0000784301  -0.0048117136
   3.7999999872  -0.0012958429   0.0000844238  -0.0036932390
   3.8049999872  -0.0011106812   0.0000864869  -0.0023828377
   3.8099999872  -0.0008549444   0.0000846577  -0.0009492431
   3.8149999872  -0.0005392371   0.0000790524   0.0005319555
   3.8199999872  -0.0001789395   0.0000698607   0.0019822104
   3.8249999872   0.0002065360   0.0000573635   0.0033241453
   3.8299999871   0.0005948979   0.0000419673   0.0044856985
   3.8349999871   0.0009624359   0.0000242427   0.0054040474
   3.8399999871   0.0012856492   0.0000049487   0.0060290900
   3.8449999871   0.0015428902  -0.0000149704   0.0063262796
   3.8499999871   0.0017158878  -0.0000344267   0.0062786485
   3.8549999871   0.0017910422  -0.0000522626   0.0058879028
   3.8599999870   0.0017604245  -0.0000673474   0.0051745191
   3.8649999870   0.0016224407  -0.0000786757   0.0041768281
   3.8699999870   0.0013821391  -0.0000854537   0.0029491123
   3.8749999870   0.0010511446  -0.0000871608   0.0015587977
   3.8799999870   0.0006472050  -0.0000835840   0.0000828629
   3.8849999870   0.0001933395  -0.0000748332  -0.0013963630
   3.8899999869  -0.0002834050  -0.0000613416  -0.0027957949
   3.8949999869  -0.0007535495  -0.0000438588  -0.0040363232
   3.8999999869  -0.0011870508  -0.0000234337  -0.0050474022
   3.9049999869  -0.0015553185  -0.0000013798  -0.0057712090
   3.9099999869  -0.0018332274   0.0000207885  -0.0061661094
   3.9149999869  -0.0020009572   0.0000414548  -0.0062092037
   3.9199999868  -0.0020455040   0.0000590338  -0.0058977914
   3.9249999868  -0.0019617366   0.0000721219  -0.0052496568
   3.9299999868  -0.0017529158   0.0000796436  -0.0043021570
   3.9349999868  -0.0014306370   0.0000809642  -0.0031101573
   3.9399999868  -0.0010142040   0.0000759483  -0.0017429261
   3.9449999868  -0.0005294716   0.0000649539  -0.0002801554
   3.9499999867  -0.0000072249   0.0000487696   0.0011926764
   3.9549999867   0.0005188118   0.0000285136   0.0025893410
   3.9599999867   0.0010142211   0.0000055187   0.0038279996
   3.9649999867   0.0014462493  -0.0000187765   0.0048361318
   3.9699999867   0.0017861117  -0.0000429185   0.0055549382
   3.9749999867   0.0020110658  -0.0000655141   0.0059429233
   3.9799999866   0.0021060806  -0.0000852977   0.0059784194
   3.9849999866   0.0020649493  -0.0001011983   0.0056608806
   3.9899999866   0.0018907443  -0.0001124102   0.0050108693
   3.9949999866   0.0015955720  -0.0001184547   0.0040687467
   3.9999999866   0.0011996561  -0.0001192200   0.0028921655
   4.0049999866   0.0007298393  -0.0001149595   0.0015525364
   4.0099999865   0.0002176447  -0.0001062413   0.0001306899
   4.0149999865  -0.0003029391  -0.0000938535  -0.0012880040
   4.0199999865  -0.0007977752  -0.0000786872  -0.0026187768
   4.0249999865  -0.0012348401  -0.0000616261  -0.0037825638
   4.0299999865  -0.0015862876  -0.0000434718  -0.0047107702
   4.0349999864  -0.0018302035  -0.0000249205  -0.0053494093
   4.0399999864  -0.0019519583  -0.0000065889  -0.0056623470
   4.0449999864  -0.0019450885   0.0000109311  -0.0056334369
   4.0499999864  -0.0018116574   0.0000270208  -0.0052673967
   4.0549999864  -0.0015620683   0.0000410150  -0.0045893655
   4.0599999864  -0.0012143314   0.0000522318  -0.0036431807
   4.0649999863  -0.0007928201   0.0000600488  -0.0024885022
   4.0699999863  -0.0003265906   0.0000640063  -0.0011969962
   4.0749999863   0.0001526270   0.0000639045   0.0001521592
   4.0799999863   0.0006126224   0.0000598652   0.0014771519
   4.0849999863   0.0010229261   0.0000523392   0.0026984978
   4.0899999863   0.0013568906   0.0000420581   0.0037437990
   4.0949999862   0.0015934802   0.0000299461   0.0045520314
   4.0999999862   0.0017186410   0.0000170166   0.0050771216
   4.1049999862   0.0017261583   0.0000042771   0.0052906102
   4.1099999862   0.0016179514  -0.0000073429   0.0051832358
   4.1149999862   0.0014037964  -0.0000170388   0.0047653350
   4.1199999862   0.0011005093  -0.0000241645   0.0040660206
   4.1249999861   0.0007306571  -0.0000282634   0.0031311835
   4.1299999861   0.0003208922  -0.0000291078   0.0020204506
   4.1349999861  -0.0000999686  -0.0000267420   0.0008033095
   4.1399999861  -0.0005029850  -0.0000215174  -0.0004453281
   4.1449999861  -0.0008611106  -0.0000140966  -0.0016498166
   4.1499999861  -0.0011510428  -0.0000054107  -0.0027384104
   4.1549999860  -0.0013547737   0.0000034364  -0.0036475511
   4.1599999860  -0.0014607313   0.0000113082  -0.0043255607
   4.1649999860  -0.0014644318   0.0000171914  -0.0047355411
   4.1699999860  -0.0013686015   0.0000203350  -0.0048573364
   4.1749999860  -0.0011827717   0.0000203409  -0.0046884654
   4.1799999860  -0.0009223918   0.0000171879  -0.0042439840
   4.1849999859  -0.0006075429   0.0000111917  -0.0035552922
   4.1899999859  -0.0002613657   0.0000029169  -0.0026679567
   4.1949999859   0.0000916688  -0.0000069270  -0.0016386855
   4.1999999859   0.0004275103  -0.0000175795  -0.0005316465
   4.2049999859   0.0007241760  -0.0000282926   0.0005856222
   4.2099999859   0.0009631812  -0.0000383619   0.0016464337
   4.2149999858   0.0011306692  -0.0000471337   0.0025890208
   4.2199999858   0.0012181779  -0.0000540086   0.0033601851
   4.2249999858   0.0012230118  -0.0000584538   0.0039183043
   4.2299999858   0.0011482092  -0.0000600332   0.0042355354
   4.2349999858   0.0010021203  -0.0000584490   0.0042991140
   4.2399999858   0.0007976335  -0.0000535795   0.0041117114
   4.2449999857   0.0005511067  -0.0000454987   0.0036908696
   4.2499999857   0.0002810819  -0.0000344654   0.0030675751
   4.2549999857   0.0000068780  -0.0000208833   0.0022840751
   4.2599999857  -0.0002528313  -0.0000052445   0.0013910761
   4.2649999857  -0.0004813413   0.0000119240   0.0004444949
   4.2699999857  -0.0006650392   0.0000300938  -0.0004980353
   4.2749999856  -0.0007942377   0.0000487395  -0.0013806857
   4.2799999856  -0.0008636642   0.0000673167  -0.0021527528
   4.2849999856  -0.0008725835   0.0000852308  -0.0027715712
   4.2899999856  -0.0008245678   0.0001018165  -0.0032048425
   4.2949999856  -0.0007269602   0.0001163466  -0.0034322526
   4.2999999856  -0.0005900972   0.0001280746  -0.0034463118
   4.3049999855  -0.0004263682   0.0001363053  -0.0032524049
   4.3099999855  -0.0002491908   0.0001404736  -0.0028680926
   4.3149999855  -0.0000719769   0.0001402075  -0.0023217398
   4.3199999855   0.0000928413   0.0001353580  -0.0016505744
   4.3249999855   0.0002346639   0.0001259917  -0.0008982968
   4.3299999855   0.0003453982   0.0001123519  -0.0001123751
   4.3349999854   0.0004199109   0.0000948107   0.0006588269
   4.3399999854   0.0004562232   0.0000738305   0.0013689308
   4.3449999854   0.0004554376   0.0000499513   0.0019762659
   4.3499999854   0.0004214093   0.0000238015   0.0024462678
   4.3549999854   0.0003602035  -0.0000038785   0.0027534044
   4.3599999854   0.0002794029  -0.0000322226   0.0028825081
   4.3649999853   0.0001873465  -0.0000602555   0.0028294419
   4.3699999853   0.0000923788  -0.0000869478   0.0026010746
   4.3749999853   0.0000021820  -0.0001113044   0.0022145976
   4.3799999853  -0.0000767621  -0.0001324660   0.0016962539
   4.3849999853  -0.0001395546  -0.0001497948   0.0010795870
   4.3899999853  -0.0001831029  -0.0001629209   0.0004033293
   4.3949999852  -0.0002061940  -0.0001717354  -0.0002909393
   4.3999999852  -0.0002094314  -0.0001763357  -0.0009612371
   4.4049999852  -0.0001950491  -0.0001769398  -0.0015676035
   4.4099999852  -0.0001666122  -0.0001737990  -0.0020743766
   4.4149999852  -0.0001286175  -0.0001671314  -0.0024522055
   4.4199999852  -0.0000860160  -0.0001570931  -0.0026796847
   4.4249999851  -0.0000436933  -0.0001437873  -0.0027445124
   4.4299999851  -0.0000059595  -0.0001273010  -0.0026441023
   4.4349999851   0.0000238916  -0.0001077518  -0.0023856110
   4.4399999851   0.0000438944  -0.0000853296  -0.0019853897
   4.4449999851   0.0000535530  -0.0000603231  -0.0014679060
   4.4499999851   0.0000537936  -0.0000331314  -0.0008642184
   4.4549999850   0.0000467426  -0.0000042658  -0.0002101115
   4.4599999850   0.0000353712   0.0000256510   0.0004559923
   4.4649999850   0.0000230615   0.0000558858   0.0010952244
   4.4699999850   0.0000131564   0.0000855984   0.0016704540
   4.4749999850   0.0000085417   0.0001138553   0.0021483573
   4.4799999850   0.0000112982   0.0001396643   0.0025012743
   4.4849999849   0.0000224419   0.0001620324   0.0027087610
   4.4899999849   0.0000417651   0.0001800448   0.0027587520
   4.4949999849   0.0000677840   0.0001929502   0.0026482609
   4.4999999849   0.0000978039   0.0002002361   0.0023835679
   4.5049999849   0.0001281115   0.0002016727   0.0019798720
   4.5099999849   0.0001542978   0.0001973169   0.0014604199
   4.5149999848   0.0001717012   0.0001874743   0.0008551631
   4.5199999848   0.0001759386   0.0001726316   0.0001990235
   4.5249999848   0.0001634662   0.0001533787  -0.0004701222
   4.5299999848   0.0001320989   0.0001303415  -0.0011136189
   4.5349999848   0.0000814099   0.0001041410  -0.0016942450
   4.5399999848   0.0000129482   0.0000753846  -0.0021783385
   4.5449999847  -0.0000697604   0.0000446824  -0.0025377267
   4.5499999847  -0.0001614318   0.0000126767  -0.0027513588
   4.5549999847  -0.0002554263  -0.0000199316  -0.0028065560
   4.5599999847  -0.0003442839  -0.0000523727  -0.0026998048
   4.5649999847  -0.0004203294  -0.0000838174  -0.0024370404
   4.5699999847  -0.0004762912  -0.0001134042  -0.0020333878
   4.5749999846  -0.0005058924  -0.0001402751  -0.0015123595
   4.5799999846  -0.0005043844  -0.0001636110  -0.0009045406
   4.5849999846  -0.0004690004  -0.0001826606  -0.0002458306
   4.5899999846  -0.0003993067  -0.0001967621   0.0004246604
   4.5949999846  -0.0002974196  -0.0002053613   0.0010669339
   4.5999999846  -0.0001680530  -0.0002080324   0.0016425014
   4.6049999845  -0.0000183605  -0.0002045050   0.0021167141
   4.6099999845   0.0001424460  -0.0001946973   0.0024608802
   4.6149999845   0.0003036952  -0.0001787490   0.0026540433
   4.6199999845   0.0004540336  -0.0001570449   0.0026843124
   4.6249999845   0.0005823087  -0.0001302202   0.0025496582
   4.6299999845   0.0006784690  -0.0000991414   0.0022581224
   4.6349999844   0.0007343893  -0.0000648633   0.0018274129
   4.6399999844   0.0007445413  -0.0000285686   0.0012838997
   4.6449999844   0.0007064599   0.0000084988   0.0006610585
   4.6499999844   0.0006209809   0.0000450969  -0.0000025478
   4.6549999844   0.0004922513   0.0000800344  -0.0006656305
   4.6599999844   0.0003275266   0.0001122036  -0.0012867309
   4.6649999843   0.0001367713   0.0001405990  -0.0018268077
   4.6699999843  -0.0000679206   0.0001643277  -0.0022516903
   4.6749999843  -0.0002730697   0.0001826208  -0.0025342424
   4.6799999843  -0.0004646963   0.0001948501  -0.0026560980
   4.6849999843  -0.0006293024   0.0002005541  -0.0026088646
   4.6899999843  -0.0007548890   0.0001994694  -0.0023947154
   4.6949999842  -0.0008319183   0.0001915622  -0.0020263347
   4.6999999842  -0.0008541270   0.0001770512  -0.0015262107
   4.7049999842  -0.0008190982   0.0001564150  -0.0009253135
   4.7099999842  -0.0007285260   0.0001303813  -0.0002612269
   4.7149999842  -0.0005881436   0.0000998959   0.0004241583
   4.7199999841  -0.0004073266   0.0000660776   0.0010872559
   4.7249999841  -0.0001984189   0.0000301644   0.0016855387
   4.7299999841   0.0000241485  -0.0000065419   0.0021802634
   4.7349999841   0.0002448706  -0.0000427281   0.0025389868
   4.7399999841   0.0004482394  -0.0000771156   0.0027377069
   4.7449999841   0.0006198136  -0.0001085002   0.0027624831
   4.7499999840   0.0007472298  -0.0001357882   0.0026104229
   4.7549999840   0.0008211062  -0.0001580296   0.0022899640
   4.7599999840   0.0008357795  -0.0001744510   0.0018204262
   4.7649999840   0.0007898149  -0.0001844883   0.0012308553
   4.7699999840   0.0006862272  -0.0001878159   0.0005582281
   4.7749999840   0.0005323664  -0.0001843717  -0.0001548734
   4.7799999839   0.0003394478  -0.0001743720  -0.0008629713
   4.7849999839   0.0001217450  -0.0001583135  -0.0015206138
   4.7899999839  -0.0001044913  -0.0001369604  -0.0020853217
   4.7949999839  -0.0003222918  -0.0001113136  -0.0025203667
   4.7999999839  -0.0005152868  -0.0000825628  -0.0027971967
   4.8049999839  -0.0006689626  -0.0000520246  -0.0028973458
   4.8099999838  -0.0007717529  -0.0000210687  -0.0028136961
   4.8149999838  -0.0008158865   0.0000089603  -0.0025510033
   4.8199999838  -0.0007979441   0.0000368192  -0.0021256452
   4.8249999838  -0.0007191021   0.0000614338  -0.0015646023
   4.8299999838  -0.0005850581   0.0000819512  -0.0009037354
   4.8349999838  -0.0004056463   0.0000977726  -0.0001854678
   4.8399999837  -0.0001941598   0.0001085644   0.0005439754
   4.8449999837   0.0000335909   0.0001142502   0.0012375905
   4.8499999837   0.0002604328   0.0001149844   0.0018506793
   4.8549999837   0.0004691253   0.0001111148   0.0023437893
   4.8599999837   0.0006436955   0.0001031384   0.0026853117
   4.8649999837   0.0007706992   0.0000916562   0.0028535634
   4.8699999836   0.0008402883   0.0000773325   0.0028382131
   4.8749999836   0.0008469851   0.0000608611   0.0026409545
   4.8799999836   0.0007900917   0.0000429418   0.0022753835
   4.8849999836   0.0006737093   0.0000242648   0.0017660860
   4.8899999836   0.0005063818   0.0000055030   0.0011469975
   4.8949999836   0.0003004138  -0.0000126925   0.0004591417
   4.8999999835   0.0000709341  -0.0000296979  -0.0002521009
   4.9049999835  -0.0001652164  -0.0000449278  -0.0009400147
   4.9099999835  -0.0003906948  -0.0000578533  -0.0015596578
   4.9149999835  -0.0005888918  -0.0000680279  -0.0020708505
   4.9199999835  -0.0007451215  -0.0000751169  -0.0024408389
   4.9249999835  -0.0008476959  -0.0000789269  -0.0026464532
   4.9299999834  -0.0008888066  -0.0000794257  -0.0026756119
   4.9349999834  -0.0008651437  -0.0000767497  -0.0025280704
   4.9399999834  -0.0007781842  -0.0000711941  -0.0022153662
   4.9449999834  -0.0006341130  -0.0000631864  -0.0017599675
   4.9499999834  -0.0004433660  -0.0000532482  -0.0011936906
   4.9549999834  -0.0002198305  -0.0000419511  -0.0005554987
   4.9599999833   0.0000202251  -0.0000298739   0.0001111643
   4.9649999833   0.0002593935  -0.0000175677   0.0007613226
   4.9699999833   0.0004804308  -0.0000055307   0.0013515000
   4.9749999833   0.0006675095   0.0000058075   0.0018426342
   4.9799999833   0.0008073337   0.0000160937   0.0022026775
   4.9849999833   0.0008900472   0.0000250554   0.0024087143
   4.9899999832   0.0009098888   0.0000325031   0.0024484502
   4.9949999832   0.0008655685   0.0000383299   0.0023209758
   4.9999999832   0.0007603455   0.0000425080   0.0020367509
   5.0049999832   0.0006018034   0.0000450777   0.0016168126
   5.0099999832   0.0004013249   0.0000461298   0.0010912633
   5.0149999832   0.0001732885   0.0000457812   0.0004971475
   5.0199999831  -0.0000659699   0.0000441497  -0.0001241334
   5.0249999831  -0.0002993572   0.0000413346  -0.0007296828
   5.0299999831  -0.0005102933   0.0000374087  -0.0012780514
   5.0349999831  -0.0006839393   0.0000324247  -0.0017320548
   5.0399999831  -0.0008082799   0.0000264359  -0.0020612794
   5.0449999831  -0.0008749646   0.0000195235  -0.0022441089
   5.0499999830  -0.0008798502   0.0000118228  -0.0022691404
   5.0549999830  -0.0008232129   0.0000035390  -0.0021358976
   5.0599999830  -0.0007096392  -0.0000050510  -0.0018547971
   5.0649999830  -0.0005476245  -0.0000136131  -0.0014463701
   5.0699999830  -0.0003489256  -0.0000217809  -0.0009397927
   5.0749999830  -0.0001277179  -0.0000291837  -0.0003708270
   5.0799999829   0.0001003882  -0.0000354715   0.0002206854
   5.0849999829   0.0003194188  -0.0000403330   0.0007935995
   5.0899999829   0.0005141362  -0.0000435066   0.0013083159
   5.0949999829   0.0006711000  -0.0000447883   0.0017295023
   5.0999999829   0.0007796164  -0.0000440416   0.0020284953
   5.1049999829   0.0008325003  -0.0000412122   0.0021852219
   5.1099999828   0.0008265824  -0.0000363472   0.0021895127
   5.1149999828   0.0007629144  -0.0000296125   0.0020417282
   5.1199999828   0.0006466516  -0.0000213029   0.0017526658
   5.1249999828   0.0004866280  -0.0000118369   0.0013427631
   5.1299999828   0.0002946669  -0.0000017331   0.0008406562
   5.1349999828   0.0000846930   0.0000084310   0.0002811931
   5.1399999827  -0.0001282778   0.0000180683  -0.0002969674
   5.1449999827  -0.0003291952   0.0000266339  -0.0008540094
   5.1499999827  -0.0005040102   0.0000336655  -0.0013516897
   5.1549999827  -0.0006406297   0.0000388106  -0.0017559550
   5.1599999827  -0.0007297403   0.0000418364  -0.0020392664
   5.1649999827  -0.0007654530   0.0000426282  -0.0021824669
   5.1699999826  -0.0007457249   0.0000411834  -0.0021760613
   5.1749999826  -0.0006725201   0.0000376042  -0.0020208227
   5.1799999826  -0.0005516824   0.0000320959  -0.0017276868
   5.1849999826  -0.0003925127   0.0000249647  -0.0013169519
   5.1899999826  -0.0002070734   0.0000166127  -0.0008168479
   5.1949999826  -0.0000092701   0.0000075231  -0.0002615787
   5.1999999825   0.0001862130  -0.0000017693   0.0003110238
   5.2049999825   0.0003650281  -0.0000107185   0.0008620758
   5.2099999825   0.0005142347  -0.0000188148   0.0013542772
   5.2149999825   0.0006232390  -0.0000256272   0.0017544338
   5.2199999825   0.0006845349  -0.0000308323   0.0020356976
   5.2249999825   0.0006942038  -0.0000342240   0.0021793745
   5.2299999824   0.0006521521  -0.0000357038   0.0021761736
   5.2349999824   0.0005620824  -0.0000352613   0.0020268088
   5.2399999824   0.0004312057  -0.0000329529   0.0017419078
   5.2449999824   0.0002697119  -0.0000288912   0.0013412347
   5.2499999824   0.0000900260  -0.0000232474   0.0008522848
   5.2549999824  -0.0000941102  -0.0000162656   0.0003083553
   5.2599999823  -0.0002686746  -0.0000082787  -0.0002537642
   5.2649999823  -0.0004204438   0.0000002856  -0.0007963159
   5.2699999823  -0.0005380289   0.0000089190  -0.0012831331
   5.2749999823  -0.0006127741   0.0000170692  -0.0016820639
   5.2799999823  -0.0006394359   0.0000241949  -0.0019670969
   5.2849999823  -0.0006165766   0.0000298249  -0.0021200554
   5.2899999822  -0.0005466402   0.0000336089  -0.0021317528
   5.2949999822  -0.0004357073   0.0000353457  -0.0020025369
   5.2999999822  -0.0002929612   0.0000349876  -0.0017421897
   5.3049999822  -0.0001299172   0.0000326214  -0.0013691885
   5.3099999822   0.0000405116   0.0000284388  -0.0009093806
   5.3149999822   0.0002050390   0.0000227074  -0.0003941612
   5.3199999821   0.0003510397   0.0000157503   0.0001417135
   5.3249999821   0.0004675217   0.0000079367   0.0006625207
   5.3299999821   0.0005459642  -0.0000003210   0.0011340008
   5.3349999821   0.0005809617  -0.0000085736   0.0015256479
   5.3399999821   0.0005706188  -0.0000163511   0.0018127028
   5.3449999821   0.0005166618  -0.0000231946   0.0019777185
   5.3499999820   0.0004242497  -0.0000286981   0.0020116020
   5.3549999820   0.0003014979  -0.0000325511   0.0019140775
   5.3599999820   0.0001587562  -0.0000345715   0.0016935566
   5.3649999820   0.0000077079  -0.0000347178   0.0013664365
   5.3699999820  -0.0001396224  -0.0000330797   0.0009558848
   5.3749999820  -0.0002718577  -0.0000298503   0.0004901954
   5.3799999819  -0.0003791646  -0.0000252913   0.0000008288
   5.3849999819  -0.0004539827  -0.0000197025  -0.0004797300
   5.3899999819  -0.0004915350  -0.0000134028  -0.0009201511
   5.3949999819  -0.0004900937  -0.0000067255  -0.0012923264
   5.3999999819  -0.0004509977  -0.0000000204  -0.0015731813
   5.4049999818  -0.0003784367   0.0000063448  -0.0017461090
   5.4099999818  -0.0002790319   0.0000119954  -0.0018019361
   5.4149999818  -0.0001612494   0.0000165751  -0.0017393655
   5.4199999818  -0.0000346946   0.0000197843  -0.0015648821
   5.4249999818   0.0000906619   0.0000214208  -0.0012921495
   5.4299999818   0.0002052672   0.0000214118  -0.0009409536
   5.4349999817   0.0003007180   0.0000198251  -0.0005357793
   5.4399999817   0.0003703806   0.0000168568  -0.0001041213
   5.4449999817   0.0004098488   0.0000127992   0.0003253600
   5.4499999817   0.0004172004   0.0000079976   0.0007247198
   5.4549999817   0.0003930405   0.0000028098   0.0010685313
   5.4599999817   0.0003403345  -0.0000024222   0.0013354960
   5.4649999816   0.0002640634  -0.0000073857   0.0015097617
   5.4699999816   0.0001707430  -0.0000117977   0.0015818604
   5.4749999816   0.0000678607  -0.0000154026   0.0015492093
   5.4799999816  -0.0000367188  -0.0000179746   0.0014161429
   5.4849999816  -0.0001353348  -0.0000193306   0.0011934840
   5.4899999816  -0.0002210614  -0.0000193539   0.0008976920
   5.4949999815  -0.0002881627  -0.0000180206   0.0005496601
   5.4999999815  -0.0003324500  -0.0000154185   0.0001732528
   5.5049999815  -0.0003515262  -0.0000117506  -0.0002063117
   5.5099999815  -0.0003449022  -0.0000073171  -0.0005641254
   5.5149999815  -0.0003139750  -0.0000024805  -0.0008771963
   5.5199999815  -0.0002618669   0.0000023798  -0.0011259003
   5.5249999814  -0.0001931349   0.0000069109  -0.0012951940
   5.5299999814  -0.0001133736   0.0000108185  -0.0013755172
   5.5349999814  -0.0000287492   0.0000138834  -0.0013633313
   5.5399999814   0.0000544892   0.0000159633  -0.0012612576
   5.5449999814   0.0001304758   0.0000169852  -0.0010778064
   5.5499999814   0.0001941301   0.0000169376  -0.0008267155
   5.5549999813   0.0002414687   0.0000158660  -0.0005259439
   5.5599999813   0.0002698143   0.0000138739  -0.0001963969
   5.5649999813   0.0002779034   0.0000111259   0.0001395241
   5.5699999813   0.0002659019   0.0000078448   0.0004594407
   5.5749999813   0.0002353409   0.0000042981   0.0007424784
   5.5799999813   0.0001889810   0.0000007713   0.0009706129
   5.5849999812   0.0001306123  -0.0000024692   0.0011297977
   5.5899999812   0.0000647920  -0.0000052139   0.0012108101
   5.5949999812  -0.0000034714  -0.0000073386   0.0012097707
   5.5999999812  -0.0000690745  -0.0000088142   0.0011283111
   5.6049999812  -0.0001271925  -0.0000096947   0.0009733838
   5.6099999812  -0.0001736407  -0.0000100852   0.0007567248
   5.6149999811  -0.0002051876  -0.0000101020   0.0004940040
   5.6199999811  -0.0002197932  -0.0000098359   0.0002037164
   5.6249999811  -0.0002167484  -0.0000093315  -0.0000941097
   5.6299999811  -0.0001967067  -0.0000085872  -0.0003792969
   5.6349999811  -0.0001616126  -0.0000075753  -0.0006328934
   5.6399999811  -0.0001145361  -0.0000062724  -0.0008384382
   5.6449999810  -0.0000594307  -0.0000046885  -0.0009830278
   5.6499999810  -0.0000008325  -0.0000028830  -0.0010581131
   5.6549999810   0.0000564815  -0.0000009631  -0.0010599812
   5.6599999810   0.0001078583   0.0000009358  -0.0009899019
   5.6649999810   0.0001491359   0.0000026768  -0.0008539425
   5.6699999810   0.0001769859   0.0000041469  -0.0006624734
   5.6749999809   0.0001892037   0.0000052707  -0.0004294052
   5.6799999809   0.0001849155   0.0000060084  -0.0001712073
   5.6849999809   0.0001646742   0.0000063430   0.0000942285
   5.6899999809   0.0001304283   0.0000062647   0.0003488070
   5.6949999809   0.0000853598   0.0000057617   0.0005754511
   5.6999999809   0.0000336038   0.0000048246   0.0007592443
   5.7049999808  -0.0000201240   0.0000034639   0.0008884118
   5.7099999808  -0.0000709521   0.0000017320   0.0009550714
   5.7149999808  -0.0001142914  -0.0000002603   0.0009557026
   5.7199999808  -0.0001462436  -0.0000023438   0.0008913038
   5.7249999808  -0.0001639452  -0.0000043113   0.0007672373
   5.7299999808  -0.0001658209  -0.0000059551   0.0005927823
   5.7349999807  -0.0001517263  -0.0000071089   0.0003804400
   5.7399999807  -0.0001229697  -0.0000076815   0.0001450441
   5.7449999807  -0.0000822114  -0.0000076698  -0.0000972561
   5.7499999807  -0.0000332440  -0.0000071467  -0.0003300772
   5.7549999807   0.0000193322  -0.0000062317  -0.0005378780
   5.7599999807   0.0000705158  -0.0000050537  -0.0007069688
   5.7649999806   0.0001153602  -0.0000037225  -0.0008263909
   5.7699999806   0.0001494396  -0.0000023175  -0.0008886121
   5.7749999806   0.0001692784  -0.0000008962  -0.0008899924
   5.7799999806   0.0001726996   0.0000004854  -0.0008309865
   5.7849999806   0.0001590547   0.0000017534  -0.0007160706
   5.7899999806   0.0001293071   0.0000028089  -0.0005533985
   5.7949999805   0.0000859598   0.0000035404  -0.0003542162
   5.7999999805   0.0000328339   0.0000038520  -0.0001320795
   5.8049999805  -0.0000252796   0.0000036965   0.0000980654
   5.8099999805  -0.0000830581   0.0000030987   0.0003208725
   5.8149999805  -0.0001351351   0.0000021589   0.0005215921
   5.8199999805  -0.0001765919   0.0000010324   0.0006870109
   5.8249999804  -0.0002034103  -0.0000001083   0.0008062821
   5.8299999804  -0.0002128495  -0.0000011143   0.0008716011
   5.8349999804  -0.0002037164  -0.0000018916   0.0008786901
   5.8399999804  -0.0001765026  -0.0000024108   0.0008270652
   5.8449999804  -0.0001333764  -0.0000026952   0.0007200679
   5.8499999804  -0.0000780213  -0.0000027954   0.0005646580
   5.8549999803  -0.0000153298  -0.0000027615   0.0003709736
   5.8599999803   0.0000490260  -0.0000026258   0.0001516838
   5.8649999803   0.0001091101  -0.0000024015  -0.0000788271
   5.8699999803   0.0001592755  -0.0000020945  -0.0003053911
   5.8749999803   0.0001946964  -0.0000017205  -0.0005130421
   5.8799999803   0.0002118233  -0.0000013170  -0.0006879900
   5.8849999802   0.0002087111  -0.0000009411  -0.0008185193
   5.8899999802   0.0001851888  -0.0000006549  -0.0008957563
   5.8949999802   0.0001428578  -0.0000005032  -0.0009142583
   5.8999999802   0.0000849277  -0.0000004949  -0.0008723900
   5.9049999802   0.0000159155  -0.0000005964  -0.0007724643
   5.9099999802  -0.0000587559  -0.0000007421  -0.0006206373
   5.9149999801  -0.0001332174  -0.0000008580  -0.0004265577
   5.9199999801  -0.0002016342  -0.0000008885  -0.0002027838
   5.9249999801  -0.0002586713  -0.0000008175   0.0000360010
   5.9299999801  -0.0002999128  -0.0000006724   0.0002739335
   5.9349999801  -0.0003222085  -0.0000005131   0.0004950166
   5.9399999801  -0.0003239234  -0.0000004082   0.0006841971
   5.9449999800  -0.0003050680  -0.0000004099   0.0008283979
   5.9499999800  -0.0002672953  -0.0000005361   0.0009174293
   5.9549999800  -0.0002137601  -0.0000007674   0.0009447126
   5.9599999800  -0.0001488497  -0.0000010574   0.0009077620
   5.9649999800  -0.0000778116  -0.0000013518   0.0008083914
   5.9699999800  -0.0000063148  -0.0000016068   0.0006526332
   5.9749999799   0.0000600093  -0.0000018009   0.0004503738
   5.9799999799   0.0001160039  -0.0000019343   0.0002147307
   5.9849999799   0.0001573647  -0.0000020204  -0.0000387914
   5.9899999799   0.0001809340  -0.0000020713  -0.0002933134
   5.9949999799   0.0001849016  -0.0000020870  -0.0005317027
