   0.0000000000   0.0000000000   0.0000000000   0.0000000000
   0.0050000000   0.0000000000   0.0000000000   0.0000000000
   0.0100000000   0.0000000000   0.0000000000   0.0000000000
   0.0149999999   0.0000000000   0.0000000000   0.0000000000
   0.0199999999   0.0000000000   0.0000000000   0.0000000000
   0.0249999999   0.0000000000   0.0000000000   0.0000000000
   0.0299999999   0.0000000000   0.0000000000   0.0000000000
   0.0349999999   0.0000000000   0.0000000000   0.0000000000
   0.0399999999  -0.0000000000  -0.0000000000  -0.0000000000
   0.0449999998  -0.0000000000  -0.0000000000  -0.0000000000
   0.0499999998  -0.0000000000  -0.0000000000  -0.0000000000
   0.0549999998  -0.0000000000  -0.0000000000  -0.0000000000
   0.0599999998  -0.0000000000  -0.0000000000  -0.0000000000
   0.0649999998  -0.0000000000  -0.0000000000  -0.0000000000
   0.0699999998  -0.0000000000  -0.0000000000  -0.0000000000
   0.0749999997  -0.0000000000  -0.0000000000  -0.0000000000
   0.0799999997  -0.0000000000  -0.0000000000  -0.0000000000
   0.0849999997  -0.0000000000  -0.0000000000  -0.0000000000
   0.0899999997  -0.0000000000  -0.0000000000  -0.0000000000
   0.0949999997  -0.0000000000  -0.0000000000  -0.0000000000
   0.0999999997  -0.0000000000  -0.0000000000  -0.0000000000
   0.1049999996  -0.0000000000  -0.0000000000  -0.0000000000
   0.1099999996  -0.0000000000  -0.0000000000  -0.0000000000
   0.1149999996  -0.0000000000  -0.0000000000  -0.0000000000
   0.1199999996  -0.0000000000  -0.0000000000  -0.0000000000
   0.1249999996  -0.0000000000  -0.0000000000  -0.0000000000
   0.1299999996  -0.0000000000  -0.0000000000  -0.0000000000
   0.1349999995  -0.0000000000  -0.0000000000  -0.0000000000
   0.1399999995  -0.0000000000   0.0000000000  -0.0000000000
   0.1449999995   0.0000000000   0.0000000000   0.0000000000
   0.1499999995   0.0000000000   0.0000000000   0.0000000000
   0.1549999995   0.0000000000   0.0000000000   0.0000000000
   0.1599999995   0.0000000000   0.0000000000   0.0000000000
   0.1649999994  -0.0000000000   0.0000000000  -0.0000000000
   0.1699999994  -0.0000000000  -0.0000000000  -0.0000000000
   0.1749999994  -0.0000000000  -0.0000000000  -0.0000000000
   0.1799999994  -0.0000000000  -0.0000000000  -0.0000000000
   0.1849999994  -0.0000000000  -0.0000000000  -0.0000000000
   0.1899999994   0.0000000000  -0.0000000000   0.0000000000
   0.1949999993   0.0000000000  -0.0000000000   0.0000000000
   0.1999999993   0.0000000000   0.0000000000   0.0000000000
   0.2049999993   0.0000000000   0.0000000000   0.0000000000
   0.2099999993  -0.0000000000   0.0000000000  -0.0000000000
   0.2149999993  -0.0000000000   0.0000000000  -0.0000000000
   0.2199999993  -0.0000000000   0.0000000000  -0.0000000000
   0.2249999992  -0.0000000000  -0.0000000000  -0.0000000000
   0.2299999992   0.0000000000  -0.0000000000   0.0000000000
   0.2349999992   0.0000000000  -0.0000000000   0.0000000000
   0.2399999992   0.0000000000  -0.0000000000   0.0000000000
   0.2449999992   0.0000000000  -0.0000000000   0.0000000000
   0.2499999992   0.0000000000   0.0000000000   0.0000000000
   0.2549999991  -0.0000000000   0.0000000000  -0.0000000000
   0.2599999991  -0.0000000000   0.0000000000  -0.0000000000
   0.2649999991  -0.0000000000   0.0000000000  -0.0000000000
   0.2699999991  -0.0000000000  -0.0000000000  -0.0000000000
   0.2749999991  -0.0000000000  -0.0000000000  -0.0000000000
   0.2799999991   0.0000000000  -0.0000000000   0.0000000000
   0.2849999990   0.0000000000  -0.0000000000   0.0000000000
   0.2899999990   0.0000000000  -0.0000000000   0.0000000000
   0.2949999990   0.0000000000   0.0000000000   0.0000000000
   0.2999999990   0.0000000000   0.0000000000   0.0000000000
   0.3049999990  -0.0000000000   0.0000000000  -0.0000000000
   0.3099999990  -0.0000000000   0.0000000000  -0.0000000000
   0.3149999989  -0.0000000000  -0.0000000000  -0.0000000000
   0.3199999989  -0.0000000000  -0.0000000000  -0.0000000000
   0.3249999989  -0.0000000000  -0.0000000000  -0.0000000000
   0.3299999989   0.0000000000  -0.0000000000   0.0000000000
   0.3349999989   0.0000000000   0.0000000000   0.0000000000
   0.3399999989   0.0000000000   0.0000000000   0.0000000000
   0.3449999988  -0.0000000000   0.0000000001  -0.0000000000
   0.3499999988  -0.0000000001   0.0000000001  -0.0000000001
   0.3549999988  -0.0000000001   0.0000000000  -0.0000000001
   0.3599999988  -0.0000000000  -0.0000000001  -0.0000000000
   0.3649999988   0.0000000002  -0.0000000002   0.0000000002
   0.3699999988   0.0000000006  -0.0000000002   0.0000000006
   0.3749999987   0.0000000011  -0.0000000001   0.0000000011
   0.3799999987   0.0000000012   0.0000000001   0.0000000012
   0.3849999987   0.0000000001  -0.0000000001   0.0000000001
   0.3899999987  -0.0000000031  -0.0000000012  -0.0000000031
   0.3949999987  -0.0000000088  -0.0000000037  -0.0000000088
   0.3999999987  -0.0000000155  -0.0000000069  -0.0000000155
   0.4049999986  -0.0000000186  -0.0000000082  -0.0000000186
   0.4099999986  -0.0000000095  -0.0000000018  -0.0000000095
   0.4149999986   0.0000000227   0.0000000198   0.0000000227
   0.4199999986   0.0000000855   0.0000000624   0.0000000855
   0.4249999986   0.0000001725   0.0000001209   0.0000001725
   0.4299999986   0.0000002487   0.0000001683   0.0000002487
   0.4349999985   0.0000002388   0.0000001454   0.0000002388
   0.4399999985   0.0000000289  -0.0000000372   0.0000000289
   0.4449999985  -0.0000005032  -0.0000004733  -0.0000005032
   0.4499999985  -0.0000014130  -0.0000011984  -0.0000014130
   0.4549999985  -0.0000025699  -0.0000020888  -0.0000025699
   0.4599999985  -0.0000035119  -0.0000027426  -0.0000035119
   0.4649999984  -0.0000033362  -0.0000023946  -0.0000033362
   0.4699999984  -0.0000007263   0.0000000477  -0.0000007263
   0.4749999984   0.0000057558   0.0000057388   0.0000057558
   0.4799999984   0.0000169943   0.0000153062   0.0000169943
   0.4849999984   0.0000322255   0.0000279181   0.0000322255
   0.4899999984   0.0000476512   0.0000401276   0.0000476512
   0.4949999983   0.0000551337   0.0000448248   0.0000551337
   0.4999999983   0.0000416231   0.0000308508   0.0000416231
   0.5049999983  -0.0000098089  -0.0000159988  -0.0000098089
   0.5099999983  -0.0001164022  -0.0001098325  -0.0001164023
   0.5149999983  -0.0002889335  -0.0002588667  -0.0002889335
   0.5199999983  -0.0005216827  -0.0004569907  -0.0005216827
   0.5249999982  -0.0007800851  -0.0006735254  -0.0007800851
   0.5299999982  -0.0009882134  -0.0008429694  -0.0009882134
   0.5349999982  -0.0010193574  -0.0008573896  -0.0010193574
   0.5399999982  -0.0006936114  -0.0005645744  -0.0006936113
   0.5449999982   0.0002138608   0.0002251837   0.0002138609
   0.5499999982   0.0019515886   0.0017219452   0.0019515889
   0.5549999981   0.0047578146   0.0041288821   0.0047578150
   0.5599999981   0.0088172828   0.0076077331   0.0088172833
   0.5649999981   0.0142156335   0.0122422607   0.0142156340
   0.5699999981   0.0209006496   0.0180067867   0.0209006500
   0.5749999981   0.0286601598   0.0247472428   0.0286601598
   0.5799999981   0.0371244999   0.0321807161   0.0371244993
   0.5849999980   0.0457970828   0.0399162448   0.0457970813
   0.5899999980   0.0541105451   0.0474951937   0.0541105424
   0.5949999980   0.0614995576   0.0544449498   0.0614995537
   0.5999999980   0.0674764445   0.0603361492   0.0674764398
   0.6049999980   0.0716938630   0.0648322761   0.0716938582
   0.6099999980   0.0739808864   0.0677218542   0.0739808828
   0.6149999979   0.0743447442   0.0689274178   0.0743447434
   0.6199999979   0.0729388699   0.0684910681   0.0729388734
   0.6249999979   0.0700065521   0.0665421737   0.0700065614
   0.6299999979   0.0658158489   0.0632570171   0.0658158642
   0.6349999979   0.0606034732   0.0588216400   0.0606034930
   0.6399999979   0.0545422800   0.0534073237   0.0545423009
   0.6449999978   0.0477395220   0.0471635982   0.0477395382
   0.6499999978   0.0402633890   0.0402278021   0.0402633928
   0.6549999978   0.0321865193   0.0327448895   0.0321865025
   0.6599999978   0.0236300127   0.0248881041   0.0236299693
   0.6649999978   0.0147917316   0.0168712897   0.0147916606
   0.6699999978   0.0059483014   0.0089468968   0.0059482114
   0.6749999977  -0.0025706179   0.0013889991  -0.0025707053
   0.6799999977  -0.0104276453  -0.0055339689  -0.0104276921
   0.6849999977  -0.0173277371  -0.0115883967  -0.0173276891
   0.6899999977  -0.0230566952  -0.0165976165  -0.0230564859
   0.6949999977  -0.0274961511  -0.0204505619  -0.0274957117
   0.6999999976  -0.0306116556  -0.0230954450  -0.0306109334
   0.7049999976  -0.0324203384  -0.0245223469  -0.0324193241
   0.7099999976  -0.0329521296  -0.0247426114  -0.0329508942
   0.7149999976  -0.0322209962  -0.0237740703  -0.0322197347
   0.7199999976  -0.0302190550  -0.0216389554  -0.0302181358
   0.7249999976  -0.0269379523  -0.0183765906  -0.0269379649
   0.7299999975  -0.0224114643  -0.0140672215  -0.0224132577
   0.7349999975  -0.0167645404  -0.0088585975  -0.0167692442
   0.7399999975  -0.0102500849  -0.0029847970  -0.0102591019
   0.7449999975  -0.0032571165   0.0032319564  -0.0032720788
   0.7499999975   0.0037180879   0.0094014324   0.0036954037
   0.7549999975   0.0101352083   0.0151063754   0.0101030090
   0.7599999974   0.0154941865   0.0199571960   0.0154508261
   0.7649999974   0.0194204857   0.0236490067   0.0193646516
   0.7699999974   0.0217301015   0.0260083530   0.0216610040
   0.7749999974   0.0224580415   0.0270189513   0.0223755810
   0.7799999974   0.0218432951   0.0268203789   0.0217481808
   0.7849999974   0.0202742207   0.0256797268   0.0201680182
   0.7899999973   0.0182077551   0.0239422032   0.0180928446
   0.7949999973   0.0160814930   0.0219711710   0.0159609353
   0.7999999973   0.0142383471   0.0200901113   0.0141156644
   0.8049999973   0.0128793869   0.0185381606   0.0127582812
   0.8099999973   0.0120529456   0.0174474110   0.0119369884
   0.8149999973   0.0116791978   0.0168449341   0.0115715327
   0.8199999972   0.0116012793   0.0166766961   0.0115043781
   0.8249999972   0.0116484249   0.0168455457   0.0115639326
   0.8299999972   0.0116946610   0.0172524951   0.0116233505
   0.8349999972   0.0116986171   0.0178303476   0.0116404584
   0.8399999972   0.0117154694   0.0185614290   0.0116697971
   0.8449999972   0.0118796047   0.0194760744   0.0118453519
   0.8499999971   0.0123644474   0.0206342480   0.0123404012
   0.8549999971   0.0133319933   0.0220975740   0.0133170239
   0.8599999971   0.0148872266   0.0239016390   0.0148804469
   0.8649999971   0.0170508627   0.0260378545   0.0170516882
   0.8699999971   0.0197580658   0.0284505873   0.0197661661
   0.8749999971   0.0228825280   0.0310498271   0.0228976808
   0.8799999970   0.0262770513   0.0337341515   0.0262989327
   0.8849999970   0.0298162416   0.0364150538   0.0298442001
   0.8899999970   0.0334260738   0.0390331015   0.0334589413
   0.8949999970   0.0370894153   0.0415591373   0.0371254029
   0.8999999970   0.0408248402   0.0439788952   0.0408615530
   0.9049999970   0.0446455154   0.0462652158   0.0446800966
   0.9099999969   0.0485123139   0.0483464949   0.0485417047
   0.9149999969   0.0522979494   0.0500815784   0.0523192263
   0.9199999969   0.0557757618   0.0512495276   0.0557864955
   0.9249999969   0.0586387970   0.0515582053   0.0586373720
   0.9299999969   0.0605447795   0.0506700716   0.0605306168
   0.9349999969   0.0611739795   0.0482388319   0.0611476207
   0.9399999968   0.0602828808   0.0439481725   0.0602459165
   0.9449999968   0.0577383502   0.0375443715   0.0576932028
   0.9499999968   0.0535239863   0.0288576406   0.0534735823
   0.9549999968   0.0477198901   0.0178113374   0.0476672754
   0.9599999968   0.0404658016   0.0044220921   0.0404137614
   0.9649999968   0.0319223261  -0.0112039236   0.0318730694
   0.9699999967   0.0222443109  -0.0288734803   0.0221992626
   0.9749999967   0.0115748053  -0.0483045775   0.0115345311
   0.9799999967   0.0000597236  -0.0691207985   0.0000239875
   0.9849999967  -0.0121245633  -0.0908450155  -0.0121566307
   0.9899999967  -0.0247431588  -0.1128974753  -0.0247728200
   0.9949999967  -0.0374865358  -0.1346032547  -0.0375151803
   0.9999999966  -0.0499744481  -0.1552123481  -0.0500033453
   1.0049999966  -0.0617809717  -0.1739328915  -0.0618110821
   1.0099999966  -0.0724748995  -0.1899751158  -0.0725067658
   1.0149999966  -0.0816652113  -0.2026013646  -0.0816989367
   1.0199999966  -0.0890405176  -0.2111763883  -0.0890758236
   1.0249999966  -0.0943941106  -0.2152122366  -0.0944304541
   1.0299999965  -0.0976312148  -0.2144031594  -0.0976679362
   1.0349999965  -0.0987602869  -0.2086475700  -0.0987967610
   1.0399999965  -0.0978740244  -0.1980558836  -0.0979097877
   1.0449999965  -0.0951271042  -0.1829445908  -0.0951619404
   1.0499999965  -0.0907166011  -0.1638180907  -0.0907505759
   1.0549999965  -0.0848683650  -0.1413405506  -0.0849018103
   1.0599999964  -0.0778295945  -0.1163004251  -0.0778630527
   1.0649999964  -0.0698655309  -0.0895703404  -0.0698996746
   1.0699999964  -0.0612572106  -0.0620648945  -0.0612927557
   1.0749999964  -0.0522975538  -0.0346986356  -0.0523351837
   1.0799999964  -0.0432842548  -0.0083461124  -0.0433245677
   1.0849999964  -0.0345093389   0.0161944616  -0.0345528247
   1.0899999963  -0.0262463337   0.0382326777  -0.0262933778
   1.0949999963  -0.0187365479   0.0572114753  -0.0187874558
   1.0999999963  -0.0121760305   0.0727258146  -0.0122310612
   1.1049999963  -0.0067046172   0.0845336406  -0.0067640138
   1.1099999963  -0.0023982831   0.0925584904  -0.0024622921
   1.1149999963   0.0007341343   0.0968834404   0.0006652592
   1.1199999962   0.0027489870   0.0977366316   0.0026749955
   1.1249999962   0.0037602235   0.0954693031   0.0036808894
   1.1299999962   0.0039264896   0.0905280049   0.0038416345
   1.1349999962   0.0034342582   0.0834233000   0.0033437725
   1.1399999962   0.0024792978   0.0746976585   0.0023831577
   1.1449999962   0.0012493695   0.0648952685   0.0011476498
   1.1499999961  -0.0000890861   0.0545361031  -0.0001961988
   1.1549999961  -0.0013984246   0.0440958381  -0.0015106143
   1.1599999961  -0.0025711057   0.0339922302  -0.0026879039
   1.1649999961  -0.0035261547   0.0245775413  -0.0036469128
   1.1699999961  -0.0042033504   0.0161357382  -0.0043272152
   1.1749999961  -0.0045581093   0.0088826974  -0.0046840103
   1.1799999960  -0.0045594251   0.0029676189  -0.0046860813
   1.1849999960  -0.0041917864  -0.0015257082  -0.0043177377
   1.1899999960  -0.0034602393  -0.0045783463  -0.0035838996
   1.1949999960  -0.0023962920  -0.0062359888  -0.0025160114
   1.1999999960  -0.0010617032  -0.0066079179  -0.0011758210
   1.2049999960   0.0004524060  -0.0058635560   0.0003455372
   1.2099999959   0.0020323534  -0.0042251208   0.0019343949
   1.2149999959   0.0035540564  -0.0019554890   0.0034667725
   1.2199999959   0.0048983341   0.0006586674   0.0048237436
   1.2249999959   0.0059661423   0.0033273523   0.0059067231
   1.2299999959   0.0066905234   0.0057793186   0.0066494455
   1.2349999959   0.0070429603   0.0077832462   0.0070243194
   1.2399999958   0.0070333275   0.0091655354   0.0070423474
   1.2449999958   0.0067041989   0.0098226812   0.0067473739
   1.2499999958   0.0061214374   0.0097269609   0.0062065938
   1.2549999958   0.0053634454   0.0089250417   0.0054997085
   1.2599999958   0.0045111949   0.0075299166   0.0047088555
   1.2649999958   0.0036403830   0.0057072036   0.0039106656
   1.2699999957   0.0028161506   0.0036572575   0.0031708851
   1.2749999957   0.0020900732   0.0015947868   0.0025412779
   1.2799999957   0.0014987911  -0.0002722133   0.0020581717
   1.2849999957   0.0010636846  -0.0017623692   0.0017420577
   1.2899999957   0.0007912720  -0.0027378983   0.0015979236
   1.2949999957   0.0006742897  -0.0031170555   0.0016162839
   1.2999999956   0.0006935481  -0.0028808303   0.0017750088
   1.3049999956   0.0008205805  -0.0020732111   0.0020419763
   1.3099999956   0.0010209022  -0.0007950022   0.0023783731
   1.3149999956   0.0012575029   0.0008081081   0.0027422725
   1.3199999956   0.0014941452   0.0025618873   0.0030920680
   1.3249999956   0.0016981662   0.0042824984   0.0033894573
   1.3299999955   0.0018427182   0.0057959975   0.0036019108
   1.3349999955   0.0019085942   0.0069563568   0.0037047607
   1.3399999955   0.0018858366   0.0076601916   0.0036830979
   1.3449999955   0.0017751632   0.0078567379   0.0035334953
   1.3499999955   0.0015889429   0.0075520935   0.0032652707
   1.3549999954   0.0013511580   0.0068072691   0.0029007090
   1.3599999954   0.0010957098   0.0057301921   0.0024735805
   1.3649999954   0.0008626520   0.0044624325   0.0020255275
   1.3699999954   0.0006924823   0.0031620483   0.0016004334
   1.3749999954   0.0006192940   0.0019844994   0.0012375725
   1.3799999954   0.0006641654   0.0010639497   0.0009649131
   1.3849999953   0.0008303770   0.0004973633   0.0007941639
   1.3899999953   0.0011017809   0.0003335337   0.0007188940
   1.3949999953   0.0014449362   0.0005685512   0.0007163440
   1.3999999953   0.0018146806   0.0011482998   0.0007526080
   1.4049999953   0.0021619193   0.0019775224   0.0007899789
   1.4099999953   0.0024418736   0.0029340047   0.0007947130
   1.4149999952   0.0026209939   0.0038856847   0.0007434397
   1.4199999952   0.0026812008   0.0047081425   0.0006269006
   1.4249999952   0.0026208950   0.0053000070   0.0004504884
   1.4299999952   0.0024530141   0.0055942999   0.0002318919
   1.4349999952   0.0022010448   0.0055644909  -0.0000032157
   1.4399999952   0.0018941787   0.0052249087  -0.0002262313
   1.4449999951   0.0015626934   0.0046259699  -0.0004103159
   1.4499999951   0.0012342793   0.0038453254  -0.0005339984
   1.4549999951   0.0009315813   0.0029764238  -0.0005834120
   1.4599999951   0.0006708682   0.0021161280  -0.0005532622
   1.4649999951   0.0004615653   0.0013529537  -0.0004467991
   1.4699999951   0.0003064027   0.0007572580  -0.0002750703
   1.4749999950   0.0002020451   0.0003743665  -0.0000556157
   1.4799999950   0.0001401797   0.0002212240   0.0001893346
   1.4849999950   0.0001090597   0.0002867153   0.0004351146
   1.4899999950   0.0000954095   0.0005353685   0.0006571928
   1.4949999950   0.0000864562   0.0009137531   0.0008337817
   1.4999999950   0.0000717354   0.0013585737   0.0009480955
   1.5049999949   0.0000443195   0.0018052904   0.0009898772
   1.5099999949   0.0000012492   0.0021960943   0.0009559592
   1.5149999949  -0.0000568154   0.0024862560   0.0008498663
   1.5199999949  -0.0001264771   0.0026481898   0.0006807202
   1.5249999949  -0.0002026309   0.0026729830   0.0004618464
   1.5299999949  -0.0002792824   0.0025695249   0.0002094691
   1.5349999948  -0.0003499771   0.0023616739  -0.0000582989
   1.5399999948  -0.0004079163   0.0020840609  -0.0003222171
   1.5449999948  -0.0004460456   0.0017771611  -0.0005626845
   1.5499999948  -0.0004574646   0.0014822051  -0.0007608305
   1.5549999948  -0.0004363769   0.0012364019  -0.0009001195
   1.5599999948  -0.0003795286   0.0010688577  -0.0009683831
   1.5649999947  -0.0002877712   0.0009975186  -0.0009598843
   1.5699999947  -0.0001671887   0.0010274157  -0.0008768178
   1.5749999947  -0.0000292338   0.0011504257  -0.0007296637
   1.5799999947   0.0001104425   0.0013466351  -0.0005360542
   1.5849999947   0.0002343853   0.0015872031  -0.0003182285
   1.5899999947   0.0003264569   0.0018383857  -0.0000995747
   1.5949999946   0.0003749124   0.0020661644   0.0000989466
   1.5999999946   0.0003746256   0.0022407838   0.0002616577
   1.6049999946   0.0003278903   0.0023404980   0.0003796798
   1.6099999946   0.0002436315   0.0023539652   0.0004508899
   1.6149999946   0.0001353091   0.0022809937   0.0004785502
   1.6199999946   0.0000181243   0.0021316504   0.0004691707
   1.6249999945  -0.0000937421   0.0019240349   0.0004302923
   1.6299999945  -0.0001892436   0.0016812146   0.0003687732
   1.6349999945  -0.0002615948   0.0014278887   0.0002898948
   1.6399999945  -0.0003083920   0.0011872935   0.0001972956
   1.6449999945  -0.0003309593   0.0009787256   0.0000934969
   1.6499999945  -0.0003332656   0.0008158891  -0.0000193112
   1.6549999944  -0.0003207309   0.0007061147  -0.0001385231
   1.6599999944  -0.0002991241   0.0006503847  -0.0002605800
   1.6649999944  -0.0002736364   0.0006440306  -0.0003806870
   1.6699999944  -0.0002481439   0.0006779365  -0.0004927517
   1.6749999944  -0.0002246782   0.0007400676  -0.0005895213
   1.6799999944  -0.0002031771   0.0008171293  -0.0006629422
   1.6849999943  -0.0001816190   0.0008961575  -0.0007048119
   1.6899999943  -0.0001566254   0.0009658472  -0.0007077752
   1.6949999943  -0.0001245075   0.0010174662  -0.0006666179
   1.6999999943  -0.0000825775   0.0010452718  -0.0005796659
   1.7049999943  -0.0000304049   0.0010464499  -0.0004499650
   1.7099999943   0.0000293581   0.0010206960  -0.0002858643
   1.7149999942   0.0000908898   0.0009696292  -0.0001007120
   1.7199999942   0.0001459637   0.0008962432   0.0000884328
   1.7249999942   0.0001854256   0.0008045453   0.0002628972
   1.7299999942   0.0002010195   0.0006994294   0.0004048974
   1.7349999942   0.0001870832   0.0005867088   0.0004999170
   1.7399999942   0.0001416764   0.0004731475   0.0005384716
   1.7449999941   0.0000668910   0.0003663043   0.0005169566
   1.7499999941  -0.0000316497   0.0002740599   0.0004375435
   1.7549999941  -0.0001458571   0.0002038167   0.0003073399
   1.7599999941  -0.0002664319   0.0001614913   0.0001371764
   1.7649999941  -0.0003839441   0.0001505273  -0.0000596148
   1.7699999941  -0.0004895249   0.0001711819  -0.0002681989
   1.7749999940  -0.0005751640   0.0002202891  -0.0004729797
   1.7799999940  -0.0006337871   0.0002915784  -0.0006582248
   1.7849999940  -0.0006593732   0.0003764885  -0.0008087931
   1.7899999940  -0.0006473174   0.0004652930  -0.0009111339
   1.7949999940  -0.0005950994   0.0005483051  -0.0009545745
   1.7999999940  -0.0005031253   0.0006169413  -0.0009327271
   1.8049999939  -0.0003754741   0.0006645031  -0.0008447095
   1.8099999939  -0.0002202429   0.0006866282  -0.0006958398
   1.8149999939  -0.0000492707   0.0006814479  -0.0004975594
   1.8199999939   0.0001228124   0.0006495221  -0.0002665132
   1.8249999939   0.0002800771   0.0005936246  -0.0000229178
   1.8299999939   0.0004070583   0.0005184207   0.0002115077
   1.8349999938   0.0004904833   0.0004300451   0.0004157157
   1.8399999938   0.0005207087   0.0003355800   0.0005713232
   1.8449999938   0.0004927222   0.0002424448   0.0006642377
   1.8499999938   0.0004066770   0.0001577444   0.0006858403
   1.8549999938   0.0002679959   0.0000876522   0.0006337166
   1.8599999938   0.0000870869   0.0000369133   0.0005119365
   1.8649999937  -0.0001213199   0.0000085341   0.0003308536
   1.8699999937  -0.0003392378   0.0000036756   0.0001063667
   1.8749999937  -0.0005469105   0.0000217174  -0.0001413990
   1.8799999937  -0.0007246700   0.0000604237  -0.0003899574
   1.8849999937  -0.0008550012   0.0001161405  -0.0006167158
   1.8899999937  -0.0009245404   0.0001839816  -0.0008013348
   1.8949999936  -0.0009256719   0.0002580173  -0.0009278359
   1.8999999936  -0.0008574235   0.0003315207  -0.0009861190
   1.9049999936  -0.0007254876   0.0003973486  -0.0009726686
   1.9099999936  -0.0005413834   0.0004485064  -0.0008904073
   1.9149999936  -0.0003209649   0.0004788870  -0.0007478441
   1.9199999936  -0.0000826005   0.0004840914  -0.0005577917
   1.9249999935   0.0001546295   0.0004621767  -0.0003359592
   1.9299999935   0.0003724536   0.0004141472  -0.0000996561
   1.9349999935   0.0005545351   0.0003440418   0.0001332904
   1.9399999935   0.0006872414   0.0002585464   0.0003454394
   1.9449999935   0.0007601976   0.0001661726   0.0005205883
   1.9499999935   0.0007667754   0.0000761451   0.0006446971
   1.9549999934   0.0007045985  -0.0000027950   0.0007069364
   1.9599999934   0.0005760304  -0.0000634558   0.0007007846
   1.9649999934   0.0003885017  -0.0001009605   0.0006249931
   1.9699999934   0.0001544853  -0.0001131258   0.0004841822
   1.9749999934  -0.0001090453  -0.0001004573   0.0002888614
   1.9799999934  -0.0003817378  -0.0000658324   0.0000547702
   1.9849999933  -0.0006414965  -0.0000139771  -0.0001984284
   1.9899999933  -0.0008664434   0.0000491603  -0.0004489393
   1.9949999933  -0.0010369538   0.0001170606  -0.0006748728
   1.9999999933  -0.0011375126   0.0001832586  -0.0008562765
   2.0049999933  -0.0011581934   0.0002419106  -0.0009769475
   2.0099999933  -0.0010956385   0.0002882708  -0.0010258835
   2.0149999932  -0.0009534906   0.0003190410  -0.0009982838
   2.0199999932  -0.0007422660   0.0003325552  -0.0008960517
   2.0249999932  -0.0004786732   0.0003287717  -0.0007277547
   2.0299999932  -0.0001843882   0.0003090829  -0.0005080078
   2.0349999932   0.0001156820   0.0002759848  -0.0002562619
   2.0399999931   0.0003955618   0.0002326882   0.0000049524
   2.0449999931   0.0006306249   0.0001827555   0.0002521934
   2.0499999931   0.0008000122   0.0001298300   0.0004634501
   2.0549999931   0.0008887402   0.0000774778   0.0006203556
   2.0599999931   0.0008892001   0.0000291117   0.0007099624
   2.0649999931   0.0008018329  -0.0000120688   0.0007258381
   2.0699999930   0.0006349069  -0.0000431915   0.0006683741
   2.0749999930   0.0004034861  -0.0000619198   0.0005443478
   2.0799999930   0.0001278043  -0.0000667412   0.0003659093
   2.0849999930  -0.0001686771  -0.0000572682   0.0001492228
   2.0899999930  -0.0004612706  -0.0000344540  -0.0000870166
   2.0949999930  -0.0007259420  -0.0000006281  -0.0003230439
   2.0999999929  -0.0009409898   0.0000406992  -0.0005394062
   2.1049999929  -0.0010885173   0.0000852485  -0.0007182770
   2.1099999929  -0.0011557124   0.0001285216  -0.0008447272
   2.1149999929  -0.0011359159   0.0001663741  -0.0009079352
   2.1199999929  -0.0010293880   0.0001954880  -0.0009022416
   2.1249999929  -0.0008436293   0.0002136629  -0.0008278874
   2.1299999928  -0.0005930983   0.0002198967  -0.0006912526
   2.1349999928  -0.0002982255   0.0002142881  -0.0005044579
   2.1399999928   0.0000162660   0.0001978327  -0.0002842958
   2.1449999928   0.0003235853   0.0001721913  -0.0000505903
   2.1499999928   0.0005973837   0.0001394899   0.0001758001
   2.1549999928   0.0008142287   0.0001021723   0.0003750546
   2.1599999927   0.0009557390   0.0000628898   0.0005302618
   2.1649999927   0.0010101527   0.0000243922   0.0006288814
   2.1699999927   0.0009732125  -0.0000106123   0.0006636805
   2.1749999927   0.0008483577  -0.0000396390   0.0006331299
   2.1799999927   0.0006462862  -0.0000606309   0.0005413059
   2.1849999927   0.0003839798  -0.0000721459   0.0003973725
   2.1899999926   0.0000832890  -0.0000734831   0.0002147112
   2.1949999926  -0.0002308365  -0.0000647223   0.0000097530
   2.1999999926  -0.0005323790  -0.0000466790  -0.0001994329
   2.2049999926  -0.0007964240  -0.0000208034  -0.0003947157
   2.2099999926  -0.0010013015   0.0000109379  -0.0005595223
   2.2149999926  -0.0011304883   0.0000461681  -0.0006803343
   2.2199999925  -0.0011740492   0.0000821881  -0.0007478797
   2.2249999925  -0.0011294328   0.0001160731  -0.0007578633
   2.2299999925  -0.0010015256   0.0001448157  -0.0007111454
   2.2349999925  -0.0008019797   0.0001655517  -0.0006133768
   2.2399999925  -0.0005479438   0.0001758711  -0.0004741921
   2.2449999925  -0.0002604019   0.0001741769  -0.0003061226
   2.2499999924   0.0000376534   0.0001600162  -0.0001234076
   2.2549999924   0.0003230209   0.0001342908   0.0000591564
   2.2599999924   0.0005739360   0.0000992721   0.0002272491
   2.2649999924   0.0007715088   0.0000583861   0.0003679307
   2.2699999924   0.0009009430   0.0000157933   0.0004704407
   2.2749999924   0.0009525333  -0.0000241589   0.0005269127
   2.2799999923   0.0009224125  -0.0000575059   0.0005329925
   2.2849999923   0.0008129743  -0.0000811508   0.0004882973
   2.2899999923   0.0006328798  -0.0000931883   0.0003966205
   2.2949999923   0.0003965605  -0.0000930357   0.0002657858
   2.2999999923   0.0001231866  -0.0000813831   0.0001070991
   2.3049999923  -0.0001648519  -0.0000600048  -0.0000655890
   2.3099999922  -0.0004438180  -0.0000314845  -0.0002371170
   2.3149999922  -0.0006906630   0.0000010992  -0.0003924019
   2.3199999922  -0.0008850077   0.0000344932  -0.0005178170
   2.3249999922  -0.0010108754   0.0000655766  -0.0006024140
   2.3299999922  -0.0010580286   0.0000916380  -0.0006388816
   2.3349999922  -0.0010228175   0.0001106027  -0.0006241784
   2.3399999921  -0.0009084929   0.0001211914  -0.0005598103
   2.3449999921  -0.0007249677   0.0001229846  -0.0004517379
   2.3499999921  -0.0004880332   0.0001163855  -0.0003099080
   2.3549999921  -0.0002180564   0.0001024884  -0.0001474105
   2.3599999921   0.0000617687   0.0000828825   0.0000207046
   2.3649999921   0.0003274912   0.0000594366   0.0001788694
   2.3699999920   0.0005566030   0.0000341084   0.0003125588
   2.3749999920   0.0007301263   0.0000088112   0.0004097792
   2.3799999920   0.0008343375  -0.0000146606   0.0004622812
   2.3849999920   0.0008619152  -0.0000346673   0.0004663207
   2.3899999920   0.0008123854  -0.0000497603   0.0004228705
   2.3949999920   0.0006918548  -0.0000587540   0.0003372844
   2.3999999919   0.0005121335  -0.0000608474   0.0002185131
   2.4049999919   0.0002894256  -0.0000557777   0.0000780381
   2.4099999919   0.0000427919  -0.0000439590  -0.0000712971
   2.4149999919  -0.0002074380  -0.0000265455  -0.0002164106
   2.4199999919  -0.0004411857  -0.0000053700  -0.0003449740
   2.4249999919  -0.0006400210   0.0000172584  -0.0004462543
   2.4299999918  -0.0007884207   0.0000388727  -0.0005118235
   2.4349999918  -0.0008748752   0.0000572131  -0.0005361592
   2.4399999918  -0.0008928003   0.0000705557  -0.0005171267
   2.4449999918  -0.0008411667   0.0000779244  -0.0004562873
   2.4499999918  -0.0007247352   0.0000791443  -0.0003589446
   2.4549999918  -0.0005537903   0.0000747376  -0.0002338419
   2.4599999917  -0.0003433248   0.0000657101  -0.0000924657
   2.4649999917  -0.0001117092   0.0000532991   0.0000520168
   2.4699999917   0.0001210184   0.0000387538   0.0001860732
   2.4749999917   0.0003350383   0.0000231963   0.0002972026
   2.4799999917   0.0005125745   0.0000075734   0.0003752164
   2.4849999917   0.0006394468  -0.0000073222   0.0004132334
   2.4899999916   0.0007061974  -0.0000208000   0.0004082781
   2.4949999916   0.0007087215  -0.0000322303   0.0003614475
   2.4999999916   0.0006484027  -0.0000410350   0.0002776768
   2.5049999916   0.0005318006  -0.0000467133   0.0001651759
   2.5099999916   0.0003699592  -0.0000488861   0.0000346185
   2.5149999916   0.0001774027  -0.0000473407  -0.0001018372
   2.5199999915  -0.0000291143  -0.0000420616  -0.0002316319
   2.5249999915  -0.0002320289  -0.0000332459  -0.0003429241
   2.5299999915  -0.0004144653  -0.0000213135  -0.0004256665
   2.5349999915  -0.0005616773  -0.0000069194  -0.0004725405
   2.5399999915  -0.0006622896   0.0000090296  -0.0004796404
   2.5449999915  -0.0007091988   0.0000253696  -0.0004468103
   2.5499999914  -0.0007000333   0.0000407098  -0.0003775799
   2.5549999914  -0.0006371379   0.0000535240  -0.0002787082
   2.5599999914  -0.0005271254   0.0000623135  -0.0001594095
   2.5649999914  -0.0003800983   0.0000658282  -0.0000303910
   2.5699999914  -0.0002086735   0.0000633040   0.0000971574
   2.5749999914  -0.0000269323   0.0000546592   0.0002124960
   2.5799999913   0.0001506171   0.0000405914   0.0003061197
   2.5849999913   0.0003100260   0.0000225369   0.0003703714
   2.5899999913   0.0004388349   0.0000024892   0.0003999068
   2.5949999913   0.0005269434  -0.0000172888   0.0003920397
   2.5999999913   0.0005673985  -0.0000345980   0.0003469793
   2.6049999913   0.0005570365  -0.0000476092   0.0002679373
   2.6099999912   0.0004968850  -0.0000550840   0.0001610466
   2.6149999912   0.0003922225  -0.0000564784   0.0000350330
   2.6199999912   0.0002522281  -0.0000519318  -0.0000994011
   2.6249999912   0.0000892107  -0.0000421698  -0.0002304629
   2.6299999912  -0.0000825131  -0.0000283612  -0.0003463479
   2.6349999912  -0.0002479593  -0.0000119662  -0.0004363818
   2.6399999911  -0.0003928682   0.0000054056  -0.0004920727
   2.6449999911  -0.0005049800   0.0000221230  -0.0005079398
   2.6499999911  -0.0005750680   0.0000366568  -0.0004820247
   2.6549999911  -0.0005976545   0.0000477057  -0.0004160544
   2.6599999911  -0.0005713851   0.0000543209  -0.0003152737
   2.6649999911  -0.0004990727   0.0000560121  -0.0001879965
   2.6699999910  -0.0003874313   0.0000528077  -0.0000449334
   2.6749999910  -0.0002465211   0.0000452459   0.0001016557
   2.6799999910  -0.0000889212   0.0000342885   0.0002389438
   2.6849999910   0.0000713379   0.0000211714   0.0003546118
   2.6899999910   0.0002200228   0.0000072258   0.0004379529
   2.6949999909   0.0003440209  -0.0000062881   0.0004809142
   2.6999999909   0.0004325985  -0.0000182993   0.0004789548
   2.7049999909   0.0004784324  -0.0000279806   0.0004315949
   2.7099999909   0.0004782751  -0.0000347487   0.0003425547
   2.7149999909   0.0004331669  -0.0000382377   0.0002194415
   2.7199999909   0.0003481833  -0.0000382770   0.0000730138
   2.7249999908   0.0002317849  -0.0000348968  -0.0000838744
   2.7299999908   0.0000948891  -0.0000283592  -0.0002375024
   2.7349999908  -0.0000501936  -0.0000191974  -0.0003745269
   2.7399999908  -0.0001908367  -0.0000082267  -0.0004831112
   2.7449999908  -0.0003151030   0.0000034987  -0.0005538533
   2.7499999908  -0.0004126329   0.0000147947  -0.0005804792
   2.7549999907  -0.0004754021   0.0000245071  -0.0005602969
   2.7599999907  -0.0004983311   0.0000316842  -0.0004944165
   2.7649999907  -0.0004797179   0.0000357172  -0.0003877300
   2.7699999907  -0.0004214402   0.0000364104  -0.0002486290
   2.7749999907  -0.0003288672   0.0000339654  -0.0000884347
   2.7799999907  -0.0002104394   0.0000288897   0.0000794635
   2.7849999906  -0.0000769200   0.0000218650   0.0002407246
   2.7899999906   0.0000596208   0.0000136161   0.0003813329
   2.7949999906   0.0001869681   0.0000048157   0.0004888982
   2.7999999906   0.0002939257  -0.0000039594   0.0005538204
   2.8049999906   0.0003713325  -0.0000122257   0.0005701757
   2.8099999906   0.0004128252  -0.0000195673   0.0005362291
   2.8149999905   0.0004152924  -0.0000256134   0.0004545384
   2.8199999905   0.0003790201  -0.0000300369   0.0003316782
   2.8249999905   0.0003075630  -0.0000325787   0.0001776480
   2.8299999905   0.0002073914  -0.0000330823   0.0000050450
   2.8349999905   0.0000873506  -0.0000315229  -0.0001719280
   2.8399999905  -0.0000420408  -0.0000280124  -0.0003385617
   2.8449999904  -0.0001694358  -0.0000227790  -0.0004807991
   2.8499999904  -0.0002836127  -0.0000161306  -0.0005863949
   2.8549999904  -0.0003744780  -0.0000084239  -0.0006459967
   2.8599999904  -0.0004340191  -0.0000000553  -0.0006540399
   2.8649999904  -0.0004570883   0.0000085192  -0.0006093417
   2.8699999904  -0.0004419011   0.0000167490  -0.0005152917
   2.8749999903  -0.0003901710   0.0000239654  -0.0003795850
   2.8799999903  -0.0003068619   0.0000293994  -0.0002135164
   2.8849999903  -0.0001996093   0.0000322614  -0.0000309199
   2.8899999903  -0.0000779144   0.0000318783   0.0001531008
   2.8949999903   0.0000477601   0.0000278594   0.0003234904
   2.8999999903   0.0001668786   0.0000202434   0.0004664646
   2.9049999902   0.0002696261   0.0000095778   0.0005705367
   2.9099999902   0.0003475786  -0.0000031047   0.0006273044
   2.9149999902   0.0003942542  -0.0000164161   0.0006319938
   2.9199999902   0.0004055614  -0.0000288232   0.0005837767
   2.9249999902   0.0003801437  -0.0000388894   0.0004858685
   2.9299999902   0.0003195926  -0.0000454898   0.0003453930
   2.9349999901   0.0002284715  -0.0000479567   0.0001729850
   2.9399999901   0.0001140912  -0.0000461334  -0.0000179003
   2.9449999901  -0.0000139988  -0.0000403435  -0.0002119677
   2.9499999901  -0.0001447917  -0.0000313000  -0.0003933029
   2.9549999901  -0.0002668068  -0.0000199875  -0.0005467264
   2.9599999901  -0.0003691583  -0.0000075438  -0.0006591356
   2.9649999900  -0.0004425748   0.0000048469  -0.0007206782
   2.9699999900  -0.0004802468   0.0000160504  -0.0007256263
   2.9749999900  -0.0004784195   0.0000250734  -0.0006728688
   2.9799999900  -0.0004366970   0.0000311542  -0.0005659975
   2.9849999900  -0.0003580625   0.0000338448  -0.0004130146
   2.9899999900  -0.0002486454   0.0000330687  -0.0002257111
   2.9949999899  -0.0001172628   0.0000291334  -0.0000187779
   2.9999999899   0.0000252395   0.0000226834   0.0001912965
   3.0049999899   0.0001668295   0.0000145965   0.0003874912
   3.0099999899   0.0002952855   0.0000058430   0.0005536188
   3.0149999899   0.0003992868  -0.0000026581   0.0006757046
   3.0199999899   0.0004695020  -0.0000101492   0.0007432603
   3.0249999898   0.0004995458  -0.0000160859   0.0007503080
   3.0299999898   0.0004866675  -0.0000201264   0.0006960161
   3.0349999898   0.0004320594  -0.0000220764   0.0005848415
   3.0399999898   0.0003407327  -0.0000218247   0.0004261415
   3.0449999898   0.0002209788  -0.0000193028   0.0002332995
   3.0499999898   0.0000835089  -0.0000144912   0.0000224815
   3.0549999897  -0.0000595971  -0.0000074714  -0.0001888140
   3.0599999897  -0.0001959859   0.0000015012  -0.0003832406
   3.0649999897  -0.0003140539   0.0000119388  -0.0005449815
   3.0699999897  -0.0004038239   0.0000231137  -0.0006609241
   3.0749999897  -0.0004576481   0.0000341183  -0.0007215847
   3.0799999897  -0.0004707371   0.0000439848  -0.0007217696
   3.0849999896  -0.0004415195   0.0000518357  -0.0006609648
   3.0899999896  -0.0003718211   0.0000570198  -0.0005434388
   3.0949999896  -0.0002668288   0.0000591981  -0.0003780262
   3.0999999896  -0.0001347987   0.0000583574  -0.0001775621
   3.1049999896   0.0000135224   0.0000547578   0.0000420430
   3.1099999896   0.0001657509   0.0000488397   0.0002630504
   3.1149999895   0.0003089327   0.0000411267   0.0004673668
   3.1199999895   0.0004307094   0.0000321536   0.0006380978
   3.1249999895   0.0005204423   0.0000224346   0.0007610112
   3.1299999895   0.0005701590   0.0000124659   0.0008257455
   3.1349999895   0.0005752193   0.0000027393   0.0008266456
   3.1399999895   0.0005346525  -0.0000062528   0.0007631653
   3.1449999894   0.0004511710  -0.0000140384   0.0006398400
   3.1499999894   0.0003308996  -0.0000202118   0.0004658732
   3.1549999894   0.0001828765  -0.0000244864   0.0002544035
   3.1599999894   0.0000183739  -0.0000267362   0.0000215163
   3.1649999894  -0.0001499298  -0.0000270061  -0.0002149460
   3.1699999894  -0.0003088967  -0.0000254892  -0.0004367198
   3.1749999893  -0.0004459609  -0.0000224824  -0.0006265392
   3.1799999893  -0.0005501792  -0.0000183416  -0.0007695423
   3.1849999893  -0.0006132089  -0.0000134566  -0.0008545438
   3.1899999893  -0.0006300952  -0.0000082534  -0.0008750335
   3.1949999893  -0.0005997564  -0.0000032156  -0.0008297726
   3.1999999893  -0.0005250903   0.0000010991  -0.0007229025
   3.2049999892  -0.0004126819   0.0000040733  -0.0005635478
   3.2099999892  -0.0002721583   0.0000050942  -0.0003649710
   3.2149999892  -0.0001152914   0.0000036636  -0.0001433934
   3.2199999892   0.0000450273  -0.0000004692   0.0000833692
   3.2249999892   0.0001958223  -0.0000071932   0.0002973148
   3.2299999892   0.0003249956  -0.0000159815   0.0004815964
   3.2349999891   0.0004221706  -0.0000259249   0.0006217230
   3.2399999891   0.0004794055  -0.0000358550   0.0007065842
   3.2449999891   0.0004917729  -0.0000445300   0.0007292682
   3.2499999891   0.0004577903  -0.0000508392   0.0006876406
   3.2549999891   0.0003796619  -0.0000539728   0.0005846280
   3.2599999891   0.0002632703  -0.0000535224   0.0004281450
   3.2649999890   0.0001178624  -0.0000494954   0.0002306107
   3.2699999890  -0.0000445993  -0.0000422576   0.0000080425
   3.2749999890  -0.0002103954  -0.0000324324  -0.0002212264
   3.2799999890  -0.0003652356  -0.0000207945  -0.0004380927
   3.2849999890  -0.0004955368  -0.0000081830  -0.0006243295
   3.2899999890  -0.0005896443   0.0000045555  -0.0007641532
   3.2949999889  -0.0006388542   0.0000166024  -0.0008455458
   3.2999999889  -0.0006381412   0.0000271987  -0.0008612144
   3.3049999889  -0.0005865456   0.0000356864  -0.0008091313
   3.3099999889  -0.0004872225   0.0000415654  -0.0006926466
   3.3149999889  -0.0003471865   0.0000445518  -0.0005202053
   3.3199999889  -0.0001767923   0.0000446186  -0.0003047121
   3.3249999888   0.0000110135   0.0000419974  -0.0000625860
   3.3299999888   0.0002016404   0.0000371324   0.0001874515
   3.3349999888   0.0003799665   0.0000305951   0.0004258010
   3.3399999888   0.0005315591   0.0000229847   0.0006335439
   3.3449999888   0.0006439133   0.0000148453   0.0007940163
   3.3499999888   0.0007075837   0.0000066232   0.0008942501
   3.3549999887   0.0007170749  -0.0000013265   0.0009261204
   3.3599999887   0.0006713684  -0.0000086987   0.0008870580
   3.3649999887   0.0005740126  -0.0000151891   0.0007802426
   3.3699999887   0.0004327676  -0.0000204693   0.0006142617
   3.3749999887   0.0002588665  -0.0000242049   0.0004022982
   3.3799999886   0.0000660032  -0.0000261178   0.0001609659
   3.3849999886  -0.0001308216  -0.0000260705  -0.0000910652
   3.3899999886  -0.0003164777  -0.0000241404  -0.0003345179
   3.3949999886  -0.0004768174  -0.0000206502  -0.0005509251
   3.3999999886  -0.0005996723  -0.0000161378  -0.0007239447
   3.4049999886  -0.0006757067  -0.0000112691  -0.0008405209
   3.4099999885  -0.0006991050  -0.0000067203  -0.0008918486
   3.4149999885  -0.0006680566  -0.0000030639  -0.0008740808
   3.4199999885  -0.0005849861  -0.0000006922  -0.0007887114
   3.4249999885  -0.0004564690   0.0000002048  -0.0006425594
   3.4299999885  -0.0002927935  -0.0000003877  -0.0004473082
   3.4349999885  -0.0001071653  -0.0000023644  -0.0002186021
   3.4399999884   0.0000853854  -0.0000055530   0.0000252355
   3.4449999884   0.0002692867  -0.0000097421   0.0002647361
   3.4499999884   0.0004297525  -0.0000146767   0.0004809088
   3.4549999884   0.0005540077  -0.0000200310   0.0006567814
   3.4599999884   0.0006322907  -0.0000253836   0.0007787176
   3.4649999884   0.0006585601  -0.0000302182   0.0008374127
   3.4699999883   0.0006308807  -0.0000339657   0.0008285263
   3.4749999883   0.0005515042  -0.0000360825   0.0007529432
   3.4799999883   0.0004266718  -0.0000361459   0.0006166815
   3.4849999883   0.0002661658  -0.0000339349   0.0004304613
   3.4899999883   0.0000826277  -0.0000294717   0.0002089504
   3.4949999883  -0.0001093440  -0.0000230117  -0.0000302969
   3.4999999882  -0.0002942910  -0.0000149893  -0.0002681683
   3.5049999882  -0.0004571269  -0.0000059421  -0.0004855142
   3.5099999882  -0.0005844105   0.0000035578  -0.0006647373
   3.5149999882  -0.0006655269   0.0000129462  -0.0007912977
   3.5199999882  -0.0006936414   0.0000216759  -0.0008549645
   3.5249999882  -0.0006663033   0.0000292081  -0.0008506739
   3.5299999881  -0.0005856317   0.0000350073  -0.0007789036
   3.5349999881  -0.0004580768   0.0000385639  -0.0006455457
   3.5399999881  -0.0002938099   0.0000394537  -0.0004613269
   3.5449999881  -0.0001058386   0.0000374241  -0.0002408710
   3.5499999881   0.0000910438   0.0000324814  -0.0000015179
   3.5549999881   0.0002813819   0.0000249458   0.0002379963
   3.5599999880   0.0004501816   0.0000154467   0.0004589140
   3.5649999880   0.0005839900   0.0000048525   0.0006438219
   3.5699999880   0.0006718927  -0.0000058536   0.0007779494
   3.5749999880   0.0007063832  -0.0000157175   0.0008503313
   3.5799999880   0.0006840395  -0.0000239416   0.0008547458
   3.5849999880   0.0006059260  -0.0000299658   0.0007903261
   3.5899999879   0.0004776433  -0.0000334891   0.0006617501
   3.5949999879   0.0003089745  -0.0000344436   0.0004789469
   3.5999999879   0.0001131292  -0.0000329413   0.0002563172
   3.6049999879  -0.0000943520  -0.0000292225   0.0000115344
   3.6099999879  -0.0002969166  -0.0000236231  -0.0002359472
   3.6149999879  -0.0004783949  -0.0000165639  -0.0004665143
   3.6199999878  -0.0006243227  -0.0000085501  -0.0006619814
   3.6249999878  -0.0007230739  -0.0000001614  -0.0008070024
   3.6299999878  -0.0007667241   0.0000079818  -0.0008902118
   3.6349999878  -0.0007516139   0.0000152795  -0.0009050401
   3.6399999878  -0.0006786014   0.0000212282  -0.0008501792
   3.6449999878  -0.0005530123   0.0000254881  -0.0007296880
   3.6499999877  -0.0003842883   0.0000279186  -0.0005527286
   3.6549999877  -0.0001853355   0.0000285678  -0.0003329286
   3.6599999877   0.0000284135   0.0000276194  -0.0000873799
   3.6649999877   0.0002401888   0.0000253176   0.0001646827
   3.6699999877   0.0004332421   0.0000219005   0.0004034325
   3.6749999877   0.0005922549   0.0000175656   0.0006100951
   3.6799999876   0.0007046491   0.0000124813   0.0007685186
   3.6849999876   0.0007616509   0.0000068351   0.0008665017
   3.6899999876   0.0007589895   0.0000008931   0.0008967436
   3.6949999876   0.0006971703  -0.0000049616   0.0008573356
   3.6999999876   0.0005813221  -0.0000102367   0.0007517819
   3.7049999876   0.0004206756  -0.0000143923   0.0005885950
   3.7099999875   0.0002277612  -0.0000169428   0.0003805456
   3.7149999875   0.0000174206  -0.0000175657   0.0001436583
   3.7199999875  -0.0001942871  -0.0000161841  -0.0001039680
   3.7249999875  -0.0003912268  -0.0000129927  -0.0003434528
   3.7299999875  -0.0005583327  -0.0000084206  -0.0005564845
   3.7349999875  -0.0006827106  -0.0000030453  -0.0007266710
   3.7399999874  -0.0007546389   0.0000025142  -0.0008408090
   3.7449999874  -0.0007683839   0.0000076915  -0.0008899696
   3.7499999874  -0.0007227388   0.0000120318  -0.0008702844
   3.7549999874  -0.0006212010   0.0000152089  -0.0007833256
   3.7599999874  -0.0004717375   0.0000170124  -0.0006360172
   3.7649999874  -0.0002861435   0.0000173266  -0.0004400667
   3.7699999873  -0.0000790559   0.0000161203  -0.0002109777
   3.7749999873   0.0001332679   0.0000134580   0.0000332456
   3.7799999873   0.0003342735   0.0000095235   0.0002735610
   3.7849999873   0.0005084051   0.0000046408   0.0004913795
   3.7899999873   0.0006422717  -0.0000007307   0.0006699645
   3.7949999873   0.0007256158  -0.0000060383   0.0007956564
   3.7999999872   0.0007520449  -0.0000107112   0.0008588631
   3.8049999872   0.0007195031  -0.0000142521   0.0008547743
   3.8099999872   0.0006304610  -0.0000163174   0.0007837588
   3.8149999872   0.0004917957  -0.0000167608   0.0006514021
   3.8199999872   0.0003143406  -0.0000156294   0.0004681481
   3.8249999872   0.0001120966  -0.0000131186   0.0002485331
   3.8299999871  -0.0000988615  -0.0000095052   0.0000100424
   3.8349999871  -0.0003017034  -0.0000050875  -0.0002283257
   3.8399999871  -0.0004802628  -0.0000001539  -0.0004476517
   3.8449999871  -0.0006204050   0.0000050147  -0.0006306776
   3.8499999871  -0.0007111952   0.0000101168  -0.0007632144
   3.8549999871  -0.0007457502   0.0000148015  -0.0008352387
   3.8599999870  -0.0007217074   0.0000186631  -0.0008415958
   3.8649999870  -0.0006413053   0.0000212742  -0.0007822854
   3.8699999870  -0.0005111091   0.0000222560  -0.0006623517
   3.8749999870  -0.0003414445   0.0000213659  -0.0004914265
   3.8799999870  -0.0001456029   0.0000185727  -0.0002829825
   3.8849999870   0.0000611300   0.0000140901  -0.0000533435
   3.8899999869   0.0002625764   0.0000083552   0.0001795016
   3.8949999869   0.0004428574   0.0000019528   0.0003972336
   3.8999999869   0.0005876124  -0.0000044883   0.0005826136
   3.9049999869   0.0006851632  -0.0000103996   0.0007208712
   3.9099999869   0.0007275145  -0.0000153443   0.0008009435
   3.9149999869   0.0007110781  -0.0000190443   0.0008164308
   3.9199999868   0.0006370219  -0.0000213626   0.0007661547
   3.9249999868   0.0005111904  -0.0000222618   0.0006542472
   3.9299999868   0.0003435990  -0.0000217622   0.0004897634
   3.9349999868   0.0001475633  -0.0000199199   0.0002858725
   3.9399999868  -0.0000614303  -0.0000168320   0.0000587290
   3.9449999868  -0.0002669894  -0.0000126601  -0.0001738479
   3.9499999867  -0.0004530971  -0.0000076533  -0.0003937665
   3.9549999867  -0.0006053145  -0.0000021520  -0.0005840198
   3.9599999867  -0.0007118367   0.0000034384  -0.0007299330
   3.9649999867  -0.0007643549   0.0000086990  -0.0008202379
   3.9699999867  -0.0007586847   0.0000132580  -0.0008479220
   3.9749999867  -0.0006951218   0.0000168380  -0.0008107948
   3.9799999866  -0.0005784794   0.0000192739  -0.0007117124
   3.9849999866  -0.0004177760   0.0000204963  -0.0005584109
   3.9899999866  -0.0002255631   0.0000204947  -0.0003629292
   3.9949999866  -0.0000169265   0.0000192795  -0.0001406468
   3.9999999866   0.0001917565   0.0000168656   0.0000909844
   4.0049999866   0.0003841811   0.0000132902   0.0003138880
   4.0099999865   0.0005454569   0.0000086591   0.0005108396
   4.0149999865   0.0006632889   0.0000032005   0.0006668262
   4.0199999865   0.0007288952  -0.0000026992   0.0007701677
   4.0249999865   0.0007376017  -0.0000085035   0.0008133308
   4.0299999865   0.0006891020  -0.0000135848   0.0007934048
   4.0349999864   0.0005874039  -0.0000173255   0.0007122469
   4.0399999864   0.0004404979  -0.0000192327   0.0005763144
   4.0449999864   0.0002597793  -0.0000190340   0.0003962062
   4.0499999864   0.0000592521  -0.0000167248   0.0001859274
   4.0549999864  -0.0001454622  -0.0000125569  -0.0000381034
   4.0599999864  -0.0003382744  -0.0000069742  -0.0002582680
   4.0649999863  -0.0005038705  -0.0000005206  -0.0004571142
   4.0699999863  -0.0006289558   0.0000062514  -0.0006187701
   4.0749999863  -0.0007033783   0.0000128449  -0.0007302703
   4.0799999863  -0.0007210076   0.0000188474  -0.0007826542
   4.0849999863  -0.0006802668   0.0000239285  -0.0007717139
   4.0899999863  -0.0005842552   0.0000278234  -0.0006983166
   4.0949999862  -0.0004404601   0.0000303237  -0.0005682814
   4.0999999862  -0.0002601034   0.0000312861  -0.0003918469
   4.1049999862  -0.0000572097   0.0000306585  -0.0001828091
   4.1099999862   0.0001525049   0.0000285111   0.0000425788
   4.1149999862   0.0003528286   0.0000250535   0.0002668464
   4.1199999862   0.0005282546   0.0000206221   0.0004726068
   4.1249999861   0.0006651226   0.0000156341   0.0006438450
   4.1299999861   0.0007526445   0.0000105197   0.0007671268
   4.1349999861   0.0007837527   0.0000056526   0.0008326525
   4.1399999861   0.0007557043   0.0000013011   0.0008350721
   4.1449999861   0.0006703699  -0.0000023845   0.0007739743
   4.1499999861   0.0005341534  -0.0000053495   0.0006539783
   4.1549999860   0.0003575190  -0.0000075907   0.0004843911
   4.1599999860   0.0001541492  -0.0000091142   0.0002784460
   4.1649999860  -0.0000601882  -0.0000099156   0.0000521945
   4.1699999860  -0.0002689463  -0.0000099918  -0.0001768320
   4.1749999860  -0.0004561426  -0.0000093786  -0.0003910480
   4.1799999860  -0.0006076060  -0.0000081938  -0.0005741885
   4.1849999859  -0.0007120272  -0.0000066638  -0.0007125202
   4.1899999859  -0.0007617460  -0.0000051137  -0.0007958129
   4.1949999859  -0.0007532501  -0.0000039184  -0.0008180304
   4.1999999859  -0.0006873822  -0.0000034283  -0.0007777264
   4.2049999859  -0.0005692613  -0.0000038930  -0.0006781348
   4.2099999859  -0.0004079264  -0.0000054107  -0.0005269529
   4.2149999858  -0.0002157069  -0.0000079185  -0.0003358086
   4.2199999858  -0.0000073359  -0.0000112266  -0.0001194215
   4.2249999858   0.0002011563  -0.0000150789   0.0001055084
   4.2299999858   0.0003936983  -0.0000192178   0.0003216130
   4.2349999858   0.0005554759  -0.0000234269   0.0005122577
   4.2399999858   0.0006741473  -0.0000275396   0.0006628979
   4.2449999857   0.0007408456  -0.0000314165   0.0007622482
   4.2499999857   0.0007508665  -0.0000349066   0.0008031507
   4.2549999857   0.0007039810  -0.0000378169   0.0007830693
   4.2599999857   0.0006043646  -0.0000399083   0.0007041886
   4.2649999857   0.0004601816  -0.0000409246   0.0005731435
   4.2699999857   0.0002828874  -0.0000406471   0.0004004347
   4.2749999856   0.0000863271  -0.0000389536   0.0001995974
   4.2799999856  -0.0001143032  -0.0000358608  -0.0000138135
   4.2849999856  -0.0003035693  -0.0000315327  -0.0002233630
   4.2899999856  -0.0004669321  -0.0000262517  -0.0004129455
   4.2949999856  -0.0005918427  -0.0000203657  -0.0005679990
   4.2999999856  -0.0006687252  -0.0000142286  -0.0006766429
   4.3049999855  -0.0006917653  -0.0000081570  -0.0007306443
   4.3099999855  -0.0006594176  -0.0000024127  -0.0007261112
   4.3149999855  -0.0005745630   0.0000027888  -0.0006638282
   4.3199999855  -0.0004442807   0.0000072593  -0.0005491879
   4.3249999855  -0.0002792499   0.0000108240  -0.0003917177
   4.3299999855  -0.0000928427   0.0000133301  -0.0002042568
   4.3349999854   0.0000999901   0.0000146778  -0.0000018789
   4.3399999854   0.0002839253   0.0000148654   0.0001993261
   4.3449999854   0.0004444532   0.0000140263   0.0003834985
   4.3499999854   0.0005689551   0.0000124373   0.0005361905
   4.3549999854   0.0006476113   0.0000104874   0.0006454130
   4.3599999854   0.0006740999   0.0000086078   0.0007025022
   4.3649999853   0.0006460616   0.0000071833   0.0007027634
   4.3699999853   0.0005653066   0.0000064703   0.0006458580
   4.3749999853   0.0004377358   0.0000065488   0.0005358910
   4.3799999853   0.0002729595   0.0000073203   0.0003811660
   4.3849999853   0.0000836065   0.0000085511   0.0001935939
   4.3899999853  -0.0001156423   0.0000099430  -0.0000122239
   4.3949999852  -0.0003092309   0.0000112045  -0.0002201705
   4.3999999852  -0.0004820049   0.0000121031  -0.0004139404
   4.4049999852  -0.0006204623   0.0000124834  -0.0005783843
   4.4099999852  -0.0007138484   0.0000122564  -0.0007007344
   4.4149999852  -0.0007549916   0.0000113739  -0.0007715965
   4.4199999852  -0.0007408151   0.0000098065  -0.0007856325
   4.4249999851  -0.0006725056   0.0000075395  -0.0007419005
   4.4299999851  -0.0005553557   0.0000045895  -0.0006438574
   4.4349999851  -0.0003983194   0.0000010320  -0.0004990511
   4.4399999851  -0.0002133280  -0.0000029762  -0.0003185406
   4.4449999851  -0.0000144113  -0.0000071950  -0.0001160796
   4.4499999851   0.0001833290  -0.0000113261   0.0000928945
   4.4549999850   0.0003648446  -0.0000150610   0.0002924171
   4.4599999850   0.0005162961  -0.0000181339   0.0004672276
   4.4649999850   0.0006261536  -0.0000203632   0.0006039849
   4.4699999850   0.0006861408  -0.0000216644   0.0006923530
   4.4749999850   0.0006919232  -0.0000220332   0.0007258475
   4.4799999850   0.0006434587  -0.0000215077   0.0007023491
   4.4849999849   0.0005449708  -0.0000201278   0.0006242293
   4.4899999849   0.0004045503  -0.0000179113   0.0004980869
   4.4949999849   0.0002334412  -0.0000148587   0.0003341396
   4.4999999849   0.0000450966  -0.0000109830   0.0001453510
   4.5049999849  -0.0001458941  -0.0000063543  -0.0000536096
   4.5099999849  -0.0003249119  -0.0000011357  -0.0002474824
   4.5149999848  -0.0004783722   0.0000044053  -0.0004215309
   4.5199999848  -0.0005946902   0.0000099191  -0.0005625933
   4.5249999848  -0.0006651030   0.0000150243  -0.0006600234
   4.5299999848  -0.0006843096   0.0000193685  -0.0007064728
   4.5349999848  -0.0006508885   0.0000226797  -0.0006984630
   4.5399999848  -0.0005674467   0.0000247913  -0.0006366907
   4.5449999847  -0.0004404661   0.0000256365  -0.0005260187
   4.5499999847  -0.0002798323   0.0000252205  -0.0003751258
   4.5549999847  -0.0000980643   0.0000235878  -0.0001958272
   4.5599999847   0.0000906920   0.0000208027  -0.0000021165
   4.5649999847   0.0002718155   0.0000169542   0.0001909757
   4.5699999847   0.0004313880   0.0000121816   0.0003685948
   4.5749999846   0.0005572881   0.0000067073   0.0005172282
   4.5799999846   0.0006401038   0.0000008565   0.0006257239
   4.5849999846   0.0006738030  -0.0000049531   0.0006860933
   4.5899999846   0.0006561310  -0.0000102567   0.0006940558
   4.5949999846   0.0005887315  -0.0000146139   0.0006493132
   4.5999999846   0.0004770003  -0.0000176859   0.0005555518
   4.6049999845   0.0003296888  -0.0000192927   0.0004201748
   4.6099999845   0.0001582726  -0.0000194347   0.0002537748
   4.6149999845  -0.0000238895  -0.0000182711   0.0000693589
   4.6199999845  -0.0002025659  -0.0000160668  -0.0001186358
   4.6249999845  -0.0003637683  -0.0000131278  -0.0002954771
   4.6299999845  -0.0004948825  -0.0000097469  -0.0004473282
   4.6349999844  -0.0005857088  -0.0000061760  -0.0005623845
   4.6399999844  -0.0006293017  -0.0000026273  -0.0006318385
   4.6449999844  -0.0006225225   0.0000007080  -0.0006505757
   4.6499999844  -0.0005662531   0.0000036390  -0.0006175386
   4.6549999844  -0.0004652624   0.0000059710  -0.0005357408
   4.6599999844  -0.0003277621   0.0000075246  -0.0004119540
   4.6649999843  -0.0001647112   0.0000081745  -0.0002561215
   4.6699999843   0.0000110545   0.0000078927  -0.0000805636
   4.6749999843   0.0001857976   0.0000067767   0.0001009593
   4.6799999843   0.0003458966   0.0000050480   0.0002742676
   4.6849999843   0.0004788521   0.0000030165   0.0004258131
   4.6899999843   0.0005742286   0.0000010196   0.0005437041
   4.6949999842   0.0006244722  -0.0000006465   0.0006186389
   4.6999999842   0.0006255389  -0.0000017810   0.0006446706
   4.7049999842   0.0005772642  -0.0000023037   0.0006197271
   4.7099999842   0.0004834215  -0.0000022458   0.0005458158
   4.7149999842   0.0003514407  -0.0000017146   0.0004288768
   4.7199999841   0.0001918023  -0.0000008479   0.0002782879
   4.7249999841   0.0000171626   0.0000002241   0.0001060688
   4.7299999841  -0.0001586978   0.0000013981  -0.0000741285
   4.7349999841  -0.0003219959   0.0000025951  -0.0002481376
   4.7399999841  -0.0004600298   0.0000037448  -0.0004023956
   4.7449999841  -0.0005621383   0.0000047691  -0.0005249724
   4.7499999840  -0.0006204736   0.0000055774  -0.0006064420
   4.7549999840  -0.0006305519   0.0000060769  -0.0006405541
   4.7599999840  -0.0005915639   0.0000061954  -0.0006246789
   4.7649999840  -0.0005064340   0.0000059036  -0.0005600032
   4.7699999840  -0.0003816232   0.0000052255  -0.0004514643
   4.7749999840  -0.0002266748   0.0000042301  -0.0003074078
   4.7799999839  -0.0000535145   0.0000030049  -0.0001389757
   4.7849999839   0.0001244599   0.0000016237   0.0000407485
   4.7899999839   0.0002934343   0.0000001233   0.0002177769
   4.7949999839   0.0004402903  -0.0000014990   0.0003783461
   4.7999999839   0.0005536648  -0.0000032625   0.0005100290
   4.8049999839   0.0006248536  -0.0000051630   0.0006027202
   4.8099999838   0.0006484725  -0.0000071328   0.0006494031
   4.8149999838   0.0006228263  -0.0000090185   0.0006466407
   4.8199999838   0.0005499732  -0.0000105904   0.0005947691
   4.8249999838   0.0004355049  -0.0000115848   0.0004978060
   4.8299999838   0.0002880848  -0.0000117670   0.0003631062
   4.8349999838   0.0001187931  -0.0000109946   0.0002008051
   4.8399999837  -0.0000596755  -0.0000092603   0.0000230886
   4.8449999837  -0.0002339175  -0.0000066993  -0.0001566742
   4.8499999837  -0.0003907876  -0.0000035613  -0.0003248949
   4.8549999837  -0.0005183745  -0.0000001575  -0.0004687762
   4.8599999837  -0.0006069210   0.0000031977  -0.0005773007
   4.8649999837  -0.0006496099   0.0000062317  -0.0006421157
   4.8699999836  -0.0006431374   0.0000087340  -0.0006582248
   4.8749999836  -0.0005880050   0.0000105539  -0.0006244107
   4.8799999836  -0.0004884908   0.0000115838  -0.0005433375
   4.8849999836  -0.0003522995   0.0000117459  -0.0004213224
   4.8899999836  -0.0001899279   0.0000109915  -0.0002678055
   4.8949999836  -0.0000138160   0.0000093192  -0.0000945789
   4.8999999835   0.0001626314   0.0000068004   0.0000851445
   4.9049999835   0.0003260668   0.0000036027   0.0002577399
   4.9099999835   0.0004641893  -0.0000000089   0.0004101823
   4.9149999835   0.0005666414  -0.0000036972   0.0005309998
   4.9199999835   0.0006257647  -0.0000071032   0.0006111148
   4.9249999835   0.0006371729  -0.0000099081   0.0006445269
   4.9299999834   0.0006001026  -0.0000118875   0.0006287887
   4.9349999834   0.0005175065  -0.0000129404   0.0005652289
   4.9399999834   0.0003958624  -0.0000130861   0.0004588859
   4.9449999834   0.0002446917  -0.0000124322   0.0003181366
   4.9499999834   0.0000758121  -0.0000111283   0.0001540350
   4.9549999834  -0.0000976154  -0.0000093241  -0.0000205859
   4.9599999833  -0.0002621598  -0.0000071473  -0.0001921644
   4.9649999833  -0.0004052043  -0.0000047047  -0.0003475092
   4.9699999833  -0.0005159398  -0.0000021024  -0.0004748389
   4.9749999833  -0.0005861777   0.0000005312  -0.0005646723
   4.9799999833  -0.0006109264   0.0000030339  -0.0006105043
   4.9849999833  -0.0005887025   0.0000052203  -0.0006092343
   4.9899999832  -0.0005215795   0.0000069126  -0.0005613382
   4.9949999832  -0.0004149882   0.0000079822  -0.0004707915
   4.9999999832  -0.0002772948   0.0000083827  -0.0003447579
   5.0049999832  -0.0001191817   0.0000081626  -0.0001930618
   5.0099999832   0.0000471376   0.0000074495  -0.0000274656
   5.0149999832   0.0002088311   0.0000064120   0.0001392104
   5.0199999831   0.0003534313   0.0000052129   0.0002940752
   5.0249999831   0.0004698169   0.0000039719   0.0004251860
   5.0299999831   0.0005491047   0.0000027500   0.0005225074
   5.0349999831   0.0005853641   0.0000015608   0.0005787183
   5.0399999831   0.0005760808   0.0000003999   0.0005897827
   5.0449999831   0.0005223236  -0.0000007211   0.0005552333
   5.0499999830   0.0004286065  -0.0000017523   0.0004781473
   5.0549999830   0.0003024728  -0.0000026043   0.0003648367
   5.0599999830   0.0001538560  -0.0000031684   0.0002242979
   5.0649999830  -0.0000057155  -0.0000033490   0.0000674844
   5.0699999830  -0.0001639990  -0.0000030933  -0.0000935349
   5.0749999830  -0.0003089456  -0.0000024072  -0.0002464717
   5.0799999829  -0.0004295795  -0.0000013507  -0.0003797181
   5.0849999829  -0.0005168042  -0.0000000169  -0.0004832013
   5.0899999829  -0.0005640851   0.0000014952  -0.0005491412
   5.0949999829  -0.0005679608   0.0000030997  -0.0005726558
   5.0999999829  -0.0005283320   0.0000047286  -0.0005521582
   5.1049999829  -0.0004484891   0.0000063195  -0.0004894964
   5.1099999828  -0.0003348602   0.0000077951  -0.0003898099
   5.1149999828  -0.0001964917   0.0000090485  -0.0002611058
   5.1199999828  -0.0000443060   0.0000099437  -0.0001135937
   5.1249999828   0.0001097899   0.0000103387   0.0000411535
   5.1299999828   0.0002538574   0.0000101250   0.0001911283
   5.1349999828   0.0003768515   0.0000092697   0.0003248200
   5.1399999827   0.0004694446   0.0000078455   0.0004320738
   5.1449999827   0.0005246956   0.0000060322   0.0005048221
   5.1499999827   0.0005385312   0.0000040877   0.0005376517
   5.1549999827   0.0005100253   0.0000022934   0.0005281849
   5.1599999827   0.0004414663   0.0000008913   0.0004772585
   5.1649999827   0.0003382084   0.0000000308   0.0003888865
   5.1699999826   0.0002083048  -0.0000002576   0.0002699969
   5.1749999826   0.0000619303  -0.0000000576   0.0001299405
   5.1799999826  -0.0000893822   0.0000004656  -0.0000202103
   5.1849999826  -0.0002336427   0.0000011118  -0.0001685289
   5.1899999826  -0.0003593706   0.0000016901  -0.0003031991
   5.1949999826  -0.0004565361   0.0000020483  -0.0004134847
   5.1999999825  -0.0005173825   0.0000020833  -0.0004906091
   5.2049999825  -0.0005370498   0.0000017354  -0.0005284584
   5.2099999825  -0.0005139418   0.0000009770  -0.0005240450
   5.2149999825  -0.0004498159  -0.0000001948  -0.0004777042
   5.2199999825  -0.0003496034  -0.0000017563  -0.0003930221
   5.2249999825  -0.0002209949  -0.0000036481  -0.0002765220
   5.2299999824  -0.0000738332  -0.0000057654  -0.0001371464
   5.2349999824   0.0000806337  -0.0000079581   0.0000144227
   5.2399999824   0.0002305923  -0.0000100454   0.0001665616
   5.2449999824   0.0003645479  -0.0000118460   0.0003075759
   5.2499999824   0.0004721984  -0.0000132135   0.0004265912
   5.2549999824   0.0005452383  -0.0000140667   0.0005144047
   5.2599999823   0.0005780269  -0.0000144031   0.0005642232
   5.2649999823   0.0005680540  -0.0000142890   0.0005722209
   5.2699999823   0.0005161504  -0.0000138308   0.0005378512
   5.2749999823   0.0004264154  -0.0000131384   0.0004638806
   5.2799999823   0.0003058639  -0.0000122927   0.0003561363
   5.2849999823   0.0001638326  -0.0000113316   0.0002230017
   5.2899999822   0.0000112097  -0.0000102573   0.0000747150
   5.2949999822  -0.0001404335  -0.0000090602  -0.0000774517
   5.2999999822  -0.0002797296  -0.0000077480  -0.0002220603
   5.3049999822  -0.0003963545  -0.0000063671  -0.0003483538
   5.3099999822  -0.0004817668  -0.0000050048  -0.0004470310
   5.3149999822  -0.0005298108  -0.0000037712  -0.0005109091
   5.3199999821  -0.0005371551  -0.0000027682  -0.0005354421
   5.3249999821  -0.0005035418  -0.0000020571  -0.0005190636
   5.3299999821  -0.0004318239  -0.0000016392  -0.0004633245
   5.3349999821  -0.0003277752  -0.0000014572  -0.0003728010
   5.3399999821  -0.0001996684  -0.0000014169  -0.0002547629
   5.3449999821  -0.0000576410  -0.0000014199  -0.0001186129
   5.3499999820   0.0000871056  -0.0000013944   0.0000248622
   5.3549999820   0.0002232048  -0.0000013109   0.0001643619
   5.3599999820   0.0003400356  -0.0000011776   0.0002889815
   5.3649999820   0.0004285587  -0.0000010177   0.0003890716
   5.3699999820   0.0004820042  -0.0000008397   0.0004569737
   5.3749999820   0.0004963588  -0.0000006143   0.0004875741
   5.3799999819   0.0004706267  -0.0000002694   0.0004786478
   5.3849999819   0.0004068635   0.0000002948   0.0004309832
   5.3899999819   0.0003099943   0.0000011743   0.0003482958
   5.3949999819   0.0001874396   0.0000024266   0.0002369447
   5.3999999819   0.0000485729   0.0000040462   0.0001054699
   5.4049999818  -0.0000959622   0.0000059581  -0.0000360273
   5.4099999818  -0.0002350391   0.0000080319  -0.0001766306
   5.4149999818  -0.0003578924   0.0000101078  -0.0003054375
   5.4199999818  -0.0004549583   0.0000120249  -0.0004124112
   5.4249999818  -0.0005186385   0.0000136394  -0.0004891819
   5.4299999818  -0.0005439159   0.0000148300  -0.0005297218
   5.4349999817  -0.0005287570   0.0000154920  -0.0005308264
   5.4399999817  -0.0004742636   0.0000155298  -0.0004923542
   5.4449999817  -0.0003845611   0.0000148578  -0.0004172103
   5.4499999817  -0.0002664442   0.0000134152  -0.0003110847
   5.4549999817  -0.0001288235   0.0000111935  -0.0001819815
   5.4599999817   0.0000179701   0.0000082662  -0.0000395925
   5.4649999816   0.0001629651   0.0000048067   0.0001054339
   5.4699999816   0.0002953558   0.0000010843   0.0002422752
   5.4749999816   0.0004052897  -0.0000025681   0.0003607233
   5.4799999816   0.0004845906  -0.0000058078   0.0004519361
   5.4849999816   0.0005273748  -0.0000083430   0.0005091055
   5.4899999816   0.0005305161  -0.0000099840   0.0005279950
   5.4949999815   0.0004939145  -0.0000106680   0.0005072956
   5.4999999815   0.0004205344  -0.0000104546   0.0004487573
   5.5049999815   0.0003161914  -0.0000094933   0.0003570700
   5.5099999815   0.0001890953  -0.0000079781   0.0002394919
   5.5149999815   0.0000491855  -0.0000061041   0.0001052558
   5.5199999815  -0.0000926793  -0.0000040390  -0.0000351888
   5.5249999814  -0.0002255969  -0.0000019150  -0.0001710241
   5.5299999814  -0.0003394813   0.0000001631  -0.0002919189
   5.5349999814  -0.0004258298   0.0000021027  -0.0003888172
   5.5399999814  -0.0004783442   0.0000038129  -0.0004546024
   5.5449999814  -0.0004933668   0.0000052040  -0.0004845973
   5.5499999814  -0.0004701161   0.0000061996  -0.0004768778
   5.5549999813  -0.0004107166   0.0000067530  -0.0004323900
   5.5599999813  -0.0003200244   0.0000068607  -0.0003548661
   5.5649999813  -0.0002052597   0.0000065638  -0.0002505417
   5.5699999813  -0.0000754623   0.0000059361  -0.0001276863
   5.5749999813   0.0000591997   0.0000050627   0.0000040310
   5.5799999813   0.0001882210   0.0000040178   0.0001342974
   5.5849999812   0.0003015893   0.0000028517   0.0002529735
   5.5899999812   0.0003905793   0.0000015925   0.0003509009
   5.5949999812   0.0004484376   0.0000002612   0.0004206222
   5.5999999812   0.0004708941  -0.0000011062   0.0004569485
   5.6049999812   0.0004564587  -0.0000024408   0.0004573258
   5.6099999812   0.0004064854  -0.0000036369   0.0004219814
   5.6149999811   0.0003250158  -0.0000045643   0.0003538509
   5.6199999811   0.0002184287  -0.0000050964   0.0002583114
   5.6249999811   0.0000949355  -0.0000051419   0.0001427510
   5.6299999811  -0.0000360383  -0.0000046703   0.0000160115
   5.6349999811  -0.0001645455  -0.0000037219  -0.0001122610
   5.6399999811  -0.0002808469  -0.0000023981  -0.0002323242
   5.6449999810  -0.0003761363  -0.0000008384  -0.0003350665
   5.6499999810  -0.0004432154   0.0000008097  -0.0004127063
   5.6549999810  -0.0004770655   0.0000024140  -0.0004594095
   5.6599999810  -0.0004752622   0.0000038693  -0.0004717672
   5.6649999810  -0.0004381854   0.0000050955  -0.0004490809
   5.6699999810  -0.0003689963   0.0000060264  -0.0003934207
   5.6749999809  -0.0002733772   0.0000065991  -0.0003094477
   5.6799999809  -0.0001590601   0.0000067512  -0.0002040177
   5.6849999809  -0.0000351923   0.0000064305  -0.0000856125
   5.6899999809   0.0000883952   0.0000056143   0.0000363428
   5.6949999809   0.0002019511   0.0000043311   0.0001522128
   5.6999999809   0.0002965372   0.0000026741   0.0002528766
   5.7049999808   0.0003646845   0.0000007987   0.0003303974
   5.7099999808   0.0004009350  -0.0000010976   0.0003785995
   5.7149999808   0.0004022423  -0.0000028091   0.0003935234
   5.7199999808   0.0003682077  -0.0000041600   0.0003737320
   5.7249999808   0.0003011317  -0.0000050336   0.0003204412
   5.7299999808   0.0002058660  -0.0000053858   0.0002374564
   5.7349999807   0.0000894641  -0.0000052389   0.0001309024
   5.7399999807  -0.0000393549  -0.0000046615   0.0000087588
   5.7449999807  -0.0001708917  -0.0000037433  -0.0001197698
   5.7499999807  -0.0002952421  -0.0000025755  -0.0002449924
   5.7549999807  -0.0004030908  -0.0000012433  -0.0003575107
   5.7599999807  -0.0004864481   0.0000001696  -0.0004489630
   5.7649999806  -0.0005392636   0.0000015698  -0.0005126683
   5.7699999806  -0.0005578700   0.0000028471  -0.0005441178
   5.7749999806  -0.0005412289   0.0000038783  -0.0005412866
   5.7799999806  -0.0004909760   0.0000045456  -0.0005047538
   5.7849999806  -0.0004112710   0.0000047652  -0.0004376338
   5.7899999806  -0.0003084731   0.0000045138  -0.0003453319
   5.7949999805  -0.0001906629   0.0000038440  -0.0002351391
   5.7999999805  -0.0000670383   0.0000028774  -0.0001156889
   5.8049999805   0.0000527811   0.0000017765   0.0000036965
   5.8099999805   0.0001594976   0.0000007040   0.0001137281
   5.8149999805   0.0002448724  -0.0000002184   0.0002058884
   5.8199999805   0.0003023925  -0.0000009351   0.0002731225
   5.8249999804   0.0003278048  -0.0000014594   0.0003104158
   5.8299999804   0.0003194639  -0.0000018522   0.0003152020
   5.8349999804   0.0002784565  -0.0000021883   0.0002875591
   5.8399999804   0.0002084949  -0.0000025222   0.0002301805
   5.8449999804   0.0001155941  -0.0000028677   0.0001481287
   5.8499999804   0.0000075708  -0.0000031975   0.0000484065
   5.8549999803  -0.0001065840  -0.0000034600  -0.0000606109
   5.8599999803  -0.0002174038  -0.0000036046  -0.0001698282
   5.8649999803  -0.0003156617  -0.0000036029  -0.0002701197
   5.8699999803  -0.0003930562  -0.0000034582  -0.0003530079
   5.8749999803  -0.0004428253  -0.0000031989  -0.0004112931
   5.8799999803  -0.0004602518  -0.0000028634  -0.0004395931
   5.8849999802  -0.0004430267  -0.0000024848  -0.0004347587
   5.8899999802  -0.0003914393  -0.0000020839  -0.0003961287
   5.8949999802  -0.0003083730  -0.0000016749  -0.0003255990
   5.8999999802  -0.0001990965  -0.0000012792  -0.0002274883
   5.9049999802  -0.0000708609  -0.0000009402  -0.0001082076
   5.9099999802   0.0000676666  -0.0000007273   0.0000242441
   5.9149999801   0.0002070824  -0.0000007257   0.0001609104
   5.9199999801   0.0003379772  -0.0000010117   0.0002925763
   5.9249999801   0.0004516528  -0.0000016233   0.0004104714
   5.9299999801   0.0005407636  -0.0000025369   0.0005069183
   5.9349999801   0.0005998391  -0.0000036619   0.0005758813
   5.9399999801   0.0006256548  -0.0000048557   0.0006133798
   5.9449999800   0.0006174372  -0.0000059556   0.0006177507
   5.9499999800   0.0005768959  -0.0000068165   0.0005897482
   5.9549999800   0.0005080859  -0.0000073426   0.0005324779
   5.9599999800   0.0004171053  -0.0000075009   0.0004511668
   5.9649999800   0.0003116417  -0.0000073159   0.0003527757
   5.9699999800   0.0002003906  -0.0000068494   0.0002454720
   5.9749999799   0.0000923807  -0.0000061753   0.0001379953
   5.9799999799  -0.0000037418  -0.0000053606   0.0000389619
   5.9849999799  -0.0000804112  -0.0000044585  -0.0000438316
   5.9899999799  -0.0001317551  -0.0000035148  -0.0001040396
   5.9949999799  -0.0001540649  -0.0000025808  -0.0001372747
