   0.0000000000   0.0000000000   0.0000000000   0.0000000000
   0.0050000000   0.0000000000   0.0000000000   0.0000000000
   0.0100000000   0.0000000000   0.0000000000   0.0000000000
   0.0149999999   0.0000000000   0.0000000000   0.0000000000
   0.0199999999   0.0000000000   0.0000000000   0.0000000000
   0.0249999999   0.0000000000   0.0000000000   0.0000000000
   0.0299999999   0.0000000000   0.0000000000   0.0000000000
   0.0349999999   0.0000000000   0.0000000000   0.0000000000
   0.0399999999   0.0000000000   0.0000000000   0.0000000000
   0.0449999998   0.0000000000   0.0000000000   0.0000000000
   0.0499999998  -0.0000000000  -0.0000000000  -0.0000000000
   0.0549999998  -0.0000000000  -0.0000000000  -0.0000000000
   0.0599999998  -0.0000000000  -0.0000000000  -0.0000000000
   0.0649999998  -0.0000000000  -0.0000000000  -0.0000000000
   0.0699999998  -0.0000000000  -0.0000000000  -0.0000000000
   0.0749999997  -0.0000000000  -0.0000000000  -0.0000000000
   0.0799999997  -0.0000000000  -0.0000000000  -0.0000000000
   0.0849999997  -0.0000000000  -0.0000000000  -0.0000000000
   0.0899999997  -0.0000000000  -0.0000000000  -0.0000000000
   0.0949999997  -0.0000000000  -0.0000000000  -0.0000000000
   0.0999999997  -0.0000000000  -0.0000000000  -0.0000000000
   0.1049999996  -0.0000000000  -0.0000000000  -0.0000000000
   0.1099999996  -0.0000000000  -0.0000000000  -0.0000000000
   0.1149999996  -0.0000000000  -0.0000000000  -0.0000000000
   0.1199999996  -0.0000000000  -0.0000000000  -0.0000000000
   0.1249999996  -0.0000000000  -0.0000000000  -0.0000000000
   0.1299999996  -0.0000000000  -0.0000000000  -0.0000000000
   0.1349999995  -0.0000000000  -0.0000000000  -0.0000000000
   0.1399999995  -0.0000000000  -0.0000000000  -0.0000000000
   0.1449999995  -0.0000000000  -0.0000000000  -0.0000000000
   0.1499999995  -0.0000000000  -0.0000000000  -0.0000000000
   0.1549999995  -0.0000000000  -0.0000000000  -0.0000000000
   0.1599999995  -0.0000000000  -0.0000000000  -0.0000000000
   0.1649999994  -0.0000000000  -0.0000000000  -0.0000000000
   0.1699999994  -0.0000000000  -0.0000000000  -0.0000000000
   0.1749999994  -0.0000000000  -0.0000000000  -0.0000000000
   0.1799999994  -0.0000000000  -0.0000000000  -0.0000000000
   0.1849999994  -0.0000000000   0.0000000000  -0.0000000000
   0.1899999994  -0.0000000000   0.0000000000  -0.0000000000
   0.1949999993   0.0000000000   0.0000000000   0.0000000000
   0.1999999993   0.0000000000   0.0000000000   0.0000000000
   0.2049999993   0.0000000000   0.0000000000   0.0000000000
   0.2099999993   0.0000000000   0.0000000000   0.0000000000
   0.2149999993   0.0000000000   0.0000000000   0.0000000000
   0.2199999993   0.0000000000   0.0000000000   0.0000000000
   0.2249999992   0.0000000000   0.0000000000   0.0000000000
   0.2299999992   0.0000000000  -0.0000000000   0.0000000000
   0.2349999992   0.0000000000  -0.0000000000   0.0000000000
   0.2399999992   0.0000000000  -0.0000000000   0.0000000000
   0.2449999992   0.0000000000  -0.0000000000   0.0000000000
   0.2499999992   0.0000000000  -0.0000000000   0.0000000000
   0.2549999991   0.0000000000  -0.0000000000   0.0000000000
   0.2599999991   0.0000000000  -0.0000000000   0.0000000000
   0.2649999991  -0.0000000000   0.0000000000  -0.0000000000
   0.2699999991  -0.0000000000   0.0000000000  -0.0000000000
   0.2749999991  -0.0000000000   0.0000000000  -0.0000000000
   0.2799999991  -0.0000000000   0.0000000000  -0.0000000000
   0.2849999990  -0.0000000000   0.0000000000  -0.0000000000
   0.2899999990  -0.0000000000   0.0000000000  -0.0000000000
   0.2949999990   0.0000000000  -0.0000000000   0.0000000000
   0.2999999990   0.0000000000  -0.0000000000   0.0000000000
   0.3049999990   0.0000000000  -0.0000000000   0.0000000000
   0.3099999990   0.0000000000  -0.0000000000   0.0000000000
   0.3149999989   0.0000000000  -0.0000000000   0.0000000000
   0.3199999989   0.0000000000  -0.0000000000   0.0000000000
   0.3249999989  -0.0000000000   0.0000000000  -0.0000000000
   0.3299999989  -0.0000000000   0.0000000000  -0.0000000000
   0.3349999989  -0.0000000000   0.0000000000  -0.0000000000
   0.3399999989  -0.0000000000   0.0000000000  -0.0000000000
   0.3449999988  -0.0000000000   0.0000000000  -0.0000000000
   0.3499999988  -0.0000000000   0.0000000000  -0.0000000000
   0.3549999988   0.0000000000  -0.0000000000   0.0000000000
   0.3599999988   0.0000000000  -0.0000000000   0.0000000000
   0.3649999988   0.0000000000  -0.0000000000   0.0000000000
   0.3699999988   0.0000000000  -0.0000000000   0.0000000000
   0.3749999987   0.0000000000  -0.0000000000   0.0000000000
   0.3799999987   0.0000000000  -0.0000000000   0.0000000000
   0.3849999987   0.0000000000  -0.0000000000   0.0000000000
   0.3899999987  -0.0000000000   0.0000000000  -0.0000000000
   0.3949999987  -0.0000000000   0.0000000000  -0.0000000000
   0.3999999987  -0.0000000000   0.0000000000  -0.0000000000
   0.4049999986  -0.0000000000   0.0000000000  -0.0000000000
   0.4099999986  -0.0000000000   0.0000000000  -0.0000000000
   0.4149999986  -0.0000000000   0.0000000000  -0.0000000000
   0.4199999986   0.0000000000  -0.0000000000   0.0000000000
   0.4249999986   0.0000000000  -0.0000000000   0.0000000000
   0.4299999986   0.0000000000  -0.0000000000   0.0000000000
   0.4349999985   0.0000000000  -0.0000000000   0.0000000000
   0.4399999985   0.0000000000  -0.0000000000   0.0000000000
   0.4449999985   0.0000000000  -0.0000000000   0.0000000000
   0.4499999985  -0.0000000000   0.0000000000  -0.0000000000
   0.4549999985  -0.0000000001   0.0000000000  -0.0000000001
   0.4599999985  -0.0000000001   0.0000000001  -0.0000000001
   0.4649999984  -0.0000000001   0.0000000001  -0.0000000001
   0.4699999984  -0.0000000001   0.0000000001  -0.0000000001
   0.4749999984  -0.0000000000   0.0000000000  -0.0000000000
   0.4799999984   0.0000000001  -0.0000000000   0.0000000001
   0.4849999984   0.0000000002  -0.0000000001   0.0000000002
   0.4899999984   0.0000000003  -0.0000000001   0.0000000003
   0.4949999983   0.0000000003  -0.0000000001   0.0000000003
   0.4999999983   0.0000000002  -0.0000000001   0.0000000002
   0.5049999983  -0.0000000000  -0.0000000000  -0.0000000000
   0.5099999983  -0.0000000003  -0.0000000000  -0.0000000003
   0.5149999983  -0.0000000006  -0.0000000001  -0.0000000006
   0.5199999983  -0.0000000008  -0.0000000002  -0.0000000008
   0.5249999982  -0.0000000009  -0.0000000003  -0.0000000009
   0.5299999982  -0.0000000006  -0.0000000003  -0.0000000006
   0.5349999982  -0.0000000000  -0.0000000001  -0.0000000000
   0.5399999982   0.0000000008   0.0000000007   0.0000000008
   0.5449999982   0.0000000017   0.0000000019   0.0000000017
   0.5499999982   0.0000000025   0.0000000034   0.0000000025
   0.5549999981   0.0000000030   0.0000000047   0.0000000030
   0.5599999981   0.0000000031   0.0000000048   0.0000000031
   0.5649999981   0.0000000026   0.0000000027   0.0000000026
   0.5699999981   0.0000000013  -0.0000000021   0.0000000013
   0.5749999981  -0.0000000013  -0.0000000100  -0.0000000014
   0.5799999981  -0.0000000059  -0.0000000198  -0.0000000060
   0.5849999980  -0.0000000130  -0.0000000293  -0.0000000132
   0.5899999980  -0.0000000224  -0.0000000351  -0.0000000226
   0.5949999980  -0.0000000322  -0.0000000328  -0.0000000324
   0.5999999980  -0.0000000374  -0.0000000180  -0.0000000375
   0.6049999980  -0.0000000294   0.0000000133  -0.0000000292
   0.6099999980   0.0000000031   0.0000000626   0.0000000035
   0.6149999979   0.0000000701   0.0000001275   0.0000000709
   0.6199999979   0.0000001730   0.0000001989   0.0000001739
   0.6249999979   0.0000002933   0.0000002572   0.0000002941
   0.6299999979   0.0000003813   0.0000002684   0.0000003819
   0.6349999979   0.0000003503   0.0000001830   0.0000003501
   0.6399999979   0.0000000840  -0.0000000587   0.0000000829
   0.6449999978  -0.0000005304  -0.0000005092  -0.0000005324
   0.6499999978  -0.0000015374  -0.0000011790  -0.0000015401
   0.6549999978  -0.0000028182  -0.0000019836  -0.0000028210
   0.6599999978  -0.0000039820  -0.0000026799  -0.0000039839
   0.6649999978  -0.0000042838  -0.0000028153  -0.0000042840
   0.6699999978  -0.0000026333  -0.0000017252  -0.0000026311
   0.6749999977   0.0000022275   0.0000013708   0.0000022322
   0.6799999977   0.0000113036   0.0000071240   0.0000113098
   0.6849999977   0.0000246482   0.0000156344   0.0000246540
   0.6899999977   0.0000404355   0.0000258718   0.0000404383
   0.6949999977   0.0000539785   0.0000350368   0.0000539761
   0.6999999976   0.0000570197   0.0000380597   0.0000570109
   0.7049999976   0.0000377619   0.0000275261   0.0000377476
   0.7099999976  -0.0000178110  -0.0000056169  -0.0000178270
   0.7149999976  -0.0001228186  -0.0000702355  -0.0001228299
   0.7199999976  -0.0002842881  -0.0001718469  -0.0002842861
   0.7249999976  -0.0004960077  -0.0003081493  -0.0004959836
   0.7299999975  -0.0007301453  -0.0004636300  -0.0007300934
   0.7349999975  -0.0009290148  -0.0006040588  -0.0009289353
   0.7399999975  -0.0009989569  -0.0006720630  -0.0009988598
   0.7449999975  -0.0008086306  -0.0005852252  -0.0008085385
   0.7499999975  -0.0001938766  -0.0002381314  -0.0001938257
   0.7549999975   0.0010293945   0.0004905663   0.0010293550
   0.7599999974   0.0030441320   0.0017257337   0.0030439433
   0.7649999974   0.0060044758   0.0035786711   0.0060040772
   0.7699999974   0.0100049349   0.0061272023   0.0100042752
   0.7749999974   0.0150514242   0.0093958192   0.0150504772
   0.7799999974   0.0210399669   0.0133394246   0.0210387518
   0.7849999974   0.0277485336   0.0178342531   0.0277471377
   0.7899999973   0.0348458463   0.0226788272   0.0348444486
   0.7949999973   0.0419181766   0.0276063541   0.0419170681
   0.7999999973   0.0485116697   0.0323079837   0.0485112653
   0.8049999973   0.0541842640   0.0364642179   0.0541851009
   0.8099999973   0.0585586764   0.0397799262   0.0585613945
   0.8149999973   0.0613669452   0.0420173639   0.0613722479
   0.8199999972   0.0624780803   0.0430216064   0.0624866769
   0.8249999972   0.0619034408   0.0427340226   0.0619159772
   0.8299999972   0.0597789750   0.0411916250   0.0597959650
   0.8349999972   0.0563284386   0.0385129076   0.0563502068
   0.8399999972   0.0518159341   0.0348735080   0.0518425860
   0.8449999972   0.0464985106   0.0304770450   0.0465299364
   0.8499999971   0.0405893939   0.0255272985   0.0406253098
   0.8549999971   0.0342396437   0.0202072648   0.0342796634
   0.8599999971   0.0275412586   0.0146686882   0.0275849775
   0.8649999971   0.0205491774   0.0090328895   0.0205962507
   0.8699999971   0.0133147203   0.0034008166   0.0133649122
   0.8749999971   0.0059201062  -0.0021320371   0.0059732944
   0.8799999970  -0.0014964033  -0.0074612440  -0.0014402721
   0.8849999970  -0.0087323972  -0.0124645274  -0.0086733908
   0.8899999970  -0.0155330127  -0.0170014543  -0.0154713148
   0.8949999970  -0.0216195941  -0.0209222325  -0.0215555922
   0.8999999970  -0.0267277433  -0.0240834076  -0.0266620740
   0.9049999970  -0.0306447412  -0.0263662821  -0.0305782722
   0.9099999969  -0.0332368423  -0.0276931930  -0.0331705861
   0.9149999969  -0.0344602663  -0.0280375763  -0.0343952412
   0.9199999969  -0.0343547882  -0.0274257321  -0.0342918591
   0.9249999969  -0.0330240668  -0.0259307443  -0.0329638065
   0.9299999969  -0.0306105864  -0.0236612803  -0.0305531966
   0.9349999969  -0.0272741139  -0.0207492578  -0.0272194296
   0.9399999968  -0.0231805417  -0.0173402093  -0.0231281210
   0.9449999968  -0.0185035450  -0.0135886440  -0.0184528224
   0.9499999968  -0.0134360973  -0.0096583325  -0.0133865560
   0.9549999968  -0.0082043926  -0.0057250298  -0.0081557068
   0.9599999968  -0.0030747398  -0.0019775943  -0.0030268437
   0.9649999968   0.0016546186   0.0013866305   0.0017015588
   0.9699999967   0.0056802868   0.0041747630   0.0057259889
   0.9749999967   0.0087362327   0.0062194642   0.0087804692
   0.9799999967   0.0106429463   0.0074047549   0.0106857128
   0.9849999967   0.0113501296   0.0076905995   0.0113917537
   0.9899999967   0.0109595397   0.0071292529   0.0110006870
   0.9949999967   0.0097184954   0.0058673792   0.0097600586
   0.9999999966   0.0079817386   0.0041308859   0.0080246330
   1.0049999966   0.0061478722   0.0021935881   0.0061927922
   1.0099999966   0.0045840049   0.0003350802   0.0046312127
   1.0149999966   0.0035562649  -0.0012036569   0.0036054791
   1.0199999966   0.0031831560  -0.0022573092   0.0032335831
   1.0249999966   0.0034233273  -0.0027577301   0.0034738388
   1.0299999965   0.0041006037  -0.0027352484   0.0041500194
   1.0349999965   0.0049594708  -0.0022999846   0.0050068740
   1.0399999965   0.0057363300  -0.0016082122   0.0057813280
   1.0449999965   0.0062279531  -0.0008223239   0.0062708072
   1.0499999965   0.0063397544  -0.0000742439   0.0063813378
   1.0549999965   0.0061023920   0.0005591710   0.0061439826
   1.0599999964   0.0056541026   0.0010636919   0.0056970641
   1.0649999964   0.0051955256   0.0014778966   0.0052409652
   1.0699999964   0.0049309575   0.0018702467   0.0049794561
   1.0749999964   0.0050130480   0.0023106120   0.0050645397
   1.0799999964   0.0055061522   0.0028448546   0.0055599901
   1.0849999964   0.0063775730   0.0034797014   0.0064327612
   1.0899999963   0.0075175758   0.0041817626   0.0075731024
   1.0949999963   0.0087808025   0.0048902137   0.0088359736
   1.0999999963   0.0100358814   0.0055386092   0.0100905576
   1.1049999963   0.0112082123   0.0060787080   0.0112628714
   1.1099999963   0.0123034631   0.0064987698   0.0123590661
   1.1149999963   0.0134053673   0.0068306111   0.0134630587
   1.1199999962   0.0146490965   0.0071431833   0.0147098223
   1.1249999962   0.0161785310   0.0075245092   0.0162426851
   1.1299999962   0.0181001633   0.0080572441   0.0181673669
   1.1349999962   0.0204469468   0.0087949319   0.0205160361
   1.1399999962   0.0231621240   0.0097456922   0.0232313611
   1.1449999962   0.0261069976   0.0108677679   0.0261744601
   1.1499999961   0.0290896095   0.0120778320   0.0291536623
   1.1549999961   0.0319054330   0.0132692830   0.0319651595
   1.1599999961   0.0343781318   0.0143350578   0.0344336087
   1.1649999961   0.0363889939   0.0151885145   0.0364413338
   1.1699999961   0.0378875141   0.0157768999   0.0379386603
   1.1749999961   0.0388815258   0.0160844342   0.0389338474
   1.1799999960   0.0394114265   0.0161252762   0.0394672176
   1.1849999960   0.0395175867   0.0159295799   0.0395785959
   1.1899999960   0.0392116711   0.0155276545   0.0392787804
   1.1949999960   0.0384609633   0.0149374296   0.0385340938
   1.1999999960   0.0371904827   0.0141590653   0.0372687438
   1.2049999960   0.0353021038   0.0131781296   0.0353841368
   1.2099999959   0.0327047556   0.0119760767   0.0327891720
   1.2149999959   0.0293465926   0.0105445970   0.0294323865
   1.2199999959   0.0252396656   0.0088993498   0.0253264865
   1.2249999959   0.0204700379   0.0070888556   0.0205582552
   1.2299999959   0.0151906652   0.0051957486   0.0152812130
   1.2349999959   0.0095992826   0.0033296991   0.0096933358
   1.2399999958   0.0039075719   0.0016134995   0.0040061486
   1.2449999958  -0.0016901145   0.0001654828  -0.0015865087
   1.2499999958  -0.0070406512  -0.0009177876  -0.0069322380
   1.2549999958  -0.0120434706  -0.0015748917  -0.0119312126
   1.2599999958  -0.0166480223  -0.0017865004  -0.0165334347
   1.2649999958  -0.0208400057  -0.0015751335  -0.0207248193
   1.2699999957  -0.0246218882  -0.0009987617  -0.0245076577
   1.2749999957  -0.0279942838  -0.0001406811  -0.0278820471
   1.2799999957  -0.0309438572   0.0009012605  -0.0308339368
   1.2849999957  -0.0334409561   0.0020232622  -0.0333329485
   1.2899999957  -0.0354469687   0.0031202136  -0.0353399189
   1.2949999957  -0.0369284410   0.0040861336  -0.0368211441
   1.2999999956  -0.0378730712   0.0048116937  -0.0377644142
   1.3049999956  -0.0383023236   0.0051812174  -0.0381915699
   1.3099999956  -0.0382765547   0.0050718601  -0.0381634965
   1.3149999956  -0.0378908145   0.0043571046  -0.0377757587
   1.3199999956  -0.0372621588   0.0029154221  -0.0371457625
   1.3249999956  -0.0365116176   0.0006433455  -0.0363946360
   1.3299999955  -0.0357452855  -0.0025292358  -0.0356283210
   1.3349999955  -0.0350390336  -0.0066245747  -0.0349223772
   1.3399999955  -0.0344301621  -0.0116063659  -0.0343137941
   1.3449999955  -0.0339173367  -0.0173750374  -0.0338011101
   1.3499999955  -0.0334679839  -0.0237698917  -0.0333519616
   1.3549999954  -0.0330305751  -0.0305775315  -0.0329154498
   1.3599999954  -0.0325483461  -0.0375448975  -0.0324358410
   1.3649999954  -0.0319711289  -0.0443947329  -0.0318642783
   1.3699999954  -0.0312629629  -0.0508414109  -0.0311661912
   1.3749999954  -0.0304046153  -0.0566056429  -0.0303235773
   1.3799999954  -0.0293916052  -0.0614273560  -0.0293327986
   1.3849999953  -0.0282293837  -0.0650766720  -0.0281995924
   1.3899999953  -0.0269277430  -0.0673632738  -0.0269334034
   1.3949999953  -0.0254963185  -0.0681444532  -0.0255429091
   1.3999999953  -0.0239423732  -0.0673319152  -0.0240339214
   1.4049999953  -0.0222712149  -0.0648971220  -0.0224099812
   1.4099999953  -0.0204888237  -0.0608747572  -0.0206751865
   1.4149999952  -0.0186057568  -0.0553638360  -0.0188382773
   1.4199999952  -0.0166411785  -0.0485260709  -0.0169167960
   1.4249999952  -0.0146259053  -0.0405812549  -0.0149401938
   1.4299999952  -0.0126035690  -0.0317995689  -0.0129509890
   1.4349999952  -0.0106293278  -0.0224908426  -0.0110034276
   1.4399999952  -0.0087659569  -0.0129909342  -0.0091595053
   1.4449999951  -0.0070776196  -0.0036456074  -0.0074826874
   1.4499999951  -0.0056221264   0.0052073763  -0.0060301596
   1.4549999951  -0.0044429503   0.0132568047  -0.0048448939
   1.4599999951  -0.0035625548   0.0202356386  -0.0039490805
   1.4649999951  -0.0029785617   0.0259359163  -0.0033404311
   1.4699999951  -0.0026638454   0.0302192331  -0.0029924083
   1.4749999950  -0.0025708323   0.0330215733  -0.0028586176
   1.4799999950  -0.0026392678   0.0343520796  -0.0028805940
   1.4849999950  -0.0028057860   0.0342862935  -0.0029972954
   1.4899999950  -0.0030130761   0.0329552353  -0.0031541001
   1.4949999950  -0.0032165066   0.0305321907  -0.0033091886
   1.4999999950  -0.0033867699   0.0272190964  -0.0034359104
   1.5049999949  -0.0035082627   0.0232340067  -0.0035208968
   1.5099999949  -0.0035741718   0.0188004263  -0.0035589328
   1.5149999949  -0.0035801858   0.0141385649  -0.0035465414
   1.5199999949  -0.0035190903   0.0094580354  -0.0034765496
   1.5249999949  -0.0033781083   0.0049513296  -0.0033354960
   1.5299999949  -0.0031398661   0.0007875803  -0.0031047335
   1.5349999948  -0.0027866163  -0.0028934620  -0.0027648313
   1.5399999948  -0.0023062667  -0.0059868253  -0.0023017893
   1.5449999948  -0.0016981804  -0.0084263260  -0.0017130050
   1.5499999948  -0.0009768128  -0.0101863538  -0.0010110436
   1.5549999948  -0.0001719636  -0.0112808061  -0.0002239866
   1.5599999948   0.0006745268  -0.0117589914   0.0006078041
   1.5649999947   0.0015147590  -0.0116988442   0.0014376171
   1.5699999947   0.0023018661  -0.0111982599   0.0022194370
   1.5749999947   0.0029964754  -0.0103656308   0.0029143605
   1.5799999947   0.0035711627  -0.0093107054   0.0034950056
   1.5849999947   0.0040122233  -0.0081367158   0.0039472493
   1.5899999947   0.0043188744  -0.0069343943   0.0042694211
   1.5949999946   0.0045006128  -0.0057781353   0.0044696923
   1.5999999946   0.0045737374  -0.0047242187   0.0045626813
   1.6049999946   0.0045579769  -0.0038107781   0.0045662167
   1.6099999946   0.0044738495  -0.0030590635   0.0044988787
   1.6149999946   0.0043409816  -0.0024755238   0.0043785270
   1.6199999946   0.0041772822  -0.0020542776   0.0042216865
   1.6249999945   0.0039986982  -0.0017796365   0.0040434861
   1.6299999945   0.0038192668  -0.0016284544   0.0038578361
   1.6349999945   0.0036512622  -0.0015722020   0.0036776194
   1.6399999945   0.0035053293  -0.0015787760   0.0035147775
   1.6449999945   0.0033905422  -0.0016141531   0.0033802292
   1.6499999945   0.0033143059  -0.0016440539   0.0032835588
   1.6549999944   0.0032819921  -0.0016357849   0.0032323931
   1.6599999944   0.0032962155  -0.0015603558   0.0032314116
   1.6649999944   0.0033557673  -0.0013948396   0.0032810423
   1.6699999944   0.0034544096  -0.0011247704   0.0033760826
   1.6749999944   0.0035799419  -0.0007462101   0.0035046754
   1.6799999944   0.0037140655  -0.0002670232   0.0036481712
   1.6849999943   0.0038335136   0.0002930887   0.0037823384
   1.6899999943   0.0039126485   0.0009040848   0.0038800987
   1.6949999943   0.0039273038   0.0015286383   0.0039155416
   1.6999999943   0.0038591977   0.0021264361   0.0038685159
   1.7049999943   0.0036999214   0.0026591152   0.0037287825
   1.7099999943   0.0034534553   0.0030950306   0.0034986692
   1.7149999942   0.0031364300   0.0034130398   0.0031934395
   1.7199999942   0.0027758832   0.0036046657   0.0028391325
   1.7249999942   0.0024049091   0.0036743279   0.0024682728
   1.7299999942   0.0020571534   0.0036377319   0.0021144101
   1.7349999942   0.0017614061   0.0035188647   0.0018067366
   1.7399999942   0.0015374747   0.0033462721   0.0015659605
   1.7449999941   0.0013941299   0.0031493422   0.0014022175
   1.7499999941   0.0013293204   0.0029551901   0.0013152077
   1.7549999941   0.0013322574   0.0027864837   0.0012961565
   1.7599999941   0.0013865540   0.0026602688   0.0013307857
   1.7649999941   0.0014734855   0.0025876130   0.0014023753
   1.7699999941   0.0015746093   0.0025737695   0.0014941752
   1.7749999940   0.0016733628   0.0026185696   0.0015908117
   1.7799999940   0.0017556811   0.0027168583   0.0016787549
   1.7849999940   0.0018099911   0.0028589422   0.0017462272
   1.7899999940   0.0018270545   0.0030311441   0.0017830397
   1.7949999940   0.0018000395   0.0032166177   0.0017807374
   1.7999999940   0.0017249623   0.0033965475   0.0017331924
   1.8049999939   0.0016013862   0.0035517577   0.0016375111
   1.8099999939   0.0014330825   0.0036646226   0.0014949398
   1.8149999939   0.0012283247   0.0037210527   0.0013114106
   1.8199999939   0.0009995838   0.0037122659   0.0010974668
   1.8249999939   0.0007625709   0.0036360538   0.0008674902
   1.8299999939   0.0005347487   0.0034973182   0.0006383300
   1.8349999938   0.0003335419   0.0033077577   0.0004275544
   1.8399999938   0.0001744978   0.0030847081   0.0002515741
   1.8449999938   0.0000696004   0.0028492542   0.0001238494
   1.8499999938   0.0000258744   0.0026238229   0.0000533347
   1.8549999938   0.0000443753   0.0024295370   0.0000432781
   1.8599999938   0.0001196683   0.0022836504   0.0000904999
   1.8649999937   0.0002399269   0.0021973915   0.0001853052
   1.8699999937   0.0003877967   0.0021745243   0.0003121892
   1.8749999937   0.0005421113   0.0022108610   0.0004514316
   1.8799999937   0.0006804036   0.0022948490   0.0005815253
   1.8849999937   0.0007819411   0.0024091929   0.0006821669
   1.8899999937   0.0008308067   0.0025332992   0.0007373256
   1.8949999936   0.0008184183   0.0026461661   0.0007377788
   1.8999999936   0.0007449066   0.0027292470   0.0006825349
   1.9049999936   0.0006189770   0.0027688030   0.0005787665
   1.9099999936   0.0004562187   0.0027573669   0.0004402202
   1.9149999936   0.0002762054   0.0026941284   0.0002844474
   1.9199999936   0.0000990351   0.0025842838   0.0001294989
   1.9249999935  -0.0000579121   0.0024376122  -0.0000091466
   1.9299999935  -0.0001823112   0.0022666700  -0.0001207459
   1.9349999935  -0.0002679149   0.0020850186  -0.0002001586
   1.9399999935  -0.0003142333   0.0019058006  -0.0002474058
   1.9449999935  -0.0003251948   0.0017408062  -0.0002662633
   1.9499999935  -0.0003073344   0.0015999828  -0.0002624465
   1.9549999934  -0.0002680821   0.0014912073  -0.0002419633
   1.9599999934  -0.0002145710   0.0014200974  -0.0002100486
   1.9649999934  -0.0001531149   0.0013897059  -0.0001708189
   1.9699999934  -0.0000892421   0.0014000737  -0.0001275128
   1.9749999934  -0.0000279890   0.0014477647  -0.0000830008
   1.9799999934   0.0000258695   0.0015256047  -0.0000402177
   1.9849999933   0.0000678718   0.0016228527  -0.0000022813
   1.9899999933   0.0000942358   0.0017259522   0.0000277536
   1.9949999933   0.0001023978   0.0018198563   0.0000473705
   1.9999999933   0.0000914864   0.0018897665   0.0000550612
   2.0049999933   0.0000625142   0.0019230065   0.0000505735
   2.0099999933   0.0000181891   0.0019107131   0.0000348262
   2.0149999932  -0.0000375981   0.0018490702   0.0000095390
   2.0199999932  -0.0001004313   0.0017399102  -0.0000232578
   2.0249999932  -0.0001659534   0.0015906242  -0.0000616305
   2.0299999932  -0.0002302216   0.0014134226  -0.0001039209
   2.0349999932  -0.0002897965   0.0012240547  -0.0001486705
   2.0399999931  -0.0003416581   0.0010401202  -0.0001943901
   2.0449999931  -0.0003831105   0.0008791265  -0.0002393429
   2.0499999931  -0.0004118212   0.0007564577  -0.0002814909
   2.0549999931  -0.0004260475   0.0006834562  -0.0003186660
   2.0599999931  -0.0004249785   0.0006658524  -0.0003488972
   2.0649999931  -0.0004090298   0.0007027917  -0.0003707413
   2.0699999930  -0.0003799098   0.0007866779  -0.0003834410
   2.0749999930  -0.0003403610   0.0009039569  -0.0003868150
   2.0799999930  -0.0002936103   0.0010368082  -0.0003809129
   2.0849999930  -0.0002427072   0.0011655355  -0.0003655999
   2.0899999930  -0.0001900014   0.0012712844  -0.0003403041
   2.0949999930  -0.0001369839   0.0013386326  -0.0003041269
   2.0999999929  -0.0000845886   0.0013576036  -0.0002563805
   2.1049999929  -0.0000338666   0.0013247823  -0.0001974409
   2.1099999929   0.0000132208   0.0012433913  -0.0001296381
   2.1149999929   0.0000532266   0.0011224087  -0.0000578333
   2.1199999929   0.0000811551   0.0009749765   0.0000106130
   2.1249999929   0.0000910535   0.0008164477   0.0000666177
   2.1299999928   0.0000771827   0.0006624196   0.0001008024
   2.1349999928   0.0000354896   0.0005270219   0.0001052700
   2.1399999928  -0.0000350137   0.0004216076   0.0000753079
   2.1449999928  -0.0001313515   0.0003538841   0.0000106012
   2.1499999928  -0.0002464307   0.0003274479  -0.0000843340
   2.1549999928  -0.0003696943   0.0003416679  -0.0002005840
   2.1599999927  -0.0004884411   0.0003918837  -0.0003260136
   2.1649999927  -0.0005895272   0.0004699182  -0.0004469118
   2.1699999927  -0.0006611110   0.0005649123  -0.0005497767
   2.1749999927  -0.0006941514   0.0006644663  -0.0006229425
   2.1799999927  -0.0006834724   0.0007560076  -0.0006578566
   2.1849999927  -0.0006283264   0.0008282337  -0.0006499193
   2.1899999926  -0.0005324789   0.0008724244  -0.0005988881
   2.1949999926  -0.0004038725   0.0008834170  -0.0005088773
   2.1999999926  -0.0002539284   0.0008600859  -0.0003879837
   2.2049999926  -0.0000965243   0.0008052685  -0.0002475497
   2.2099999926   0.0000533110   0.0007251823  -0.0001010801
   2.2149999926   0.0001809112   0.0006284702   0.0000371304
   2.2199999925   0.0002735537   0.0005250510   0.0001535326
   2.2249999925   0.0003219056   0.0004249439   0.0002368237
   2.2299999925   0.0003211031   0.0003371983   0.0002791783
   2.2349999925   0.0002712678   0.0002690065   0.0002770065
   2.2399999925   0.0001773662   0.0002250413   0.0002311255
   2.2449999925   0.0000484588   0.0002070535   0.0001463670
   2.2499999924  -0.0001034833   0.0002137662   0.0000307686
   2.2549999924  -0.0002649358   0.0002411104  -0.0001054278
   2.2599999924  -0.0004221013   0.0002828236  -0.0002507520
   2.2649999924  -0.0005619446   0.0003313800  -0.0003933207
   2.2699999924  -0.0006729434   0.0003791417  -0.0005214744
   2.2749999924  -0.0007456328   0.0004195373  -0.0006243278
   2.2799999923  -0.0007730806   0.0004480371  -0.0006923706
   2.2849999923  -0.0007514048   0.0004627024  -0.0007182166
   2.2899999923  -0.0006803470   0.0004641812  -0.0006974934
   2.2949999923  -0.0005637924   0.0004551497  -0.0006297281
   2.2999999923  -0.0004100282   0.0004393497  -0.0005189899
   2.3049999923  -0.0002315163   0.0004204792  -0.0003740268
   2.3099999922  -0.0000440309   0.0004012314  -0.0002077185
   2.3149999922   0.0001348361   0.0003827274  -0.0000358207
   2.3199999922   0.0002876251   0.0003644695   0.0001248368
   2.3249999922   0.0003990947   0.0003447889   0.0002583908
   2.3299999922   0.0004580730   0.0003216249   0.0003518539
   2.3349999922   0.0004587512   0.0002933939   0.0003965624
   2.3399999921   0.0004012282   0.0002597016   0.0003889591
   2.3449999921   0.0002912873   0.0002217193   0.0003306724
   2.3499999921   0.0001395336   0.0001821517   0.0002279963
   2.3549999921  -0.0000398845   0.0001448392   0.0000909663
   2.3599999921  -0.0002307395   0.0001141136  -0.0000677664
   2.3649999921  -0.0004161897   0.0000940642  -0.0002341049
   2.3699999920  -0.0005801429   0.0000878518  -0.0003936420
   2.3749999920  -0.0007084770   0.0000971716  -0.0005327389
   2.3799999920  -0.0007901082   0.0001219134  -0.0006395461
   2.3849999920  -0.0008178766   0.0001600392  -0.0007049427
   2.3899999920  -0.0007891835   0.0002076823  -0.0007233226
   2.3949999920  -0.0007062842   0.0002594735  -0.0006931220
   2.3999999919  -0.0005761452   0.0003090892  -0.0006169797
   2.4049999919  -0.0004098259   0.0003499980  -0.0005014688
   2.4099999919  -0.0002214320   0.0003763341  -0.0003564206
   2.4149999919  -0.0000267746   0.0003837760  -0.0001939445
   2.4199999919   0.0001580725   0.0003702726  -0.0000273068
   2.4249999919   0.0003181210   0.0003364550   0.0001301641
   2.4299999918   0.0004405780   0.0002856228   0.0002660288
   2.4349999918   0.0005156589   0.0002232809   0.0003695022
   2.4399999918   0.0005371309   0.0001563085   0.0004320675
   2.4449999918   0.0005026582   0.0000919306   0.0004480072
   2.4499999918   0.0004140139   0.0000367064   0.0004148999
   2.4549999918   0.0002771693  -0.0000042727   0.0003340675
   2.4599999917   0.0001021925  -0.0000278538   0.0002108718
   2.4649999917  -0.0000971584  -0.0000329376   0.0000547096
   2.4699999917  -0.0003042640  -0.0000203065  -0.0001214462
   2.4749999917  -0.0005009401   0.0000077156  -0.0003020361
   2.4799999917  -0.0006691300   0.0000476521  -0.0004703894
   2.4849999917  -0.0007927972   0.0000952325  -0.0006105029
   2.4899999916  -0.0008597317   0.0001457045  -0.0007088466
   2.4949999916  -0.0008629681   0.0001941332  -0.0007558918
   2.4999999916  -0.0008015778   0.0002357354  -0.0007471136
   2.5049999916  -0.0006807239   0.0002662787  -0.0006833416
   2.5099999916  -0.0005110159   0.0002825247  -0.0005704693
   2.5149999916  -0.0003073214   0.0002826442  -0.0004186540
   2.5199999915  -0.0000872556   0.0002665067  -0.0002411950
   2.5249999915   0.0001304342   0.0002357522  -0.0000532766
   2.5299999915   0.0003274278   0.0001936019   0.0001292926
   2.5349999915   0.0004872430   0.0001444282   0.0002912787
   2.5399999915   0.0005964645   0.0000931664   0.0004191414
   2.5449999915   0.0006457704   0.0000446877   0.0005020656
   2.5499999914   0.0006307201   0.0000032484   0.0005328665
   2.5549999914   0.0005522307  -0.0000279034   0.0005086888
   2.5599999914   0.0004166478  -0.0000467363   0.0004313862
   2.5649999914   0.0002353302  -0.0000524816   0.0003074773
   2.5699999914   0.0000237271  -0.0000455649   0.0001476254
   2.5749999914  -0.0001999908  -0.0000274750  -0.0000343291
   2.5799999913  -0.0004165932  -0.0000005929  -0.0002226647
   2.5849999913  -0.0006075394   0.0000320160  -0.0004012290
   2.5899999913  -0.0007565986   0.0000668676  -0.0005548525
   2.5949999913  -0.0008511689   0.0001003918  -0.0006705751
   2.5999999913  -0.0008832024   0.0001293178  -0.0007385991
   2.6049999913  -0.0008497194   0.0001510580  -0.0007529509
   2.6099999912  -0.0007529516   0.0001640137  -0.0007118798
   2.6149999912  -0.0006001693   0.0001677216  -0.0006180228
   2.6199999912  -0.0004032239   0.0001627938  -0.0004783395
   2.6249999912  -0.0001778053   0.0001506604  -0.0003037791
   2.6299999912   0.0000576134   0.0001331824  -0.0001086186
   2.6349999912   0.0002831535   0.0001122451   0.0000905716
   2.6399999911   0.0004791899   0.0000894481   0.0002763194
   2.6449999911   0.0006281665   0.0000659719   0.0004318968
   2.6499999911   0.0007163658   0.0000426370   0.0005430271
   2.6549999911   0.0007353869   0.0000201053   0.0005994125
   2.6599999911   0.0006830984  -0.0000008796   0.0005958437
   2.6649999911   0.0005639099  -0.0000193210   0.0005327213
   2.6699999910   0.0003883193  -0.0000339475   0.0004159297
   2.6749999910   0.0001718192  -0.0000433607   0.0002561188
   2.6799999910  -0.0000666585  -0.0000463072   0.0000675454
   2.6849999910  -0.0003065336  -0.0000419878  -0.0001333323
   2.6899999910  -0.0005273906  -0.0000303048  -0.0003293260
   2.6949999909  -0.0007106498  -0.0000119754  -0.0005039180
   2.6999999909  -0.0008409971   0.0000115147  -0.0006425178
   2.7049999909  -0.0009075258   0.0000380898  -0.0007335400
   2.7099999909  -0.0009045625   0.0000653394  -0.0007692859
   2.7149999909  -0.0008321444   0.0000907848  -0.0007465876
   2.7199999909  -0.0006960995   0.0001121122  -0.0006671544
   2.7249999908  -0.0005076723   0.0001273563  -0.0005375411
   2.7299999908  -0.0002826656   0.0001350440  -0.0003686802
   2.7349999908  -0.0000401242   0.0001343155  -0.0001749708
   2.7399999908   0.0001993389   0.0001250301   0.0000270082
   2.7449999908   0.0004153981   0.0001078424   0.0002200177
   2.7499999908   0.0005898403   0.0000842145   0.0003877265
   2.7549999907   0.0007081477   0.0000563268   0.0005161380
   2.7599999907   0.0007606776   0.0000268665   0.0005947294
   2.7649999907   0.0007433535  -0.0000012925   0.0006172198
   2.7699999907   0.0006578620  -0.0000254656   0.0005819566
   2.7749999907   0.0005114032  -0.0000435117   0.0004919508
   2.7799999907   0.0003160694  -0.0000540854   0.0003546102
   2.7849999906   0.0000879171  -0.0000567336   0.0001812048
   2.7899999906  -0.0001542212  -0.0000518273  -0.0000139225
   2.7949999906  -0.0003901499  -0.0000403689  -0.0002144009
   2.7999999906  -0.0005999013  -0.0000237485  -0.0004031138
   2.8049999906  -0.0007654190  -0.0000035269  -0.0005636565
   2.8099999906  -0.0008721951   0.0000186992  -0.0006818498
   2.8149999905  -0.0009106801   0.0000413373  -0.0007471344
   2.8199999905  -0.0008772750   0.0000627779  -0.0007536549
   2.8249999905  -0.0007747456   0.0000813724  -0.0007008659
   2.8299999905  -0.0006119813   0.0000954722  -0.0005935656
   2.8349999905  -0.0004031200   0.0001035606  -0.0004413552
   2.8399999905  -0.0001661614   0.0001044670  -0.0002576217
   2.8449999904   0.0000787405   0.0000976110  -0.0000582041
   2.8499999904   0.0003110883   0.0000831984   0.0001400701
   2.8549999904   0.0005117647   0.0000622998   0.0003208132
   2.8599999904   0.0006645267   0.0000367749   0.0004693547
   2.8649999904   0.0007571920   0.0000090502   0.0005738050
   2.8699999904   0.0007824861  -0.0000181984   0.0006258844
   2.8749999903   0.0007385402  -0.0000423849   0.0006215071
   2.8799999903   0.0006290293  -0.0000613055   0.0005611023
   2.8849999903   0.0004629299  -0.0000733406   0.0004496377
   2.8899999903   0.0002538777  -0.0000775570   0.0002963009
   2.8949999903   0.0000191256  -0.0000737313   0.0001138175
   2.8999999903  -0.0002218503  -0.0000623241  -0.0000825788
   2.9049999902  -0.0004489907  -0.0000444294  -0.0002764435
   2.9099999902  -0.0006433805  -0.0000217032  -0.0004515561
   2.9149999902  -0.0007888784   0.0000037437  -0.0005933299
   2.9199999902  -0.0008734740   0.0000295070  -0.0006900411
   2.9249999902  -0.0008902426   0.0000531146  -0.0007337589
   2.9299999902  -0.0008378338   0.0000722990  -0.0007209141
   2.9349999901  -0.0007204937   0.0000852742  -0.0006525034
   2.9399999901  -0.0005476680   0.0000909593  -0.0005339591
   2.9449999901  -0.0003332512   0.0000890944  -0.0003747293
   2.9499999901  -0.0000945452   0.0000802193  -0.0001876029
   2.9549999901   0.0001490223   0.0000655258   0.0000122009
   2.9599999901   0.0003773708   0.0000466248   0.0002081610
   2.9649999900   0.0005713669   0.0000252959   0.0003837643
   2.9699999900   0.0007144507   0.0000032786   0.0005239212
   2.9749999900   0.0007941470  -0.0000178546   0.0006163597
   2.9799999900   0.0008032909  -0.0000367420   0.0006528379
   2.9849999900   0.0007407992  -0.0000522237   0.0006300063
   2.9899999900   0.0006118630  -0.0000633249   0.0005497870
   2.9949999899   0.0004275098  -0.0000692756   0.0004192044
   2.9999999899   0.0002035803  -0.0000695824   0.0002496892
   3.0049999899  -0.0000407543  -0.0000641386   0.0000559575
   3.0099999899  -0.0002847483  -0.0000533311  -0.0001453795
   3.0149999899  -0.0005079107  -0.0000380918  -0.0003373053
   3.0199999899  -0.0006917248  -0.0000198553  -0.0005038327
   3.0249999898  -0.0008211249  -0.0000004118  -0.0006312729
   3.0299999898  -0.0008856415   0.0000183210  -0.0007092696
   3.0349999898  -0.0008801698   0.0000345551  -0.0007315615
   3.0399999898  -0.0008053364   0.0000468586  -0.0006964487
   3.0449999898  -0.0006674491   0.0000543033  -0.0006069378
   3.0499999898  -0.0004780187   0.0000565115  -0.0004705402
   3.0549999897  -0.0002528577   0.0000536135  -0.0002987032
   3.0599999897  -0.0000107948   0.0000461489  -0.0001058858
   3.0649999897   0.0002279106   0.0000349518   0.0000916666
   3.0699999897   0.0004433187   0.0000210527   0.0002773434
   3.0749999897   0.0006175491   0.0000056040   0.0004356374
   3.0799999897   0.0007363280  -0.0000101772   0.0005535015
   3.0849999896   0.0007901801  -0.0000250714   0.0006214455
   3.0899999896   0.0007751551  -0.0000379390   0.0006342736
   3.0949999896   0.0006930477  -0.0000478211   0.0005914148
   3.0999999896   0.0005511289  -0.0000540417   0.0004968603
   3.1049999896   0.0003614576  -0.0000562794   0.0003587530
   3.1099999896   0.0001398583  -0.0000545810   0.0001886938
   3.1149999895  -0.0000953438  -0.0000493074   0.0000008255
   3.1199999895  -0.0003247509  -0.0000410255  -0.0001892549
   3.1249999895  -0.0005294049  -0.0000303821  -0.0003657060
   3.1299999895  -0.0006923014  -0.0000180035  -0.0005137124
   3.1349999895  -0.0007998007  -0.0000044546  -0.0006207324
   3.1399999895  -0.0008428138   0.0000097326  -0.0006776094
   3.1449999894  -0.0008176348   0.0000239836  -0.0006794230
   3.1499999894  -0.0007263063   0.0000376002  -0.0006259622
   3.1549999894  -0.0005764533   0.0000497247  -0.0005217477
   3.1599999894  -0.0003805872   0.0000593830  -0.0003755878
   3.1649999894  -0.0001549559   0.0000656126  -0.0001997254
   3.1699999894   0.0000819232   0.0000676493  -0.0000086902
   3.1749999893   0.0003108768   0.0000651202   0.0001819999
   3.1799999893   0.0005136693   0.0000581859   0.0003571423
   3.1849999893   0.0006744332   0.0000475870   0.0005030424
   3.1899999893   0.0007808439   0.0000345774   0.0006085172
   3.1949999893   0.0008249835   0.0000207602   0.0006656713
   3.1999999893   0.0008038714   0.0000078651   0.0006704290
   3.2049999892   0.0007196527  -0.0000024838   0.0006228124
   3.2099999892   0.0005794351  -0.0000089647   0.0005269509
   3.2149999892   0.0003947708  -0.0000106951   0.0003908030
   3.2199999892   0.0001807900  -0.0000073040   0.0002255793
   3.2249999892  -0.0000449789   0.0000010510   0.0000448770
   3.2299999892  -0.0002640273   0.0000137060  -0.0001364207
   3.2349999891  -0.0004584063   0.0000295441  -0.0003033937
   3.2399999891  -0.0006122429   0.0000470770  -0.0004423558
   3.2449999891  -0.0007130803   0.0000645643  -0.0005420191
   3.2499999891  -0.0007529101   0.0000801752  -0.0005944311
   3.2549999891  -0.0007288052   0.0000921856  -0.0005956049
   3.2599999891  -0.0006431147   0.0000991909  -0.0005458015
   3.2649999890  -0.0005032293   0.0001002952  -0.0004494682
   3.2699999890  -0.0003209623   0.0000952365  -0.0003148617
   3.2749999890  -0.0001116087   0.0000844140  -0.0001534001
   3.2799999890   0.0001072475   0.0000688074   0.0000212129
   3.2849999890   0.0003171065   0.0000498064   0.0001940450
   3.2899999890   0.0005000263   0.0000289902   0.0003501208
   3.2949999889   0.0006401041   0.0000079110   0.0004756650
   3.2999999889   0.0007248493  -0.0000120737   0.0005593085
   3.3049999889   0.0007463212  -0.0000298939   0.0005931390
   3.3099999889   0.0007019005  -0.0000447881   0.0005734762
   3.3149999889   0.0005945909  -0.0000562749   0.0005012637
   3.3199999889   0.0004327955  -0.0000641114   0.0003820158
   3.3249999888   0.0002295784  -0.0000682654   0.0002253166
   3.3299999888   0.0000014905  -0.0000689133   0.0000439302
   3.3349999888  -0.0002329066  -0.0000664543  -0.0001473664
   3.3399999888  -0.0004546544  -0.0000615154  -0.0003330885
   3.3449999888  -0.0006459873  -0.0000549229  -0.0004983517
   3.3499999888  -0.0007917576  -0.0000476266  -0.0006300643
   3.3549999887  -0.0008805959  -0.0000405814  -0.0007179243
   3.3599999887  -0.0009057431  -0.0000346131  -0.0007551705
   3.3649999887  -0.0008655188  -0.0000303013  -0.0007390589
   3.3699999887  -0.0007634128  -0.0000279124  -0.0006710491
   3.3749999887  -0.0006077934  -0.0000273982  -0.0005566858
   3.3799999886  -0.0004112427  -0.0000284549  -0.0004051706
   3.3849999886  -0.0001895501  -0.0000306195  -0.0002286347
   3.3899999886   0.0000395742  -0.0000333717  -0.0000411502
   3.3949999886   0.0002579675  -0.0000362148   0.0001424440
   3.3999999886   0.0004485333  -0.0000387185   0.0003077968
   3.4049999886   0.0005966648  -0.0000405288   0.0004422526
   3.4099999885   0.0006914316  -0.0000413580   0.0005358891
   3.4149999885   0.0007264201  -0.0000409754   0.0005822858
   3.4199999885   0.0007001621  -0.0000392114   0.0005789642
   3.4249999885   0.0006161393  -0.0000359759   0.0005274821
   3.4299999885   0.0004823916  -0.0000312833   0.0004332065
   3.4349999885   0.0003107923  -0.0000252653   0.0003048086
   3.4399999884   0.0001160604  -0.0000181618   0.0001535375
   3.4449999884  -0.0000854114  -0.0000102863  -0.0000076754
   3.4499999884  -0.0002768407  -0.0000019778  -0.0001652256
   3.4549999884  -0.0004423727   0.0000064408  -0.0003059065
   3.4599999884  -0.0005683469   0.0000146774  -0.0004179725
   3.4649999884  -0.0006444184   0.0000224498  -0.0004921167
   3.4699999883  -0.0006644320   0.0000294343  -0.0005222701
   3.4749999883  -0.0006269561   0.0000352094  -0.0005061351
   3.4799999883  -0.0005354102   0.0000392247  -0.0004453851
   3.4849999883  -0.0003977582   0.0000408230  -0.0003454985
   3.4899999883  -0.0002257952   0.0000393273  -0.0002152433
   3.4949999883  -0.0000341050   0.0000341813  -0.0000658730
   3.4999999882   0.0001612014   0.0000251089   0.0000898706
   3.5049999882   0.0003438346   0.0000122482   0.0002388397
   3.5099999882   0.0004986425  -0.0000037802   0.0003685470
   3.5149999882   0.0006127891  -0.0000218970   0.0004681331
   3.5199999882   0.0006767237  -0.0000406773   0.0005291780
   3.5249999882   0.0006848913  -0.0000585294   0.0005463229
   3.5299999881   0.0006361527  -0.0000738985   0.0005176759
   3.5349999881   0.0005338934  -0.0000854546   0.0004449816
   3.5399999881   0.0003858046  -0.0000922326   0.0003335355
   3.5449999881   0.0002033345  -0.0000937126   0.0001918283
   3.5499999881   0.0000008259  -0.0000898409   0.0000309214
   3.5549999881  -0.0002056103  -0.0000810067  -0.0001364157
   3.5599999880  -0.0003994041  -0.0000679876  -0.0002967456
   3.5649999880  -0.0005649022  -0.0000518727  -0.0004370864
   3.5699999880  -0.0006886810  -0.0000339656  -0.0005460102
   3.5749999880  -0.0007606681  -0.0000156670  -0.0006146039
   3.5799999880  -0.0007749691   0.0000016611  -0.0006372034
   3.5849999880  -0.0007303301   0.0000168393  -0.0006118406
   3.5899999879  -0.0006302130   0.0000289994  -0.0005403781
   3.5949999879  -0.0004824926   0.0000376751  -0.0004283404
   3.5999999879  -0.0002988172   0.0000428300  -0.0002844685
   3.6049999879  -0.0000936885   0.0000448134  -0.0001200379
   3.6099999879   0.0001166743   0.0000442535   0.0000520133
   3.6149999879   0.0003156101   0.0000419112   0.0002180938
   3.6199999878   0.0004873461   0.0000385322   0.0003650431
   3.6249999878   0.0006182864   0.0000347314   0.0004812115
   3.6299999878   0.0006981492   0.0000309320   0.0005574453
   3.6349999878   0.0007208442   0.0000273644   0.0005878783
   3.6399999878   0.0006849958   0.0000241104   0.0005704431
   3.6449999878   0.0005940480   0.0000211662   0.0005070382
   3.6499999877   0.0004559357   0.0000184973   0.0004033287
   3.6549999877   0.0002823563   0.0000160675   0.0002682062
   3.6599999877   0.0000877237   0.0000138374   0.0001129721
   3.6649999877  -0.0001120810   0.0000117453  -0.0000496585
   3.6699999877  -0.0003010366   0.0000096878  -0.0002066281
   3.6749999877  -0.0004642664   0.0000075195  -0.0003455849
   3.6799999876  -0.0005891827   0.0000050783  -0.0004558273
   3.6849999876  -0.0006664160   0.0000022321  -0.0005290876
   3.6899999876  -0.0006904807  -0.0000010715  -0.0005601172
   3.6949999876  -0.0006601445  -0.0000047714  -0.0005470449
   3.6999999876  -0.0005784836  -0.0000086917  -0.0004914924
   3.7049999876  -0.0004526158  -0.0000125761  -0.0003984317
   3.7099999875  -0.0002931228  -0.0000161455  -0.0002757842
   3.7149999875  -0.0001131916  -0.0000191619  -0.0001337785
   3.7199999875   0.0000724640  -0.0000214730   0.0000158910
   3.7249999875   0.0002488138  -0.0000230269   0.0001610360
   3.7299999875   0.0004017481  -0.0000238514   0.0002899875
   3.7349999875   0.0005192228  -0.0000240132   0.0003925522
   3.7399999874   0.0005922110  -0.0000235709   0.0004608228
   3.7449999874   0.0006153806  -0.0000225440   0.0004897722
   3.7499999874   0.0005874513  -0.0000209044   0.0004775939
   3.7549999874   0.0005112229  -0.0000185918   0.0004257771
   3.7599999874   0.0003932910  -0.0000155421   0.0003389314
   3.7649999874   0.0002434887  -0.0000117153   0.0002243907
   3.7699999873   0.0000741020  -0.0000071135   0.0000916279
   3.7749999873  -0.0001010876  -0.0000017866  -0.0000484790
   3.7799999873  -0.0002678749   0.0000041679  -0.0001844898
   3.7849999873  -0.0004127488   0.0000106018  -0.0003053044
   3.7899999873  -0.0005239775   0.0000173026  -0.0004010603
   3.7949999873  -0.0005925731   0.0000239700  -0.0004639541
   3.7999999872  -0.0006130464   0.0000301952  -0.0004889052
   3.8049999872  -0.0005838726   0.0000354571  -0.0004739920
   3.8099999872  -0.0005076156   0.0000391534  -0.0004206106
   3.8149999872  -0.0003906961   0.0000406733  -0.0003333350
   3.8199999872  -0.0002428266   0.0000395025  -0.0002195005
   3.8249999872  -0.0000761761   0.0000353414  -0.0000885567
   3.8299999871   0.0000956508   0.0000282044   0.0000487363
   3.8349999871   0.0002587237   0.0000184716   0.0001811912
   3.8399999871   0.0003998924   0.0000068744   0.0002980812
   3.8449999871   0.0005078108  -0.0000055869   0.0003899702
   3.8499999871   0.0005738101  -0.0000177767   0.0004494353
   3.8549999871   0.0005925713  -0.0000285804   0.0004716405
   3.8599999870   0.0005625512  -0.0000370486   0.0004547270
   3.8649999870   0.0004861294  -0.0000425055   0.0003999876
   3.8699999870   0.0003694518  -0.0000446037   0.0003118002
   3.8749999870   0.0002219685  -0.0000433290   0.0001973095
   3.8799999870   0.0000556865  -0.0000389646   0.0000658669
   3.8849999870  -0.0001158093  -0.0000320327  -0.0000717341
   3.8899999869  -0.0002784844  -0.0000232268  -0.0002041620
   3.8949999869  -0.0004190298  -0.0000133430  -0.0003205050
   3.8999999869  -0.0005259718  -0.0000032115  -0.0004111903
   3.9049999869  -0.0005906159   0.0000063730  -0.0004687764
   3.9099999869  -0.0006077411   0.0000147214  -0.0004885517
   3.9149999869  -0.0005759963   0.0000213163  -0.0004688933
   3.9199999868  -0.0004979766   0.0000258608  -0.0004113714
   3.9249999868  -0.0003799884   0.0000282991  -0.0003206018
   3.9299999868  -0.0002315302   0.0000287981  -0.0002038685
   3.9349999868  -0.0000645326   0.0000276910  -0.0000705446
   3.9399999868   0.0001075890   0.0000253941   0.0000686468
   3.9449999868   0.0002710028   0.0000223183   0.0002024858
   3.9499999867   0.0004125745   0.0000187976   0.0003201621
   3.9549999867   0.0005209389   0.0000150534   0.0004121654
   3.9599999867   0.0005874367   0.0000112002   0.0004710792
   3.9649999867   0.0006068295   0.0000072844   0.0004922027
   3.9699999867   0.0005777207   0.0000033386   0.0004739359
   3.9749999867   0.0005026422  -0.0000005717   0.0004178878
   3.9799999866   0.0003877997  -0.0000043246   0.0003287010
   3.9849999866   0.0002425113  -0.0000077495   0.0002136183
   3.9899999866   0.0000784014  -0.0000106575   0.0000818450
   3.9949999866  -0.0000915651  -0.0000128820  -0.0000562239
   3.9999999866  -0.0002541215  -0.0000143116  -0.0001898380
   4.0049999866  -0.0003967256  -0.0000149039  -0.0003087195
   4.0099999865  -0.0005085033  -0.0000146792  -0.0004038311
   4.0149999865  -0.0005810520  -0.0000137002  -0.0004680375
   4.0199999865  -0.0006090562  -0.0000120511  -0.0004966263
   4.0249999865  -0.0005906781  -0.0000098266  -0.0004876563
   4.0299999865  -0.0005276940  -0.0000071372  -0.0004421074
   4.0349999864  -0.0004253582  -0.0000041252  -0.0003638116
   4.0399999864  -0.0002919933  -0.0000009816  -0.0002591593
   4.0449999864  -0.0001383312   0.0000020494  -0.0001365944
   4.0499999864   0.0000233485   0.0000046870  -0.0000059343
   4.0549999864   0.0001802088   0.0000066521   0.0001224270
   4.0599999864   0.0003198880   0.0000077184   0.0002383598
   4.0649999863   0.0004314818   0.0000077617   0.0003328065
   4.0699999863   0.0005063926   0.0000067918   0.0003984879
   4.0749999863   0.0005389793   0.0000049562   0.0004304511
   4.0799999863   0.0005269660   0.0000025160   0.0004264279
   4.0849999863   0.0004715890  -0.0000002004   0.0003869830
   4.0899999863   0.0003774809  -0.0000028495   0.0003154545
   4.0949999862   0.0002523046  -0.0000051202   0.0002176932
   4.0999999862   0.0001061633  -0.0000067656   0.0001016166
   4.1049999862  -0.0000491777  -0.0000076185  -0.0000233951
   4.1099999862  -0.0002012081  -0.0000075963  -0.0001472279
   4.1149999862  -0.0003376645  -0.0000067023  -0.0002598371
   4.1199999862  -0.0004475201  -0.0000050281  -0.0003520625
   4.1249999861  -0.0005218867  -0.0000027570  -0.0004163850
   4.1299999861  -0.0005547463  -0.0000001620  -0.0004475507
   4.1349999861  -0.0005434412   0.0000024125  -0.0004430027
   4.1399999861  -0.0004888767   0.0000045891  -0.0004030767
   4.1449999861  -0.0003954197   0.0000060190  -0.0003309470
   4.1499999861  -0.0002705118   0.0000064533  -0.0002323355
   4.1549999860  -0.0001240387   0.0000058071  -0.0001150199
   4.1599999860   0.0000324804   0.0000041977   0.0000118080
   4.1649999860   0.0001868128   0.0000019407   0.0001382753
   4.1699999860   0.0003269687  -0.0000004985   0.0002545959
   4.1749999860   0.0004421269  -0.0000025881   0.0003518207
   4.1799999860   0.0005234667  -0.0000038284   0.0004225223
   4.1849999859   0.0005648501  -0.0000038412   0.0004613675
   4.1899999859   0.0005633020  -0.0000024304   0.0004655375
   4.1949999859   0.0005192482   0.0000003984   0.0004349571
   4.1999999859   0.0004364824   0.0000044547   0.0003723057
   4.2049999859   0.0003218561   0.0000094088   0.0002828002
   4.2099999859   0.0001847111   0.0000148478   0.0001737603
   4.2149999858   0.0000361001   0.0000203289   0.0000539934
   4.2199999858  -0.0001121325   0.0000254225  -0.0000669448
   4.2249999858  -0.0002483252   0.0000297429  -0.0001795430
   4.2299999858  -0.0003619404   0.0000329718  -0.0002751048
   4.2349999858  -0.0004443904   0.0000348775  -0.0003464318
   4.2399999858  -0.0004896869   0.0000353335  -0.0003883661
   4.2449999857  -0.0004948687   0.0000343316  -0.0003981573
   4.2499999857  -0.0004601860   0.0000319849  -0.0003756358
   4.2549999857  -0.0003890384   0.0000285134  -0.0003231892
   4.2599999857  -0.0002876741   0.0000242111  -0.0002455473
   4.2649999857  -0.0001646749   0.0000193973  -0.0001493905
   4.2699999857  -0.0000302614   0.0000143652  -0.0000428075
   4.2749999856   0.0001045336   0.0000093392   0.0000653622
   4.2799999856   0.0002287597   0.0000044534   0.0001662515
   4.2849999856   0.0003324405  -0.0000002423   0.0002516952
   4.2899999856   0.0004073824  -0.0000047537   0.0003148999
   4.2949999856   0.0004478297  -0.0000091013   0.0003509924
   4.2999999856   0.0004509054  -0.0000132817   0.0003573952
   4.3049999855   0.0004168034  -0.0000172464   0.0003339982
   4.3099999855   0.0003487215  -0.0000209020   0.0002831193
   4.3149999855   0.0002525537  -0.0000241331   0.0002092681
   4.3199999855   0.0001363780  -0.0000268349   0.0001187449
   4.3249999855   0.0000097907  -0.0000289453   0.0000191160
   4.3299999855  -0.0001168572  -0.0000304623  -0.0000813899
   4.3349999854  -0.0002332653  -0.0000314447  -0.0001745197
   4.3399999854  -0.0003299771  -0.0000319955  -0.0002526299
   4.3449999854  -0.0003991109  -0.0000322384  -0.0003092758
   4.3499999854  -0.0004349773  -0.0000322964  -0.0003397193
   4.3549999854  -0.0004345386  -0.0000322804  -0.0003413150
   4.3599999854  -0.0003976683  -0.0000322881  -0.0003137418
   4.3649999853  -0.0003271822  -0.0000324087  -0.0002590515
   4.3699999853  -0.0002286294  -0.0000327262  -0.0001815218
   4.3749999853  -0.0001098552  -0.0000333118  -0.0000873208
   4.3799999853   0.0000196301  -0.0000342051   0.0000159911
   4.3849999853   0.0001494207  -0.0000353883   0.0001200761
   4.3899999853   0.0002690542  -0.0000367620   0.0002164950
   4.3949999852   0.0003688475  -0.0000381348   0.0002973833
   4.3999999852   0.0004406604  -0.0000392330   0.0003560721
   4.4049999852   0.0004785309  -0.0000397327   0.0003876081
   4.4099999852   0.0004791363  -0.0000393059   0.0003891373
   4.4149999852   0.0004420533  -0.0000376717   0.0003601300
   4.4199999852   0.0003697992  -0.0000346374   0.0003024327
   4.4249999851   0.0002676502  -0.0000301244   0.0002201425
   4.4299999851   0.0001432467  -0.0000241750   0.0001193075
   4.4349999851   0.0000060071  -0.0000169446   0.0000074681
   4.4399999851  -0.0001336092  -0.0000086875  -0.0001069298
   4.4449999851  -0.0002649340   0.0000002584  -0.0002152079
   4.4499999851  -0.0003779489   0.0000094846  -0.0003091562
   4.4549999850  -0.0004640926   0.0000185254  -0.0003816992
   4.4599999850  -0.0005169461   0.0000268780  -0.0004274639
   4.4649999850  -0.0005327319   0.0000340349  -0.0004431988
   4.4699999850  -0.0005105881   0.0000395296  -0.0004280088
   4.4749999850  -0.0004525996   0.0000429912  -0.0003833918
   4.4799999850  -0.0003635933   0.0000441965  -0.0003130838
   4.4849999849  -0.0002507238   0.0000431066  -0.0002227336
   4.4899999849  -0.0001228898   0.0000398754  -0.0001194418
   4.4949999849   0.0000099706   0.0000348268  -0.0000112002
   4.4999999849   0.0001376521   0.0000284037   0.0000937253
   4.5049999849   0.0002504692   0.0000211020   0.0001874283
   4.5099999849   0.0003400013   0.0000134057   0.0002629678
   4.5149999848   0.0003997415   0.0000057382   0.0003149031
   4.5199999848   0.0004255982  -0.0000015622   0.0003397143
   4.5249999848   0.0004162060  -0.0000082417   0.0003360721
   4.5299999848   0.0003730152  -0.0000141136   0.0003049292
   4.5349999848   0.0003001503  -0.0000190367   0.0002494217
   4.5399999848   0.0002040486  -0.0000228995   0.0001745891
   4.5449999847   0.0000929117  -0.0000256161   0.0000869385
   4.5499999847  -0.0000239782  -0.0000271337  -0.0000061040
   4.5549999847  -0.0001370162  -0.0000274440  -0.0000968048
   4.5599999847  -0.0002370409  -0.0000265918  -0.0001777426
   4.5649999847  -0.0003160496  -0.0000246733  -0.0002423885
   4.5699999847  -0.0003678091  -0.0000218251  -0.0002856040
   4.5749999846  -0.0003883226  -0.0000182063  -0.0003040255
   4.5799999846  -0.0003761225  -0.0000139836  -0.0002963109
   4.5849999846  -0.0003323708  -0.0000093233  -0.0002632342
   4.5899999846  -0.0002607586  -0.0000043953  -0.0002076185
   4.5949999846  -0.0001672097   0.0000006165  -0.0001341097
   4.5999999846  -0.0000594046   0.0000055039  -0.0000488022
   4.6049999845   0.0000538389   0.0000100332   0.0000412561
   4.6099999845   0.0001632828   0.0000139584   0.0001286425
   4.6149999845   0.0002600215   0.0000170493   0.0002061707
   4.6199999845   0.0003362043   0.0000191273   0.0002674804
   4.6249999845   0.0003856656   0.0000200986   0.0003075512
   4.6299999845   0.0004044078   0.0000199741   0.0003230977
   4.6349999844   0.0003909020   0.0000188689   0.0003128152
   4.6399999844   0.0003461876   0.0000169810   0.0002774636
   4.6449999844   0.0002737713   0.0000145549   0.0002197893
   4.6499999844   0.0001793410   0.0000118407   0.0001442999
   4.6549999844   0.0000703192   0.0000090587   0.0000569129
   4.6599999844  -0.0000447091   0.0000063764  -0.0000354980
   4.6649999843  -0.0001566567   0.0000039013  -0.0001256274
   4.6699999843  -0.0002566371   0.0000016848  -0.0002063005
   4.6749999843  -0.0003366627  -0.0000002661  -0.0002710371
   4.6799999843  -0.0003902830  -0.0000019768  -0.0003145716
   4.6849999843  -0.0004131121  -0.0000034951  -0.0003332885
   4.6899999843  -0.0004031954  -0.0000048831  -0.0003255302
   4.6949999842  -0.0003611802  -0.0000062096  -0.0002917459
   4.6999999842  -0.0002902719  -0.0000075395  -0.0002344651
   4.7049999842  -0.0001959767  -0.0000089195  -0.0001580963
   4.7099999842  -0.0000856565  -0.0000103628  -0.0000685699
   4.7149999842   0.0000320640  -0.0000118359   0.0000271403
   4.7199999841   0.0001479855  -0.0000132551   0.0001215729
   4.7249999841   0.0002530583  -0.0000144944   0.0002073657
   4.7299999841   0.0003390865  -0.0000154056   0.0002778273
   4.7349999841   0.0003993608  -0.0000158461   0.0003274512
   4.7399999841   0.0004291743  -0.0000157067   0.0003523393
   4.7449999841   0.0004261863  -0.0000149310   0.0003505041
   4.7499999840   0.0003906055  -0.0000135225   0.0003220272
   4.7549999840   0.0003251779  -0.0000115376   0.0002690604
   4.7599999840   0.0002349745  -0.0000090700   0.0001956630
   4.7649999840   0.0001269923  -0.0000062330   0.0001074860
   4.7699999840   0.0000095982  -0.0000031471   0.0000113231
   4.7749999840  -0.0001081401   0.0000000625  -0.0000854330
   4.7799999839  -0.0002171773   0.0000032610  -0.0001753815
   4.7849999839  -0.0003092053   0.0000062964  -0.0002516996
   4.7899999839  -0.0003772979   0.0000089977  -0.0003086716
   4.7949999839  -0.0004164333   0.0000111836  -0.0003421188
   4.7999999839  -0.0004238563   0.0000126836  -0.0003496973
   4.8049999839  -0.0003992582   0.0000133671  -0.0003310498
   4.8099999838  -0.0003447689   0.0000131707  -0.0002878041
   4.8149999838  -0.0002647683   0.0000121156  -0.0002234275
   4.8199999838  -0.0001655355   0.0000103062  -0.0001429504
   4.8249999838  -0.0000547618   0.0000079113  -0.0000525795
   4.8299999838   0.0000590385   0.0000051317   0.0000407745
   4.8349999838   0.0001671792   0.0000021653   0.0001300219
   4.8399999837   0.0002614686  -0.0000008202   0.0002084361
   4.8449999837   0.0003348394  -0.0000036998   0.0002701712
   4.8499999837   0.0003818934  -0.0000063875   0.0003107129
   4.8549999837   0.0003993112  -0.0000088208   0.0003272220
   4.8599999837   0.0003860955  -0.0000109415   0.0003187427
   4.8649999837   0.0003436255  -0.0000126827   0.0002862557
   4.8699999836   0.0002755213  -0.0000139661   0.0002325770
   4.8749999836   0.0001873348  -0.0000147113   0.0001621122
   4.8799999836   0.0000860961  -0.0000148514   0.0000804943
   4.8849999836  -0.0000202440  -0.0000143502  -0.0000058644
   4.8899999836  -0.0001234321  -0.0000132121  -0.0000902699
   4.8949999836  -0.0002155439  -0.0000114844  -0.0001662566
   4.8999999835  -0.0002895857  -0.0000092502  -0.0002280763
   4.9049999835  -0.0003400237  -0.0000066189  -0.0002711317
   4.9099999835  -0.0003632043  -0.0000037165  -0.0002923241
   4.9149999835  -0.0003576311  -0.0000006810  -0.0002902898
   4.9199999835  -0.0003240754   0.0000023382  -0.0002655009
   4.9249999835  -0.0002655071   0.0000051800  -0.0002202214
   4.9299999834  -0.0001868481   0.0000076753  -0.0001583165
   4.9349999834  -0.0000945658   0.0000096582  -0.0000849299
   4.9399999834   0.0000038581   0.0000109855  -0.0000060563
   4.9449999834   0.0001005378   0.0000115601   0.0000719516
   4.9499999834   0.0001878185   0.0000113511   0.0001428977
   4.9549999834   0.0002588826   0.0000104049   0.0002012345
   4.9599999833   0.0003082772   0.0000088395   0.0002424913
   4.9649999833   0.0003323260   0.0000068253   0.0002636092
   4.9699999833   0.0003293950   0.0000045543   0.0002631600
   4.9749999833   0.0002999996   0.0000022090   0.0002414381
   4.9799999833   0.0002467463  -0.0000000634   0.0002004216
   4.9849999833   0.0001741156  -0.0000021633   0.0001436068
   4.9899999832   0.0000881018  -0.0000040374   0.0000757274
   4.9949999832  -0.0000042665  -0.0000056674   0.0000023750
   4.9999999832  -0.0000954902  -0.0000070557  -0.0000704492
   5.0049999832  -0.0001782043  -0.0000082127  -0.0001368216
   5.0099999832  -0.0002457740  -0.0000091510  -0.0001913789
   5.0149999832  -0.0002928317  -0.0000098855  -0.0002297559
   5.0199999831  -0.0003157074  -0.0000104356  -0.0002489383
   5.0249999831  -0.0003127138  -0.0000108256  -0.0002474991
   5.0299999831  -0.0002842647  -0.0000110805  -0.0002256986
   5.0349999831  -0.0002328193  -0.0000112166  -0.0001854435
   5.0399999831  -0.0001626607  -0.0000112318  -0.0001301118
   5.0449999831  -0.0000795342  -0.0000110992  -0.0000642648
   5.0499999830   0.0000098235  -0.0000107697   0.0000067288
   5.0549999830   0.0000982243  -0.0000101838   0.0000771245
   5.0599999830   0.0001785969  -0.0000092903   0.0001412564
   5.0649999830   0.0002445424  -0.0000080666   0.0001939834
   5.0699999830   0.0002908350  -0.0000065316   0.0002310926
   5.0749999830   0.0003138319  -0.0000047491   0.0002496332
   5.0799999829   0.0003117601  -0.0000028184   0.0002481505
   5.0849999829   0.0002848529  -0.0000008557   0.0002268016
   5.0899999829   0.0002353258   0.0000010266   0.0001873392
   5.0949999829   0.0001671895   0.0000027366   0.0001329643
   5.0999999829   0.0000859181   0.0000042098   0.0000680581
   5.1049999829  -0.0000020004   0.0000054072  -0.0000021799
   5.1099999828  -0.0000895897   0.0000063049  -0.0000721564
   5.1149999828  -0.0001699409   0.0000068841  -0.0001363326
   5.1199999828  -0.0002367538   0.0000071238  -0.0001896589
   5.1249999828  -0.0002848212   0.0000070030  -0.0002279625
   5.1299999828  -0.0003104218   0.0000065096  -0.0002482621
   5.1349999828  -0.0003115976   0.0000056529  -0.0002489886
   5.1399999827  -0.0002882975   0.0000044750  -0.0002301012
   5.1449999827  -0.0002423798   0.0000030543  -0.0001930907
   5.1499999827  -0.0001774717   0.0000015005  -0.0001408695
   5.1549999827  -0.0000986942  -0.0000000591  -0.0000775536
   5.1599999827  -0.0000122695  -0.0000014966  -0.0000081493
   5.1649999827   0.0000749628  -0.0000026991   0.0000618358
   5.1699999826   0.0001560840  -0.0000035783   0.0001268267
   5.1749999826   0.0002246457  -0.0000040731   0.0001816271
   5.1799999826   0.0002751852  -0.0000041454   0.0002218371
   5.1849999826   0.0003036615  -0.0000037747   0.0002442074
   5.1899999826   0.0003077759  -0.0000029553   0.0002468995
   5.1949999826   0.0002871508  -0.0000016968   0.0002296296
   5.1999999825   0.0002433561  -0.0000000312   0.0001936881
   5.2049999825   0.0001797814   0.0000019811   0.0001418359
   5.2099999825   0.0001013703   0.0000042456   0.0000780879
   5.2149999825   0.0000142361   0.0000066359   0.0000074024
   5.2199999825  -0.0000748101   0.0000090022  -0.0000646994
   5.2249999825  -0.0001587854   0.0000111850  -0.0001325588
   5.2299999824  -0.0002310773   0.0000130302  -0.0001908174
   5.2349999824  -0.0002859611   0.0000144012  -0.0002348373
   5.2399999824  -0.0003190537   0.0000151849  -0.0002610700
   5.2449999824  -0.0003276645   0.0000152928  -0.0002673429
   5.2499999824  -0.0003110131   0.0000146595  -0.0002530377
   5.2549999824  -0.0002702935   0.0000132428  -0.0002191428
   5.2599999823  -0.0002085769   0.0000110289  -0.0001681737
   5.2649999823  -0.0001305624   0.0000080431  -0.0001039692
   5.2699999823  -0.0000421988   0.0000043627  -0.0000313810
   5.2749999823   0.0000497901   0.0000001278   0.0000441126
   5.2799999823   0.0001384336  -0.0000044571   0.0001168366
   5.2849999823   0.0002170535  -0.0000091335   0.0001813565
   5.2899999822   0.0002797732  -0.0000136124   0.0002328899
   5.2949999822   0.0003219600  -0.0000176070   0.0002676631
   5.2999999822   0.0003405697  -0.0000208663   0.0002831903
   5.3049999822   0.0003343704  -0.0000232034   0.0002784550
   5.3099999822   0.0003040297  -0.0000245121   0.0002539830
   5.3149999822   0.0002520570  -0.0000247693   0.0002117984
   5.3199999821   0.0001826041  -0.0000240255   0.0001552643
   5.3249999821   0.0001011363  -0.0000223881   0.0000888183
   5.3299999821   0.0000139997  -0.0000200043   0.0000176209
   5.3349999821  -0.0000720828  -0.0000170462  -0.0000528536
   5.3399999821  -0.0001505417  -0.0000137020  -0.0001172507
   5.3449999821  -0.0002154751  -0.0000101697  -0.0001707549
   5.3499999820  -0.0002621026  -0.0000066521  -0.0002094600
   5.3549999820  -0.0002871235  -0.0000033483  -0.0002306611
   5.3599999820  -0.0002889521  -0.0000004414  -0.0002330455
   5.3649999820  -0.0002678175   0.0000019165  -0.0002167738
   5.3699999820  -0.0002257228   0.0000036188  -0.0001834466
   5.3749999820  -0.0001662714   0.0000046134  -0.0001359652
   5.3799999819  -0.0000943769   0.0000049042  -0.0000782967
   5.3849999819  -0.0000158756   0.0000045442  -0.0000151626
   5.3899999819   0.0000629277   0.0000036230   0.0000483286
   5.3949999819   0.0001357490   0.0000022539   0.0001070782
   5.3999999819   0.0001968140   0.0000005633   0.0001563942
   5.4049999818   0.0002413080  -0.0000013134   0.0001923588
   5.4099999818   0.0002657500  -0.0000032316   0.0002121342
   5.4149999818   0.0002682609  -0.0000050369   0.0002141824
   5.4199999818   0.0002487023  -0.0000065675   0.0001983791
   5.4249999818   0.0002086747  -0.0000076639   0.0001660125
   5.4299999818   0.0001513782  -0.0000081856   0.0001196690
   5.4349999817   0.0000813482  -0.0000080321   0.0000630178
   5.4399999817   0.0000040914  -0.0000071613   0.0000005148
   5.4449999817  -0.0000743478  -0.0000056002  -0.0000629487
   5.4499999817  -0.0001478555  -0.0000034439  -0.0001224252
   5.4549999817  -0.0002107178  -0.0000008419  -0.0001732890
   5.4599999817  -0.0002580561   0.0000020239  -0.0002115878
   5.4649999816  -0.0002861989   0.0000049630  -0.0002343431
   5.4699999816  -0.0002929641   0.0000077961  -0.0002397791
   5.4749999816  -0.0002778272   0.0000103666  -0.0002274602
   5.4799999816  -0.0002419637   0.0000125437  -0.0001983277
   5.4849999816  -0.0001881580   0.0000142198  -0.0001546277
   5.4899999816  -0.0001205838   0.0000153064  -0.0000997344
   5.4949999815  -0.0000444724   0.0000157340  -0.0000378814
   5.4999999815   0.0000343039   0.0000154566   0.0000261765
   5.5049999815   0.0001097000   0.0000144602   0.0000875430
   5.5099999815   0.0001759751   0.0000127724   0.0001415690
   5.5149999815   0.0002281426   0.0000104673   0.0001842157
   5.5199999815   0.0002623535   0.0000076650   0.0002123656
   5.5249999814   0.0002761874   0.0000045220   0.0002240561
   5.5299999814   0.0002688276   0.0000012177   0.0002186207
   5.5349999814   0.0002411124  -0.0000020619   0.0001967294
   5.5399999814   0.0001954580  -0.0000051379   0.0001603264
   5.5449999814   0.0001356605  -0.0000078490   0.0001124708
   5.5499999814   0.0000665920  -0.0000100573   0.0000570914
   5.5549999813  -0.0000061872  -0.0000116527  -0.0000013261
   5.5599999813  -0.0000768718  -0.0000125573  -0.0000580976
   5.5649999813  -0.0001398732  -0.0000127316  -0.0001087145
   5.5699999813  -0.0001902647  -0.0000121820  -0.0001492046
   5.5749999813  -0.0002241704  -0.0000109666  -0.0001764475
   5.5799999813  -0.0002390667  -0.0000091956  -0.0001884175
   5.5849999812  -0.0002339700  -0.0000070247  -0.0001843349
   5.5899999812  -0.0002094980  -0.0000046384  -0.0001647126
   5.5949999812  -0.0001678016  -0.0000022288  -0.0001312980
   5.5999999812  -0.0001123764   0.0000000290  -0.0000869186
   5.6049999812  -0.0000477727   0.0000019959  -0.0000352454
   5.6099999812   0.0000207711   0.0000035803   0.0000195033
   5.6149999811   0.0000877426   0.0000047386   0.0000728957
   5.6199999811   0.0001477866   0.0000054670   0.0001206329
   5.6249999811   0.0001961206   0.0000057891   0.0001588826
   5.6299999811   0.0002289073   0.0000057426   0.0001845786
   5.6349999811   0.0002435535   0.0000053710   0.0001956613
   5.6399999811   0.0002389136   0.0000047210   0.0001912414
   5.6449999810   0.0002153788   0.0000038441   0.0001716716
   5.6499999810   0.0001748447   0.0000028000   0.0001385188
   5.6549999810   0.0001205555   0.0000016583   0.0000944361
   5.6599999810   0.0000568409   0.0000004959   0.0000429466
   5.6649999810  -0.0000112349  -0.0000006103  -0.0000118437
   5.6699999810  -0.0000782794  -0.0000015919  -0.0000655778
   5.6749999809  -0.0001390008  -0.0000023976  -0.0001139954
   5.6799999809  -0.0001886223  -0.0000029964  -0.0001532689
   5.6849999809  -0.0002232517  -0.0000033767  -0.0001802991
   5.6899999809  -0.0002401785  -0.0000035406  -0.0001929528
   5.6949999809  -0.0002380786  -0.0000034969  -0.0001902234
   5.6999999809  -0.0002171133  -0.0000032553  -0.0001723068
   5.7049999808  -0.0001789156  -0.0000028255  -0.0001405868
   5.7099999808  -0.0001264658  -0.0000022212  -0.0000975302
   5.7149999808  -0.0000638623  -0.0000014661  -0.0000464990
   5.7199999808   0.0000039948  -0.0000006007   0.0000085089
   5.7249999808   0.0000717862   0.0000003166   0.0000631717
   5.7299999808   0.0001341903   0.0000012129   0.0001131838
   5.7349999807   0.0001863026   0.0000020115   0.0001545962
   5.7399999807   0.0002240215   0.0000026451   0.0001841286
   5.7449999807   0.0002443688   0.0000030684   0.0001994269
   5.7499999807   0.0002457194   0.0000032651   0.0001992445
   5.7549999807   0.0002279228   0.0000032469   0.0001835352
   5.7599999807   0.0001923086   0.0000030461   0.0001534512
   5.7649999806   0.0001415787   0.0000027036   0.0001112497
   5.7699999806   0.0000795956   0.0000022572   0.0000601166
   5.7749999806   0.0000110846   0.0000017350   0.0000039222
   5.7799999806  -0.0000587291   0.0000011552  -0.0000530746
   5.7849999806  -0.0001245213   0.0000005325  -0.0001065513
   5.7899999806  -0.0001812799  -0.0000001140  -0.0001524547
   5.7949999805  -0.0002246947  -0.0000007538  -0.0001873157
   5.7999999805  -0.0002514967  -0.0000013437  -0.0002085234
   5.8049999805  -0.0002597180  -0.0000018341  -0.0002145342
   5.8099999805  -0.0002488506  -0.0000021786  -0.0002049981
   5.8149999805  -0.0002198892  -0.0000023457  -0.0001807903
   5.8199999805  -0.0001752530  -0.0000023264  -0.0001439438
   5.8249999804  -0.0001185939  -0.0000021353  -0.0000974883
   5.8299999804  -0.0000545062  -0.0000018052  -0.0000452104
   5.8349999804   0.0000118374  -0.0000013774   0.0000086466
   5.8399999804   0.0000750915  -0.0000008920   0.0000597152
   5.8449999804   0.0001301563  -0.0000003813   0.0001038446
   5.8499999804   0.0001725719   0.0000001313   0.0001374217
   5.8549999803   0.0001988627   0.0000006280   0.0001576496
   5.8599999803   0.0002068043   0.0000010929   0.0001627621
   5.8649999803   0.0001955935   0.0000015082   0.0001521598
   5.8699999803   0.0001659087   0.0000018558   0.0001264561
   5.8749999803   0.0001198555   0.0000021216   0.0000874293
   5.8799999803   0.0000607998   0.0000023001   0.0000378829
   5.8849999802  -0.0000068984   0.0000023972  -0.0000185755
   5.8899999802  -0.0000782301   0.0000024283  -0.0000778199
   5.8949999802  -0.0001479331   0.0000024110  -0.0001355318
   5.8999999802  -0.0002109056   0.0000023560  -0.0001875407
   5.9049999802  -0.0002626031   0.0000022594  -0.0002301489
   5.9099999802  -0.0002993864   0.0000021011  -0.0002604139
   5.9149999801  -0.0003187937   0.0000018509  -0.0002763677
   5.9199999801  -0.0003197163   0.0000014805  -0.0002771556
   5.9249999801  -0.0003024685   0.0000009777  -0.0002630877
   5.9299999801  -0.0002687472   0.0000003578  -0.0002356006
   5.9349999801  -0.0002214881  -0.0000003335  -0.0001971353
   5.9399999801  -0.0001646307  -0.0000010263  -0.0001509417
   5.9449999800  -0.0001028087  -0.0000016401  -0.0001008240
   5.9499999800  -0.0000409906  -0.0000021019  -0.0000508451
   5.9549999800   0.0000159060  -0.0000023604  -0.0000050123
   5.9599999800   0.0000633953  -0.0000023955   0.0000330344
   5.9649999800   0.0000977714  -0.0000022176   0.0000603057
   5.9699999800   0.0001163967  -0.0000018606   0.0000746964
   5.9749999799   0.0001179054  -0.0000013714   0.0000751496
   5.9799999799   0.0001023073  -0.0000007986   0.0000617374
   5.9849999799   0.0000709818  -0.0000001863   0.0000356520
   5.9899999799   0.0000265666   0.0000004285  -0.0000008908
   5.9949999799  -0.0000272519   0.0000010148  -0.0000448270
