   0.0000000000   0.0000000000   0.0000000000   0.0000000000
   0.0050000000   0.0000000000   0.0000000000   0.0000000000
   0.0100000000   0.0000000000   0.0000000000   0.0000000000
   0.0149999999   0.0000000000   0.0000000000   0.0000000000
   0.0199999999   0.0000000000   0.0000000000   0.0000000000
   0.0249999999   0.0000000000   0.0000000000   0.0000000000
   0.0299999999   0.0000000000   0.0000000000   0.0000000000
   0.0349999999   0.0000000000   0.0000000000   0.0000000000
   0.0399999999   0.0000000000   0.0000000000   0.0000000000
   0.0449999998   0.0000000000   0.0000000000   0.0000000000
   0.0499999998   0.0000000000   0.0000000000   0.0000000000
   0.0549999998   0.0000000000   0.0000000000   0.0000000000
   0.0599999998   0.0000000000   0.0000000000   0.0000000000
   0.0649999998   0.0000000000   0.0000000000   0.0000000000
   0.0699999998   0.0000000000   0.0000000000   0.0000000000
   0.0749999997  -0.0000000000   0.0000000000  -0.0000000000
   0.0799999997  -0.0000000000   0.0000000000  -0.0000000000
   0.0849999997  -0.0000000000   0.0000000000  -0.0000000000
   0.0899999997  -0.0000000000   0.0000000000  -0.0000000000
   0.0949999997  -0.0000000000   0.0000000000  -0.0000000000
   0.0999999997  -0.0000000000   0.0000000000  -0.0000000000
   0.1049999996  -0.0000000000   0.0000000000  -0.0000000000
   0.1099999996  -0.0000000000   0.0000000000  -0.0000000000
   0.1149999996  -0.0000000000   0.0000000000  -0.0000000000
   0.1199999996   0.0000000000   0.0000000000   0.0000000000
   0.1249999996   0.0000000000  -0.0000000000   0.0000000000
   0.1299999996   0.0000000000  -0.0000000000   0.0000000000
   0.1349999995   0.0000000000  -0.0000000000   0.0000000000
   0.1399999995   0.0000000000  -0.0000000000   0.0000000000
   0.1449999995   0.0000000000  -0.0000000000   0.0000000000
   0.1499999995   0.0000000000  -0.0000000000   0.0000000000
   0.1549999995   0.0000000000  -0.0000000000   0.0000000000
   0.1599999995   0.0000000000  -0.0000000000   0.0000000000
   0.1649999994   0.0000000000  -0.0000000000   0.0000000000
   0.1699999994   0.0000000000  -0.0000000000   0.0000000000
   0.1749999994   0.0000000000  -0.0000000000   0.0000000000
   0.1799999994   0.0000000000  -0.0000000000   0.0000000000
   0.1849999994   0.0000000000  -0.0000000000   0.0000000000
   0.1899999994   0.0000000000  -0.0000000000   0.0000000000
   0.1949999993   0.0000000000  -0.0000000000   0.0000000000
   0.1999999993   0.0000000000  -0.0000000000   0.0000000000
   0.2049999993   0.0000000000  -0.0000000000   0.0000000000
   0.2099999993   0.0000000000  -0.0000000000   0.0000000000
   0.2149999993   0.0000000000  -0.0000000000   0.0000000000
   0.2199999993   0.0000000000  -0.0000000000   0.0000000000
   0.2249999992   0.0000000000  -0.0000000000   0.0000000000
   0.2299999992   0.0000000000  -0.0000000000   0.0000000000
   0.2349999992   0.0000000000  -0.0000000000   0.0000000000
   0.2399999992   0.0000000000  -0.0000000000   0.0000000000
   0.2449999992   0.0000000000  -0.0000000000   0.0000000000
   0.2499999992   0.0000000000  -0.0000000000   0.0000000000
   0.2549999991   0.0000000000  -0.0000000000   0.0000000000
   0.2599999991   0.0000000000  -0.0000000000   0.0000000000
   0.2649999991   0.0000000000  -0.0000000000   0.0000000000
   0.2699999991   0.0000000000  -0.0000000000   0.0000000000
   0.2749999991   0.0000000000  -0.0000000000   0.0000000000
   0.2799999991   0.0000000000  -0.0000000000   0.0000000000
   0.2849999990   0.0000000000  -0.0000000000   0.0000000000
   0.2899999990   0.0000000000  -0.0000000000   0.0000000000
   0.2949999990   0.0000000000  -0.0000000000   0.0000000000
   0.2999999990   0.0000000000  -0.0000000000   0.0000000000
   0.3049999990   0.0000000000  -0.0000000000   0.0000000000
   0.3099999990   0.0000000000  -0.0000000000   0.0000000000
   0.3149999989   0.0000000000  -0.0000000000   0.0000000000
   0.3199999989   0.0000000000  -0.0000000000   0.0000000000
   0.3249999989   0.0000000000  -0.0000000000   0.0000000000
   0.3299999989   0.0000000000  -0.0000000000   0.0000000000
   0.3349999989   0.0000000000  -0.0000000000   0.0000000000
   0.3399999989   0.0000000000  -0.0000000000   0.0000000000
   0.3449999988   0.0000000000  -0.0000000000   0.0000000000
   0.3499999988   0.0000000000  -0.0000000000   0.0000000000
   0.3549999988   0.0000000000  -0.0000000000   0.0000000000
   0.3599999988   0.0000000000  -0.0000000000   0.0000000000
   0.3649999988   0.0000000000  -0.0000000000   0.0000000000
   0.3699999988   0.0000000000  -0.0000000000   0.0000000000
   0.3749999987   0.0000000000   0.0000000000   0.0000000000
   0.3799999987   0.0000000000   0.0000000000   0.0000000000
   0.3849999987  -0.0000000000   0.0000000000  -0.0000000000
   0.3899999987  -0.0000000000   0.0000000000  -0.0000000000
   0.3949999987  -0.0000000000   0.0000000000  -0.0000000000
   0.3999999987  -0.0000000000   0.0000000000  -0.0000000000
   0.4049999986  -0.0000000000   0.0000000000  -0.0000000000
   0.4099999986  -0.0000000000   0.0000000000  -0.0000000000
   0.4149999986  -0.0000000000   0.0000000000  -0.0000000000
   0.4199999986  -0.0000000000   0.0000000000  -0.0000000000
   0.4249999986  -0.0000000000   0.0000000000  -0.0000000000
   0.4299999986  -0.0000000000   0.0000000000  -0.0000000000
   0.4349999985  -0.0000000000   0.0000000000  -0.0000000000
   0.4399999985  -0.0000000000   0.0000000000  -0.0000000000
   0.4449999985  -0.0000000000   0.0000000000  -0.0000000000
   0.4499999985  -0.0000000000   0.0000000000  -0.0000000000
   0.4549999985  -0.0000000000   0.0000000000  -0.0000000000
   0.4599999985  -0.0000000000   0.0000000000  -0.0000000000
   0.4649999984  -0.0000000000   0.0000000000  -0.0000000000
   0.4699999984  -0.0000000000   0.0000000000  -0.0000000000
   0.4749999984  -0.0000000000   0.0000000000  -0.0000000000
   0.4799999984  -0.0000000000   0.0000000000  -0.0000000000
   0.4849999984  -0.0000000000   0.0000000000  -0.0000000000
   0.4899999984  -0.0000000000   0.0000000000  -0.0000000000
   0.4949999983  -0.0000000000   0.0000000000  -0.0000000000
   0.4999999983  -0.0000000000   0.0000000000  -0.0000000000
   0.5049999983  -0.0000000000   0.0000000000  -0.0000000000
   0.5099999983  -0.0000000000   0.0000000000  -0.0000000000
   0.5149999983  -0.0000000000   0.0000000000  -0.0000000000
   0.5199999983  -0.0000000000   0.0000000000  -0.0000000000
   0.5249999982  -0.0000000000   0.0000000000  -0.0000000000
   0.5299999982  -0.0000000000   0.0000000000  -0.0000000000
   0.5349999982  -0.0000000000   0.0000000000  -0.0000000000
   0.5399999982  -0.0000000000   0.0000000000  -0.0000000000
   0.5449999982  -0.0000000000   0.0000000000  -0.0000000000
   0.5499999982  -0.0000000000   0.0000000000  -0.0000000000
   0.5549999981  -0.0000000000   0.0000000000  -0.0000000000
   0.5599999981  -0.0000000000   0.0000000000  -0.0000000000
   0.5649999981   0.0000000000   0.0000000000   0.0000000000
   0.5699999981   0.0000000000   0.0000000000   0.0000000000
   0.5749999981   0.0000000000   0.0000000000   0.0000000000
   0.5799999981   0.0000000000   0.0000000000   0.0000000000
   0.5849999980   0.0000000000   0.0000000000   0.0000000000
   0.5899999980   0.0000000000   0.0000000000   0.0000000000
   0.5949999980   0.0000000000   0.0000000000   0.0000000000
   0.5999999980   0.0000000000   0.0000000000   0.0000000000
   0.6049999980   0.0000000000   0.0000000000   0.0000000000
   0.6099999980   0.0000000000   0.0000000000   0.0000000000
   0.6149999979   0.0000000000   0.0000000000   0.0000000000
   0.6199999979   0.0000000000   0.0000000000   0.0000000000
   0.6249999979   0.0000000000  -0.0000000000   0.0000000000
   0.6299999979   0.0000000000  -0.0000000000   0.0000000000
   0.6349999979   0.0000000000  -0.0000000000   0.0000000000
   0.6399999979   0.0000000000  -0.0000000000   0.0000000000
   0.6449999978  -0.0000000000  -0.0000000000  -0.0000000000
   0.6499999978  -0.0000000000  -0.0000000000  -0.0000000000
   0.6549999978  -0.0000000000  -0.0000000000  -0.0000000000
   0.6599999978  -0.0000000000  -0.0000000000  -0.0000000000
   0.6649999978  -0.0000000000  -0.0000000000  -0.0000000000
   0.6699999978  -0.0000000000  -0.0000000000  -0.0000000000
   0.6749999977  -0.0000000000  -0.0000000000  -0.0000000000
   0.6799999977  -0.0000000000   0.0000000000  -0.0000000000
   0.6849999977  -0.0000000000   0.0000000000  -0.0000000000
   0.6899999977   0.0000000000   0.0000000000   0.0000000000
   0.6949999977   0.0000000000   0.0000000000   0.0000000000
   0.6999999976   0.0000000000   0.0000000000   0.0000000000
   0.7049999976   0.0000000000   0.0000000000   0.0000000000
   0.7099999976   0.0000000000   0.0000000000   0.0000000000
   0.7149999976   0.0000000000   0.0000000000   0.0000000000
   0.7199999976   0.0000000000   0.0000000000   0.0000000000
   0.7249999976   0.0000000000   0.0000000000   0.0000000000
   0.7299999975   0.0000000000   0.0000000000   0.0000000000
   0.7349999975   0.0000000000   0.0000000000   0.0000000000
   0.7399999975   0.0000000000   0.0000000000   0.0000000000
   0.7449999975   0.0000000000   0.0000000000   0.0000000000
   0.7499999975   0.0000000000   0.0000000000   0.0000000000
   0.7549999975   0.0000000000   0.0000000000   0.0000000000
   0.7599999974   0.0000000000   0.0000000000   0.0000000000
   0.7649999974   0.0000000000   0.0000000000   0.0000000000
   0.7699999974   0.0000000000   0.0000000000   0.0000000000
   0.7749999974   0.0000000000   0.0000000000   0.0000000000
   0.7799999974   0.0000000000   0.0000000000   0.0000000000
   0.7849999974   0.0000000000   0.0000000000   0.0000000000
   0.7899999973   0.0000000000   0.0000000000   0.0000000000
   0.7949999973   0.0000000000   0.0000000000   0.0000000000
   0.7999999973   0.0000000000   0.0000000000   0.0000000000
   0.8049999973   0.0000000000   0.0000000000   0.0000000000
   0.8099999973   0.0000000000   0.0000000000   0.0000000000
   0.8149999973   0.0000000000   0.0000000000   0.0000000000
   0.8199999972   0.0000000000   0.0000000000   0.0000000000
   0.8249999972   0.0000000000   0.0000000000   0.0000000000
   0.8299999972   0.0000000000   0.0000000000   0.0000000000
   0.8349999972   0.0000000000   0.0000000000   0.0000000000
   0.8399999972   0.0000000000   0.0000000000   0.0000000000
   0.8449999972   0.0000000000   0.0000000000   0.0000000000
   0.8499999971   0.0000000000   0.0000000000   0.0000000000
   0.8549999971   0.0000000000   0.0000000000   0.0000000000
   0.8599999971   0.0000000000   0.0000000000   0.0000000000
   0.8649999971   0.0000000000   0.0000000000   0.0000000000
   0.8699999971   0.0000000000   0.0000000000   0.0000000000
   0.8749999971   0.0000000000   0.0000000000   0.0000000000
   0.8799999970   0.0000000000   0.0000000000   0.0000000000
   0.8849999970   0.0000000000   0.0000000000   0.0000000000
   0.8899999970   0.0000000000   0.0000000000   0.0000000000
   0.8949999970   0.0000000000   0.0000000000   0.0000000000
   0.8999999970   0.0000000000   0.0000000000   0.0000000000
   0.9049999970   0.0000000000   0.0000000000   0.0000000000
   0.9099999969   0.0000000000   0.0000000000   0.0000000000
   0.9149999969   0.0000000000   0.0000000000   0.0000000000
   0.9199999969   0.0000000000   0.0000000000   0.0000000000
   0.9249999969   0.0000000000   0.0000000000   0.0000000000
   0.9299999969   0.0000000000   0.0000000000   0.0000000000
   0.9349999969   0.0000000000   0.0000000000   0.0000000000
   0.9399999968   0.0000000000   0.0000000000   0.0000000000
   0.9449999968   0.0000000000   0.0000000000   0.0000000000
   0.9499999968   0.0000000000   0.0000000000   0.0000000000
   0.9549999968   0.0000000000   0.0000000000   0.0000000000
   0.9599999968   0.0000000000   0.0000000000   0.0000000000
   0.9649999968   0.0000000000   0.0000000000   0.0000000000
   0.9699999967   0.0000000000   0.0000000000   0.0000000000
   0.9749999967   0.0000000000   0.0000000000   0.0000000000
   0.9799999967   0.0000000000   0.0000000000   0.0000000000
   0.9849999967   0.0000000000   0.0000000000   0.0000000000
   0.9899999967   0.0000000000   0.0000000000   0.0000000000
   0.9949999967  -0.0000000000   0.0000000000   0.0000000000
   0.9999999966  -0.0000000000  -0.0000000000  -0.0000000000
   1.0049999966  -0.0000000000  -0.0000000000  -0.0000000000
   1.0099999966  -0.0000000000  -0.0000000000  -0.0000000000
   1.0149999966  -0.0000000000  -0.0000000000  -0.0000000000
   1.0199999966  -0.0000000000  -0.0000000000  -0.0000000000
   1.0249999966  -0.0000000000  -0.0000000000  -0.0000000000
   1.0299999965  -0.0000000000  -0.0000000000  -0.0000000000
   1.0349999965  -0.0000000000  -0.0000000000  -0.0000000000
   1.0399999965  -0.0000000000  -0.0000000000  -0.0000000000
   1.0449999965  -0.0000000000  -0.0000000000  -0.0000000000
   1.0499999965  -0.0000000000  -0.0000000000  -0.0000000000
   1.0549999965  -0.0000000000  -0.0000000000  -0.0000000000
   1.0599999964  -0.0000000000  -0.0000000000  -0.0000000000
   1.0649999964  -0.0000000000  -0.0000000000  -0.0000000000
   1.0699999964   0.0000000000  -0.0000000000  -0.0000000000
   1.0749999964   0.0000000000   0.0000000000   0.0000000000
   1.0799999964   0.0000000000   0.0000000000   0.0000000000
   1.0849999964   0.0000000000   0.0000000000   0.0000000000
   1.0899999963   0.0000000000   0.0000000000   0.0000000000
   1.0949999963   0.0000000000   0.0000000000   0.0000000000
   1.0999999963   0.0000000000   0.0000000000   0.0000000000
   1.1049999963   0.0000000000   0.0000000000   0.0000000000
   1.1099999963   0.0000000000   0.0000000000   0.0000000000
   1.1149999963   0.0000000000   0.0000000000   0.0000000000
   1.1199999962   0.0000000000   0.0000000000   0.0000000000
   1.1249999962   0.0000000000   0.0000000000   0.0000000000
   1.1299999962  -0.0000000000   0.0000000000   0.0000000000
   1.1349999962  -0.0000000000  -0.0000000000  -0.0000000000
   1.1399999962  -0.0000000000  -0.0000000000  -0.0000000000
   1.1449999962  -0.0000000000  -0.0000000000  -0.0000000000
   1.1499999961  -0.0000000000  -0.0000000000  -0.0000000000
   1.1549999961  -0.0000000000  -0.0000000000  -0.0000000000
   1.1599999961  -0.0000000000  -0.0000000000  -0.0000000000
   1.1649999961  -0.0000000000  -0.0000000000  -0.0000000000
   1.1699999961  -0.0000000000  -0.0000000000  -0.0000000000
   1.1749999961  -0.0000000000  -0.0000000000  -0.0000000000
   1.1799999960  -0.0000000000  -0.0000000000  -0.0000000000
   1.1849999960   0.0000000000  -0.0000000000  -0.0000000000
   1.1899999960   0.0000000000   0.0000000000   0.0000000000
   1.1949999960   0.0000000000   0.0000000000   0.0000000000
   1.1999999960   0.0000000000   0.0000000000   0.0000000000
   1.2049999960   0.0000000000   0.0000000000   0.0000000000
   1.2099999959   0.0000000000   0.0000000000   0.0000000000
   1.2149999959   0.0000000000   0.0000000000   0.0000000000
   1.2199999959   0.0000000000   0.0000000000   0.0000000000
   1.2249999959   0.0000000000   0.0000000000   0.0000000000
   1.2299999959   0.0000000000   0.0000000000   0.0000000000
   1.2349999959   0.0000000000   0.0000000000   0.0000000000
   1.2399999958  -0.0000000000   0.0000000000  -0.0000000000
   1.2449999958  -0.0000000000  -0.0000000000  -0.0000000000
   1.2499999958  -0.0000000000  -0.0000000000  -0.0000000000
   1.2549999958  -0.0000000000  -0.0000000000  -0.0000000000
   1.2599999958  -0.0000000000  -0.0000000000  -0.0000000000
   1.2649999958  -0.0000000000  -0.0000000000  -0.0000000000
   1.2699999957  -0.0000000000  -0.0000000000  -0.0000000000
   1.2749999957  -0.0000000000  -0.0000000000  -0.0000000000
   1.2799999957  -0.0000000000  -0.0000000000  -0.0000000000
   1.2849999957   0.0000000000  -0.0000000000  -0.0000000000
   1.2899999957   0.0000000000   0.0000000000   0.0000000000
   1.2949999957   0.0000000000   0.0000000000   0.0000000000
   1.2999999956   0.0000000000   0.0000000000   0.0000000000
   1.3049999956   0.0000000000   0.0000000000   0.0000000000
   1.3099999956   0.0000000000   0.0000000000   0.0000000000
   1.3149999956   0.0000000000   0.0000000000   0.0000000000
   1.3199999956   0.0000000000   0.0000000000   0.0000000000
   1.3249999956   0.0000000000   0.0000000000   0.0000000000
   1.3299999955  -0.0000000000   0.0000000000   0.0000000000
   1.3349999955  -0.0000000000  -0.0000000000  -0.0000000000
   1.3399999955  -0.0000000000  -0.0000000000  -0.0000000000
   1.3449999955  -0.0000000000  -0.0000000000  -0.0000000000
   1.3499999955  -0.0000000000  -0.0000000000  -0.0000000000
   1.3549999954  -0.0000000000  -0.0000000000  -0.0000000000
   1.3599999954  -0.0000000000  -0.0000000000  -0.0000000000
   1.3649999954  -0.0000000000  -0.0000000000  -0.0000000000
   1.3699999954  -0.0000000000  -0.0000000000  -0.0000000000
   1.3749999954   0.0000000000  -0.0000000000   0.0000000000
   1.3799999954   0.0000000000   0.0000000000   0.0000000000
   1.3849999953   0.0000000000   0.0000000000   0.0000000000
   1.3899999953   0.0000000000   0.0000000000   0.0000000000
   1.3949999953   0.0000000000   0.0000000000   0.0000000000
   1.3999999953   0.0000000000   0.0000000000   0.0000000000
   1.4049999953   0.0000000000   0.0000000000   0.0000000000
   1.4099999953   0.0000000000   0.0000000000   0.0000000000
   1.4149999952  -0.0000000000   0.0000000000   0.0000000000
   1.4199999952  -0.0000000000  -0.0000000000  -0.0000000000
   1.4249999952  -0.0000000000  -0.0000000000  -0.0000000000
   1.4299999952  -0.0000000000  -0.0000000000  -0.0000000000
   1.4349999952  -0.0000000000  -0.0000000000  -0.0000000000
   1.4399999952  -0.0000000000  -0.0000000000  -0.0000000000
   1.4449999951  -0.0000000000  -0.0000000000  -0.0000000000
   1.4499999951  -0.0000000000  -0.0000000000  -0.0000000000
   1.4549999951   0.0000000000  -0.0000000000   0.0000000000
   1.4599999951   0.0000000000   0.0000000000   0.0000000000
   1.4649999951   0.0000000000   0.0000000000   0.0000000000
   1.4699999951   0.0000000000   0.0000000000   0.0000000000
   1.4749999950   0.0000000000   0.0000000000   0.0000000000
   1.4799999950   0.0000000000   0.0000000000   0.0000000000
   1.4849999950   0.0000000000   0.0000000000   0.0000000000
   1.4899999950  -0.0000000000   0.0000000000   0.0000000000
   1.4949999950  -0.0000000000   0.0000000000  -0.0000000000
   1.4999999950  -0.0000000000  -0.0000000000  -0.0000000000
   1.5049999949  -0.0000000000  -0.0000000000  -0.0000000000
   1.5099999949  -0.0000000000  -0.0000000000  -0.0000000001
   1.5149999949  -0.0000000000  -0.0000000000  -0.0000000001
   1.5199999949  -0.0000000000  -0.0000000000  -0.0000000000
   1.5249999949  -0.0000000000  -0.0000000000  -0.0000000000
   1.5299999949   0.0000000000  -0.0000000000  -0.0000000000
   1.5349999948   0.0000000000   0.0000000000   0.0000000000
   1.5399999948   0.0000000000   0.0000000000   0.0000000000
   1.5449999948   0.0000000000   0.0000000000   0.0000000001
   1.5499999948   0.0000000000   0.0000000000   0.0000000001
   1.5549999948   0.0000000000   0.0000000000   0.0000000000
   1.5599999948   0.0000000000   0.0000000000   0.0000000000
   1.5649999947  -0.0000000000   0.0000000000   0.0000000000
   1.5699999947  -0.0000000000   0.0000000000  -0.0000000000
   1.5749999947  -0.0000000000  -0.0000000000  -0.0000000000
   1.5799999947  -0.0000000000  -0.0000000000  -0.0000000000
   1.5849999947  -0.0000000000  -0.0000000000  -0.0000000000
   1.5899999947  -0.0000000000  -0.0000000000  -0.0000000000
   1.5949999946  -0.0000000000  -0.0000000000  -0.0000000000
   1.5999999946   0.0000000000  -0.0000000000  -0.0000000000
   1.6049999946   0.0000000000  -0.0000000000   0.0000000000
   1.6099999946   0.0000000000   0.0000000000   0.0000000000
   1.6149999946   0.0000000000   0.0000000000   0.0000000000
   1.6199999946   0.0000000000   0.0000000000   0.0000000000
   1.6249999945   0.0000000000   0.0000000000   0.0000000000
   1.6299999945   0.0000000000   0.0000000000   0.0000000000
   1.6349999945   0.0000000000  -0.0000000000  -0.0000000000
   1.6399999945   0.0000000001  -0.0000000000  -0.0000000000
   1.6449999945   0.0000000001  -0.0000000000  -0.0000000000
   1.6499999945   0.0000000001  -0.0000000000  -0.0000000000
   1.6549999944   0.0000000001  -0.0000000000  -0.0000000000
   1.6599999944   0.0000000001  -0.0000000000  -0.0000000000
   1.6649999944   0.0000000000  -0.0000000000  -0.0000000000
   1.6699999944  -0.0000000001   0.0000000000   0.0000000000
   1.6749999944  -0.0000000002   0.0000000000   0.0000000001
   1.6799999944  -0.0000000004   0.0000000001   0.0000000001
   1.6849999943  -0.0000000005   0.0000000001   0.0000000002
   1.6899999943  -0.0000000007   0.0000000002   0.0000000003
   1.6949999943  -0.0000000008   0.0000000003   0.0000000004
   1.6999999943  -0.0000000009   0.0000000004   0.0000000005
   1.7049999943  -0.0000000008   0.0000000004   0.0000000005
   1.7099999943  -0.0000000006   0.0000000004   0.0000000004
   1.7149999942  -0.0000000002   0.0000000002   0.0000000001
   1.7199999942   0.0000000004   0.0000000000  -0.0000000002
   1.7249999942   0.0000000012  -0.0000000003  -0.0000000008
   1.7299999942   0.0000000021  -0.0000000007  -0.0000000014
   1.7349999942   0.0000000031  -0.0000000012  -0.0000000021
   1.7399999942   0.0000000040  -0.0000000017  -0.0000000027
   1.7449999941   0.0000000047  -0.0000000022  -0.0000000032
   1.7499999941   0.0000000051  -0.0000000025  -0.0000000033
   1.7549999941   0.0000000049  -0.0000000025  -0.0000000029
   1.7599999941   0.0000000040  -0.0000000022  -0.0000000020
   1.7649999941   0.0000000023  -0.0000000015  -0.0000000005
   1.7699999941  -0.0000000003  -0.0000000003   0.0000000015
   1.7749999940  -0.0000000036   0.0000000012   0.0000000039
   1.7799999940  -0.0000000074   0.0000000031   0.0000000064
   1.7849999940  -0.0000000113   0.0000000050   0.0000000088
   1.7899999940  -0.0000000147   0.0000000068   0.0000000105
   1.7949999940  -0.0000000172   0.0000000081   0.0000000113
   1.7999999940  -0.0000000180   0.0000000087   0.0000000108
   1.8049999939  -0.0000000166   0.0000000084   0.0000000089
   1.8099999939  -0.0000000129   0.0000000069   0.0000000054
   1.8149999939  -0.0000000067   0.0000000043   0.0000000005
   1.8199999939   0.0000000014   0.0000000007  -0.0000000053
   1.8249999939   0.0000000107  -0.0000000036  -0.0000000114
   1.8299999939   0.0000000202  -0.0000000083  -0.0000000170
   1.8349999938   0.0000000285  -0.0000000127  -0.0000000214
   1.8399999938   0.0000000342  -0.0000000161  -0.0000000236
   1.8449999938   0.0000000362  -0.0000000180  -0.0000000231
   1.8499999938   0.0000000337  -0.0000000180  -0.0000000196
   1.8549999938   0.0000000265  -0.0000000157  -0.0000000131
   1.8599999938   0.0000000152  -0.0000000112  -0.0000000043
   1.8649999937   0.0000000011  -0.0000000048   0.0000000058
   1.8699999937  -0.0000000142   0.0000000028   0.0000000160
   1.8749999937  -0.0000000283   0.0000000106   0.0000000246
   1.8799999937  -0.0000000392   0.0000000175   0.0000000304
   1.8849999937  -0.0000000448   0.0000000224   0.0000000320
   1.8899999937  -0.0000000440   0.0000000246   0.0000000290
   1.8949999936  -0.0000000366   0.0000000233   0.0000000215
   1.8999999936  -0.0000000234   0.0000000187   0.0000000104
   1.9049999936  -0.0000000063   0.0000000112  -0.0000000026
   1.9099999936   0.0000000119   0.0000000020  -0.0000000156
   1.9149999936   0.0000000283  -0.0000000077  -0.0000000261
   1.9199999936   0.0000000399  -0.0000000161  -0.0000000321
   1.9249999935   0.0000000444  -0.0000000218  -0.0000000323
   1.9299999935   0.0000000407  -0.0000000237  -0.0000000264
   1.9349999935   0.0000000291  -0.0000000214  -0.0000000150
   1.9399999935   0.0000000113  -0.0000000151  -0.0000000002
   1.9449999935  -0.0000000095  -0.0000000059   0.0000000156
   1.9499999935  -0.0000000297   0.0000000047   0.0000000290
   1.9549999934  -0.0000000452   0.0000000145   0.0000000374
   1.9599999934  -0.0000000528   0.0000000217   0.0000000387
   1.9649999934  -0.0000000506   0.0000000248   0.0000000322
   1.9699999934  -0.0000000383   0.0000000228   0.0000000185
   1.9749999934  -0.0000000177   0.0000000161   0.0000000001
   1.9799999934   0.0000000079   0.0000000056  -0.0000000197
   1.9849999933   0.0000000338  -0.0000000067  -0.0000000371
   1.9899999933   0.0000000553  -0.0000000185  -0.0000000484
   1.9949999933   0.0000000679  -0.0000000275  -0.0000000511
   1.9999999933   0.0000000691  -0.0000000317  -0.0000000444
   2.0049999933   0.0000000581  -0.0000000303  -0.0000000293
   2.0099999933   0.0000000365  -0.0000000233  -0.0000000086
   2.0149999932   0.0000000083  -0.0000000119   0.0000000139
   2.0199999932  -0.0000000216   0.0000000017   0.0000000336
   2.0249999932  -0.0000000477   0.0000000151   0.0000000469
   2.0299999932  -0.0000000651   0.0000000257   0.0000000511
   2.0349999932  -0.0000000708   0.0000000317   0.0000000458
   2.0399999931  -0.0000000641   0.0000000322   0.0000000323
   2.0449999931  -0.0000000467   0.0000000273   0.0000000140
   2.0499999931  -0.0000000224   0.0000000183  -0.0000000051
   2.0549999931   0.0000000037   0.0000000073  -0.0000000209
   2.0599999931   0.0000000265  -0.0000000037  -0.0000000303
   2.0649999931   0.0000000419  -0.0000000126  -0.0000000320
   2.0699999930   0.0000000477  -0.0000000180  -0.0000000265
   2.0749999930   0.0000000440  -0.0000000196  -0.0000000163
   2.0799999930   0.0000000330  -0.0000000179  -0.0000000048
   2.0849999930   0.0000000184  -0.0000000140   0.0000000046
   2.0899999930   0.0000000043  -0.0000000095   0.0000000092
   2.0949999930  -0.0000000060  -0.0000000056   0.0000000081
   2.0999999929  -0.0000000108  -0.0000000031   0.0000000025
   2.1049999929  -0.0000000103  -0.0000000020  -0.0000000051
   2.1099999929  -0.0000000064  -0.0000000016  -0.0000000111
   2.1149999929  -0.0000000022  -0.0000000008  -0.0000000123
   2.1199999929  -0.0000000007   0.0000000014  -0.0000000069
   2.1249999929  -0.0000000035   0.0000000056   0.0000000046
   2.1299999928  -0.0000000105   0.0000000113   0.0000000196
   2.1349999928  -0.0000000194   0.0000000173   0.0000000335
   2.1399999928  -0.0000000261   0.0000000218   0.0000000412
   2.1449999928  -0.0000000264   0.0000000227   0.0000000387
   2.1499999928  -0.0000000172   0.0000000185   0.0000000242
   2.1549999928   0.0000000025   0.0000000088  -0.0000000008
   2.1599999927   0.0000000303  -0.0000000054  -0.0000000315
   2.1649999927   0.0000000609  -0.0000000216  -0.0000000606
   2.1699999927   0.0000000871  -0.0000000362  -0.0000000804
   2.1749999927   0.0000001013  -0.0000000455  -0.0000000845
   2.1799999927   0.0000000985  -0.0000000466  -0.0000000703
   2.1849999927   0.0000000772  -0.0000000384  -0.0000000395
   2.1899999926   0.0000000407  -0.0000000218   0.0000000014
   2.1949999926  -0.0000000037   0.0000000000   0.0000000428
   2.1999999926  -0.0000000465   0.0000000228   0.0000000751
   2.2049999926  -0.0000000792   0.0000000420   0.0000000913
   2.2099999926  -0.0000000977   0.0000000549   0.0000000910
   2.2149999926  -0.0000001054   0.0000000620   0.0000000818
   2.2199999925  -0.0000001146   0.0000000675   0.0000000799
   2.2249999925  -0.0000001459   0.0000000802   0.0000001085
   2.2299999925  -0.0000002262   0.0000001122   0.0000001945
   2.2349999925  -0.0000003839   0.0000001776   0.0000003645
   2.2399999925  -0.0000006450   0.0000002902   0.0000006403
   2.2449999925  -0.0000010282   0.0000004614   0.0000010365
   2.2499999924  -0.0000015433   0.0000006993   0.0000015597
   2.2549999924  -0.0000021909   0.0000010075   0.0000022101
   2.2599999924  -0.0000029652   0.0000013862   0.0000029850
   2.2649999924  -0.0000038584   0.0000018336   0.0000038838
   2.2699999924  -0.0000048658   0.0000023481   0.0000049110
   2.2749999924  -0.0000059896   0.0000029300   0.0000060788
   2.2799999923  -0.0000072395   0.0000035822   0.0000074049
   2.2849999923  -0.0000086308   0.0000043100   0.0000089074
   2.2899999923  -0.0000101778   0.0000051188   0.0000105971
   2.2949999923  -0.0000118856   0.0000060103   0.0000124683
   2.2999999923  -0.0000137405   0.0000069786   0.0000144903
   2.3049999923  -0.0000157030   0.0000080055   0.0000166033
   2.3099999922  -0.0000177033   0.0000090586   0.0000187188
   2.3149999922  -0.0000196433   0.0000100900   0.0000207264
   2.3199999922  -0.0000214025   0.0000110380   0.0000225054
   2.3249999922  -0.0000228491   0.0000118315   0.0000239403
   2.3299999922  -0.0000238527   0.0000123955   0.0000249351
   2.3349999922  -0.0000242971   0.0000126578   0.0000254250
   2.3399999921  -0.0000240907   0.0000125555   0.0000253808
   2.3449999921  -0.0000231741   0.0000120403   0.0000248051
   2.3499999921  -0.0000215246   0.0000110837   0.0000237202
   2.3549999921  -0.0000191587   0.0000096807   0.0000221491
   2.3599999921  -0.0000161364   0.0000078536   0.0000200941
   2.3649999921  -0.0000125661   0.0000056568   0.0000175175
   2.3699999920  -0.0000086120   0.0000031820   0.0000143293
   2.3749999920  -0.0000045017   0.0000005620   0.0000103874
   2.3799999920  -0.0000005281  -0.0000020270   0.0000055134
   2.3849999920   0.0000029607  -0.0000043695  -0.0000004743
   2.3899999920   0.0000055905  -0.0000062255  -0.0000077083
   2.3949999920   0.0000070145  -0.0000073579  -0.0000162034
   2.3999999919   0.0000069929  -0.0000075755  -0.0000257752
   2.4049999919   0.0000054941  -0.0000067905  -0.0000359527
   2.4099999919   0.0000028037  -0.0000050846  -0.0000458947
   2.4149999919  -0.0000003793  -0.0000027751  -0.0000543269
   2.4199999919  -0.0000028837  -0.0000004649  -0.0000595189
   2.4249999919  -0.0000030781   0.0000009386  -0.0000593279
   2.4299999918   0.0000010210   0.0000002566  -0.0000513360
   2.4349999918   0.0000115203  -0.0000038610  -0.0000331110
   2.4399999918   0.0000302920  -0.0000127550  -0.0000026088
   2.4449999918   0.0000584924  -0.0000274931   0.0000412729
   2.4499999918   0.0000959839  -0.0000485298   0.0000980074
   2.4549999918   0.0001407073  -0.0000753119   0.0001646586
   2.4599999917   0.0001880727  -0.0001058640   0.0002350852
   2.4649999917   0.0002304518  -0.0001364027   0.0002992326
   2.4699999917   0.0002568650  -0.0001610377   0.0003426431
   2.4749999917   0.0002529567  -0.0001716253   0.0003463248
   2.4799999917   0.0002013411  -0.0001578347   0.0002871083
   2.4849999917   0.0000823763  -0.0001074835   0.0001385944
   2.4899999916  -0.0001246108  -0.0000071738  -0.0001272610
   2.4949999916  -0.0004396746   0.0001567632  -0.0005379490
   2.4999999916  -0.0008802596   0.0003970424  -0.0011177081
   2.5049999916  -0.0014590069   0.0007239902  -0.0018845187
   2.5099999916  -0.0021815539   0.0011440098  -0.0028470703
   2.5149999916  -0.0030445627   0.0016580915  -0.0040020288
   2.5199999915  -0.0040342305   0.0022605400  -0.0053319583
   2.5249999915  -0.0051255253   0.0029380963  -0.0068042267
   2.5299999915  -0.0062823468   0.0036696211  -0.0083711606
   2.5349999915  -0.0074587339   0.0044264672  -0.0099716055
   2.5399999915  -0.0086011328   0.0051736106  -0.0115339067
   2.5449999915  -0.0096516188   0.0058715294  -0.0129801639
   2.5499999914  -0.0105518346   0.0064787321  -0.0142314540
   2.5549999914  -0.0112473018   0.0069547479  -0.0152135751
   2.5599999914  -0.0116916802   0.0072633160  -0.0158627693
   2.5649999914  -0.0118505283   0.0073754613  -0.0161308396
   2.5699999914  -0.0117041422   0.0072721280  -0.0159891099
   2.5749999914  -0.0112491426   0.0069460712  -0.0154307762
   2.5799999913  -0.0104986195   0.0064027720  -0.0144713640
   2.5849999913  -0.0094808126   0.0056602449  -0.0131472213
   2.5899999913  -0.0082364919   0.0047477333  -0.0115122084
   2.5949999913  -0.0068153629   0.0037034202  -0.0096329696
   2.5999999913  -0.0052719455   0.0025714014  -0.0075833548
   2.6049999913  -0.0036614332   0.0013982617  -0.0054386618
   2.6099999912  -0.0020360244   0.0002296378  -0.0032703919
   2.6149999912  -0.0004421315  -0.0008928507  -0.0011421230
   2.6199999912   0.0010812732  -0.0019339797   0.0008930711
   2.6249999912   0.0025031029  -0.0028663907   0.0027934709
   2.6299999912   0.0037995103  -0.0036710659   0.0045279229
   2.6349999912   0.0049524429  -0.0043368673   0.0060737727
   2.6399999911   0.0059478090  -0.0048593303   0.0074140811
   2.6449999911   0.0067737145  -0.0052390016   0.0085348032
   2.6499999911   0.0074191995  -0.0054796649   0.0094225994
   2.6549999911   0.0078737978  -0.0055867911   0.0100638186
   2.6599999911   0.0081280738  -0.0055664878   0.0104449619
   2.6649999911   0.0081750948  -0.0054251190   0.0105546317
   2.6699999910   0.0080125954  -0.0051696208   0.0103866568
   2.6749999910   0.0076454279  -0.0048084037   0.0099438094
   2.6799999910   0.0070877923  -0.0043525977   0.0092413517
   2.6849999910   0.0063647237  -0.0038173157   0.0083096035
   2.6899999910   0.0055123920  -0.0032225802   0.0071948226
   2.6949999909   0.0045769292  -0.0025935918   0.0059579284
   2.6999999909   0.0036117223  -0.0019601180   0.0046709413
   2.7049999909   0.0026733616  -0.0013549220   0.0034113902
   2.7099999909   0.0018166711  -0.0008113232   0.0022553117
   2.7149999909   0.0010894368  -0.0003601475   0.0012697390
   2.7199999909   0.0005275453  -0.0000264605   0.0005057261
   2.7249999908   0.0001512385   0.0001734430  -0.0000070700
   2.7299999908  -0.0000369341   0.0002343163  -0.0002634141
   2.7349999908  -0.0000521035   0.0001631013  -0.0002826167
   2.7399999908   0.0000750625  -0.0000213274  -0.0001056679
   2.7449999908   0.0003023940  -0.0002898775   0.0002102715
   2.7499999908   0.0005816223  -0.0006062607   0.0005992813
   2.7549999907   0.0008644136  -0.0009309686   0.0009949753
   2.7599999907   0.0011081984  -0.0012256928   0.0013385318
   2.7649999907   0.0012809902  -0.0014576035   0.0015853650
   2.7699999907   0.0013645430  -0.0016029086   0.0017095572
   2.7749999907   0.0013554568  -0.0016492144   0.0017055170
   2.7799999907   0.0012641548  -0.0015963843   0.0015867498
   2.7849999906   0.0011119862  -0.0014558104   0.0013820540
   2.7899999906   0.0009269808  -0.0012482456   0.0011298291
   2.7949999906   0.0007389715  -0.0010005507   0.0008714330
   2.7999999906   0.0005748636  -0.0007418537   0.0006446310
   2.8049999906   0.0004547650  -0.0004996899   0.0004781158
   2.8099999906   0.0003895151  -0.0002966605   0.0003878646
   2.8149999905   0.0003798942  -0.0001480459   0.0003757764
   2.8199999905   0.0004175037  -0.0000606385   0.0004306500
   2.8249999905   0.0004870410  -0.0000328584   0.0005311865
   2.8299999905   0.0005694816  -0.0000560197   0.0006503930
   2.8349999905   0.0006455712  -0.0001164474   0.0007605687
   2.8399999905   0.0006990222  -0.0001980446   0.0008380055
   2.8449999904   0.0007189085  -0.0002848718   0.0008666302
   2.8499999904   0.0007009223  -0.0003633430   0.0008400394
   2.8549999904   0.0006473765  -0.0004237423   0.0007616784
   2.8599999904   0.0005660549  -0.0004609020   0.0006432540
   2.8649999904   0.0004681939  -0.0004740352   0.0005017650
   2.8699999904   0.0003660089  -0.0004658573   0.0003557607
   2.8749999903   0.0002702161  -0.0004412298   0.0002215327
   2.8799999903   0.0001879717  -0.0004056184   0.0001099239
   2.8849999903   0.0001215495  -0.0003636578   0.0000242869
   2.8899999903   0.0000679326  -0.0003180683  -0.0000401061
   2.8949999903   0.0000193344  -0.0002690848  -0.0000951732
   2.8999999903  -0.0000354867  -0.0002144575  -0.0001578882
   2.9049999902  -0.0001093733  -0.0001499784  -0.0002473365
   2.9099999902  -0.0002146985  -0.0000704020  -0.0003815143
   2.9149999902  -0.0003614147   0.0000294296  -0.0005744237
   2.9199999902  -0.0005555153   0.0001534661  -0.0008339286
   2.9249999902  -0.0007981193   0.0003035286  -0.0011606643
   2.9299999902  -0.0010852761   0.0004787342  -0.0015480871
   2.9349999901  -0.0014084691   0.0006753437  -0.0019835466
   2.9399999901  -0.0017556873   0.0008870352  -0.0024500978
   2.9449999901  -0.0021128540   0.0011055331  -0.0029286735
   2.9499999901  -0.0024653636   0.0013214693  -0.0034002159
   2.9549999901  -0.0027994768   0.0015253254  -0.0038474251
   2.9599999901  -0.0031033738   0.0017083019  -0.0042558900
   2.9649999900  -0.0033677402   0.0018629886  -0.0046145118
   2.9699999900  -0.0035858542   0.0019837546  -0.0049152742
   2.9749999900  -0.0037532389   0.0020668365  -0.0051525301
   2.9799999900  -0.0038670196   0.0021101570  -0.0053220498
   2.9849999900  -0.0039251726   0.0021129565  -0.0054200929
   2.9899999900  -0.0039258605   0.0020753457  -0.0054427372
   2.9949999899  -0.0038670176   0.0019978929  -0.0053856208
   2.9999999899  -0.0037462875   0.0018813447  -0.0052441595
   3.0049999899  -0.0035613351   0.0017265380  -0.0050141994
   3.0099999899  -0.0033104709   0.0015345188  -0.0046929752
   3.0149999899  -0.0029934592   0.0013068327  -0.0042801884
   3.0199999899  -0.0026123381   0.0010459147  -0.0037789927
   3.0249999898  -0.0021720750   0.0007554787  -0.0031966937
   3.0299999898  -0.0016809080   0.0004408080  -0.0025450118
   3.0349999898  -0.0011502821   0.0001088609  -0.0018398356
   3.0399999898  -0.0005943607  -0.0002318604  -0.0011004692
   3.0449999898  -0.0000291693  -0.0005716844  -0.0003484596
   3.0499999898   0.0005285101  -0.0009003538   0.0003938484
   3.0549999897   0.0010623388  -0.0012077429   0.0011048455
   3.0599999897   0.0015575489  -0.0014846130   0.0017650867
   3.0649999897   0.0020018553  -0.0017232994   0.0023584464
   3.0699999897   0.0023860515  -0.0019182398   0.0028728797
   3.0749999897   0.0027042477  -0.0020662778   0.0033007322
   3.0799999897   0.0029537672  -0.0021667114   0.0036386097
   3.0849999896   0.0031347674  -0.0022211004   0.0038868840
   3.0899999896   0.0032496873  -0.0022328753   0.0040489511
   3.0949999896   0.0033026312  -0.0022068229   0.0041303852
   3.0999999896   0.0032987924  -0.0021485311   0.0041381269
   3.1049999896   0.0032439936  -0.0020638736   0.0040798176
   3.1099999896   0.0031443845  -0.0019586004   0.0039633521
   3.1149999895   0.0030063000  -0.0018380712   0.0037966678
   3.1199999895   0.0028362473  -0.0017071409   0.0035877428
   3.1249999895   0.0026409655  -0.0015701756   0.0033447329
   3.1299999895   0.0024274929  -0.0014311541   0.0030761538
   3.1349999895   0.0022031776  -0.0012937996   0.0027910109
   3.1399999895   0.0019755828  -0.0011616813   0.0024987924
   3.1449999894   0.0017522647  -0.0010382412   0.0022092712
   3.1499999894   0.0015404265  -0.0009267195   0.0019321027
   3.1549999894   0.0013464858  -0.0008299776   0.0016762521
   3.1599999894   0.0011756125  -0.0007502480   0.0014493239
   3.1649999894   0.0010313135  -0.0006888568   0.0012568991
   3.1699999894   0.0009151396  -0.0006459817   0.0011019982
   3.1749999893   0.0008265792  -0.0006205067   0.0009847791
   3.1799999893   0.0007631782  -0.0006100212   0.0009025514
   3.1849999893   0.0007208892  -0.0006109902   0.0008501386
   3.1899999893   0.0006946139  -0.0006190893   0.0008205621
   3.1949999893   0.0006788640  -0.0006296670   0.0008059583
   3.1999999893   0.0006684412  -0.0006382702   0.0007985931
   3.2049999892   0.0006590270  -0.0006411515   0.0007918115
   3.2099999892   0.0006475858  -0.0006356770   0.0007807620
   3.2149999892   0.0006325178  -0.0006205667   0.0007627738
   3.2199999892   0.0006135437  -0.0005959289   0.0007373289
   3.2249999892   0.0005913627  -0.0005630875   0.0007056490
   3.2299999892   0.0005671656  -0.0005242388   0.0006699992
   3.2349999891   0.0005421206  -0.0004820060   0.0006328661
   3.2399999891   0.0005169518  -0.0004389804   0.0005961988
   3.2449999891   0.0004917074  -0.0003973323   0.0005608819
   3.2499999891   0.0004657666  -0.0003585629   0.0005265558
   3.2549999891   0.0004380749  -0.0003234312   0.0004918153
   3.2599999891   0.0004075394  -0.0002920511   0.0004547259
   3.2649999890   0.0003734709  -0.0002641166   0.0004135150
   3.2699999890   0.0003359486  -0.0002391866   0.0003672549
   3.2749999890   0.0002959993  -0.0002169484   0.0003163510
   3.2799999890   0.0002555326  -0.0001973942   0.0002626975
   3.2849999890   0.0002170347  -0.0001808642   0.0002094473
   3.2899999890   0.0001830907  -0.0001679533   0.0001604401
   3.2949999889   0.0001558516  -0.0001593117   0.0001194185
   3.2999999889   0.0001365769  -0.0001553970   0.0000892228
   3.3049999889   0.0001253694  -0.0001562509   0.0000711560
   3.3099999889   0.0001211660  -0.0001613623   0.0000646754
   3.3149999889   0.0001219845  -0.0001696586   0.0000674833
   3.3199999889   0.0001253594  -0.0001796304   0.0000759941
   3.3249999888   0.0001288543  -0.0001895619   0.0000860633
   3.3299999888   0.0001305238  -0.0001978112   0.0000938062
   3.3349999888   0.0001292154  -0.0002030769   0.0000963184
   3.3399999888   0.0001246547  -0.0002045880   0.0000921425
   3.3449999888   0.0001173152  -0.0002021824   0.0000813948
   3.3499999888   0.0001081339  -0.0001962638   0.0000655499
   3.3549999887   0.0000981683  -0.0001876593   0.0000469613
   3.3599999887   0.0000882968  -0.0001774207   0.0000282514
   3.3649999887   0.0000790379  -0.0001666207   0.0000117171
   3.3699999887   0.0000705181  -0.0001561885  -0.0000011200
   3.3749999887   0.0000625680  -0.0001468105  -0.0000097419
   3.3799999886   0.0000548875  -0.0001389018  -0.0000146237
   3.3849999886   0.0000472046  -0.0001326327  -0.0000170240
   3.3899999886   0.0000393703  -0.0001279836  -0.0000186489
   3.3949999886   0.0000313613  -0.0001248038  -0.0000212778
   3.3999999886   0.0000232079  -0.0001228566  -0.0000264237
   3.4049999886   0.0000148972  -0.0001218487  -0.0000350787
   3.4099999885   0.0000063109  -0.0001214530  -0.0000475653
   3.4149999885  -0.0000027556  -0.0001213385  -0.0000634953
   3.4199999885  -0.0000124855  -0.0001212183  -0.0000818257
   3.4249999885  -0.0000228786  -0.0001209112  -0.0001010012
   3.4299999885  -0.0000336047  -0.0001204027  -0.0001191735
   3.4349999885  -0.0000439486  -0.0001198782  -0.0001344842
   3.4399999884  -0.0000529022  -0.0001197031  -0.0001453871
   3.4449999884  -0.0000594052  -0.0001203378  -0.0001509655
   3.4499999884  -0.0000626801  -0.0001221954  -0.0001511823
   3.4549999884  -0.0000625563  -0.0001254766  -0.0001469906
   3.4599999884  -0.0000596622  -0.0001300322  -0.0001402472
   3.4649999884  -0.0000553904  -0.0001353066  -0.0001334029
   3.4699999883  -0.0000516050  -0.0001404001  -0.0001290041
   3.4749999883  -0.0000501445  -0.0001442550  -0.0001290980
   3.4799999883  -0.0000522554  -0.0001459297  -0.0001346815
   3.4849999883  -0.0000581301  -0.0001448926  -0.0001453507
   3.4899999883  -0.0000667165  -0.0001412456  -0.0001592736
   3.4949999883  -0.0000758948  -0.0001357988  -0.0001735414
   3.4999999882  -0.0000830115  -0.0001299509  -0.0001848468
   3.5049999882  -0.0000856412  -0.0001253849  -0.0001903410
   3.5099999882  -0.0000823615  -0.0001236451  -0.0001884494
   3.5149999882  -0.0000732982  -0.0001257049  -0.0001794120
   3.5199999882  -0.0000602492  -0.0001316521  -0.0001653705
   3.5249999882  -0.0000463095  -0.0001405915  -0.0001499338
   3.5299999881  -0.0000350719  -0.0001508146  -0.0001373035
   3.5349999881  -0.0000296126  -0.0001602077  -0.0001311672
   3.5399999881  -0.0000315599  -0.0001668002  -0.0001336599
   3.5449999881  -0.0000405316  -0.0001693058  -0.0001446882
   3.5499999881  -0.0000541389  -0.0001675029  -0.0001618337
   3.5549999881  -0.0000685855  -0.0001623369  -0.0001808957
   3.5599999880  -0.0000797134  -0.0001557037  -0.0001969543
   3.5649999880  -0.0000841993  -0.0001499623  -0.0002056777
   3.5699999880  -0.0000805475  -0.0001473051  -0.0002045155
   3.5749999880  -0.0000695706  -0.0001491610  -0.0001934357
   3.5799999880  -0.0000541965  -0.0001558014  -0.0001749844
   3.5849999880  -0.0000386409  -0.0001662629  -0.0001536307
   3.5899999879  -0.0000271803  -0.0001786147  -0.0001345692
   3.5949999879  -0.0000228914  -0.0001904941  -0.0001223090
   3.5999999879  -0.0000267404  -0.0001997591  -0.0001194495
   3.6049999879  -0.0000373080  -0.0002050669  -0.0001259936
   3.6099999879  -0.0000512408  -0.0002062151  -0.0001393962
   3.6149999879  -0.0000642975  -0.0002041458  -0.0001553368
   3.6199999878  -0.0000726694  -0.0002006183  -0.0001689884
   3.6249999878  -0.0000741628  -0.0001976541  -0.0001764120
   3.6299999878  -0.0000688708  -0.0001969238  -0.0001756699
   3.6349999878  -0.0000591186  -0.0001992615  -0.0001673329
   3.6399999878  -0.0000486942  -0.0002044541  -0.0001542415
   3.6449999878  -0.0000416063  -0.0002113600  -0.0001406020
   3.6499999877  -0.0000407627  -0.0002183170  -0.0001306979
   3.6549999877  -0.0000469971  -0.0002237017  -0.0001276074
   3.6599999877  -0.0000587588  -0.0002264655  -0.0001323112
   3.6649999877  -0.0000725760  -0.0002264741  -0.0001434500
   3.6699999877  -0.0000841498  -0.0002245482  -0.0001577894
   3.6749999877  -0.0000897310  -0.0002221958  -0.0001712343
   3.6799999876  -0.0000873369  -0.0002211248  -0.0001800694
   3.6849999876  -0.0000774098  -0.0002226952  -0.0001820426
   3.6899999876  -0.0000626964  -0.0002274866  -0.0001769656
   3.6949999876  -0.0000473792  -0.0002351183  -0.0001666639
   3.6999999876  -0.0000357350  -0.0002443763  -0.0001543164
   3.7049999876  -0.0000307545  -0.0002536016  -0.0001434138
   3.7099999875  -0.0000331756  -0.0002612110  -0.0001366760
   3.7149999875  -0.0000412529  -0.0002661809  -0.0001352728
   3.7199999875  -0.0000513489  -0.0002683364  -0.0001385796
   3.7249999875  -0.0000591614  -0.0002683575  -0.0001445241
   3.7299999875  -0.0000611903  -0.0002675043  -0.0001503825
   3.7349999875  -0.0000559595  -0.0002671600  -0.0001537444
   3.7399999874  -0.0000445821  -0.0002683469  -0.0001533182
   3.7449999874  -0.0000304662  -0.0002713801  -0.0001493119
   3.7499999874  -0.0000182396  -0.0002757759  -0.0001432739
   3.7549999874  -0.0000122315  -0.0002804443  -0.0001374660
   3.7599999874  -0.0000150025  -0.0002841006  -0.0001339974
   3.7649999874  -0.0000264129  -0.0002857540  -0.0001340285
   3.7699999873  -0.0000435511  -0.0002851032  -0.0001373263
   3.7749999873  -0.0000615730  -0.0002827005  -0.0001423289
   3.7799999873  -0.0000752011  -0.0002798209  -0.0001467001
   3.7849999873  -0.0000804153  -0.0002780716  -0.0001481818
   3.7899999873  -0.0000757887  -0.0002788682  -0.0001454475
   3.7949999873  -0.0000630249  -0.0002829513  -0.0001386524
   3.7999999872  -0.0000465012  -0.0002901082  -0.0001294767
   3.8049999872  -0.0000319386  -0.0002991991  -0.0001206294
   3.8099999872  -0.0000246033  -0.0003084918  -0.0001149640
   3.8149999872  -0.0000276048  -0.0003162014  -0.0001145002
   3.8199999872  -0.0000408374  -0.0003210644  -0.0001196821
   3.8249999872  -0.0000609172  -0.0003227608  -0.0001291382
   3.8299999871  -0.0000821573  -0.0003220383  -0.0001400469
   3.8349999871  -0.0000982946  -0.0003204937  -0.0001490107
   3.8399999871  -0.0001044392  -0.0003200691  -0.0001531681
   3.8449999871  -0.0000986376  -0.0003224212  -0.0001511874
   3.8499999871  -0.0000825535  -0.0003283609  -0.0001438077
   3.8549999871  -0.0000610413  -0.0003375479  -0.0001337341
   3.8599999870  -0.0000407276  -0.0003485416  -0.0001248941
   3.8649999870  -0.0000280307  -0.0003592045  -0.0001212702
   3.8699999870  -0.0000272230  -0.0003673361  -0.0001256651
   3.8749999870  -0.0000391330  -0.0003713467  -0.0001387864
   3.8799999870  -0.0000608884  -0.0003707605  -0.0001589472
   3.8849999870  -0.0000867817  -0.0003663911  -0.0001824902
   3.8899999869  -0.0001099930  -0.0003601290  -0.0002048198
   3.8949999869  -0.0001246428  -0.0003544044  -0.0002217371
   3.8999999869  -0.0001275486  -0.0003514836  -0.0002306723
   3.9049999869  -0.0001191492  -0.0003528135  -0.0002314387
   3.9099999869  -0.0001033255  -0.0003586112  -0.0002262759
   3.9149999869  -0.0000861776  -0.0003678231  -0.0002191640
   3.9199999868  -0.0000741435  -0.0003784634  -0.0002146145
   3.9249999868  -0.0000720347  -0.0003882304  -0.0002163000
   3.9299999868  -0.0000815859  -0.0003952124  -0.0002259333
   3.9349999868  -0.0001009495  -0.0003984721  -0.0002427290
   3.9399999868  -0.0001252748  -0.0003983358  -0.0002636058
   3.9449999868  -0.0001481790  -0.0003963031  -0.0002840620
   3.9499999867  -0.0001636564  -0.0003946071  -0.0002994629
   3.9549999867  -0.0001678444  -0.0003955581  -0.0003063578
   3.9599999867  -0.0001601257  -0.0004008658  -0.0003034446
   3.9649999867  -0.0001432527  -0.0004111361  -0.0002919119
   3.9699999867  -0.0001224822  -0.0004256881  -0.0002750753
   3.9749999867  -0.0001040013  -0.0004427362  -0.0002574312
   3.9799999866  -0.0000931275  -0.0004598794  -0.0002434159
   3.9849999866  -0.0000928177  -0.0004747511  -0.0002362303
   3.9899999866  -0.0001029110  -0.0004856419  -0.0002370584
   3.9949999866  -0.0001202991  -0.0004919222  -0.0002448798
   3.9999999866  -0.0001399407  -0.0004941512  -0.0002569002
   4.0049999866  -0.0001563888  -0.0004938582  -0.0002694454
   4.0099999865  -0.0001653699  -0.0004930671  -0.0002790450
   4.0149999865  -0.0001649537  -0.0004937132  -0.0002833920
   4.0199999865  -0.0001559963  -0.0004971171  -0.0002819191
   4.0249999865  -0.0001417634  -0.0005036617  -0.0002758576
   4.0299999865  -0.0001268818  -0.0005127518  -0.0002677935
   4.0349999864  -0.0001159534  -0.0005230511  -0.0002608803
   4.0399999864  -0.0001122458  -0.0005329161  -0.0002579433
   4.0449999864  -0.0001168282  -0.0005408919  -0.0002607311
   4.0499999864  -0.0001283755  -0.0005461290  -0.0002695030
   4.0549999864  -0.0001436578  -0.0005486068  -0.0002830410
   4.0599999864  -0.0001585430  -0.0005491138  -0.0002990479
   4.0649999863  -0.0001692003  -0.0005490015  -0.0003147989
   4.0699999863  -0.0001731585  -0.0005497964  -0.0003278513
   4.0749999863  -0.0001699360  -0.0005527828  -0.0003366254
   4.0799999863  -0.0001610928  -0.0005586753  -0.0003407171
   4.0849999863  -0.0001497282  -0.0005674632  -0.0003408854
   4.0899999863  -0.0001395964  -0.0005784577  -0.0003387497
   4.0949999862  -0.0001341040  -0.0005905162  -0.0003363009
   4.0999999862  -0.0001354696  -0.0006023695  -0.0003353671
   4.1049999862  -0.0001442586  -0.0006129568  -0.0003371735
   4.1099999862  -0.0001593916  -0.0006216789  -0.0003420976
   4.1149999862  -0.0001785886  -0.0006285088  -0.0003496626
   4.1199999862  -0.0001990962  -0.0006339421  -0.0003587500
   4.1249999861  -0.0002184808  -0.0006388144  -0.0003679604
   4.1299999861  -0.0002352646  -0.0006440444  -0.0003760242
   4.1349999861  -0.0002492413  -0.0006503768  -0.0003821594
   4.1399999861  -0.0002613994  -0.0006581930  -0.0003862969
   4.1449999861  -0.0002734938  -0.0006674319  -0.0003891328
   4.1499999861  -0.0002873951  -0.0006776328  -0.0003920078
   4.1549999860  -0.0003044001  -0.0006880797  -0.0003966579
   4.1599999860  -0.0003246884  -0.0006980012  -0.0004049052
   4.1649999860  -0.0003470684  -0.0007067696  -0.0004183643
   4.1699999860  -0.0003690723  -0.0007140488  -0.0004382335
   4.1749999860  -0.0003873709  -0.0007198540  -0.0004652098
   4.1799999860  -0.0003984007  -0.0007245124  -0.0004995332
   4.1849999859  -0.0003990420  -0.0007285392  -0.0005411333
   4.1899999859  -0.0003871875  -0.0007324623  -0.0005898188
   4.1949999859  -0.0003620709  -0.0007366438  -0.0006454452
   4.1999999859  -0.0003243008  -0.0007411441  -0.0007079974
   4.2049999859  -0.0002756227  -0.0007456649  -0.0007775473
   4.2099999859  -0.0002185100  -0.0007495863  -0.0008540820
   4.2149999858  -0.0001557283  -0.0007520917  -0.0009372288
   4.2199999858  -0.0000900253  -0.0007523470  -0.0010259335
   4.2249999858  -0.0000240569  -0.0007496912  -0.0011181614
   4.2299999858   0.0000394032  -0.0007437877  -0.0012106829
   4.2349999858   0.0000970115  -0.0007346973  -0.0012989859
   4.2399999858   0.0001442737  -0.0007228543  -0.0013773256
   4.2449999857   0.0001749928  -0.0007089557  -0.0014388871
   4.2499999857   0.0001809095  -0.0006937963  -0.0014760158
   4.2549999857   0.0001516566  -0.0006781025  -0.0014804589
   4.2599999857   0.0000750780  -0.0006624167  -0.0014435744
   4.2649999857  -0.0000621257  -0.0006470701  -0.0013564854
   4.2699999857  -0.0002735333  -0.0006322559  -0.0012101922
   4.2749999856  -0.0005720805  -0.0006181807  -0.0009956831
   4.2799999856  -0.0009692340  -0.0006052445  -0.0007041003
   4.2849999856  -0.0014743808  -0.0005941896  -0.0003270166
   4.2899999856  -0.0020944777  -0.0005861589   0.0001431435
   4.2949999856  -0.0028339236  -0.0005826328   0.0007125392
   4.2999999856  -0.0036945514  -0.0005852459   0.0013852493
   4.3049999855  -0.0046756006  -0.0005955209   0.0021625804
   4.3099999855  -0.0057735424  -0.0006145847   0.0030424424
   4.3149999855  -0.0069816845  -0.0006429341   0.0040188744
   4.3199999855  -0.0082895614  -0.0006803085   0.0050817814
   4.3249999855  -0.0096822051  -0.0007256938   0.0062169008
   4.3299999855  -0.0111394581  -0.0007774414   0.0074059739
   4.3349999854  -0.0126355197  -0.0008334592   0.0086270680
   4.3399999854  -0.0141388944  -0.0008914058   0.0098549827
   4.3449999854  -0.0156128485  -0.0009488287   0.0110616852
   4.3499999854  -0.0170163838  -0.0010032051   0.0122167540
   4.3549999854  -0.0183056438  -0.0010518821   0.0132878518
   4.3599999854  -0.0194355911  -0.0010919447   0.0142412826
   4.3649999853  -0.0203617620  -0.0011200717   0.0150427082
   4.3699999853  -0.0210419230  -0.0011324446   0.0156580885
   4.3749999853  -0.0214375109  -0.0011247637   0.0160548723
   4.3799999853  -0.0215148238  -0.0010924013   0.0162034080
   4.3849999853  -0.0212460086  -0.0010306825   0.0160784839
   4.3899999853  -0.0206099451  -0.0009352533   0.0156608602
   4.3949999852  -0.0195931337  -0.0008024701   0.0149386326
   4.3999999852  -0.0181906554  -0.0006297412   0.0139082844
   4.4049999852  -0.0164071979  -0.0004157607   0.0125753271
   4.4099999852  -0.0142580535  -0.0001606013   0.0109544934
   4.4149999852  -0.0117699219   0.0001343346   0.0090695134
   4.4199999852  -0.0089813149   0.0004664738   0.0069525517
   4.4249999851  -0.0059423750   0.0008322877   0.0046434044
   4.4299999851  -0.0027139860   0.0012275046   0.0021885441
   4.4349999851   0.0006338496   0.0016472657  -0.0003599366
   4.4399999851   0.0040242821   0.0020861987  -0.0029454805
   4.4449999851   0.0073763602   0.0025384105  -0.0055083576
   4.4499999851   0.0106080239   0.0029974349  -0.0079871514
   4.4549999850   0.0136391102   0.0034561907  -0.0103204866
   4.4599999850   0.0163941775   0.0039070118  -0.0124490061
   4.4649999850   0.0188050230   0.0043417989  -0.0143175462
   4.4699999850   0.0208128397   0.0047523127  -0.0158773976
   4.4749999850   0.0223700242   0.0051305925  -0.0170884863
   4.4799999850   0.0234416748   0.0054694471  -0.0179212911
   4.4849999849   0.0240068168   0.0057629408  -0.0183583174
   4.4899999849   0.0240593559   0.0060067936  -0.0183949921
   4.4949999849   0.0236087114   0.0061986280  -0.0180399051
   4.4999999849   0.0226800334   0.0063380298  -0.0173143950
   4.5049999849   0.0213138793   0.0064264280  -0.0162515398
   4.5099999849   0.0195652348   0.0064668382  -0.0148946647
   4.5149999848   0.0175018005   0.0064635355  -0.0132954964
   4.5199999848   0.0152015432   0.0064217256  -0.0115120964
   4.5249999848   0.0127495933   0.0063472714  -0.0096066788
   4.5299999848   0.0102346591   0.0062464975  -0.0076433909
   4.5349999848   0.0077451906   0.0061260684  -0.0056860997
   4.5399999848   0.0053655633   0.0059929037  -0.0037962099
   4.5449999847   0.0031725405   0.0058540837  -0.0020305329
   4.5499999847   0.0012322373   0.0057167010  -0.0004392396
   4.5549999847  -0.0004022627   0.0055876292   0.0009360426
   4.5599999847  -0.0016925603   0.0054732078   0.0020639002
   4.5649999847  -0.0026158592   0.0053788697   0.0029244540
   4.5699999847  -0.0031651974   0.0053087580   0.0035102031
   4.5749999846  -0.0033490680   0.0052653880   0.0038262773
   4.5799999846  -0.0031905047   0.0052494108   0.0038900181
   4.5849999846  -0.0027256943   0.0052595188   0.0037298654
   4.5899999846  -0.0020021559   0.0052925113   0.0033835951
   4.5949999846  -0.0010765076   0.0053435177   0.0028960222
   4.5999999846  -0.0000118474   0.0054063460   0.0023163425
   4.6049999845   0.0011252079   0.0054739145   0.0016953184
   4.6099999845   0.0022677384   0.0055387095   0.0010825216
   4.6149999845   0.0033518536   0.0055932165   0.0005238227
   4.6199999845   0.0043199536   0.0056302809   0.0000592701
   4.6249999845   0.0051236985   0.0056433735  -0.0002785554
   4.6299999845   0.0057264574   0.0056267563  -0.0004656844
   4.6349999844   0.0061050351   0.0055755653  -0.0004874205
   4.6399999844   0.0062505302   0.0054858399  -0.0003385681
   4.6449999844   0.0061682611   0.0053545375  -0.0000232799
   4.6499999844   0.0058767854   0.0051795613   0.0004454336
   4.6549999844   0.0054061256   0.0049598209   0.0010465098
   4.6599999844   0.0047953813   0.0046953193   0.0017519542
   4.6649999843   0.0040899468   0.0043872439   0.0025282784
   4.6699999843   0.0033385587   0.0040380243   0.0033382497
   4.6749999843   0.0025903767   0.0036513140   0.0041429165
   4.6799999843   0.0018922553   0.0032318645   0.0049038258
   4.6849999843   0.0012863172   0.0027852789   0.0055853038
   4.6899999843   0.0008078878   0.0023176563   0.0061566265
   4.6949999842   0.0004838252   0.0018351689   0.0065938930
   4.6999999842   0.0003312644   0.0013436261   0.0068814193
   4.7049999842   0.0003568029   0.0008480950   0.0070125180
   4.7099999842   0.0005561689   0.0003526315   0.0069895914
   4.7149999842   0.0009144273  -0.0001398392   0.0068235486
   4.7199999841   0.0014067762  -0.0006274852   0.0065326369
   4.7249999841   0.0019999644  -0.0011093968   0.0061408358
   4.7299999841   0.0026543083  -0.0015853288   0.0056759967
   4.7349999841   0.0033262211  -0.0020554162   0.0051679102
   4.7399999841   0.0039710921  -0.0025199194   0.0046464532
   4.7449999841   0.0045462908  -0.0029790397   0.0041399211
   4.7499999840   0.0050140348  -0.0034328216   0.0036735984
   4.7549999840   0.0053438618  -0.0038811271   0.0032685813
   4.7599999840   0.0055144902  -0.0043236538   0.0029408442
   4.7649999840   0.0055149264  -0.0047599522   0.0027005425
   4.7699999840   0.0053447718  -0.0051894084   0.0025515625
   4.7749999840   0.0050137746  -0.0056111710   0.0024913514
   4.7799999839   0.0045407402  -0.0060240269   0.0025110743
   4.7849999839   0.0039519609  -0.0064262513   0.0025961475
   4.7899999839   0.0032793283  -0.0068154724   0.0027271692
   4.7949999839   0.0025582756  -0.0071885975   0.0028812293
   4.7999999839   0.0018256636  -0.0075418329   0.0030335266
   4.8049999839   0.0011176918  -0.0078708181   0.0031591736
   4.8099999838   0.0004678953  -0.0081708646   0.0032350318
   4.8149999838  -0.0000947125  -0.0084372731   0.0032414124
   4.8199999838  -0.0005472823  -0.0086656835   0.0031634889
   4.8249999838  -0.0008744674  -0.0088524070   0.0029923031
   4.8299999838  -0.0010693575  -0.0089946944   0.0027252956
   4.8349999838  -0.0011339096  -0.0090909059   0.0023663429
   4.8399999837  -0.0010787982  -0.0091405677   0.0019253307
   4.8449999837  -0.0009226524  -0.0091443186   0.0014173300
   4.8499999837  -0.0006907028  -0.0091037680   0.0008614644
   4.8549999837  -0.0004129202  -0.0090212979   0.0002795703
   4.8599999837  -0.0001217877  -0.0088998475  -0.0003052473
   4.8649999837   0.0001501140  -0.0087427134  -0.0008700680
   4.8699999836   0.0003725060  -0.0085533912  -0.0013935299
   4.8749999836   0.0005195946  -0.0083354692  -0.0018570534
   4.8799999836   0.0005718613  -0.0080925684  -0.0022458562
   4.8849999836   0.0005173241  -0.0078283108  -0.0025497181
   4.8899999836   0.0003521876  -0.0075462919  -0.0027634685
   4.8949999836   0.0000808613  -0.0072500310  -0.0028871815
   4.8999999835  -0.0002846148  -0.0069428847  -0.0029260728
   4.9049999835  -0.0007256522  -0.0066279210  -0.0028901029
   4.9099999835  -0.0012185802  -0.0063077711  -0.0027932978
   4.9149999835  -0.0017363584  -0.0059844874  -0.0026528123
   4.9199999835  -0.0022504044  -0.0056594446  -0.0024877751
   4.9249999835  -0.0027324161  -0.0053333189  -0.0023179781
   4.9299999834  -0.0031561018  -0.0050061636  -0.0021624916
   4.9349999834  -0.0034987463  -0.0046775810  -0.0020383090
   4.9399999834  -0.0037425664  -0.0043469677  -0.0019591328
   4.9449999834  -0.0038758048  -0.0040137898  -0.0019344130
   4.9499999834  -0.0038935144  -0.0036778381  -0.0019687276
   4.9549999834  -0.0037979707  -0.0033394132  -0.0020615627
   4.9599999833  -0.0035986490  -0.0029994109  -0.0022075057
   4.9649999833  -0.0033117151  -0.0026592958  -0.0023968195
   4.9699999833  -0.0029590046  -0.0023209820  -0.0026163263
   4.9749999833  -0.0025665225  -0.0019866558  -0.0028505046
   4.9799999833  -0.0021625487  -0.0016585860  -0.0030826907
   4.9849999833  -0.0017755025  -0.0013389644  -0.0032962873
   4.9899999832  -0.0014317649  -0.0010298039  -0.0034758948
   4.9949999832  -0.0011536752  -0.0007329002  -0.0036083058
   4.9999999832  -0.0009579052  -0.0004498423  -0.0036833243
   5.0049999832  -0.0008543665  -0.0001820444  -0.0036943829
   5.0099999832  -0.0008457320   0.0000692348  -0.0036389378
   5.0149999832  -0.0009275705   0.0003029087  -0.0035186257
   5.0199999831  -0.0010890233   0.0005181236  -0.0033391634
   5.0249999831  -0.0013138955   0.0007143562  -0.0031099803
   5.0299999831  -0.0015820190   0.0008915189  -0.0028435904
   5.0349999831  -0.0018707504   0.0010500439  -0.0025547290
   5.0399999831  -0.0021564991   0.0011909139  -0.0022593120
   5.0449999831  -0.0024162129   0.0013156230  -0.0019732972
   5.0499999830  -0.0026287823   0.0014260652  -0.0017115449
   5.0549999830  -0.0027763302   0.0015243669  -0.0014867777
   5.0599999830  -0.0028453522   0.0016126909  -0.0013087259
   5.0649999830  -0.0028276501   0.0016930433  -0.0011835232
   5.0699999830  -0.0027209814   0.0017671156  -0.0011133849
   5.0749999830  -0.0025293412   0.0018361789  -0.0010965753
   5.0799999829  -0.0022628027   0.0019010417  -0.0011276464
   5.0849999829  -0.0019368799   0.0019620653  -0.0011979159
   5.0899999829  -0.0015714289   0.0020192245  -0.0012961453
   5.0949999829  -0.0011891618   0.0020721971  -0.0014093746
   5.0999999829  -0.0008139036   0.0021204619  -0.0015238647
   5.1049999829  -0.0004687505   0.0021633935  -0.0016260903
   5.1099999828  -0.0001743044   0.0022003407  -0.0017037195
   5.1149999828   0.0000528594   0.0022306876  -0.0017465074
   5.1199999828   0.0002013658   0.0022538962  -0.0017470302
   5.1249999828   0.0002657702   0.0022695363  -0.0017011973
   5.1299999828   0.0002468080   0.0022773096  -0.0016084978
   5.1349999828   0.0001511652   0.0022770735  -0.0014719647
   5.1399999827  -0.0000091885   0.0022688693  -0.0012978712
   5.1449999827  -0.0002180343   0.0022529554  -0.0010951968
   5.1499999827  -0.0004562122   0.0022298396  -0.0008749207
   5.1549999827  -0.0007030905   0.0022003033  -0.0006492028
   5.1599999827  -0.0009380781   0.0021654054  -0.0004305138
   5.1649999827  -0.0011420648   0.0021264558  -0.0002307659
   5.1699999826  -0.0012986894   0.0020849521  -0.0000604939
   5.1749999826  -0.0013953608   0.0020424794   0.0000718725
   5.1799999826  -0.0014239887   0.0020005837   0.0001605980
   5.1849999826  -0.0013814040   0.0019606347   0.0002030506
   5.1899999826  -0.0012694762   0.0019236995   0.0001998888
   5.1949999826  -0.0010949387   0.0018904508   0.0001549986
   5.1999999825  -0.0008689381   0.0018611226   0.0000751732
   5.2049999825  -0.0006063186   0.0018355233  -0.0000304454
   5.2099999825  -0.0003246564   0.0018130978  -0.0001511136
   5.2149999825  -0.0000430669   0.0017930254  -0.0002753491
   5.2199999825   0.0002191655   0.0017743319  -0.0003918263
   5.2249999825   0.0004440513   0.0017559935  -0.0004902183
   5.2299999824   0.0006163387   0.0017370171  -0.0005619182
   5.2349999824   0.0007247900   0.0017164909  -0.0006005924
   5.2399999824   0.0007631494   0.0016936083  -0.0006025442
   5.2449999824   0.0007306767   0.0016676777  -0.0005668853
   5.2499999824   0.0006321744   0.0016381312  -0.0004955265
   5.2549999824   0.0004775001   0.0016045448  -0.0003930009
   5.2599999823   0.0002806246   0.0015666728  -0.0002661319
   5.2649999823   0.0000583578   0.0015244937  -0.0001235594
   5.2699999823  -0.0001711033   0.0014782530   0.0000248664
   5.2749999823  -0.0003896432   0.0014284888   0.0001687965
   5.2799999823  -0.0005805705   0.0013760263   0.0002981640
   5.2849999823  -0.0007297382   0.0013219345   0.0004039771
   5.2899999822  -0.0008263872   0.0012674465   0.0004790526
   5.2949999822  -0.0008637030   0.0012138563   0.0005186140
   5.2999999822  -0.0008391039   0.0011624062   0.0005206870
   5.3049999822  -0.0007542859   0.0011141846   0.0004862442
   5.3099999822  -0.0006150468   0.0010700470   0.0004190836
   5.3149999822  -0.0004309005   0.0010305701   0.0003254582
   5.3199999821  -0.0002144828   0.0009960386   0.0002135049
   5.3249999821   0.0000192483   0.0009664622   0.0000925393
   5.3299999821   0.0002540015   0.0009416133  -0.0000277076
   5.3349999821   0.0004732894   0.0009210769  -0.0001378413
   5.3399999821   0.0006616430   0.0009043056  -0.0002294872
   5.3449999821   0.0008058072   0.0008906716  -0.0002958640
   5.3499999820   0.0008958073   0.0008795138  -0.0003322216
   5.3549999820   0.0009257765   0.0008701741  -0.0003361283
   5.3599999820   0.0008944560   0.0008620249  -0.0003075980
   5.3649999820   0.0008053093   0.0008544840  -0.0002490535
   5.3699999820   0.0006662338   0.0008470212  -0.0001651270
   5.3749999820   0.0004888950   0.0008391585  -0.0000623064
   5.3799999819   0.0002877453   0.0008304686   0.0000515522
   5.3849999819   0.0000788206   0.0008205780   0.0001678139
   5.3899999819  -0.0001215747   0.0008091773   0.0002777129
   5.3949999819  -0.0002981739   0.0007960397   0.0003730090
   5.3999999819  -0.0004379299   0.0007810442   0.0004466036
   5.4049999818  -0.0005309710   0.0007641964   0.0004930695
   5.4099999818  -0.0005712563   0.0007456378   0.0005090600
   5.4149999818  -0.0005568886   0.0007256359   0.0004935686
   5.4199999818  -0.0004900824   0.0007045513   0.0004480233
   5.4249999818  -0.0003768195   0.0006827838   0.0003762036
   5.4299999818  -0.0002262539   0.0006607087   0.0002839753
   5.4349999817  -0.0000499425   0.0006386154   0.0001788514
   5.4399999817   0.0001390236   0.0006166650   0.0000693987
   5.4449999817   0.0003269213   0.0005948799  -0.0000354681
   5.4499999817   0.0005002894   0.0005731686  -0.0001272463
   5.4549999817   0.0006467832   0.0005513829  -0.0001985806
   5.4599999817   0.0007559727   0.0005293921  -0.0002438955
   5.4649999816   0.0008200582   0.0005071560  -0.0002598491
   5.4699999816   0.0008344675   0.0004847759  -0.0002455619
   5.4749999816   0.0007982780   0.0004625087  -0.0002026021
   5.4799999816   0.0007144002   0.0004407390  -0.0001347485
   5.4849999816   0.0005894630   0.0004199166  -0.0000475794
   5.4899999816   0.0004333669   0.0004004751   0.0000520469
   5.4949999815   0.0002585130   0.0003827555   0.0001565550
   5.4999999815   0.0000787662   0.0003669537   0.0002582048
   5.5049999815  -0.0000917432   0.0003531085   0.0003496027
   5.5099999815  -0.0002398464   0.0003411282   0.0004241565
   5.5149999815  -0.0003544518   0.0003308486   0.0004764725
   5.5199999815  -0.0004274300   0.0003221002   0.0005026942
   5.5249999814  -0.0004541886   0.0003147641   0.0005007725
   5.5299999814  -0.0004339018   0.0003087980   0.0004706456
   5.5349999814  -0.0003694095   0.0003042249   0.0004143013
   5.5399999814  -0.0002668289   0.0003010895   0.0003356900
   5.5449999814  -0.0001349451   0.0002993975   0.0002404730
   5.5499999814   0.0000155514   0.0002990579   0.0001356091
   5.5549999813   0.0001729148   0.0002998479   0.0000288076
   5.5599999813   0.0003252235   0.0003014095  -0.0000721017
   5.5649999813   0.0004612373   0.0003032812  -0.0001598172
   5.5699999813   0.0005711825   0.0003049527  -0.0002281648
   5.5749999813   0.0006474191   0.0003059293  -0.0002725895
   5.5799999813   0.0006849476   0.0003057895  -0.0002904952
   5.5849999812   0.0006817208   0.0003042257  -0.0002814071
   5.5899999812   0.0006387429   0.0003010618  -0.0002469513
   5.5949999812   0.0005599499   0.0002962527  -0.0001906619
   5.5999999812   0.0004518855   0.0002898685  -0.0001176369
   5.6049999812   0.0003231991   0.0002820715  -0.0000340780
   5.6099999812   0.0001840009   0.0002730894   0.0000532465
   5.6149999811   0.0000451138   0.0002631859   0.0001375672
   5.6199999811  -0.0000827327   0.0002526315   0.0002126587
   5.6249999811  -0.0001897201   0.0002416749   0.0002733144
   5.6299999811  -0.0002677151   0.0002305198   0.0003157124
   5.6349999811  -0.0003109414   0.0002193143   0.0003376432
   5.6399999811  -0.0003164833   0.0002081573   0.0003385897
   5.6449999810  -0.0002845636   0.0001971227   0.0003196674
   5.6499999810  -0.0002185486   0.0001862968   0.0002834456
   5.6549999810  -0.0001246626   0.0001758145   0.0002336829
   5.6599999810  -0.0000114274   0.0001658819   0.0001750063
   5.6649999810   0.0001111194   0.0001567709   0.0001125639
   5.6699999810   0.0002323434   0.0001487817   0.0000516684
   5.6749999809   0.0003419640   0.0001421819  -0.0000025581
   5.6799999809   0.0004309345   0.0001371371  -0.0000455302
   5.6849999809   0.0004921590   0.0001336587  -0.0000735301
   5.6899999809   0.0005209884   0.0001315845  -0.0000840059
   5.6949999809   0.0005154704   0.0001306056  -0.0000758149
   5.6999999809   0.0004763613   0.0001303309  -0.0000493797
   5.7049999808   0.0004069353   0.0001303741  -0.0000067243
   5.7099999808   0.0003126371   0.0001304360   0.0000486354
   5.7149999808   0.0002006247   0.0001303592   0.0001119550
   5.7199999808   0.0000792423   0.0001301400   0.0001776655
   5.7249999808  -0.0000425498   0.0001298978   0.0002398792
   5.7299999808  -0.0001557685   0.0001298132   0.0002929407
   5.7349999807  -0.0002520105   0.0001300567   0.0003319565
   5.7399999807  -0.0003240399   0.0001307284   0.0003532388
   5.7449999807  -0.0003663329   0.0001318235   0.0003546145
   5.7499999807  -0.0003755355   0.0001332278   0.0003355741
   5.7549999807  -0.0003507865   0.0001347388   0.0002972581
   5.7599999807  -0.0002938592   0.0001361000   0.0002423032
   5.7649999806  -0.0002090878   0.0001370370   0.0001745817
   5.7699999806  -0.0001030680   0.0001372863   0.0000988725
   5.7749999806   0.0000158549   0.0001366135   0.0000204985
   5.7799999806   0.0001382646   0.0001348222  -0.0000550446
   5.7849999806   0.0002544575   0.0001317562  -0.0001224495
   5.7899999806   0.0003552537   0.0001272984  -0.0001769380
   5.7949999805   0.0004327589   0.0001213666  -0.0002145683
   5.7999999805   0.0004810072   0.0001139069  -0.0002324970
   5.8049999805   0.0004964308   0.0001048851  -0.0002291785
   5.8099999805   0.0004781213   0.0000942776  -0.0002044848
   5.8149999805   0.0004278653   0.0000820689  -0.0001597345
   5.8199999805   0.0003499587   0.0000682590  -0.0000976220
   5.8249999804   0.0002508196   0.0000528853  -0.0000220531
   5.8299999804   0.0001384376   0.0000360571   0.0000621054
   5.8349999804   0.0000217114   0.0000179946   0.0001493442
   5.8399999804  -0.0000902647  -0.0000009382   0.0002338801
   5.8449999804  -0.0001889021  -0.0000202212   0.0003100572
   5.8499999804  -0.0002667478  -0.0000391943   0.0003727569
   5.8549999803  -0.0003179979  -0.0000571032   0.0004177942
   5.8599999803  -0.0003388673  -0.0000731689   0.0004422693
   5.8649999803  -0.0003278052  -0.0000866640   0.0004448353
   5.8699999803  -0.0002855637  -0.0000969816   0.0004258484
   5.8749999803  -0.0002151286  -0.0001036796   0.0003873653
   5.8799999803  -0.0001215273  -0.0001064927   0.0003329756
   5.8849999802  -0.0000115169  -0.0001053132   0.0002674756
   5.8899999802   0.0001068436  -0.0001001488   0.0001964187
   5.8949999802   0.0002247346  -0.0000910696   0.0001255970
   5.8999999802   0.0003332148  -0.0000781619   0.0000605203
   5.9049999802   0.0004239253  -0.0000614972   0.0000059555
   5.9099999802   0.0004898014  -0.0000411262  -0.0000344278
   5.9149999801   0.0005257179  -0.0000170960  -0.0000582823
   5.9199999801   0.0005289870   0.0000105127  -0.0000646804
   5.9249999801   0.0004996385   0.0000415397  -0.0000541015
   5.9299999801   0.0004404373   0.0000756987  -0.0000283372
   5.9349999801   0.0003566307   0.0001125433   0.0000096671
   5.9399999801   0.0002554573   0.0001514513   0.0000560196
   5.9449999800   0.0001454787   0.0001916315   0.0001061396
   5.9499999800   0.0000358157   0.0002321524   0.0001550656
   5.9549999800  -0.0000646296   0.0002719849   0.0001978146
   5.9599999800  -0.0001478933   0.0003100530   0.0002297788
   5.9649999800  -0.0002075571   0.0003452792   0.0002471300
   5.9699999800  -0.0002392111   0.0003766210   0.0002471923
   5.9749999799  -0.0002407502   0.0004030925   0.0002287340
   5.9799999799  -0.0002124977   0.0004237758   0.0001921391
   5.9849999799  -0.0001571510   0.0004378278   0.0001394301
   5.9899999799  -0.0000795540   0.0004444908   0.0000741367
   5.9949999799   0.0000136933   0.0004431152   0.0000010213
