   0.0000000000   0.0000000000   0.0000000000   0.0000000000
   0.0050000000   0.0000000000   0.0000000000   0.0000000000
   0.0100000000   0.0000000000   0.0000000000   0.0000000000
   0.0149999999   0.0000000000   0.0000000000   0.0000000000
   0.0199999999   0.0000000000   0.0000000000   0.0000000000
   0.0249999999   0.0000000000   0.0000000000   0.0000000000
   0.0299999999   0.0000000000   0.0000000000   0.0000000000
   0.0349999999   0.0000000000   0.0000000000   0.0000000000
   0.0399999999   0.0000000000   0.0000000000   0.0000000000
   0.0449999998   0.0000000000   0.0000000000   0.0000000000
   0.0499999998   0.0000000000   0.0000000000   0.0000000000
   0.0549999998   0.0000000000   0.0000000000   0.0000000000
   0.0599999998   0.0000000000   0.0000000000   0.0000000000
   0.0649999998   0.0000000000   0.0000000000   0.0000000000
   0.0699999998   0.0000000000   0.0000000000   0.0000000000
   0.0749999997   0.0000000000   0.0000000000   0.0000000000
   0.0799999997   0.0000000000   0.0000000000   0.0000000000
   0.0849999997   0.0000000000   0.0000000000   0.0000000000
   0.0899999997   0.0000000000   0.0000000000   0.0000000000
   0.0949999997  -0.0000000000   0.0000000000  -0.0000000000
   0.0999999997  -0.0000000000   0.0000000000  -0.0000000000
   0.1049999996  -0.0000000000   0.0000000000  -0.0000000000
   0.1099999996  -0.0000000000   0.0000000000  -0.0000000000
   0.1149999996  -0.0000000000   0.0000000000  -0.0000000000
   0.1199999996  -0.0000000000   0.0000000000  -0.0000000000
   0.1249999996  -0.0000000000   0.0000000000  -0.0000000000
   0.1299999996  -0.0000000000   0.0000000000  -0.0000000000
   0.1349999995  -0.0000000000   0.0000000000  -0.0000000000
   0.1399999995  -0.0000000000   0.0000000000  -0.0000000000
   0.1449999995   0.0000000000   0.0000000000   0.0000000000
   0.1499999995   0.0000000000  -0.0000000000   0.0000000000
   0.1549999995   0.0000000000  -0.0000000000   0.0000000000
   0.1599999995   0.0000000000  -0.0000000000   0.0000000000
   0.1649999994   0.0000000000  -0.0000000000   0.0000000000
   0.1699999994   0.0000000000  -0.0000000000   0.0000000000
   0.1749999994   0.0000000000  -0.0000000000   0.0000000000
   0.1799999994   0.0000000000  -0.0000000000   0.0000000000
   0.1849999994   0.0000000000  -0.0000000000   0.0000000000
   0.1899999994   0.0000000000  -0.0000000000   0.0000000000
   0.1949999993   0.0000000000  -0.0000000000   0.0000000000
   0.1999999993   0.0000000000  -0.0000000000   0.0000000000
   0.2049999993   0.0000000000  -0.0000000000   0.0000000000
   0.2099999993   0.0000000000  -0.0000000000   0.0000000000
   0.2149999993   0.0000000000  -0.0000000000   0.0000000000
   0.2199999993   0.0000000000  -0.0000000000   0.0000000000
   0.2249999992   0.0000000000  -0.0000000000   0.0000000000
   0.2299999992   0.0000000000  -0.0000000000   0.0000000000
   0.2349999992   0.0000000000  -0.0000000000   0.0000000000
   0.2399999992   0.0000000000  -0.0000000000   0.0000000000
   0.2449999992   0.0000000000  -0.0000000000   0.0000000000
   0.2499999992   0.0000000000  -0.0000000000   0.0000000000
   0.2549999991   0.0000000000  -0.0000000000   0.0000000000
   0.2599999991   0.0000000000  -0.0000000000   0.0000000000
   0.2649999991   0.0000000000  -0.0000000000   0.0000000000
   0.2699999991   0.0000000000  -0.0000000000   0.0000000000
   0.2749999991   0.0000000000  -0.0000000000   0.0000000000
   0.2799999991   0.0000000000  -0.0000000000   0.0000000000
   0.2849999990   0.0000000000  -0.0000000000   0.0000000000
   0.2899999990   0.0000000000  -0.0000000000   0.0000000000
   0.2949999990   0.0000000000  -0.0000000000   0.0000000000
   0.2999999990   0.0000000000  -0.0000000000   0.0000000000
   0.3049999990   0.0000000000  -0.0000000000   0.0000000000
   0.3099999990   0.0000000000  -0.0000000000   0.0000000000
   0.3149999989   0.0000000000  -0.0000000000   0.0000000000
   0.3199999989   0.0000000000  -0.0000000000   0.0000000000
   0.3249999989   0.0000000000  -0.0000000000   0.0000000000
   0.3299999989   0.0000000000  -0.0000000000   0.0000000000
   0.3349999989   0.0000000000  -0.0000000000   0.0000000000
   0.3399999989   0.0000000000  -0.0000000000   0.0000000000
   0.3449999988   0.0000000000  -0.0000000000   0.0000000000
   0.3499999988   0.0000000000  -0.0000000000   0.0000000000
   0.3549999988   0.0000000000  -0.0000000000   0.0000000000
   0.3599999988   0.0000000000  -0.0000000000   0.0000000000
   0.3649999988   0.0000000000  -0.0000000000   0.0000000000
   0.3699999988   0.0000000000  -0.0000000000   0.0000000000
   0.3749999987   0.0000000000  -0.0000000000   0.0000000000
   0.3799999987   0.0000000000  -0.0000000000   0.0000000000
   0.3849999987   0.0000000000  -0.0000000000   0.0000000000
   0.3899999987   0.0000000000  -0.0000000000   0.0000000000
   0.3949999987   0.0000000000  -0.0000000000   0.0000000000
   0.3999999987   0.0000000000  -0.0000000000   0.0000000000
   0.4049999986   0.0000000000  -0.0000000000   0.0000000000
   0.4099999986   0.0000000000  -0.0000000000   0.0000000000
   0.4149999986   0.0000000000  -0.0000000000   0.0000000000
   0.4199999986   0.0000000000  -0.0000000000   0.0000000000
   0.4249999986   0.0000000000   0.0000000000   0.0000000000
   0.4299999986  -0.0000000000   0.0000000000  -0.0000000000
   0.4349999985  -0.0000000000   0.0000000000  -0.0000000000
   0.4399999985  -0.0000000000   0.0000000000  -0.0000000000
   0.4449999985  -0.0000000000   0.0000000000  -0.0000000000
   0.4499999985  -0.0000000000   0.0000000000  -0.0000000000
   0.4549999985  -0.0000000000   0.0000000000  -0.0000000000
   0.4599999985  -0.0000000000   0.0000000000  -0.0000000000
   0.4649999984  -0.0000000000   0.0000000000  -0.0000000000
   0.4699999984  -0.0000000000   0.0000000000  -0.0000000000
   0.4749999984  -0.0000000000   0.0000000000  -0.0000000000
   0.4799999984  -0.0000000000   0.0000000000  -0.0000000000
   0.4849999984  -0.0000000000   0.0000000000  -0.0000000000
   0.4899999984  -0.0000000000   0.0000000000  -0.0000000000
   0.4949999983  -0.0000000000   0.0000000000  -0.0000000000
   0.4999999983  -0.0000000000   0.0000000000  -0.0000000000
   0.5049999983  -0.0000000000   0.0000000000  -0.0000000000
   0.5099999983  -0.0000000000   0.0000000000  -0.0000000000
   0.5149999983  -0.0000000000   0.0000000000  -0.0000000000
   0.5199999983  -0.0000000000   0.0000000000  -0.0000000000
   0.5249999982  -0.0000000000   0.0000000000  -0.0000000000
   0.5299999982  -0.0000000000   0.0000000000  -0.0000000000
   0.5349999982  -0.0000000000   0.0000000000  -0.0000000000
   0.5399999982  -0.0000000000   0.0000000000  -0.0000000000
   0.5449999982  -0.0000000000   0.0000000000  -0.0000000000
   0.5499999982  -0.0000000000   0.0000000000  -0.0000000000
   0.5549999981  -0.0000000000   0.0000000000  -0.0000000000
   0.5599999981  -0.0000000000   0.0000000000  -0.0000000000
   0.5649999981  -0.0000000000   0.0000000000  -0.0000000000
   0.5699999981  -0.0000000000   0.0000000000  -0.0000000000
   0.5749999981  -0.0000000000   0.0000000000  -0.0000000000
   0.5799999981  -0.0000000000   0.0000000000  -0.0000000000
   0.5849999980  -0.0000000000   0.0000000000  -0.0000000000
   0.5899999980  -0.0000000000   0.0000000000  -0.0000000000
   0.5949999980  -0.0000000000   0.0000000000  -0.0000000000
   0.5999999980  -0.0000000000   0.0000000000  -0.0000000000
   0.6049999980  -0.0000000000   0.0000000000  -0.0000000000
   0.6099999980  -0.0000000000   0.0000000000  -0.0000000000
   0.6149999979  -0.0000000000   0.0000000000  -0.0000000000
   0.6199999979  -0.0000000000   0.0000000000  -0.0000000000
   0.6249999979  -0.0000000000   0.0000000000  -0.0000000000
   0.6299999979  -0.0000000000   0.0000000000  -0.0000000000
   0.6349999979   0.0000000000   0.0000000000   0.0000000000
   0.6399999979   0.0000000000   0.0000000000   0.0000000000
   0.6449999978   0.0000000000   0.0000000000   0.0000000000
   0.6499999978   0.0000000000   0.0000000000   0.0000000000
   0.6549999978   0.0000000000   0.0000000000   0.0000000000
   0.6599999978   0.0000000000   0.0000000000   0.0000000000
   0.6649999978   0.0000000000   0.0000000000   0.0000000000
   0.6699999978   0.0000000000   0.0000000000   0.0000000000
   0.6749999977   0.0000000000   0.0000000000   0.0000000000
   0.6799999977   0.0000000000   0.0000000000   0.0000000000
   0.6849999977   0.0000000000   0.0000000000   0.0000000000
   0.6899999977   0.0000000000   0.0000000000   0.0000000000
   0.6949999977   0.0000000000   0.0000000000   0.0000000000
   0.6999999976   0.0000000000   0.0000000000   0.0000000000
   0.7049999976   0.0000000000  -0.0000000000   0.0000000000
   0.7099999976   0.0000000000  -0.0000000000   0.0000000000
   0.7149999976   0.0000000000  -0.0000000000   0.0000000000
   0.7199999976   0.0000000000  -0.0000000000   0.0000000000
   0.7249999976   0.0000000000  -0.0000000000   0.0000000000
   0.7299999975  -0.0000000000  -0.0000000000  -0.0000000000
   0.7349999975  -0.0000000000  -0.0000000000  -0.0000000000
   0.7399999975  -0.0000000000  -0.0000000000  -0.0000000000
   0.7449999975  -0.0000000000  -0.0000000000  -0.0000000000
   0.7499999975  -0.0000000000  -0.0000000000  -0.0000000000
   0.7549999975  -0.0000000000   0.0000000000  -0.0000000000
   0.7599999974  -0.0000000000   0.0000000000  -0.0000000000
   0.7649999974   0.0000000000   0.0000000000   0.0000000000
   0.7699999974   0.0000000000   0.0000000000   0.0000000000
   0.7749999974   0.0000000000   0.0000000000   0.0000000000
   0.7799999974   0.0000000000   0.0000000000   0.0000000000
   0.7849999974   0.0000000000   0.0000000000   0.0000000000
   0.7899999973   0.0000000000   0.0000000000   0.0000000000
   0.7949999973   0.0000000000   0.0000000000   0.0000000000
   0.7999999973   0.0000000000   0.0000000000   0.0000000000
   0.8049999973   0.0000000000   0.0000000000   0.0000000000
   0.8099999973   0.0000000000   0.0000000000   0.0000000000
   0.8149999973   0.0000000000   0.0000000000   0.0000000000
   0.8199999972   0.0000000000   0.0000000000   0.0000000000
   0.8249999972   0.0000000000   0.0000000000   0.0000000000
   0.8299999972   0.0000000000   0.0000000000   0.0000000000
   0.8349999972   0.0000000000   0.0000000000   0.0000000000
   0.8399999972   0.0000000000   0.0000000000   0.0000000000
   0.8449999972   0.0000000000   0.0000000000   0.0000000000
   0.8499999971   0.0000000000   0.0000000000   0.0000000000
   0.8549999971   0.0000000000   0.0000000000   0.0000000000
   0.8599999971   0.0000000000   0.0000000000   0.0000000000
   0.8649999971   0.0000000000   0.0000000000   0.0000000000
   0.8699999971   0.0000000000   0.0000000000   0.0000000000
   0.8749999971   0.0000000000   0.0000000000   0.0000000000
   0.8799999970   0.0000000000   0.0000000000   0.0000000000
   0.8849999970   0.0000000000   0.0000000000   0.0000000000
   0.8899999970   0.0000000000   0.0000000000   0.0000000000
   0.8949999970   0.0000000000   0.0000000000   0.0000000000
   0.8999999970   0.0000000000   0.0000000000   0.0000000000
   0.9049999970   0.0000000000   0.0000000000   0.0000000000
   0.9099999969   0.0000000000   0.0000000000   0.0000000000
   0.9149999969   0.0000000000   0.0000000000   0.0000000000
   0.9199999969   0.0000000000   0.0000000000   0.0000000000
   0.9249999969   0.0000000000   0.0000000000   0.0000000000
   0.9299999969   0.0000000000   0.0000000000   0.0000000000
   0.9349999969   0.0000000000   0.0000000000   0.0000000000
   0.9399999968   0.0000000000   0.0000000000   0.0000000000
   0.9449999968   0.0000000000   0.0000000000   0.0000000000
   0.9499999968   0.0000000000   0.0000000000   0.0000000000
   0.9549999968   0.0000000000   0.0000000000   0.0000000000
   0.9599999968   0.0000000000   0.0000000000   0.0000000000
   0.9649999968   0.0000000000   0.0000000000   0.0000000000
   0.9699999967   0.0000000000   0.0000000000   0.0000000000
   0.9749999967   0.0000000000   0.0000000000   0.0000000000
   0.9799999967   0.0000000000   0.0000000000   0.0000000000
   0.9849999967   0.0000000000   0.0000000000   0.0000000000
   0.9899999967   0.0000000000   0.0000000000   0.0000000000
   0.9949999967   0.0000000000   0.0000000000   0.0000000000
   0.9999999966   0.0000000000   0.0000000000   0.0000000000
   1.0049999966   0.0000000000   0.0000000000   0.0000000000
   1.0099999966   0.0000000000   0.0000000000   0.0000000000
   1.0149999966   0.0000000000   0.0000000000   0.0000000000
   1.0199999966   0.0000000000   0.0000000000   0.0000000000
   1.0249999966   0.0000000000   0.0000000000   0.0000000000
   1.0299999965   0.0000000000   0.0000000000   0.0000000000
   1.0349999965   0.0000000000   0.0000000000   0.0000000000
   1.0399999965   0.0000000000   0.0000000000   0.0000000000
   1.0449999965   0.0000000000   0.0000000000   0.0000000000
   1.0499999965   0.0000000000   0.0000000000   0.0000000000
   1.0549999965   0.0000000000   0.0000000000   0.0000000000
   1.0599999964   0.0000000000   0.0000000000   0.0000000000
   1.0649999964   0.0000000000   0.0000000000   0.0000000000
   1.0699999964   0.0000000000   0.0000000000   0.0000000000
   1.0749999964   0.0000000000   0.0000000000   0.0000000000
   1.0799999964   0.0000000000   0.0000000000   0.0000000000
   1.0849999964   0.0000000000   0.0000000000   0.0000000000
   1.0899999963   0.0000000000   0.0000000000   0.0000000000
   1.0949999963   0.0000000000   0.0000000000   0.0000000000
   1.0999999963   0.0000000000   0.0000000000   0.0000000000
   1.1049999963   0.0000000000   0.0000000000   0.0000000000
   1.1099999963   0.0000000000   0.0000000000   0.0000000000
   1.1149999963   0.0000000000   0.0000000000   0.0000000000
   1.1199999962   0.0000000000   0.0000000000   0.0000000000
   1.1249999962   0.0000000000   0.0000000000   0.0000000000
   1.1299999962   0.0000000000   0.0000000000   0.0000000000
   1.1349999962   0.0000000000   0.0000000000   0.0000000000
   1.1399999962   0.0000000000   0.0000000000   0.0000000000
   1.1449999962   0.0000000000   0.0000000000   0.0000000000
   1.1499999961   0.0000000000   0.0000000000   0.0000000000
   1.1549999961   0.0000000000   0.0000000000   0.0000000000
   1.1599999961   0.0000000000   0.0000000000   0.0000000000
   1.1649999961   0.0000000000   0.0000000000   0.0000000000
   1.1699999961   0.0000000000   0.0000000000   0.0000000000
   1.1749999961   0.0000000000   0.0000000000   0.0000000000
   1.1799999960   0.0000000000   0.0000000000   0.0000000000
   1.1849999960   0.0000000000   0.0000000000   0.0000000000
   1.1899999960   0.0000000000   0.0000000000   0.0000000000
   1.1949999960   0.0000000000   0.0000000000   0.0000000000
   1.1999999960   0.0000000000   0.0000000000   0.0000000000
   1.2049999960   0.0000000000   0.0000000000   0.0000000000
   1.2099999959   0.0000000000   0.0000000000   0.0000000000
   1.2149999959   0.0000000000   0.0000000000   0.0000000000
   1.2199999959   0.0000000000   0.0000000000   0.0000000000
   1.2249999959   0.0000000000   0.0000000000   0.0000000000
   1.2299999959   0.0000000000   0.0000000000   0.0000000000
   1.2349999959   0.0000000000   0.0000000000   0.0000000000
   1.2399999958  -0.0000000000  -0.0000000000  -0.0000000000
   1.2449999958  -0.0000000000  -0.0000000000  -0.0000000000
   1.2499999958  -0.0000000000  -0.0000000000  -0.0000000000
   1.2549999958  -0.0000000000  -0.0000000000  -0.0000000000
   1.2599999958  -0.0000000000  -0.0000000000  -0.0000000000
   1.2649999958  -0.0000000000  -0.0000000000  -0.0000000000
   1.2699999957  -0.0000000000  -0.0000000000  -0.0000000000
   1.2749999957  -0.0000000000  -0.0000000000  -0.0000000000
   1.2799999957  -0.0000000000  -0.0000000000  -0.0000000000
   1.2849999957  -0.0000000000  -0.0000000000  -0.0000000000
   1.2899999957  -0.0000000000  -0.0000000000  -0.0000000000
   1.2949999957  -0.0000000000  -0.0000000000  -0.0000000000
   1.2999999956  -0.0000000000  -0.0000000000  -0.0000000000
   1.3049999956  -0.0000000000  -0.0000000000  -0.0000000000
   1.3099999956  -0.0000000000  -0.0000000000  -0.0000000000
   1.3149999956  -0.0000000000  -0.0000000000  -0.0000000000
   1.3199999956   0.0000000000   0.0000000000   0.0000000000
   1.3249999956   0.0000000000   0.0000000000   0.0000000000
   1.3299999955   0.0000000000   0.0000000000   0.0000000000
   1.3349999955   0.0000000000   0.0000000000   0.0000000000
   1.3399999955   0.0000000000   0.0000000000   0.0000000000
   1.3449999955   0.0000000000   0.0000000000   0.0000000000
   1.3499999955   0.0000000000   0.0000000000   0.0000000000
   1.3549999954   0.0000000000   0.0000000000   0.0000000000
   1.3599999954   0.0000000000   0.0000000000   0.0000000000
   1.3649999954   0.0000000000   0.0000000000   0.0000000000
   1.3699999954   0.0000000000   0.0000000000   0.0000000000
   1.3749999954   0.0000000000   0.0000000000   0.0000000000
   1.3799999954   0.0000000000   0.0000000000   0.0000000000
   1.3849999953  -0.0000000000  -0.0000000000  -0.0000000000
   1.3899999953  -0.0000000000  -0.0000000000  -0.0000000000
   1.3949999953  -0.0000000000  -0.0000000000  -0.0000000000
   1.3999999953  -0.0000000000  -0.0000000000  -0.0000000000
   1.4049999953  -0.0000000000  -0.0000000000  -0.0000000000
   1.4099999953  -0.0000000000  -0.0000000000  -0.0000000000
   1.4149999952  -0.0000000000  -0.0000000000  -0.0000000000
   1.4199999952  -0.0000000000  -0.0000000000  -0.0000000000
   1.4249999952  -0.0000000000  -0.0000000000  -0.0000000000
   1.4299999952  -0.0000000000  -0.0000000000  -0.0000000000
   1.4349999952  -0.0000000000  -0.0000000000  -0.0000000000
   1.4399999952  -0.0000000000  -0.0000000000  -0.0000000000
   1.4449999951   0.0000000000   0.0000000000   0.0000000000
   1.4499999951   0.0000000000   0.0000000000   0.0000000000
   1.4549999951   0.0000000000   0.0000000000   0.0000000000
   1.4599999951   0.0000000000   0.0000000000   0.0000000000
   1.4649999951   0.0000000000   0.0000000000   0.0000000000
   1.4699999951   0.0000000000   0.0000000000   0.0000000000
   1.4749999950   0.0000000000   0.0000000000   0.0000000000
   1.4799999950   0.0000000000   0.0000000000   0.0000000000
   1.4849999950   0.0000000000   0.0000000000   0.0000000000
   1.4899999950   0.0000000000   0.0000000000   0.0000000000
   1.4949999950   0.0000000000   0.0000000000   0.0000000000
   1.4999999950  -0.0000000000  -0.0000000000  -0.0000000000
   1.5049999949  -0.0000000000  -0.0000000000  -0.0000000000
   1.5099999949  -0.0000000000  -0.0000000000  -0.0000000000
   1.5149999949  -0.0000000000  -0.0000000000  -0.0000000000
   1.5199999949  -0.0000000000  -0.0000000000  -0.0000000000
   1.5249999949  -0.0000000000  -0.0000000000  -0.0000000000
   1.5299999949  -0.0000000000  -0.0000000000  -0.0000000000
   1.5349999948  -0.0000000000  -0.0000000000  -0.0000000000
   1.5399999948  -0.0000000000  -0.0000000000  -0.0000000000
   1.5449999948  -0.0000000000  -0.0000000000  -0.0000000000
   1.5499999948   0.0000000000  -0.0000000000   0.0000000000
   1.5549999948   0.0000000000   0.0000000000   0.0000000000
   1.5599999948   0.0000000000   0.0000000000   0.0000000000
   1.5649999947   0.0000000000   0.0000000000   0.0000000000
   1.5699999947   0.0000000000   0.0000000000   0.0000000000
   1.5749999947   0.0000000000   0.0000000000   0.0000000000
   1.5799999947   0.0000000000   0.0000000000   0.0000000000
   1.5849999947   0.0000000000   0.0000000000   0.0000000000
   1.5899999947   0.0000000000   0.0000000000   0.0000000000
   1.5949999946   0.0000000000   0.0000000000   0.0000000000
   1.5999999946  -0.0000000000  -0.0000000000  -0.0000000000
   1.6049999946  -0.0000000000  -0.0000000000  -0.0000000000
   1.6099999946  -0.0000000000  -0.0000000000  -0.0000000000
   1.6149999946  -0.0000000000  -0.0000000000  -0.0000000000
   1.6199999946  -0.0000000000  -0.0000000000  -0.0000000000
   1.6249999945  -0.0000000000  -0.0000000000  -0.0000000000
   1.6299999945  -0.0000000000  -0.0000000000  -0.0000000000
   1.6349999945  -0.0000000000  -0.0000000000  -0.0000000000
   1.6399999945  -0.0000000000  -0.0000000000  -0.0000000000
   1.6449999945   0.0000000000   0.0000000000   0.0000000000
   1.6499999945   0.0000000000   0.0000000000   0.0000000000
   1.6549999944   0.0000000000   0.0000000000   0.0000000000
   1.6599999944   0.0000000000   0.0000000000   0.0000000000
   1.6649999944   0.0000000000   0.0000000000   0.0000000000
   1.6699999944   0.0000000000   0.0000000000   0.0000000000
   1.6749999944   0.0000000000   0.0000000000   0.0000000000
   1.6799999944   0.0000000000   0.0000000000   0.0000000000
   1.6849999943  -0.0000000000   0.0000000000  -0.0000000000
   1.6899999943  -0.0000000000  -0.0000000000  -0.0000000000
   1.6949999943  -0.0000000000  -0.0000000000  -0.0000000000
   1.6999999943  -0.0000000000  -0.0000000000  -0.0000000000
   1.7049999943  -0.0000000000  -0.0000000000  -0.0000000000
   1.7099999943  -0.0000000000  -0.0000000000  -0.0000000000
   1.7149999942  -0.0000000000  -0.0000000000  -0.0000000000
   1.7199999942  -0.0000000000  -0.0000000000  -0.0000000000
   1.7249999942   0.0000000000  -0.0000000000   0.0000000000
   1.7299999942   0.0000000000   0.0000000000   0.0000000000
   1.7349999942   0.0000000000   0.0000000000   0.0000000000
   1.7399999942   0.0000000001   0.0000000000   0.0000000001
   1.7449999941   0.0000000001   0.0000000000   0.0000000001
   1.7499999941   0.0000000001   0.0000000000   0.0000000001
   1.7549999941   0.0000000000   0.0000000000   0.0000000000
   1.7599999941   0.0000000000   0.0000000000   0.0000000000
   1.7649999941  -0.0000000000   0.0000000000  -0.0000000000
   1.7699999941  -0.0000000000  -0.0000000000  -0.0000000000
   1.7749999940  -0.0000000001  -0.0000000000  -0.0000000001
   1.7799999940  -0.0000000001  -0.0000000000  -0.0000000001
   1.7849999940  -0.0000000001  -0.0000000001  -0.0000000001
   1.7899999940  -0.0000000001  -0.0000000001  -0.0000000001
   1.7949999940  -0.0000000001  -0.0000000001  -0.0000000001
   1.7999999940  -0.0000000000  -0.0000000000  -0.0000000000
   1.8049999939   0.0000000000  -0.0000000000   0.0000000000
   1.8099999939   0.0000000001   0.0000000000   0.0000000001
   1.8149999939   0.0000000001   0.0000000000   0.0000000001
   1.8199999939   0.0000000002   0.0000000001   0.0000000002
   1.8249999939   0.0000000002   0.0000000001   0.0000000002
   1.8299999939   0.0000000001   0.0000000001   0.0000000001
   1.8349999938   0.0000000001   0.0000000001   0.0000000001
   1.8399999938   0.0000000000   0.0000000000   0.0000000000
   1.8449999938  -0.0000000001  -0.0000000000  -0.0000000001
   1.8499999938  -0.0000000001  -0.0000000000  -0.0000000001
   1.8549999938  -0.0000000002  -0.0000000001  -0.0000000002
   1.8599999938  -0.0000000002  -0.0000000001  -0.0000000002
   1.8649999937  -0.0000000002  -0.0000000001  -0.0000000002
   1.8699999937  -0.0000000001  -0.0000000001  -0.0000000001
   1.8749999937  -0.0000000001  -0.0000000001  -0.0000000001
   1.8799999937   0.0000000001  -0.0000000000   0.0000000001
   1.8849999937   0.0000000002   0.0000000000   0.0000000002
   1.8899999937   0.0000000003   0.0000000001   0.0000000003
   1.8949999936   0.0000000003   0.0000000001   0.0000000003
   1.8999999936   0.0000000003   0.0000000002   0.0000000003
   1.9049999936   0.0000000002   0.0000000002   0.0000000002
   1.9099999936   0.0000000001   0.0000000001   0.0000000001
   1.9149999936  -0.0000000000   0.0000000001  -0.0000000000
   1.9199999936  -0.0000000002  -0.0000000000  -0.0000000002
   1.9249999935  -0.0000000003  -0.0000000001  -0.0000000003
   1.9299999935  -0.0000000004  -0.0000000002  -0.0000000004
   1.9349999935  -0.0000000004  -0.0000000002  -0.0000000004
   1.9399999935  -0.0000000003  -0.0000000002  -0.0000000003
   1.9449999935  -0.0000000002  -0.0000000002  -0.0000000002
   1.9499999935   0.0000000000  -0.0000000001   0.0000000000
   1.9549999934   0.0000000002   0.0000000000   0.0000000002
   1.9599999934   0.0000000004   0.0000000001   0.0000000004
   1.9649999934   0.0000000005   0.0000000002   0.0000000005
   1.9699999934   0.0000000005   0.0000000002   0.0000000005
   1.9749999934   0.0000000004   0.0000000002   0.0000000004
   1.9799999934   0.0000000002   0.0000000002   0.0000000002
   1.9849999933  -0.0000000000   0.0000000001  -0.0000000000
   1.9899999933  -0.0000000003  -0.0000000000  -0.0000000003
   1.9949999933  -0.0000000004  -0.0000000001  -0.0000000004
   1.9999999933  -0.0000000005  -0.0000000002  -0.0000000005
   2.0049999933  -0.0000000005  -0.0000000003  -0.0000000005
   2.0099999933  -0.0000000004  -0.0000000003  -0.0000000004
   2.0149999932  -0.0000000002  -0.0000000002  -0.0000000002
   2.0199999932   0.0000000001  -0.0000000001   0.0000000001
   2.0249999932   0.0000000003   0.0000000000   0.0000000003
   2.0299999932   0.0000000005   0.0000000002   0.0000000005
   2.0349999932   0.0000000006   0.0000000003   0.0000000006
   2.0399999931   0.0000000006   0.0000000003   0.0000000006
   2.0449999931   0.0000000004   0.0000000003   0.0000000004
   2.0499999931   0.0000000001   0.0000000002   0.0000000001
   2.0549999931  -0.0000000002   0.0000000001  -0.0000000002
   2.0599999931  -0.0000000005  -0.0000000001  -0.0000000005
   2.0649999931  -0.0000000006  -0.0000000002  -0.0000000006
   2.0699999930  -0.0000000007  -0.0000000003  -0.0000000007
   2.0749999930  -0.0000000005  -0.0000000003  -0.0000000005
   2.0799999930  -0.0000000003  -0.0000000003  -0.0000000003
   2.0849999930   0.0000000000  -0.0000000001   0.0000000000
   2.0899999930   0.0000000004   0.0000000000   0.0000000004
   2.0949999930   0.0000000006   0.0000000002   0.0000000006
   2.0999999929   0.0000000007   0.0000000003   0.0000000007
   2.1049999929   0.0000000007   0.0000000004   0.0000000007
   2.1099999929   0.0000000004   0.0000000003   0.0000000004
   2.1149999929   0.0000000001   0.0000000002   0.0000000001
   2.1199999929  -0.0000000003   0.0000000000  -0.0000000003
   2.1249999929  -0.0000000006  -0.0000000001  -0.0000000006
   2.1299999928  -0.0000000008  -0.0000000003  -0.0000000008
   2.1349999928  -0.0000000007  -0.0000000004  -0.0000000007
   2.1399999928  -0.0000000005  -0.0000000004  -0.0000000005
   2.1449999928  -0.0000000002  -0.0000000003  -0.0000000002
   2.1499999928   0.0000000002  -0.0000000001   0.0000000002
   2.1549999928   0.0000000006   0.0000000001   0.0000000006
   2.1599999927   0.0000000008   0.0000000003   0.0000000008
   2.1649999927   0.0000000008   0.0000000004   0.0000000008
   2.1699999927   0.0000000006   0.0000000004   0.0000000006
   2.1749999927   0.0000000003   0.0000000003   0.0000000003
   2.1799999927  -0.0000000002   0.0000000001  -0.0000000002
   2.1849999927  -0.0000000006  -0.0000000001  -0.0000000006
   2.1899999926  -0.0000000009  -0.0000000003  -0.0000000009
   2.1949999926  -0.0000000009  -0.0000000004  -0.0000000009
   2.1999999926  -0.0000000007  -0.0000000004  -0.0000000007
   2.2049999926  -0.0000000003  -0.0000000003  -0.0000000003
   2.2099999926   0.0000000002  -0.0000000001   0.0000000002
   2.2149999926   0.0000000007   0.0000000001   0.0000000007
   2.2199999925   0.0000000010   0.0000000003   0.0000000010
   2.2249999925   0.0000000011   0.0000000005   0.0000000011
   2.2299999925   0.0000000009   0.0000000005   0.0000000009
   2.2349999925   0.0000000004   0.0000000004   0.0000000004
   2.2399999925  -0.0000000002   0.0000000002  -0.0000000002
   2.2449999925  -0.0000000007  -0.0000000001  -0.0000000007
   2.2499999924  -0.0000000011  -0.0000000004  -0.0000000012
   2.2549999924  -0.0000000013  -0.0000000006  -0.0000000013
   2.2599999924  -0.0000000010  -0.0000000006  -0.0000000010
   2.2649999924  -0.0000000005  -0.0000000005  -0.0000000005
   2.2699999924   0.0000000002  -0.0000000002   0.0000000002
   2.2749999924   0.0000000008   0.0000000002   0.0000000008
   2.2799999923   0.0000000013   0.0000000005   0.0000000013
   2.2849999923   0.0000000014   0.0000000007   0.0000000014
   2.2899999923   0.0000000012   0.0000000008   0.0000000012
   2.2949999923   0.0000000006   0.0000000006   0.0000000006
   2.2999999923  -0.0000000003   0.0000000003  -0.0000000003
   2.3049999923  -0.0000000011  -0.0000000001  -0.0000000011
   2.3099999922  -0.0000000016  -0.0000000004  -0.0000000016
   2.3149999922  -0.0000000018  -0.0000000007  -0.0000000017
   2.3199999922  -0.0000000014  -0.0000000008  -0.0000000014
   2.3249999922  -0.0000000006  -0.0000000007  -0.0000000006
   2.3299999922   0.0000000005  -0.0000000004   0.0000000005
   2.3349999922   0.0000000015  -0.0000000001   0.0000000015
   2.3399999921   0.0000000023   0.0000000003   0.0000000023
   2.3449999921   0.0000000026   0.0000000006   0.0000000026
   2.3499999921   0.0000000024   0.0000000007   0.0000000024
   2.3549999921   0.0000000016   0.0000000005   0.0000000016
   2.3599999921   0.0000000005   0.0000000002   0.0000000005
   2.3649999921  -0.0000000006  -0.0000000001  -0.0000000006
   2.3699999920  -0.0000000013  -0.0000000004  -0.0000000013
   2.3749999920  -0.0000000015  -0.0000000004  -0.0000000015
   2.3799999920  -0.0000000010  -0.0000000000  -0.0000000010
   2.3849999920   0.0000000000   0.0000000006   0.0000000001
   2.3899999920   0.0000000015   0.0000000015   0.0000000015
   2.3949999920   0.0000000031   0.0000000026   0.0000000031
   2.3999999919   0.0000000044   0.0000000035   0.0000000044
   2.4049999919   0.0000000052   0.0000000042   0.0000000052
   2.4099999919   0.0000000054   0.0000000045   0.0000000054
   2.4149999919   0.0000000051   0.0000000043   0.0000000051
   2.4199999919   0.0000000046   0.0000000037   0.0000000047
   2.4249999919   0.0000000043   0.0000000029   0.0000000044
   2.4299999918   0.0000000046   0.0000000021   0.0000000046
   2.4349999918   0.0000000057   0.0000000015   0.0000000057
   2.4399999918   0.0000000077   0.0000000014   0.0000000077
   2.4449999918   0.0000000103   0.0000000017   0.0000000104
   2.4499999918   0.0000000132   0.0000000026   0.0000000133
   2.4549999918   0.0000000158   0.0000000037   0.0000000160
   2.4599999917   0.0000000177   0.0000000050   0.0000000178
   2.4649999917   0.0000000183   0.0000000061   0.0000000185
   2.4699999917   0.0000000175   0.0000000069   0.0000000177
   2.4749999917   0.0000000155   0.0000000073   0.0000000158
   2.4799999917   0.0000000126   0.0000000071   0.0000000128
   2.4849999917   0.0000000092   0.0000000066   0.0000000095
   2.4899999916   0.0000000058   0.0000000057   0.0000000061
   2.4949999916   0.0000000027   0.0000000046   0.0000000031
   2.4999999916   0.0000000000   0.0000000033   0.0000000004
   2.5049999916  -0.0000000026   0.0000000018  -0.0000000022
   2.5099999916  -0.0000000056  -0.0000000002  -0.0000000051
   2.5149999916  -0.0000000096  -0.0000000027  -0.0000000090
   2.5199999915  -0.0000000150  -0.0000000061  -0.0000000144
   2.5249999915  -0.0000000221  -0.0000000104  -0.0000000215
   2.5299999915  -0.0000000309  -0.0000000156  -0.0000000303
   2.5349999915  -0.0000000409  -0.0000000214  -0.0000000403
   2.5399999915  -0.0000000514  -0.0000000275  -0.0000000508
   2.5449999915  -0.0000000615  -0.0000000334  -0.0000000609
   2.5499999914  -0.0000000703  -0.0000000386  -0.0000000697
   2.5549999914  -0.0000000771  -0.0000000426  -0.0000000765
   2.5599999914  -0.0000000815  -0.0000000450  -0.0000000810
   2.5649999914  -0.0000000835  -0.0000000459  -0.0000000830
   2.5699999914  -0.0000000831  -0.0000000451  -0.0000000827
   2.5749999914  -0.0000000808  -0.0000000429  -0.0000000804
   2.5799999913  -0.0000000766  -0.0000000396  -0.0000000763
   2.5849999913  -0.0000000706  -0.0000000353  -0.0000000705
   2.5899999913  -0.0000000627  -0.0000000301  -0.0000000627
   2.5949999913  -0.0000000524  -0.0000000241  -0.0000000526
   2.5999999913  -0.0000000395  -0.0000000171  -0.0000000397
   2.6049999913  -0.0000000235  -0.0000000089  -0.0000000239
   2.6099999912  -0.0000000047   0.0000000005  -0.0000000052
   2.6149999912   0.0000000164   0.0000000110   0.0000000158
   2.6199999912   0.0000000386   0.0000000224   0.0000000381
   2.6249999912   0.0000000605   0.0000000341   0.0000000600
   2.6299999912   0.0000000805   0.0000000453   0.0000000801
   2.6349999912   0.0000000968   0.0000000552   0.0000000966
   2.6399999911   0.0000001083   0.0000000629   0.0000001085
   2.6449999911   0.0000001143   0.0000000679   0.0000001149
   2.6499999911   0.0000001148   0.0000000696   0.0000001159
   2.6549999911   0.0000001102   0.0000000681   0.0000001119
   2.6599999911   0.0000001016   0.0000000634   0.0000001037
   2.6649999911   0.0000000899   0.0000000560   0.0000000923
   2.6699999910   0.0000000762   0.0000000466   0.0000000785
   2.6749999910   0.0000000611   0.0000000356   0.0000000632
   2.6799999910   0.0000000452   0.0000000236   0.0000000466
   2.6849999910   0.0000000288   0.0000000110   0.0000000295
   2.6899999910   0.0000000120  -0.0000000020   0.0000000123
   2.6949999909  -0.0000000051  -0.0000000154  -0.0000000038
   2.6999999909  -0.0000000225  -0.0000000292  -0.0000000167
   2.7049999909  -0.0000000403  -0.0000000442  -0.0000000236
   2.7099999909  -0.0000000590  -0.0000000612  -0.0000000205
   2.7149999909  -0.0000000804  -0.0000000820  -0.0000000022
   2.7199999909  -0.0000001076  -0.0000001091   0.0000000375
   2.7249999908  -0.0000001459  -0.0000001463   0.0000001063
   2.7299999908  -0.0000002031  -0.0000001986   0.0000002131
   2.7349999908  -0.0000002897  -0.0000002719   0.0000003687
   2.7399999908  -0.0000004191  -0.0000003734   0.0000005858
   2.7449999908  -0.0000006076  -0.0000005111   0.0000008798
   2.7499999908  -0.0000008735  -0.0000006928   0.0000012683
   2.7549999907  -0.0000012372  -0.0000009259   0.0000017715
   2.7599999907  -0.0000017204  -0.0000012165   0.0000024116
   2.7649999907  -0.0000023450  -0.0000015685   0.0000032113
   2.7699999907  -0.0000031326  -0.0000019827   0.0000041925
   2.7749999907  -0.0000041029  -0.0000024558   0.0000053743
   2.7799999907  -0.0000052724  -0.0000029799   0.0000067702
   2.7849999906  -0.0000066524  -0.0000035417   0.0000083860
   2.7899999906  -0.0000082468  -0.0000041216   0.0000102168
   2.7949999906  -0.0000100496  -0.0000046942   0.0000122450
   2.7999999906  -0.0000120423  -0.0000052276   0.0000144383
   2.8049999906  -0.0000141922  -0.0000056847   0.0000167486
   2.8099999906  -0.0000164502  -0.0000060240   0.0000191114
   2.8149999905  -0.0000187509  -0.0000062015   0.0000214465
   2.8199999905  -0.0000210127  -0.0000061737   0.0000236595
   2.8249999905  -0.0000231403  -0.0000059003   0.0000256445
   2.8299999905  -0.0000250281  -0.0000053480   0.0000272885
   2.8349999905  -0.0000265653  -0.0000044945   0.0000284766
   2.8399999905  -0.0000276420  -0.0000033319   0.0000290987
   2.8449999904  -0.0000281564  -0.0000018698   0.0000290568
   2.8499999904  -0.0000280219  -0.0000001378   0.0000282728
   2.8549999904  -0.0000271746   0.0000018140   0.0000266966
   2.8599999904  -0.0000255793   0.0000039153   0.0000243122
   2.8649999904  -0.0000232347   0.0000060779   0.0000211438
   2.8699999904  -0.0000201761   0.0000081994   0.0000172584
   2.8749999903  -0.0000164756   0.0000101686   0.0000127662
   2.8799999903  -0.0000122396   0.0000118724   0.0000078186
   2.8849999903  -0.0000076033   0.0000132023   0.0000026016
   2.8899999903  -0.0000027232   0.0000140628  -0.0000026729
   2.8949999903   0.0000022329   0.0000143790  -0.0000077789
   2.8999999903   0.0000070952   0.0000141030  -0.0000124912
   2.9049999902   0.0000117015   0.0000132205  -0.0000166021
   2.9099999902   0.0000159033   0.0000117548  -0.0000199390
   2.9149999902   0.0000195688   0.0000097702  -0.0000223829
   2.9199999902   0.0000225818   0.0000073720  -0.0000238847
   2.9249999902   0.0000248367   0.0000047051  -0.0000244789
   2.9299999902   0.0000262310   0.0000019499  -0.0000242909
   2.9349999901   0.0000266595  -0.0000006862  -0.0000235357
   2.9399999901   0.0000260125  -0.0000029801  -0.0000225043
   2.9449999901   0.0000241833  -0.0000047097  -0.0000215362
   2.9499999901   0.0000210901  -0.0000056759  -0.0000209735
   2.9549999901   0.0000167130  -0.0000057296  -0.0000211001
   2.9599999901   0.0000111489  -0.0000048054  -0.0000220653
   2.9649999900   0.0000046780  -0.0000029568  -0.0000238003
   2.9699999900  -0.0000021652  -0.0000003928  -0.0000259379
   2.9749999900  -0.0000085323   0.0000024920  -0.0000277494
   2.9799999900  -0.0000132301   0.0000051008  -0.0000281201
   2.9849999900  -0.0000147443   0.0000066415  -0.0000255824
   2.9899999900  -0.0000113384   0.0000061686  -0.0000184307
   2.9949999899  -0.0000012520   0.0000026703  -0.0000049340
   2.9999999899   0.0000169899  -0.0000047902   0.0000163419
   3.0049999899   0.0000441559  -0.0000168759   0.0000461044
   3.0099999899   0.0000797906  -0.0000337226   0.0000838166
   3.0149999899   0.0001216393  -0.0000546447   0.0001271289
   3.0199999899   0.0001650752  -0.0000778246   0.0001713191
   3.0249999898   0.0002026067  -0.0001000215   0.0002088201
   3.0299999898   0.0002235627  -0.0001163459   0.0002289245
   3.0349999898   0.0002140517  -0.0001201522   0.0002177640
   3.0399999898   0.0001572894  -0.0001031022   0.0001586487
   3.0449999898   0.0000343591  -0.0000554466   0.0000328319
   3.0499999898  -0.0001745641   0.0000334464  -0.0001792734
   3.0549999897  -0.0004885537   0.0001743065  -0.0004964539
   3.0599999897  -0.0009239223   0.0003769470  -0.0009347155
   3.0649999897  -0.0014920174   0.0006490812  -0.0015051147
   3.0699999897  -0.0021970340   0.0009950655  -0.0022116073
   3.0749999897  -0.0030340952   0.0014146971  -0.0030491628
   3.0799999897  -0.0039878702   0.0019022147  -0.0040024056
   3.0849999896  -0.0050319794   0.0024456554  -0.0050450291
   3.0899999896  -0.0061293791   0.0030267041  -0.0061401742
   3.0949999896  -0.0072338308   0.0036211394  -0.0072418757
   3.0999999896  -0.0082924410   0.0041999201  -0.0082975654
   3.1049999896  -0.0092491222   0.0047308876  -0.0092514878
   3.1099999896  -0.0100486962   0.0051809810  -0.0100487570
   3.1149999895  -0.0106412526   0.0055187852  -0.0106396728
   3.1199999895  -0.0109863018   0.0057171702  -0.0109838444
   3.1249999895  -0.0110562529   0.0057557447  -0.0110536558
   3.1299999895  -0.0108387936   0.0056228409  -0.0108366528
   3.1349999895  -0.0103378624   0.0053167836  -0.0103365408
   3.1399999895  -0.0095730698   0.0048462638  -0.0095726471
   3.1449999894  -0.0085776195   0.0042297435  -0.0085778911
   3.1499999894  -0.0073949839   0.0034939292  -0.0073955090
   3.1549999894  -0.0060747604   0.0026714797  -0.0060749513
   3.1599999894  -0.0046682555   0.0017982120  -0.0046674926
   3.1649999894  -0.0032243810   0.0009101442  -0.0032221339
   3.1699999894  -0.0017863999   0.0000407355  -0.0017823322
   3.1749999893  -0.0003899185  -0.0007813427  -0.0003839587
   3.1799999893   0.0009376814  -0.0015336518   0.0009453164
   3.1849999893   0.0021764205  -0.0022005136   0.0021852556
   3.1899999893   0.0033118029  -0.0027726322   0.0033211818
   3.1949999893   0.0043322848  -0.0032459637   0.0043414840
   3.1999999893   0.0052267328  -0.0036201077   0.0052350902
   3.2049999892   0.0059824757  -0.0038965672   0.0059895137
   3.2099999892   0.0065844501  -0.0040772368   0.0065899707
   3.2149999892   0.0070157303  -0.0041634269   0.0070198648
   3.2199999892   0.0072594585  -0.0041556222   0.0072626630
   3.2249999892   0.0073019004  -0.0040540224   0.0073048972
   3.2299999892   0.0071360904  -0.0038597493   0.0071397645
   3.2349999891   0.0067653637  -0.0035764577   0.0067706311
   3.2399999891   0.0062060198  -0.0032119824   0.0062136898
   3.2449999891   0.0054884618  -0.0027796213   0.0054991151
   3.2499999891   0.0046563740  -0.0022986897   0.0046702757
   3.2549999891   0.0037638276  -0.0017940979   0.0037808881
   3.2599999891   0.0028705622  -0.0012948705   0.0028903496
   3.2649999890   0.0020360320  -0.0008317194   0.0020578322
   3.2699999890   0.0013130573  -0.0004339693   0.0013359690
   3.2749999890   0.0007420332  -0.0001262725   0.0007650803
   3.2799999890   0.0003465958   0.0000743776   0.0003688385
   3.2849999890   0.0001314387   0.0001608482   0.0001520663
   3.2899999890   0.0000826307   0.0001368995   0.0001010228
   3.2949999889   0.0001703870   0.0000168433   0.0001861381
   3.2999999889   0.0003538455  -0.0001761621   0.0003667541
   3.3049999889   0.0005870821  -0.0004129532   0.0005971114
   3.3099999889   0.0008254155  -0.0006619280   0.0008326375
   3.3149999889   0.0010310355  -0.0008928193   0.0010355718
   3.3199999889   0.0011771448  -0.0010801301   0.0011791152
   3.3249999888   0.0012500889  -0.0012057578   0.0012495777
   3.3299999888   0.0012493207  -0.0012604800   0.0012463630
   3.3349999888   0.0011854149  -0.0012441659   0.0011800038
   3.3399999888   0.0010766625  -0.0011647887   0.0010687711
   3.3449999888   0.0009449626  -0.0010364876   0.0009345752
   3.3499999888   0.0008117774  -0.0008770596   0.0007989224
   3.3549999887   0.0006948137  -0.0007053039   0.0006795911
   3.3599999887   0.0006058801  -0.0005386175   0.0005884809
   3.3649999887   0.0005500960  -0.0003911485   0.0005308112
   3.3699999887   0.0005263547  -0.0002726765   0.0005055741
   3.3749999887   0.0005287257  -0.0001882532   0.0005069286
   3.3799999886   0.0005483603  -0.0001385034   0.0005260990
   3.3849999886   0.0005754550  -0.0001204081   0.0005533324
   3.3899999886   0.0006009085  -0.0001283525   0.0005795497
   3.3949999886   0.0006174569  -0.0001552361   0.0005974743
   3.3999999886   0.0006202366  -0.0001934886   0.0006021888
   3.4049999886   0.0006068591  -0.0002358994   0.0005912044
   3.4099999885   0.0005771629  -0.0002762299   0.0005642122
   3.4149999885   0.0005328160  -0.0003096166   0.0005226904
   3.4199999885   0.0004768936  -0.0003327938   0.0004694950
   3.4249999885   0.0004134706  -0.0003441578   0.0004084738
   3.4299999885   0.0003471955  -0.0003436788   0.0003440683
   3.4349999885   0.0002827668  -0.0003326549   0.0002808209
   3.4399999884   0.0002242494  -0.0003132987   0.0002227191
   3.4449999884   0.0001742342  -0.0002881719   0.0001723746
   3.4499999884   0.0001329436  -0.0002595194   0.0001301336
   3.4549999884   0.0000974812  -0.0002285989   0.0000933143
   3.4599999884   0.0000614745  -0.0001951392   0.0000558200
   3.4649999884   0.0000153412  -0.0001570682   0.0000083629
   3.4699999883  -0.0000526957  -0.0001106245  -0.0000605700
   3.4749999883  -0.0001548845  -0.0000508993  -0.0001630402
   3.4799999883  -0.0003017529   0.0000272381  -0.0003094995
   3.4849999883  -0.0004998546   0.0001279802  -0.0005065517
   3.4899999883  -0.0007499500   0.0002534138  -0.0007551245
   3.4949999883  -0.0010460912   0.0004026109  -0.0010495234
   3.4999999882  -0.0013759209   0.0005712148  -0.0013776826
   3.5049999882  -0.0017222436   0.0007516699  -0.0017226804
   3.5099999882  -0.0020656219   0.0009341078  -0.0020652832
   3.5149999882  -0.0023874818   0.0011077462  -0.0023870135
   3.5199999882  -0.0026730471   0.0012625253  -0.0026730674
   3.5249999882  -0.0029134121   0.0013906279  -0.0029143972
   3.5299999881  -0.0031062348   0.0014875348  -0.0031084357
   3.5349999881  -0.0032548448   0.0015523603  -0.0032582516
   3.5399999881  -0.0033659478   0.0015873735  -0.0033703061
   3.5449999881  -0.0034464802   0.0015968086  -0.0034513539
   3.5499999881  -0.0035004156   0.0015852516  -0.0035052798
   3.5549999881  -0.0035263816   0.0015560064  -0.0035307248
   3.5599999880  -0.0035167850   0.0015098727  -0.0035201987
   3.5649999880  -0.0034587889   0.0014446758  -0.0034610268
   3.5699999880  -0.0033370188   0.0013557151  -0.0033380166
   3.5749999880  -0.0031374161   0.0012370625  -0.0031372731
   3.5799999880  -0.0028513199   0.0010834204  -0.0028502524
   3.5849999880  -0.0024787450   0.0008920834  -0.0024770255
   3.5899999879  -0.0020299655   0.0006644991  -0.0020278668
   3.5949999879  -0.0015249028   0.0004069958  -0.0015226590
   3.5999999879  -0.0009903440   0.0001304392  -0.0009881363
   3.6049999879  -0.0004555678  -0.0001511640  -0.0004535337
   3.6099999879   0.0000526224  -0.0004228291   0.0000543665
   3.6149999879   0.0005142805  -0.0006710344   0.0005156148
   3.6199999878   0.0009190520  -0.0008858696   0.0009198408
   3.6249999878   0.0012665973  -0.0010623799   0.0012666959
   3.6299999878   0.0015646181  -0.0012007879   0.0015639024
   3.6349999878   0.0018250215  -0.0013055554   0.0018234305
   3.6399999878   0.0020592448  -0.0013835411   0.0020568246
   3.6449999878   0.0022739971  -0.0014417444   0.0022709292
   3.6499999877   0.0024685802  -0.0014852319   0.0024651801
   3.6549999877   0.0026345373  -0.0015157969   0.0026312173
   3.6599999877   0.0027577640  -0.0015317048   0.0027549624
   3.6649999877   0.0028225447  -0.0015285875   0.0028206355
   3.6699999877   0.0028164377  -0.0015012329   0.0028156416
   3.6749999877   0.0027346701  -0.0014457682   0.0027349912
   3.6799999876   0.0025828022  -0.0013616164   0.0025840082
   3.6849999876   0.0023768510  -0.0012526520   0.0023785094
   3.6899999876   0.0021407328  -0.0011271931   0.0021422983
   3.6949999876   0.0019016027  -0.0009967718   0.0019025394
   3.6999999876   0.0016842518  -0.0008739636   0.0016841627
   3.7049999876   0.0015060029  -0.0007698166   0.0015047353
   3.7099999875   0.0013734404  -0.0006915471   0.0013711393
   3.7149999875   0.0012818437  -0.0006411114   0.0012789368
   3.7199999875   0.0012174798  -0.0006150407   0.0012145925
   3.7249999875   0.0011621423  -0.0006055962   0.0011599608
   3.7299999875   0.0010987163  -0.0006029469   0.0010978279
   3.7349999875   0.0010162567  -0.0005977972   0.0010170060
   3.7399999874   0.0009131939  -0.0005837677   0.0009155894
   3.7449999874   0.0007977844  -0.0005588949   0.0008014806
   3.7499999874   0.0006856776  -0.0005258549   0.0006900397
   3.7549999874   0.0005952721  -0.0004908649   0.0005995099
   3.7599999874   0.0005421540  -0.0004615792   0.0005454947
   3.7649999874   0.0005341832  -0.0004445763   0.0005360434
   3.7699999873   0.0005686326  -0.0004431509   0.0005687481
   3.7749999873   0.0006322303  -0.0004560430   0.0006307129
   3.7799999873   0.0007041557  -0.0004774776   0.0007014625
   3.7849999873   0.0007612153  -0.0004985261   0.0007580389
   3.7899999873   0.0007838063  -0.0005094275   0.0007809107
   3.7949999873   0.0007610324  -0.0005022338   0.0007590763
   3.7999999872   0.0006935530  -0.0004730444   0.0006929421
   3.8049999872   0.0005933580  -0.0004231998   0.0005941605
   3.8099999872   0.0004805005  -0.0003590856   0.0004824469
   3.8149999872   0.0003776671  -0.0002905817   0.0003802309
   3.8199999872   0.0003040675  -0.0002285664   0.0003066054
   3.8249999872   0.0002703224  -0.0001821494   0.0002722379
   3.8299999871   0.0002757583  -0.0001563884   0.0002766479
   3.8349999871   0.0003088515  -0.0001511104   0.0003085966
   3.8399999871   0.0003506859  -0.0001611568   0.0003494703
   3.8449999871   0.0003804495  -0.0001779729   0.0003787004
   3.8499999871   0.0003814205  -0.0001920936   0.0003796899
   3.8549999871   0.0003457596  -0.0001958247   0.0003445788
   3.8599999870   0.0002767592  -0.0001853697   0.0002765045
   3.8649999870   0.0001879208  -0.0001618110   0.0001887240
   3.8699999870   0.0000991253  -0.0001306784   0.0001008493
   3.8749999870   0.0000309830  -0.0001002391   0.0000332679
   3.8799999870  -0.0000010341  -0.0000790030   0.0000013296
   3.8849999870   0.0000089856  -0.0000731612   0.0000109503
   3.8899999869   0.0000556659  -0.0000846898   0.0000568779
   3.8949999869   0.0001237992  -0.0001106623   0.0001241115
   3.8999999869   0.0001925697  -0.0001439684   0.0001920657
   3.9049999869   0.0002413419  -0.0001752381   0.0002403002
   3.9099999869   0.0002553765  -0.0001954244   0.0002541867
   3.9149999869   0.0002298579  -0.0001983154   0.0002289132
   3.9199999868   0.0001711055  -0.0001822632   0.0001707015
   3.9249999868   0.0000946434  -0.0001506435   0.0000949095
   3.9299999868   0.0000206984  -0.0001109187   0.0000215780
   3.9349999868  -0.0000315794  -0.0000725726  -0.0000302980
   3.9399999868  -0.0000495244  -0.0000445026  -0.0000481379
   3.9449999868  -0.0000304621  -0.0000326041  -0.0000292637
   3.9499999867   0.0000176624  -0.0000382214   0.0000184635
   3.9549999867   0.0000786816  -0.0000578901   0.0000790120
   3.9599999867   0.0001329152  -0.0000844245   0.0001328474
   3.9649999867   0.0001628248  -0.0001090269   0.0001625460
   3.9699999867   0.0001579949  -0.0001238056   0.0001577458
   3.9749999867   0.0001180295  -0.0001239878   0.0001180308
   3.9799999866   0.0000525643  -0.0001092048   0.0000529549
   3.9849999866  -0.0000215696  -0.0000835038  -0.0000207693
   3.9899999866  -0.0000851891  -0.0000541044  -0.0000840770
   3.9949999866  -0.0001222009  -0.0000292773  -0.0001209603
   3.9999999866  -0.0001240889  -0.0000159629  -0.0001229337
   4.0049999866  -0.0000921868  -0.0000178116  -0.0000913003
   4.0099999865  -0.0000371270  -0.0000341961  -0.0000366140
   4.0149999865   0.0000243265  -0.0000604563   0.0000244642
   4.0199999865   0.0000741149  -0.0000892841   0.0000739724
   4.0249999865   0.0000979864  -0.0001128297   0.0000977238
   4.0299999865   0.0000894103  -0.0001249172   0.0000892059
   4.0349999864   0.0000512208  -0.0001227371   0.0000512221
   4.0399999864  -0.0000054252  -0.0001075471  -0.0000051370
   4.0449999864  -0.0000644164  -0.0000842058  -0.0000638417
   4.0499999864  -0.0001093698  -0.0000597005  -0.0001085828
   4.0549999864  -0.0001282696  -0.0000411118  -0.0001273913
   4.0599999864  -0.0001167471  -0.0000336083  -0.0001159094
   4.0649999863  -0.0000791128  -0.0000390386  -0.0000784247
   4.0699999863  -0.0000269109  -0.0000555045  -0.0000264346
   4.0749999863   0.0000245232  -0.0000780085   0.0000247797
   4.0799999863   0.0000604691  -0.0000999608   0.0000605444
   4.0849999863   0.0000709193  -0.0001150947   0.0000708802
   4.0899999863   0.0000532235  -0.0001192340   0.0000531435
   4.0949999862   0.0000125850  -0.0001114191   0.0000125258
   4.0999999862  -0.0000396569  -0.0000940918  -0.0000396554
   4.1049999862  -0.0000893936  -0.0000723187  -0.0000893145
   4.1099999862  -0.0001237587  -0.0000523017  -0.0001236024
   4.1149999862  -0.0001346362  -0.0000396189  -0.0001344121
   4.1199999862  -0.0001207033  -0.0000376973  -0.0001204237
   4.1249999861  -0.0000875016  -0.0000469355  -0.0000871793
   4.1299999861  -0.0000456018  -0.0000646956  -0.0000452522
   4.1349999861  -0.0000074593  -0.0000861324  -0.0000071039
   4.1399999861   0.0000161049  -0.0001055948   0.0000164372
   4.1449999861   0.0000188025  -0.0001181882   0.0000190790
   4.1499999861   0.0000003857  -0.0001210603   0.0000005797
   4.1549999860  -0.0000335818  -0.0001140696  -0.0000334779
   4.1599999860  -0.0000735338  -0.0000996863  -0.0000734966
   4.1649999860  -0.0001087076  -0.0000821897  -0.0001086780
   4.1699999860  -0.0001301210  -0.0000664208  -0.0001300107
   4.1749999860  -0.0001328967  -0.0000564523  -0.0001326074
   4.1799999860  -0.0001173395  -0.0000545422  -0.0001167910
   4.1849999859  -0.0000885529  -0.0000606357  -0.0000877123
   4.1899999859  -0.0000547908  -0.0000725170  -0.0000536939
   4.1949999859  -0.0000250719  -0.0000865302  -0.0000238281
   4.1999999859  -0.0000067473  -0.0000986388  -0.0000055231
   4.2049999859  -0.0000036717  -0.0001055229  -0.0000026548
   4.2099999859  -0.0000154209  -0.0001054186  -0.0000147729
   4.2149999858  -0.0000376838  -0.0000984997  -0.0000374936
   4.2199999858  -0.0000636364  -0.0000867325  -0.0000638887
   4.2249999858  -0.0000858627  -0.0000732785  -0.0000864324
   4.2299999858  -0.0000982845  -0.0000616320  -0.0000989609
   4.2349999858  -0.0000976025  -0.0000547307  -0.0000981397
   4.2399999858  -0.0000839275  -0.0000542654  -0.0000841080
   4.2449999857  -0.0000605099  -0.0000603452  -0.0000602056
   4.2499999857  -0.0000327170  -0.0000715740  -0.0000319281
   4.2549999857  -0.0000065728  -0.0000854862  -0.0000054345
   4.2599999857   0.0000127431  -0.0000992101   0.0000139921
   4.2649999857   0.0000220761  -0.0001101808   0.0000231543
   4.2699999857   0.0000209053  -0.0001167327   0.0000215644
   4.2749999856   0.0000112876  -0.0001184391   0.0000113819
   4.2799999856  -0.0000027937  -0.0001161398  -0.0000032637
   4.2849999856  -0.0000164819  -0.0001116683  -0.0000173649
   4.2899999856  -0.0000252371  -0.0001073592  -0.0000262688
   4.2949999856  -0.0000258946  -0.0001054564  -0.0000267668
   4.2999999856  -0.0000173679  -0.0001075614  -0.0000178129
   4.3049999855  -0.0000008653  -0.0001142427  -0.0000007300
   4.3099999855   0.0000204103  -0.0001248911   0.0000211196
   4.3149999855   0.0000420006  -0.0001378513   0.0000431165
   4.3199999855   0.0000592062  -0.0001507984   0.0000604426
   4.3249999855   0.0000681583  -0.0001612757   0.0000691852
   4.3299999855   0.0000667140  -0.0001672729   0.0000672456
   4.3349999854   0.0000549739  -0.0001677100   0.0000548440
   4.3399999854   0.0000352916  -0.0001627097   0.0000344979
   4.3449999854   0.0000117554  -0.0001535872   0.0000104593
   4.3499999854  -0.0000107616  -0.0001425478  -0.0000122786
   4.3549999854  -0.0000277740  -0.0001321567  -0.0000291857
   4.3599999854  -0.0000363054  -0.0001247031  -0.0000373261
   4.3649999853  -0.0000356733  -0.0001216161  -0.0000361309
   4.3699999853  -0.0000277210  -0.0001230837  -0.0000275976
   4.3749999853  -0.0000164028  -0.0001279837  -0.0000158335
   4.3799999853  -0.0000067953  -0.0001341576  -0.0000060264
   4.3849999853  -0.0000037639  -0.0001389705  -0.0000030833
   4.3899999853  -0.0000106205  -0.0001400195  -0.0000102801
   4.3949999852  -0.0000281359  -0.0001358074  -0.0000282865
   4.3999999852  -0.0000541912  -0.0001261991  -0.0000548471
   4.4049999852  -0.0000841961  -0.0001125277  -0.0000852373
   4.4099999852  -0.0001121958  -0.0000973112  -0.0001134043
   4.4149999852  -0.0001323906  -0.0000836402  -0.0001335102
   4.4199999852  -0.0001406668  -0.0000743954  -0.0001414688
   4.4249999851  -0.0001357174  -0.0000715002  -0.0001360541
   4.4299999851  -0.0001194278  -0.0000754120  -0.0001192618
   4.4349999851  -0.0000964006  -0.0000849964  -0.0000958036
   4.4399999851  -0.0000727327  -0.0000978229  -0.0000718571
   4.4449999851  -0.0000543704  -0.0001108082  -0.0000534032
   4.4499999851  -0.0000454978  -0.0001210338  -0.0000446114
   4.4549999850  -0.0000474120  -0.0001265178  -0.0000467231
   4.4599999850  -0.0000582063  -0.0001267272  -0.0000577536
   4.4649999850  -0.0000733558  -0.0001226906  -0.0000731000
   4.4699999850  -0.0000870449  -0.0001166812  -0.0000868864
   4.4749999850  -0.0000938585  -0.0001115559  -0.0000936680
   4.4799999850  -0.0000903573  -0.0001099364  -0.0000900086
   4.4849999849  -0.0000760866  -0.0001134570  -0.0000754847
   4.4899999849  -0.0000537341  -0.0001222900  -0.0000528318
   4.4949999849  -0.0000283942  -0.0001350764  -0.0000271966
   4.4999999849  -0.0000061543  -0.0001492829  -0.0000047129
   4.5049999849   0.0000075894  -0.0001618821   0.0000091906
   4.5099999849   0.0000096087  -0.0001701688   0.0000112699
   4.5149999848  -0.0000003004  -0.0001724866   0.0000013215
   4.5199999848  -0.0000193119  -0.0001686666  -0.0000178138
   4.5249999848  -0.0000423966  -0.0001600608  -0.0000410812
   4.5299999848  -0.0000637310  -0.0001491661  -0.0000626234
   4.5349999848  -0.0000782795  -0.0001389465  -0.0000773671
   4.5399999848  -0.0000831066  -0.0001320430  -0.0000823395
   4.5449999847  -0.0000780653  -0.0001300871  -0.0000773617
   4.5499999847  -0.0000656972  -0.0001333029  -0.0000649557
   4.5549999847  -0.0000504041  -0.0001404995  -0.0000495212
   4.5599999847  -0.0000371506  -0.0001494473  -0.0000360415
   4.5649999847  -0.0000300744  -0.0001575262  -0.0000286929
   4.5699999847  -0.0000313863  -0.0001624641  -0.0000297387
   4.5749999846  -0.0000408437  -0.0001629611  -0.0000389916
   4.5799999846  -0.0000559088  -0.0001590348  -0.0000539584
   4.5849999846  -0.0000725128  -0.0001519980  -0.0000705917
   4.5899999846  -0.0000861894  -0.0001440868  -0.0000844146
   4.5949999846  -0.0000932578  -0.0001378469  -0.0000917037
   4.5999999846  -0.0000917446  -0.0001354511  -0.0000904192
   4.6049999845  -0.0000818224  -0.0001381316  -0.0000806587
   4.6099999845  -0.0000656819  -0.0001458739  -0.0000645493
   4.6149999845  -0.0000469065  -0.0001574444  -0.0000456397
   4.6199999845  -0.0000295371  -0.0001707323  -0.0000279770
   4.6249999845  -0.0000170779  -0.0001833041  -0.0000151126
   4.6299999845  -0.0000116900  -0.0001930181  -0.0000092864
   4.6349999844  -0.0000137553  -0.0001985389  -0.0000109705
   4.6399999844  -0.0000218913  -0.0001996238  -0.0000188609
   4.6449999844  -0.0000333852  -0.0001971217  -0.0000302890
   4.6499999844  -0.0000449185  -0.0001926971  -0.0000419338
   4.6549999844  -0.0000533975  -0.0001883649  -0.0000506510
   4.6599999844  -0.0000566896  -0.0001859615  -0.0000542206
   4.6649999843  -0.0000541003  -0.0001866861  -0.0000518463
   4.6699999843  -0.0000464895  -0.0001908229  -0.0000442982
   4.6749999843  -0.0000360167  -0.0001977023  -0.0000336810
   4.6799999843  -0.0000255814  -0.0002059007  -0.0000228900
   4.6849999843  -0.0000180989  -0.0002136213  -0.0000148880
   4.6899999843  -0.0000157805  -0.0002191571  -0.0000119740
   4.6949999842  -0.0000195883  -0.0002213229  -0.0000152152
   4.6999999842  -0.0000289909  -0.0002197550  -0.0000241762
   4.7049999842  -0.0000420790  -0.0002150076  -0.0000370098
   4.7099999842  -0.0000560156  -0.0002084267  -0.0000508917
   4.7149999842  -0.0000677170  -0.0002018293  -0.0000626987
   4.7199999841  -0.0000746043  -0.0001970665  -0.0000697700
   4.7249999841  -0.0000752436  -0.0001955733  -0.0000705686
   4.7299999841  -0.0000697177  -0.0001980150  -0.0000650788
   4.7349999841  -0.0000596317  -0.0002041198  -0.0000548356
   4.7399999841  -0.0000477423  -0.0002127422  -0.0000425711
   4.7449999841  -0.0000372945  -0.0002221476  -0.0000315565
   4.7499999840  -0.0000312237  -0.0002304506  -0.0000247962
   4.7549999840  -0.0000314199  -0.0002360976  -0.0000242752
   4.7599999840  -0.0000382429  -0.0002382682  -0.0000304504
   4.7649999840  -0.0000504160  -0.0002370896  -0.0000421206
   4.7699999840  -0.0000653368  -0.0002336008  -0.0000567194
   4.7749999840  -0.0000797320  -0.0002294765  -0.0000709620
   4.7799999839  -0.0000904956  -0.0002265781  -0.0000816865
   4.7849999839  -0.0000954940  -0.0002264569  -0.0000866738
   4.7899999839  -0.0000941247  -0.0002299417  -0.0000852272
   4.7949999839  -0.0000874754  -0.0002369252  -0.0000783557
   4.7999999839  -0.0000780325  -0.0002464050  -0.0000685028
   4.8049999839  -0.0000690084  -0.0002567663  -0.0000588865
   4.8099999838  -0.0000634642  -0.0002662233  -0.0000526224
   4.8149999838  -0.0000634613  -0.0002732962  -0.0000518650
   4.8199999838  -0.0000694758  -0.0002771935  -0.0000572018
   4.8249999838  -0.0000802389  -0.0002779989  -0.0000674686
   4.8299999838  -0.0000930534  -0.0002766213  -0.0000800421
   4.8349999838  -0.0001045033  -0.0002745311  -0.0000915320
   4.8399999837  -0.0001113636  -0.0002733624  -0.0000986852
   4.8449999837  -0.0001114613  -0.0002744914  -0.0000992540
   4.8499999837  -0.0001042505  -0.0002787004  -0.0000925903
   4.8549999837  -0.0000909450  -0.0002860056  -0.0000798045
   4.8599999837  -0.0000741774  -0.0002956821  -0.0000634518
   4.8649999837  -0.0000572839  -0.0003064674  -0.0000468378
   4.8699999836  -0.0000434195  -0.0003168829  -0.0000331431
   4.8749999836  -0.0000347479  -0.0003255926  -0.0000246070
   4.8799999836  -0.0000319261  -0.0003317131  -0.0000219939
   4.8849999836  -0.0000340138  -0.0003350086  -0.0000244737
   4.8899999836  -0.0000388168  -0.0003359296  -0.0000299355
   4.8949999836  -0.0000435532  -0.0003354932  -0.0000356305
   4.8999999835  -0.0000456506  -0.0003350331  -0.0000389584
   4.9049999835  -0.0000434540  -0.0003358769  -0.0000381796
   4.9099999835  -0.0000366612  -0.0003390235  -0.0000328711
   4.9149999835  -0.0000263854  -0.0003448964  -0.0000240182
   4.9199999835  -0.0000148485  -0.0003532319  -0.0000137394
   4.9249999835  -0.0000048046  -0.0003631354  -0.0000047338
   4.9299999834   0.0000011464  -0.0003732968   0.0000003939
   4.9349999834   0.0000011761  -0.0003823173  -0.0000002441
   4.9399999834  -0.0000053693  -0.0003890665  -0.0000073952
   4.9449999834  -0.0000178659  -0.0003929789  -0.0000205340
   4.9499999834  -0.0000346130  -0.0003942089  -0.0000380332
   4.9549999834  -0.0000532730  -0.0003935986  -0.0000575802
   4.9599999833  -0.0000714320  -0.0003924637  -0.0000767291
   4.9649999833  -0.0000871463  -0.0003922524  -0.0000934542
   4.9699999833  -0.0000993491  -0.0003941686  -0.0001065773
   4.9749999833  -0.0001080316  -0.0003988615  -0.0001159776
   4.9799999833  -0.0001141667  -0.0004062643  -0.0001225439
   4.9849999833  -0.0001194024  -0.0004156254  -0.0001278885
   4.9899999832  -0.0001256021  -0.0004257170  -0.0001338938
   4.9949999832  -0.0001343408  -0.0004351650  -0.0001422024
   4.9999999832  -0.0001464780  -0.0004428059  -0.0001537695
   5.0049999832  -0.0001619046  -0.0004479810  -0.0001685860
   5.0099999832  -0.0001795263  -0.0004506926  -0.0001856373
   5.0149999832  -0.0001974862  -0.0004515898  -0.0002031114
   5.0199999831  -0.0002135766  -0.0004517959  -0.0002188049
   5.0249999831  -0.0002257410  -0.0004526247  -0.0002306337
   5.0299999831  -0.0002325480  -0.0004552608  -0.0002371221
   5.0349999831  -0.0002335220  -0.0004604787  -0.0002377519
   5.0399999831  -0.0002292504  -0.0004684673  -0.0002330864
   5.0449999831  -0.0002212414  -0.0004787957  -0.0002246374
   5.0499999830  -0.0002115655  -0.0004905285  -0.0002145069
   5.0549999830  -0.0002023685  -0.0005024612  -0.0002048934
   5.0599999830  -0.0001953744  -0.0005134225  -0.0001975820
   5.0649999830  -0.0001914983  -0.0005225716  -0.0001935449
   5.0699999830  -0.0001906652  -0.0005296180  -0.0001927503
   5.0749999830  -0.0001918787  -0.0005349067  -0.0001942262
   5.0799999829  -0.0001935230  -0.0005393409  -0.0001963623
   5.0849999829  -0.0001938249  -0.0005441558  -0.0001973767
   5.0899999829  -0.0001913630  -0.0005505954  -0.0001958296
   5.0949999829  -0.0001854944  -0.0005595762  -0.0001910554
   5.0999999829  -0.0001765933  -0.0005714285  -0.0001834026
   5.1049999829  -0.0001660333  -0.0005857896  -0.0001742179
   5.1099999828  -0.0001559136  -0.0006016832  -0.0001655713
   5.1149999828  -0.0001485897  -0.0006177676  -0.0001597879
   5.1199999828  -0.0001461230  -0.0006326842  -0.0001588987
   5.1249999828  -0.0001497855  -0.0006454098  -0.0001641503
   5.1299999828  -0.0001597487  -0.0006555100  -0.0001756972
   5.1349999828  -0.0001750380  -0.0006632254  -0.0001925604
   5.1399999827  -0.0001937721  -0.0006693663  -0.0002128656
   5.1449999827  -0.0002136277  -0.0006750532  -0.0002343042
   5.1499999827  -0.0002324125  -0.0006813814  -0.0002546987
   5.1549999827  -0.0002485989  -0.0006891078  -0.0002725258
   5.1599999827  -0.0002616760  -0.0006984473  -0.0002872614
   5.1649999827  -0.0002722285  -0.0007090298  -0.0002994551
   5.1699999826  -0.0002817206  -0.0007200179  -0.0003105178
   5.1749999826  -0.0002920430  -0.0007303450  -0.0003222776
   5.1799999826  -0.0003049451  -0.0007389981  -0.0003364262
   5.1849999826  -0.0003215042  -0.0007452720  -0.0003540034
   5.1899999826  -0.0003417736  -0.0007489315  -0.0003750552
   5.1949999826  -0.0003647022  -0.0007502536  -0.0003985575
   5.1999999825  -0.0003883445  -0.0007499544  -0.0004226206
   5.2049999825  -0.0004103034  -0.0007490305  -0.0004449178
   5.2099999825  -0.0004282878  -0.0007485635  -0.0004632247
   5.2149999825  -0.0004406381  -0.0007495331  -0.0004759263
   5.2199999825  -0.0004466859  -0.0007526789  -0.0004823646
   5.2249999825  -0.0004468592  -0.0007584314  -0.0004829395
   5.2299999824  -0.0004425117  -0.0007669211  -0.0004789461
   5.2349999824  -0.0004355280  -0.0007780528  -0.0004721951
   5.2399999824  -0.0004278114  -0.0007916286  -0.0004645206
   5.2449999824  -0.0004207861  -0.0008074872  -0.0004573016
   5.2499999824  -0.0004150432  -0.0008256307  -0.0004511190
   5.2549999824  -0.0004102127  -0.0008463051  -0.0004456305
   5.2599999823  -0.0004050912  -0.0008700132  -0.0004396890
   5.2649999823  -0.0003979853  -0.0008974490  -0.0004316696
   5.2699999823  -0.0003871783  -0.0009293584  -0.0004199167
   5.2749999823  -0.0003714015  -0.0009663520  -0.0004031977
   5.2799999823  -0.0003501902  -0.0010087049  -0.0003810496
   5.2849999823  -0.0003240406  -0.0010561880  -0.0003539349
   5.2899999822  -0.0002943325  -0.0011079665  -0.0003231742
   5.2949999822  -0.0002630420  -0.0011625904  -0.0002906750
   5.2999999822  -0.0002323218  -0.0012180775  -0.0002585301
   5.3049999822  -0.0002040526  -0.0012720710  -0.0002285835
   5.3099999822  -0.0001794746  -0.0013220340  -0.0002020714
   5.3149999822  -0.0001589852  -0.0013654376  -0.0001794198
   5.3199999821  -0.0001421453  -0.0013999037  -0.0001602428
   5.3249999821  -0.0001278869  -0.0014232761  -0.0001435384
   5.3299999821  -0.0001148657  -0.0014336148  -0.0001280270
   5.3349999821  -0.0001018741  -0.0014291290  -0.0001125523
   5.3399999821  -0.0000882120  -0.0014080824  -0.0000964454
   5.3449999821  -0.0000739299  -0.0013687098  -0.0000797666
   5.3499999820  -0.0000598863  -0.0013091855  -0.0000633655
   5.3549999820  -0.0000476036  -0.0012276690  -0.0000487443
   5.3599999820  -0.0000389549  -0.0011224361  -0.0000377531
   5.3649999820  -0.0000357544  -0.0009920819  -0.0000321877
   5.3699999820  -0.0000393454  -0.0008357625  -0.0000333838
   5.3749999820  -0.0000502867  -0.0006534306  -0.0000419070
   5.3799999819  -0.0000682139  -0.0004460178  -0.0000574154
   5.3849999819  -0.0000919149  -0.0002155243  -0.0000787329
   5.3899999819  -0.0001196049   0.0000350048  -0.0001041204
   5.3949999819  -0.0001493336   0.0003016178  -0.0001316773
   5.3999999819  -0.0001794251   0.0005796846  -0.0001597733
   5.4049999818  -0.0002088348   0.0008641768  -0.0001873988
   5.4099999818  -0.0002373299   0.0011499513  -0.0002143380
   5.4149999818  -0.0002654443   0.0014319919  -0.0002411213
   5.4199999818  -0.0002942199   0.0017055793  -0.0002687667
   5.4249999818  -0.0003248057   0.0019663763  -0.0002983834
   5.4299999818  -0.0003580245   0.0022104415  -0.0003307488
   5.4349999817  -0.0003940299   0.0024342027  -0.0003659749
   5.4399999817  -0.0004321463   0.0026344312  -0.0004033606
   5.4449999817  -0.0004709393   0.0028082609  -0.0004414681
   5.4499999817  -0.0005084937   0.0029532798  -0.0004784029
   5.4549999817  -0.0005428249   0.0030677007  -0.0005122207
   5.4599999817  -0.0005723132   0.0031505898  -0.0005413509
   5.4649999816  -0.0005960474   0.0032021081  -0.0005649270
   5.4699999816  -0.0006139947   0.0032237054  -0.0005829431
   5.4749999816  -0.0006269596   0.0032182073  -0.0005962039
   5.4799999816  -0.0006363528   0.0031897539  -0.0006060907
   5.4849999816  -0.0006438343   0.0031435787  -0.0006142091
   5.4899999816  -0.0006509225   0.0030856527  -0.0006220087
   5.4949999815  -0.0006586607   0.0030222491  -0.0006304656
   5.4999999815  -0.0006674141   0.0029595043  -0.0006398931
   5.5049999815  -0.0006768327   0.0029030444  -0.0006499157
   5.5099999815  -0.0006859760   0.0028577315  -0.0006595990
   5.5149999815  -0.0006935612   0.0028275450  -0.0006676937
   5.5199999815  -0.0006982691   0.0028155804  -0.0006729321
   5.5249999814  -0.0006990356   0.0028241201  -0.0006743044
   5.5299999814  -0.0006952597   0.0028547177  -0.0006712528
   5.5349999814  -0.0006868819   0.0029082494  -0.0006637375
   5.5399999814  -0.0006743163   0.0029849043  -0.0006521628
   5.5449999814  -0.0006582529   0.0030841202  -0.0006371815
   5.5499999814  -0.0006393791   0.0032044946  -0.0006194244
   5.5549999813  -0.0006180903   0.0033437151  -0.0005992244
   5.5599999813  -0.0005942630   0.0034985547  -0.0005764042
   5.5649999813  -0.0005671538   0.0036649605  -0.0005501872
   5.5699999813  -0.0005354527   0.0038382451  -0.0005192586
   5.5749999813  -0.0004974864   0.0040133631  -0.0004819681
   5.5799999813  -0.0004515254   0.0041852428  -0.0004366304
   5.5849999812  -0.0003961206   0.0043491283  -0.0003818502
   5.5899999812  -0.0003303914   0.0045008936  -0.0003167956
   5.5949999812  -0.0002541941   0.0046372890  -0.0002413545
   5.5999999812  -0.0001681345   0.0047560958  -0.0001561386
   5.6049999812  -0.0000734249   0.0048561743  -0.0000623387
   5.6099999812   0.0000283746   0.0049374030   0.0000385288
   5.6149999811   0.0001356664   0.0050005223   0.0001449224
   5.6199999811   0.0002471032   0.0050469084   0.0002555500
   5.6249999811   0.0003617905   0.0050783124   0.0003695590
   5.6299999811   0.0004793645   0.0050966087   0.0004866048
   5.6349999811   0.0005999358   0.0051035874   0.0006067905
   5.6399999811   0.0007239223   0.0051008177   0.0007305023
   5.6449999810   0.0008518154   0.0050895861   0.0008581828
   5.6499999810   0.0009839367   0.0050708919   0.0009900989
   5.6549999810   0.0011202428   0.0050454673   0.0011261581
   5.6599999810   0.0012602238   0.0050137842   0.0012658169
   5.6649999810   0.0014029197   0.0049760175   0.0014081032
   5.6699999810   0.0015470548   0.0049319589   0.0015517523
   5.6749999809   0.0016912617   0.0048808945   0.0016954259
   5.6799999809   0.0018343424   0.0048214876   0.0018379665
   5.6849999809   0.0019755043   0.0047517114   0.0019786231
   5.6899999809   0.0021145065   0.0046688738   0.0021171873
   5.6949999809   0.0022516696   0.0045697553   0.0022539963
   5.6999999809   0.0023877362   0.0044508521   0.0023897888
   5.7049999808   0.0025236020   0.0043086909   0.0025254377
   5.7099999808   0.0026599802   0.0041401629   0.0026616193
   5.7149999808   0.0027970780   0.0039428213   0.0027984993
   5.7199999808   0.0029343713   0.0037150949   0.0029355168
   5.7249999808   0.0030705384   0.0034563934   0.0030713284
   5.7299999808   0.0032035740   0.0031670995   0.0032039284
   5.7349999807   0.0033310597   0.0028484667   0.0033309208
   5.7399999807   0.0034505201   0.0025024551   0.0034498722
   5.7449999807   0.0035597752   0.0021315401   0.0035586559
   5.7499999807   0.0036571999   0.0017385287   0.0036556992
   5.7549999807   0.0037418288   0.0013264048   0.0037400774
   5.7599999807   0.0038132910   0.0008982186   0.0038114378
   5.7649999806   0.0038716036   0.0004570181   0.0038697894
   5.7699999806   0.0039168945   0.0000058153   0.0039152261
   5.7749999806   0.0039491350  -0.0004524299   0.0039476668
   5.7799999806   0.0039679607  -0.0009148241   0.0039666879
   5.7849999806   0.0039726257  -0.0013785695   0.0039714900
   5.7899999806   0.0039620975  -0.0018410154   0.0039610050
   5.7949999805   0.0039352616  -0.0022997277   0.0039341072
   5.7999999805   0.0038911771  -0.0027525665   0.0038898705
   5.8049999805   0.0038293155  -0.0031977478   0.0038278016
   5.8099999805   0.0037497240  -0.0036338677   0.0037479937
   5.8149999805   0.0036530765  -0.0040598696   0.0036511648
   5.8199999805   0.0035406040  -0.0044749506   0.0035385770
   5.8249999804   0.0034139236  -0.0048784135   0.0034118574
   5.8299999804   0.0032748060  -0.0052694907   0.0032727642
   5.8349999804   0.0031249313  -0.0056471731   0.0031229458
   5.8399999804   0.0029656820  -0.0060100776   0.0029637425
   5.8449999804   0.0027980120  -0.0063563813   0.0027960672
   5.8499999804   0.0026224164  -0.0066838332   0.0026203858
   5.8549999803   0.0024390043  -0.0069898411   0.0024367982
   5.8599999803   0.0022476596  -0.0072716135   0.0022452025
   5.8649999803   0.0020482562  -0.0075263330   0.0020455078
   5.8699999803   0.0018408826  -0.0077513320   0.0018378506
   5.8749999803   0.0016260258  -0.0079442493   0.0016227697
   5.8799999803   0.0014046744  -0.0081031531   0.0014012966
   5.8849999802   0.0011783128  -0.0082266239   0.0011749409
   5.8899999802   0.0009488064  -0.0083137982   0.0009455696
   5.8949999802   0.0007182008  -0.0083643754   0.0007152051
   5.8999999802   0.0004884828  -0.0083785955   0.0004857911
   5.9049999802   0.0002613607  -0.0083571942   0.0002589817
   5.9099999802   0.0000381218  -0.0083013413   0.0000360094
   5.9149999801  -0.0001803985  -0.0082125744  -0.0001823341
   5.9199999801  -0.0003937245  -0.0080927335  -0.0003955980
   5.9249999801  -0.0006015541  -0.0079439051  -0.0006034809
   5.9299999801  -0.0008035281  -0.0077683765  -0.0008056017
   5.9349999801  -0.0009990239  -0.0075685986  -0.0010012991
   5.9399999801  -0.0011870353  -0.0073471466  -0.0011895202
   5.9449999800  -0.0013661752  -0.0071066693  -0.0013688353
   5.9499999800  -0.0015348095  -0.0068498166  -0.0015375803
   5.9549999800  -0.0016912879  -0.0065791457  -0.0016940947
   5.9599999800  -0.0018342150  -0.0062970140  -0.0018369936
   5.9649999800  -0.0019626910  -0.0060054765  -0.0019654047
   5.9699999800  -0.0020764613  -0.0057062140  -0.0020791091
   5.9749999799  -0.0021759374  -0.0054005121  -0.0021785520
   5.9799999799  -0.0022620864  -0.0050893041  -0.0022647228
   5.9849999799  -0.0023362207  -0.0047732761  -0.0023389371
   5.9899999799  -0.0023997391  -0.0044530147  -0.0024025764
   5.9949999799  -0.0024538832  -0.0041291670  -0.0024568479
