   0.0000000000   0.0000000000   0.0000000000   0.0000000000
   0.0050000000   0.0000000000   0.0000000000   0.0000000000
   0.0100000000   0.0000000000   0.0000000000   0.0000000000
   0.0149999999   0.0000000000   0.0000000000   0.0000000000
   0.0199999999   0.0000000000   0.0000000000   0.0000000000
   0.0249999999   0.0000000000   0.0000000000   0.0000000000
   0.0299999999   0.0000000000   0.0000000000   0.0000000000
   0.0349999999   0.0000000000   0.0000000000   0.0000000000
   0.0399999999   0.0000000000   0.0000000000   0.0000000000
   0.0449999998   0.0000000000   0.0000000000   0.0000000000
   0.0499999998   0.0000000000   0.0000000000   0.0000000000
   0.0549999998   0.0000000000   0.0000000000   0.0000000000
   0.0599999998   0.0000000000   0.0000000000   0.0000000000
   0.0649999998   0.0000000000   0.0000000000   0.0000000000
   0.0699999998   0.0000000000   0.0000000000   0.0000000000
   0.0749999997  -0.0000000000   0.0000000000  -0.0000000000
   0.0799999997  -0.0000000000   0.0000000000  -0.0000000000
   0.0849999997  -0.0000000000   0.0000000000  -0.0000000000
   0.0899999997  -0.0000000000   0.0000000000  -0.0000000000
   0.0949999997  -0.0000000000   0.0000000000  -0.0000000000
   0.0999999997  -0.0000000000   0.0000000000  -0.0000000000
   0.1049999996  -0.0000000000   0.0000000000  -0.0000000000
   0.1099999996  -0.0000000000   0.0000000000  -0.0000000000
   0.1149999996  -0.0000000000   0.0000000000  -0.0000000000
   0.1199999996   0.0000000000   0.0000000000   0.0000000000
   0.1249999996   0.0000000000  -0.0000000000   0.0000000000
   0.1299999996   0.0000000000  -0.0000000000   0.0000000000
   0.1349999995   0.0000000000  -0.0000000000   0.0000000000
   0.1399999995   0.0000000000  -0.0000000000   0.0000000000
   0.1449999995   0.0000000000  -0.0000000000   0.0000000000
   0.1499999995   0.0000000000  -0.0000000000   0.0000000000
   0.1549999995   0.0000000000  -0.0000000000   0.0000000000
   0.1599999995   0.0000000000  -0.0000000000   0.0000000000
   0.1649999994   0.0000000000  -0.0000000000   0.0000000000
   0.1699999994   0.0000000000  -0.0000000000   0.0000000000
   0.1749999994   0.0000000000  -0.0000000000   0.0000000000
   0.1799999994   0.0000000000  -0.0000000000   0.0000000000
   0.1849999994   0.0000000000  -0.0000000000   0.0000000000
   0.1899999994   0.0000000000  -0.0000000000   0.0000000000
   0.1949999993   0.0000000000  -0.0000000000   0.0000000000
   0.1999999993   0.0000000000  -0.0000000000   0.0000000000
   0.2049999993   0.0000000000  -0.0000000000   0.0000000000
   0.2099999993   0.0000000000  -0.0000000000   0.0000000000
   0.2149999993   0.0000000000  -0.0000000000   0.0000000000
   0.2199999993   0.0000000000  -0.0000000000   0.0000000000
   0.2249999992   0.0000000000  -0.0000000000   0.0000000000
   0.2299999992   0.0000000000  -0.0000000000   0.0000000000
   0.2349999992   0.0000000000  -0.0000000000   0.0000000000
   0.2399999992   0.0000000000  -0.0000000000   0.0000000000
   0.2449999992   0.0000000000  -0.0000000000   0.0000000000
   0.2499999992   0.0000000000  -0.0000000000   0.0000000000
   0.2549999991   0.0000000000  -0.0000000000   0.0000000000
   0.2599999991   0.0000000000  -0.0000000000   0.0000000000
   0.2649999991   0.0000000000  -0.0000000000   0.0000000000
   0.2699999991   0.0000000000  -0.0000000000   0.0000000000
   0.2749999991   0.0000000000  -0.0000000000   0.0000000000
   0.2799999991   0.0000000000  -0.0000000000   0.0000000000
   0.2849999990   0.0000000000  -0.0000000000   0.0000000000
   0.2899999990   0.0000000000  -0.0000000000   0.0000000000
   0.2949999990   0.0000000000  -0.0000000000   0.0000000000
   0.2999999990   0.0000000000  -0.0000000000   0.0000000000
   0.3049999990   0.0000000000  -0.0000000000   0.0000000000
   0.3099999990   0.0000000000  -0.0000000000   0.0000000000
   0.3149999989   0.0000000000  -0.0000000000   0.0000000000
   0.3199999989   0.0000000000  -0.0000000000   0.0000000000
   0.3249999989   0.0000000000  -0.0000000000   0.0000000000
   0.3299999989   0.0000000000  -0.0000000000   0.0000000000
   0.3349999989   0.0000000000  -0.0000000000   0.0000000000
   0.3399999989   0.0000000000  -0.0000000000   0.0000000000
   0.3449999988   0.0000000000  -0.0000000000   0.0000000000
   0.3499999988   0.0000000000  -0.0000000000   0.0000000000
   0.3549999988   0.0000000000  -0.0000000000   0.0000000000
   0.3599999988   0.0000000000  -0.0000000000   0.0000000000
   0.3649999988   0.0000000000  -0.0000000000   0.0000000000
   0.3699999988   0.0000000000  -0.0000000000   0.0000000000
   0.3749999987   0.0000000000   0.0000000000   0.0000000000
   0.3799999987   0.0000000000   0.0000000000   0.0000000000
   0.3849999987  -0.0000000000   0.0000000000  -0.0000000000
   0.3899999987  -0.0000000000   0.0000000000  -0.0000000000
   0.3949999987  -0.0000000000   0.0000000000  -0.0000000000
   0.3999999987  -0.0000000000   0.0000000000  -0.0000000000
   0.4049999986  -0.0000000000   0.0000000000  -0.0000000000
   0.4099999986  -0.0000000000   0.0000000000  -0.0000000000
   0.4149999986  -0.0000000000   0.0000000000  -0.0000000000
   0.4199999986  -0.0000000000   0.0000000000  -0.0000000000
   0.4249999986  -0.0000000000   0.0000000000  -0.0000000000
   0.4299999986  -0.0000000000   0.0000000000  -0.0000000000
   0.4349999985  -0.0000000000   0.0000000000  -0.0000000000
   0.4399999985  -0.0000000000   0.0000000000  -0.0000000000
   0.4449999985  -0.0000000000   0.0000000000  -0.0000000000
   0.4499999985  -0.0000000000   0.0000000000  -0.0000000000
   0.4549999985  -0.0000000000   0.0000000000  -0.0000000000
   0.4599999985  -0.0000000000   0.0000000000  -0.0000000000
   0.4649999984  -0.0000000000   0.0000000000  -0.0000000000
   0.4699999984  -0.0000000000   0.0000000000  -0.0000000000
   0.4749999984  -0.0000000000   0.0000000000  -0.0000000000
   0.4799999984  -0.0000000000   0.0000000000  -0.0000000000
   0.4849999984  -0.0000000000   0.0000000000  -0.0000000000
   0.4899999984  -0.0000000000   0.0000000000  -0.0000000000
   0.4949999983  -0.0000000000   0.0000000000  -0.0000000000
   0.4999999983  -0.0000000000   0.0000000000  -0.0000000000
   0.5049999983  -0.0000000000   0.0000000000  -0.0000000000
   0.5099999983  -0.0000000000   0.0000000000  -0.0000000000
   0.5149999983  -0.0000000000   0.0000000000  -0.0000000000
   0.5199999983  -0.0000000000   0.0000000000  -0.0000000000
   0.5249999982  -0.0000000000   0.0000000000  -0.0000000000
   0.5299999982  -0.0000000000   0.0000000000  -0.0000000000
   0.5349999982  -0.0000000000   0.0000000000  -0.0000000000
   0.5399999982  -0.0000000000   0.0000000000  -0.0000000000
   0.5449999982  -0.0000000000   0.0000000000  -0.0000000000
   0.5499999982  -0.0000000000   0.0000000000  -0.0000000000
   0.5549999981  -0.0000000000   0.0000000000  -0.0000000000
   0.5599999981  -0.0000000000   0.0000000000  -0.0000000000
   0.5649999981   0.0000000000   0.0000000000   0.0000000000
   0.5699999981   0.0000000000   0.0000000000   0.0000000000
   0.5749999981   0.0000000000   0.0000000000   0.0000000000
   0.5799999981   0.0000000000   0.0000000000   0.0000000000
   0.5849999980   0.0000000000   0.0000000000   0.0000000000
   0.5899999980   0.0000000000   0.0000000000   0.0000000000
   0.5949999980   0.0000000000   0.0000000000   0.0000000000
   0.5999999980   0.0000000000   0.0000000000   0.0000000000
   0.6049999980   0.0000000000   0.0000000000   0.0000000000
   0.6099999980   0.0000000000   0.0000000000   0.0000000000
   0.6149999979   0.0000000000   0.0000000000   0.0000000000
   0.6199999979   0.0000000000   0.0000000000   0.0000000000
   0.6249999979   0.0000000000  -0.0000000000   0.0000000000
   0.6299999979   0.0000000000  -0.0000000000   0.0000000000
   0.6349999979   0.0000000000  -0.0000000000   0.0000000000
   0.6399999979   0.0000000000  -0.0000000000   0.0000000000
   0.6449999978  -0.0000000000  -0.0000000000  -0.0000000000
   0.6499999978  -0.0000000000  -0.0000000000  -0.0000000000
   0.6549999978  -0.0000000000  -0.0000000000  -0.0000000000
   0.6599999978  -0.0000000000  -0.0000000000  -0.0000000000
   0.6649999978  -0.0000000000  -0.0000000000  -0.0000000000
   0.6699999978  -0.0000000000  -0.0000000000  -0.0000000000
   0.6749999977  -0.0000000000  -0.0000000000  -0.0000000000
   0.6799999977  -0.0000000000   0.0000000000  -0.0000000000
   0.6849999977  -0.0000000000   0.0000000000  -0.0000000000
   0.6899999977   0.0000000000   0.0000000000   0.0000000000
   0.6949999977   0.0000000000   0.0000000000   0.0000000000
   0.6999999976   0.0000000000   0.0000000000   0.0000000000
   0.7049999976   0.0000000000   0.0000000000   0.0000000000
   0.7099999976   0.0000000000   0.0000000000   0.0000000000
   0.7149999976   0.0000000000   0.0000000000   0.0000000000
   0.7199999976   0.0000000000   0.0000000000   0.0000000000
   0.7249999976   0.0000000000   0.0000000000   0.0000000000
   0.7299999975   0.0000000000   0.0000000000   0.0000000000
   0.7349999975   0.0000000000   0.0000000000   0.0000000000
   0.7399999975   0.0000000000   0.0000000000   0.0000000000
   0.7449999975   0.0000000000   0.0000000000   0.0000000000
   0.7499999975   0.0000000000   0.0000000000   0.0000000000
   0.7549999975   0.0000000000   0.0000000000   0.0000000000
   0.7599999974   0.0000000000   0.0000000000   0.0000000000
   0.7649999974   0.0000000000   0.0000000000   0.0000000000
   0.7699999974   0.0000000000   0.0000000000   0.0000000000
   0.7749999974   0.0000000000   0.0000000000   0.0000000000
   0.7799999974   0.0000000000   0.0000000000   0.0000000000
   0.7849999974   0.0000000000   0.0000000000   0.0000000000
   0.7899999973   0.0000000000   0.0000000000   0.0000000000
   0.7949999973   0.0000000000   0.0000000000   0.0000000000
   0.7999999973   0.0000000000   0.0000000000   0.0000000000
   0.8049999973   0.0000000000   0.0000000000   0.0000000000
   0.8099999973   0.0000000000   0.0000000000   0.0000000000
   0.8149999973   0.0000000000   0.0000000000   0.0000000000
   0.8199999972   0.0000000000   0.0000000000   0.0000000000
   0.8249999972   0.0000000000   0.0000000000   0.0000000000
   0.8299999972   0.0000000000   0.0000000000   0.0000000000
   0.8349999972   0.0000000000   0.0000000000   0.0000000000
   0.8399999972   0.0000000000   0.0000000000   0.0000000000
   0.8449999972   0.0000000000   0.0000000000   0.0000000000
   0.8499999971   0.0000000000   0.0000000000   0.0000000000
   0.8549999971   0.0000000000   0.0000000000   0.0000000000
   0.8599999971   0.0000000000   0.0000000000   0.0000000000
   0.8649999971   0.0000000000   0.0000000000   0.0000000000
   0.8699999971   0.0000000000   0.0000000000   0.0000000000
   0.8749999971   0.0000000000   0.0000000000   0.0000000000
   0.8799999970   0.0000000000   0.0000000000   0.0000000000
   0.8849999970   0.0000000000   0.0000000000   0.0000000000
   0.8899999970   0.0000000000   0.0000000000   0.0000000000
   0.8949999970   0.0000000000   0.0000000000   0.0000000000
   0.8999999970   0.0000000000   0.0000000000   0.0000000000
   0.9049999970   0.0000000000   0.0000000000   0.0000000000
   0.9099999969   0.0000000000   0.0000000000   0.0000000000
   0.9149999969   0.0000000000   0.0000000000   0.0000000000
   0.9199999969   0.0000000000   0.0000000000   0.0000000000
   0.9249999969   0.0000000000   0.0000000000   0.0000000000
   0.9299999969   0.0000000000   0.0000000000   0.0000000000
   0.9349999969   0.0000000000   0.0000000000   0.0000000000
   0.9399999968   0.0000000000   0.0000000000   0.0000000000
   0.9449999968   0.0000000000   0.0000000000   0.0000000000
   0.9499999968   0.0000000000   0.0000000000   0.0000000000
   0.9549999968   0.0000000000   0.0000000000   0.0000000000
   0.9599999968   0.0000000000   0.0000000000   0.0000000000
   0.9649999968   0.0000000000   0.0000000000   0.0000000000
   0.9699999967   0.0000000000   0.0000000000   0.0000000000
   0.9749999967   0.0000000000   0.0000000000   0.0000000000
   0.9799999967   0.0000000000   0.0000000000   0.0000000000
   0.9849999967   0.0000000000   0.0000000000   0.0000000000
   0.9899999967   0.0000000000   0.0000000000   0.0000000000
   0.9949999967   0.0000000000   0.0000000000  -0.0000000000
   0.9999999966  -0.0000000000  -0.0000000000  -0.0000000000
   1.0049999966  -0.0000000000  -0.0000000000  -0.0000000000
   1.0099999966  -0.0000000000  -0.0000000000  -0.0000000000
   1.0149999966  -0.0000000000  -0.0000000000  -0.0000000000
   1.0199999966  -0.0000000000  -0.0000000000  -0.0000000000
   1.0249999966  -0.0000000000  -0.0000000000  -0.0000000000
   1.0299999965  -0.0000000000  -0.0000000000  -0.0000000000
   1.0349999965  -0.0000000000  -0.0000000000  -0.0000000000
   1.0399999965  -0.0000000000  -0.0000000000  -0.0000000000
   1.0449999965  -0.0000000000  -0.0000000000  -0.0000000000
   1.0499999965  -0.0000000000  -0.0000000000  -0.0000000000
   1.0549999965  -0.0000000000  -0.0000000000  -0.0000000000
   1.0599999964  -0.0000000000  -0.0000000000  -0.0000000000
   1.0649999964  -0.0000000000  -0.0000000000  -0.0000000000
   1.0699999964  -0.0000000000  -0.0000000000   0.0000000000
   1.0749999964   0.0000000000   0.0000000000   0.0000000000
   1.0799999964   0.0000000000   0.0000000000   0.0000000000
   1.0849999964   0.0000000000   0.0000000000   0.0000000000
   1.0899999963   0.0000000000   0.0000000000   0.0000000000
   1.0949999963   0.0000000000   0.0000000000   0.0000000000
   1.0999999963   0.0000000000   0.0000000000   0.0000000000
   1.1049999963   0.0000000000   0.0000000000   0.0000000000
   1.1099999963   0.0000000000   0.0000000000   0.0000000000
   1.1149999963   0.0000000000   0.0000000000   0.0000000000
   1.1199999962   0.0000000000   0.0000000000   0.0000000000
   1.1249999962   0.0000000000   0.0000000000   0.0000000000
   1.1299999962   0.0000000000   0.0000000000  -0.0000000000
   1.1349999962  -0.0000000000  -0.0000000000  -0.0000000000
   1.1399999962  -0.0000000000  -0.0000000000  -0.0000000000
   1.1449999962  -0.0000000000  -0.0000000000  -0.0000000000
   1.1499999961  -0.0000000000  -0.0000000000  -0.0000000000
   1.1549999961  -0.0000000000  -0.0000000000  -0.0000000000
   1.1599999961  -0.0000000000  -0.0000000000  -0.0000000000
   1.1649999961  -0.0000000000  -0.0000000000  -0.0000000000
   1.1699999961  -0.0000000000  -0.0000000000  -0.0000000000
   1.1749999961  -0.0000000000  -0.0000000000  -0.0000000000
   1.1799999960  -0.0000000000  -0.0000000000  -0.0000000000
   1.1849999960  -0.0000000000  -0.0000000000   0.0000000000
   1.1899999960   0.0000000000   0.0000000000   0.0000000000
   1.1949999960   0.0000000000   0.0000000000   0.0000000000
   1.1999999960   0.0000000000   0.0000000000   0.0000000000
   1.2049999960   0.0000000000   0.0000000000   0.0000000000
   1.2099999959   0.0000000000   0.0000000000   0.0000000000
   1.2149999959   0.0000000000   0.0000000000   0.0000000000
   1.2199999959   0.0000000000   0.0000000000   0.0000000000
   1.2249999959   0.0000000000   0.0000000000   0.0000000000
   1.2299999959   0.0000000000   0.0000000000   0.0000000000
   1.2349999959   0.0000000000   0.0000000000   0.0000000000
   1.2399999958  -0.0000000000   0.0000000000  -0.0000000000
   1.2449999958  -0.0000000000  -0.0000000000  -0.0000000000
   1.2499999958  -0.0000000000  -0.0000000000  -0.0000000000
   1.2549999958  -0.0000000000  -0.0000000000  -0.0000000000
   1.2599999958  -0.0000000000  -0.0000000000  -0.0000000000
   1.2649999958  -0.0000000000  -0.0000000000  -0.0000000000
   1.2699999957  -0.0000000000  -0.0000000000  -0.0000000000
   1.2749999957  -0.0000000000  -0.0000000000  -0.0000000000
   1.2799999957  -0.0000000000  -0.0000000000  -0.0000000000
   1.2849999957  -0.0000000000  -0.0000000000   0.0000000000
   1.2899999957   0.0000000000   0.0000000000   0.0000000000
   1.2949999957   0.0000000000   0.0000000000   0.0000000000
   1.2999999956   0.0000000000   0.0000000000   0.0000000000
   1.3049999956   0.0000000000   0.0000000000   0.0000000000
   1.3099999956   0.0000000000   0.0000000000   0.0000000000
   1.3149999956   0.0000000000   0.0000000000   0.0000000000
   1.3199999956   0.0000000000   0.0000000000   0.0000000000
   1.3249999956   0.0000000000   0.0000000000   0.0000000000
   1.3299999955   0.0000000000   0.0000000000  -0.0000000000
   1.3349999955  -0.0000000000  -0.0000000000  -0.0000000000
   1.3399999955  -0.0000000000  -0.0000000000  -0.0000000000
   1.3449999955  -0.0000000000  -0.0000000000  -0.0000000000
   1.3499999955  -0.0000000000  -0.0000000000  -0.0000000000
   1.3549999954  -0.0000000000  -0.0000000000  -0.0000000000
   1.3599999954  -0.0000000000  -0.0000000000  -0.0000000000
   1.3649999954  -0.0000000000  -0.0000000000  -0.0000000000
   1.3699999954  -0.0000000000  -0.0000000000  -0.0000000000
   1.3749999954   0.0000000000  -0.0000000000   0.0000000000
   1.3799999954   0.0000000000   0.0000000000   0.0000000000
   1.3849999953   0.0000000000   0.0000000000   0.0000000000
   1.3899999953   0.0000000000   0.0000000000   0.0000000000
   1.3949999953   0.0000000000   0.0000000000   0.0000000000
   1.3999999953   0.0000000000   0.0000000000   0.0000000000
   1.4049999953   0.0000000000   0.0000000000   0.0000000000
   1.4099999953   0.0000000000   0.0000000000   0.0000000000
   1.4149999952   0.0000000000   0.0000000000  -0.0000000000
   1.4199999952  -0.0000000000  -0.0000000000  -0.0000000000
   1.4249999952  -0.0000000000  -0.0000000000  -0.0000000000
   1.4299999952  -0.0000000000  -0.0000000000  -0.0000000000
   1.4349999952  -0.0000000000  -0.0000000000  -0.0000000000
   1.4399999952  -0.0000000000  -0.0000000000  -0.0000000000
   1.4449999951  -0.0000000000  -0.0000000000  -0.0000000000
   1.4499999951  -0.0000000000  -0.0000000000  -0.0000000000
   1.4549999951   0.0000000000  -0.0000000000   0.0000000000
   1.4599999951   0.0000000000   0.0000000000   0.0000000000
   1.4649999951   0.0000000000   0.0000000000   0.0000000000
   1.4699999951   0.0000000000   0.0000000000   0.0000000000
   1.4749999950   0.0000000000   0.0000000000   0.0000000000
   1.4799999950   0.0000000000   0.0000000000   0.0000000000
   1.4849999950   0.0000000000   0.0000000000   0.0000000000
   1.4899999950   0.0000000000   0.0000000000  -0.0000000000
   1.4949999950  -0.0000000000   0.0000000000  -0.0000000000
   1.4999999950  -0.0000000000  -0.0000000000  -0.0000000000
   1.5049999949  -0.0000000000  -0.0000000000  -0.0000000000
   1.5099999949  -0.0000000001  -0.0000000000  -0.0000000000
   1.5149999949  -0.0000000001  -0.0000000000  -0.0000000000
   1.5199999949  -0.0000000000  -0.0000000000  -0.0000000000
   1.5249999949  -0.0000000000  -0.0000000000  -0.0000000000
   1.5299999949  -0.0000000000  -0.0000000000   0.0000000000
   1.5349999948   0.0000000000   0.0000000000   0.0000000000
   1.5399999948   0.0000000000   0.0000000000   0.0000000000
   1.5449999948   0.0000000001   0.0000000000   0.0000000000
   1.5499999948   0.0000000001   0.0000000000   0.0000000000
   1.5549999948   0.0000000000   0.0000000000   0.0000000000
   1.5599999948   0.0000000000   0.0000000000   0.0000000000
   1.5649999947   0.0000000000   0.0000000000  -0.0000000000
   1.5699999947  -0.0000000000   0.0000000000  -0.0000000000
   1.5749999947  -0.0000000000  -0.0000000000  -0.0000000000
   1.5799999947  -0.0000000000  -0.0000000000  -0.0000000000
   1.5849999947  -0.0000000000  -0.0000000000  -0.0000000000
   1.5899999947  -0.0000000000  -0.0000000000  -0.0000000000
   1.5949999946  -0.0000000000  -0.0000000000  -0.0000000000
   1.5999999946  -0.0000000000  -0.0000000000   0.0000000000
   1.6049999946   0.0000000000  -0.0000000000   0.0000000000
   1.6099999946   0.0000000000   0.0000000000   0.0000000000
   1.6149999946   0.0000000000   0.0000000000   0.0000000000
   1.6199999946   0.0000000000   0.0000000000   0.0000000000
   1.6249999945   0.0000000000   0.0000000000   0.0000000000
   1.6299999945   0.0000000000   0.0000000000   0.0000000000
   1.6349999945  -0.0000000000  -0.0000000000   0.0000000000
   1.6399999945  -0.0000000000  -0.0000000000   0.0000000001
   1.6449999945  -0.0000000000  -0.0000000000   0.0000000001
   1.6499999945  -0.0000000000  -0.0000000000   0.0000000001
   1.6549999944  -0.0000000000  -0.0000000000   0.0000000001
   1.6599999944  -0.0000000000  -0.0000000000   0.0000000001
   1.6649999944  -0.0000000000  -0.0000000000   0.0000000000
   1.6699999944   0.0000000000   0.0000000000  -0.0000000001
   1.6749999944   0.0000000001   0.0000000000  -0.0000000002
   1.6799999944   0.0000000001   0.0000000001  -0.0000000004
   1.6849999943   0.0000000002   0.0000000001  -0.0000000005
   1.6899999943   0.0000000003   0.0000000002  -0.0000000007
   1.6949999943   0.0000000004   0.0000000003  -0.0000000008
   1.6999999943   0.0000000005   0.0000000004  -0.0000000009
   1.7049999943   0.0000000005   0.0000000004  -0.0000000008
   1.7099999943   0.0000000004   0.0000000004  -0.0000000006
   1.7149999942   0.0000000002   0.0000000002  -0.0000000002
   1.7199999942  -0.0000000002   0.0000000000   0.0000000004
   1.7249999942  -0.0000000008  -0.0000000003   0.0000000012
   1.7299999942  -0.0000000014  -0.0000000007   0.0000000021
   1.7349999942  -0.0000000021  -0.0000000012   0.0000000031
   1.7399999942  -0.0000000027  -0.0000000017   0.0000000040
   1.7449999941  -0.0000000031  -0.0000000022   0.0000000047
   1.7499999941  -0.0000000033  -0.0000000025   0.0000000051
   1.7549999941  -0.0000000029  -0.0000000025   0.0000000049
   1.7599999941  -0.0000000020  -0.0000000022   0.0000000040
   1.7649999941  -0.0000000005  -0.0000000015   0.0000000023
   1.7699999941   0.0000000015  -0.0000000003  -0.0000000003
   1.7749999940   0.0000000039   0.0000000013  -0.0000000036
   1.7799999940   0.0000000064   0.0000000031  -0.0000000074
   1.7849999940   0.0000000087   0.0000000050  -0.0000000113
   1.7899999940   0.0000000105   0.0000000068  -0.0000000148
   1.7949999940   0.0000000113   0.0000000081  -0.0000000172
   1.7999999940   0.0000000108   0.0000000087  -0.0000000180
   1.8049999939   0.0000000088   0.0000000084  -0.0000000167
   1.8099999939   0.0000000053   0.0000000069  -0.0000000129
   1.8149999939   0.0000000005   0.0000000043  -0.0000000068
   1.8199999939  -0.0000000053   0.0000000007   0.0000000013
   1.8249999939  -0.0000000114  -0.0000000037   0.0000000107
   1.8299999939  -0.0000000170  -0.0000000083   0.0000000202
   1.8349999938  -0.0000000214  -0.0000000127   0.0000000284
   1.8399999938  -0.0000000236  -0.0000000161   0.0000000342
   1.8449999938  -0.0000000231  -0.0000000180   0.0000000362
   1.8499999938  -0.0000000195  -0.0000000180   0.0000000337
   1.8549999938  -0.0000000131  -0.0000000157   0.0000000265
   1.8599999938  -0.0000000043  -0.0000000111   0.0000000153
   1.8649999937   0.0000000059  -0.0000000047   0.0000000011
   1.8699999937   0.0000000160   0.0000000028  -0.0000000141
   1.8749999937   0.0000000247   0.0000000106  -0.0000000283
   1.8799999937   0.0000000304   0.0000000175  -0.0000000391
   1.8849999937   0.0000000321   0.0000000225  -0.0000000447
   1.8899999937   0.0000000291   0.0000000246  -0.0000000440
   1.8949999936   0.0000000215   0.0000000233  -0.0000000366
   1.8999999936   0.0000000104   0.0000000187  -0.0000000234
   1.9049999936  -0.0000000027   0.0000000112  -0.0000000063
   1.9099999936  -0.0000000156   0.0000000020   0.0000000119
   1.9149999936  -0.0000000261  -0.0000000077   0.0000000283
   1.9199999936  -0.0000000321  -0.0000000161   0.0000000399
   1.9249999935  -0.0000000324  -0.0000000218   0.0000000444
   1.9299999935  -0.0000000264  -0.0000000238   0.0000000406
   1.9349999935  -0.0000000151  -0.0000000215   0.0000000290
   1.9399999935  -0.0000000002  -0.0000000151   0.0000000113
   1.9449999935   0.0000000155  -0.0000000059  -0.0000000096
   1.9499999935   0.0000000290   0.0000000047  -0.0000000297
   1.9549999934   0.0000000375   0.0000000145  -0.0000000452
   1.9599999934   0.0000000387   0.0000000217  -0.0000000528
   1.9649999934   0.0000000322   0.0000000248  -0.0000000506
   1.9699999934   0.0000000186   0.0000000229  -0.0000000383
   1.9749999934   0.0000000001   0.0000000161  -0.0000000176
   1.9799999934  -0.0000000197   0.0000000056   0.0000000080
   1.9849999933  -0.0000000370  -0.0000000067   0.0000000339
   1.9899999933  -0.0000000483  -0.0000000185   0.0000000553
   1.9949999933  -0.0000000511  -0.0000000274   0.0000000680
   1.9999999933  -0.0000000444  -0.0000000317   0.0000000691
   2.0049999933  -0.0000000293  -0.0000000303   0.0000000580
   2.0099999933  -0.0000000086  -0.0000000233   0.0000000365
   2.0149999932   0.0000000139  -0.0000000119   0.0000000082
   2.0199999932   0.0000000336   0.0000000017  -0.0000000217
   2.0249999932   0.0000000469   0.0000000150  -0.0000000477
   2.0299999932   0.0000000511   0.0000000257  -0.0000000651
   2.0349999932   0.0000000458   0.0000000317  -0.0000000708
   2.0399999931   0.0000000324   0.0000000322  -0.0000000641
   2.0449999931   0.0000000141   0.0000000273  -0.0000000467
   2.0499999931  -0.0000000050   0.0000000183  -0.0000000224
   2.0549999931  -0.0000000209   0.0000000073   0.0000000037
   2.0599999931  -0.0000000303  -0.0000000037   0.0000000265
   2.0649999931  -0.0000000320  -0.0000000126   0.0000000419
   2.0699999930  -0.0000000266  -0.0000000180   0.0000000477
   2.0749999930  -0.0000000164  -0.0000000196   0.0000000440
   2.0799999930  -0.0000000049  -0.0000000179   0.0000000330
   2.0849999930   0.0000000045  -0.0000000140   0.0000000184
   2.0899999930   0.0000000091  -0.0000000095   0.0000000043
   2.0949999930   0.0000000080  -0.0000000057  -0.0000000060
   2.0999999929   0.0000000023  -0.0000000032  -0.0000000107
   2.1049999929  -0.0000000053  -0.0000000021  -0.0000000101
   2.1099999929  -0.0000000114  -0.0000000017  -0.0000000061
   2.1149999929  -0.0000000128  -0.0000000010  -0.0000000016
   2.1199999929  -0.0000000078   0.0000000010   0.0000000004
   2.1249999929   0.0000000030   0.0000000048  -0.0000000016
   2.1299999928   0.0000000167   0.0000000100  -0.0000000072
   2.1349999928   0.0000000285   0.0000000151  -0.0000000138
   2.1399999928   0.0000000329   0.0000000181  -0.0000000169
   2.1449999928   0.0000000250   0.0000000165  -0.0000000116
   2.1499999928   0.0000000020   0.0000000085   0.0000000064
   2.1549999928  -0.0000000359  -0.0000000072   0.0000000393
   2.1599999927  -0.0000000858  -0.0000000303   0.0000000868
   2.1649999927  -0.0000001434  -0.0000000595   0.0000001461
   2.1699999927  -0.0000002043  -0.0000000931   0.0000002136
   2.1749999927  -0.0000002671  -0.0000001296   0.0000002865
   2.1799999927  -0.0000003351  -0.0000001689   0.0000003654
   2.1849999927  -0.0000004181  -0.0000002137   0.0000004564
   2.1899999926  -0.0000005323  -0.0000002695   0.0000005720
   2.1949999926  -0.0000006991  -0.0000003451   0.0000007307
   2.1999999926  -0.0000009425  -0.0000004517   0.0000009554
   2.2049999926  -0.0000012864  -0.0000006018   0.0000012703
   2.2099999926  -0.0000017507  -0.0000008076   0.0000016974
   2.2149999926  -0.0000023496  -0.0000010793   0.0000022532
   2.2199999925  -0.0000030908  -0.0000014240   0.0000029474
   2.2249999925  -0.0000039765  -0.0000018456   0.0000037821
   2.2299999925  -0.0000050057  -0.0000023446   0.0000047537
   2.2349999925  -0.0000061773  -0.0000029195   0.0000058562
   2.2399999925  -0.0000074925  -0.0000035680   0.0000070837
   2.2449999925  -0.0000089554  -0.0000042881   0.0000084335
   2.2499999924  -0.0000105722  -0.0000050783   0.0000099060
   2.2549999924  -0.0000123463  -0.0000059372   0.0000115024
   2.2599999924  -0.0000142724  -0.0000068610   0.0000132199
   2.2649999924  -0.0000163294  -0.0000078411   0.0000150449
   2.2699999924  -0.0000184745  -0.0000088605   0.0000169459
   2.2749999924  -0.0000206388  -0.0000098910   0.0000188686
   2.2799999923  -0.0000227285  -0.0000108917   0.0000207336
   2.2849999923  -0.0000246292  -0.0000118089   0.0000224385
   2.2899999923  -0.0000262149  -0.0000125793   0.0000238658
   2.2949999923  -0.0000273595  -0.0000131339   0.0000248925
   2.2999999923  -0.0000279483  -0.0000134046   0.0000254040
   2.3049999923  -0.0000278884  -0.0000133303   0.0000253052
   2.3099999922  -0.0000271144  -0.0000128640   0.0000245312
   2.3149999922  -0.0000255901  -0.0000119766   0.0000230529
   2.3199999922  -0.0000233055  -0.0000106608   0.0000208782
   2.3249999922  -0.0000202716  -0.0000089316   0.0000180495
   2.3299999922  -0.0000165146  -0.0000068258   0.0000146389
   2.3349999922  -0.0000120734  -0.0000044002   0.0000107429
   2.3399999921  -0.0000070016  -0.0000017291   0.0000064768
   2.3449999921  -0.0000013763   0.0000010985   0.0000019718
   2.3499999921   0.0000046881   0.0000039820  -0.0000026288
   2.3549999921   0.0000110230   0.0000068141  -0.0000071745
   2.3599999921   0.0000173899   0.0000094871  -0.0000115160
   2.3649999921   0.0000234702   0.0000119018  -0.0000155191
   2.3699999920   0.0000288660   0.0000139800  -0.0000190830
   2.3749999920   0.0000331161   0.0000156766  -0.0000221613
   2.3799999920   0.0000357290   0.0000169917  -0.0000247787
   2.3849999920   0.0000362347   0.0000179768  -0.0000270363
   2.3899999920   0.0000342546   0.0000187309  -0.0000290977
   2.3949999920   0.0000295852   0.0000193827  -0.0000311478
   2.3999999919   0.0000222920   0.0000200553  -0.0000333232
   2.4049999919   0.0000128043   0.0000208149  -0.0000356172
   2.4099999919   0.0000020001   0.0000216073  -0.0000377725
   2.4149999919  -0.0000087347   0.0000221915  -0.0000391809
   2.4199999919  -0.0000174926   0.0000220854  -0.0000388179
   2.4249999919  -0.0000219034   0.0000205405  -0.0000352415
   2.4299999918  -0.0000192895   0.0000165641  -0.0000266862
   2.4349999918  -0.0000069468   0.0000090084  -0.0000112750
   2.4399999918   0.0000174317  -0.0000032623   0.0000126397
   2.4449999918   0.0000551841  -0.0000211212   0.0000460096
   2.4499999918   0.0001059770  -0.0000448507   0.0000885253
   2.4549999918   0.0001670158  -0.0000737586   0.0001379967
   2.4599999917   0.0002322444  -0.0001057707   0.0001897474
   2.4649999917   0.0002916406  -0.0001370493   0.0002361055
   2.4699999917   0.0003307352  -0.0001616957   0.0002660846
   2.4749999917   0.0003304938  -0.0001716006   0.0002653492
   2.4799999917   0.0002676910  -0.0001565062   0.0002165479
   2.4849999917   0.0001158751  -0.0001043336   0.0001000749
   2.4899999916  -0.0001530306  -0.0000018105  -0.0001047175
   2.4949999916  -0.0005665179   0.0001645923  -0.0004178780
   2.4999999916  -0.0011487864   0.0004074452  -0.0008568704
   2.5049999916  -0.0019177390   0.0007369319  -0.0014343805
   2.5099999916  -0.0028819544   0.0011593210  -0.0021561113
   2.5149999916  -0.0040379679   0.0016754797  -0.0030188026
   2.5199999915  -0.0053682106   0.0022796042  -0.0040087285
   2.5249999915  -0.0068399345   0.0029583433  -0.0051009202
   2.5299999915  -0.0084053870   0.0036904826  -0.0062593131
   2.5349999915  -0.0100033876   0.0044473188  -0.0074379436
   2.5399999915  -0.0115623189   0.0051937920  -0.0085832104
   2.5449999915  -0.0130043850   0.0058903670  -0.0096370953
   2.5499999914  -0.0142508288   0.0064955649  -0.0105411066
   2.5549999914  -0.0152276630   0.0069689561  -0.0112406004
   2.5599999914  -0.0158713726   0.0072743523  -0.0116890559
   2.5649999914  -0.0161340083   0.0073828831  -0.0118518530
   2.5699999914  -0.0159871214   0.0072756293  -0.0117091291
   2.5749999914  -0.0154240919   0.0069455096  -0.0112573823
   2.5799999913  -0.0144605695   0.0063981891  -0.0105096267
   2.5849999913  -0.0131329582   0.0056518753  -0.0094940783
   2.5899999913  -0.0114951068   0.0047360013  -0.0082515322
   2.5949999913  -0.0096135926   0.0036889202  -0.0068317587
   2.5999999913  -0.0075621618   0.0025548644  -0.0052893665
   2.6049999913  -0.0054159975   0.0013805074  -0.0036796424
   2.6099999912  -0.0032465026   0.0002115167  -0.0020548623
   2.6149999912  -0.0011171971  -0.0009105198  -0.0004614824
   2.6199999912   0.0009188445  -0.0019504721   0.0010615277
   2.6249999912   0.0028198358  -0.0028811306   0.0024831348
   2.6299999912   0.0045544944  -0.0036836682   0.0037795923
   2.6349999912   0.0060999918  -0.0043471611   0.0049329813
   2.6399999911   0.0074391971  -0.0048673622   0.0059293561
   2.6449999911   0.0085578910  -0.0052450175   0.0067569541
   2.6499999911   0.0094426128  -0.0054840726   0.0074049055
   2.6549999911   0.0100796775  -0.0055901078   0.0078627681
   2.6599999911   0.0104556633  -0.0055692803   0.0081210470
   2.6649999911   0.0105593705  -0.0054279406   0.0081726602
   2.6699999910   0.0103849402  -0.0051729559   0.0080151087
   2.6749999910   0.0099355472  -0.0048126230   0.0076529453
   2.6799999910   0.0092269081  -0.0043579312   0.0071000340
   2.6849999910   0.0082897980  -0.0038238443   0.0063810748
   2.6899999910   0.0071708775  -0.0032302454   0.0055319424
   2.6949999909   0.0059313659  -0.0026022218   0.0045985513
   2.6999999909   0.0046434397  -0.0019694641   0.0036341769
   2.7049999909   0.0033846181  -0.0013646998   0.0026954195
   2.7099999909   0.0022307598  -0.0008212523   0.0018372355
   2.7149999909   0.0012485730  -0.0003699834   0.0011076489
   2.7199999909   0.0004886795  -0.0000360157   0.0005428603
   2.7249999908  -0.0000197468   0.0001642919   0.0001634603
   2.7299999908  -0.0002719424   0.0002256345  -0.0000276639
   2.7349999908  -0.0002876178   0.0001549125  -0.0000453603
   2.7399999908  -0.0001080402  -0.0000290171   0.0000798957
   2.7449999908   0.0002095069  -0.0002970542   0.0003060148
   2.7499999908   0.0005991440  -0.0006128804   0.0005846911
   2.7549999907   0.0009946743  -0.0009369423   0.0008674486
   2.7599999907   0.0013375764  -0.0012308816   0.0011114986
   2.7649999907   0.0015836237  -0.0014618256   0.0012845972
   2.7699999907   0.0017072557  -0.0016059556   0.0013682467
   2.7749999907   0.0017031784  -0.0016508761   0.0013588424
   2.7799999907   0.0015850876  -0.0015964763   0.0012666824
   2.7849999906   0.0013818381  -0.0014542012   0.0011130888
   2.7899999906   0.0011317464  -0.0012448792   0.0009261645
   2.7949999906   0.0008759668  -0.0009954596   0.0007359004
   2.7999999906   0.0006519790  -0.0007351625   0.0005694159
   2.8049999906   0.0004881588  -0.0004916070   0.0004470515
   2.8099999906   0.0004001906  -0.0002874613   0.0003798587
   2.8149999905   0.0003897537  -0.0001380481   0.0003687737
   2.8199999905   0.0004455350  -0.0000501738   0.0004054749
   2.8249999905   0.0005462463  -0.0000222450   0.0004746476
   2.8299999905   0.0006650199  -0.0000455377   0.0005571742
   2.8349999905   0.0007743664  -0.0001063217   0.0006336470
   2.8399999905   0.0008508317  -0.0001884351   0.0006875971
   2.8449999904   0.0008785890  -0.0002758726   0.0007079257
   2.8499999904   0.0008514247  -0.0003549892   0.0006901947
   2.8549999904   0.0007728815  -0.0004160226   0.0006366552
   2.8599999904   0.0006546510  -0.0004537740   0.0005551094
   2.8649999904   0.0005136076  -0.0004674420   0.0004568907
   2.8699999904   0.0003680889  -0.0004597407   0.0003543712
   2.8749999903   0.0002341280  -0.0004355395   0.0002584552
   2.8799999903   0.0001223107  -0.0004003159   0.0001764829
   2.8849999903   0.0000357826  -0.0003587147   0.0001108726
   2.8899999903  -0.0000302992  -0.0003134599   0.0000586834
   2.8949999903  -0.0000878529  -0.0002647808   0.0000121194
   2.8999999903  -0.0001537308  -0.0002104130  -0.0000401592
   2.9049999902  -0.0002467928  -0.0001461260  -0.0001111702
   2.9099999902  -0.0003847377  -0.0000666491  -0.0002135141
   2.9149999902  -0.0005812445   0.0000331983  -0.0003573900
   2.9199999902  -0.0008438769   0.0001573804  -0.0005490217
   2.9249999902  -0.0011730369   0.0003077188  -0.0007897097
   2.9299999902  -0.0015620461   0.0004833139  -0.0010756120
   2.9349999901  -0.0019982327   0.0006803925  -0.0013982359
   2.9399999901  -0.0024647388   0.0008925832  -0.0017455112
   2.9449999901  -0.0029426700   0.0011115511  -0.0021032346
   2.9499999901  -0.0034131917   0.0013278666  -0.0024566310
   2.9549999901  -0.0038592344   0.0015319557  -0.0027917796
   2.9599999901  -0.0042665832   0.0017149773  -0.0030966986
   2.9649999900  -0.0046242677   0.0018694990  -0.0033619576
   2.9699999900  -0.0049243122   0.0019898904  -0.0035807821
   2.9749999900  -0.0051610196   0.0020724093  -0.0037487113
   2.9799999900  -0.0053300333   0.0021150166  -0.0038629493
   2.9849999900  -0.0054274387   0.0021169995  -0.0039215952
   2.9899999900  -0.0054491290   0.0020785153  -0.0039229517
   2.9949999899  -0.0053905891   0.0020001717  -0.0038650806
   2.9999999899  -0.0052471490   0.0018827401  -0.0037457110
   3.0049999899  -0.0050146620   0.0017270661  -0.0035625282
   3.0099999899  -0.0046904732   0.0015341905  -0.0033137856
   3.0149999899  -0.0042744896   0.0013056451  -0.0029991131
   3.0199999899  -0.0037701414   0.0010438516  -0.0026203515
   3.0249999898  -0.0031850417   0.0007525198  -0.0021822341
   3.0299999898  -0.0025312037   0.0004369463  -0.0016927626
   3.0349999898  -0.0018247464   0.0001041230  -0.0011631816
   3.0399999898  -0.0010851025  -0.0002373936  -0.0006075245
   3.0449999898  -0.0003338200  -0.0005778645  -0.0000417835
   3.0499999898   0.0004068886  -0.0009069618   0.0005171853
   3.0549999897   0.0011156651  -0.0012144998   0.0010528664
   3.0599999897   0.0017733986  -0.0014912033   0.0015502353
   3.0649999897   0.0023643317  -0.0017294054   0.0019967078
   3.0699999897   0.0028767640  -0.0019235808   0.0023827815
   3.0749999897   0.0033033076  -0.0020706468   0.0027023210
   3.0799999897   0.0036407138  -0.0021700046   0.0029524941
   3.0849999896   0.0038893550  -0.0022233311   0.0031334194
   3.0899999896   0.0040524838  -0.0022341715   0.0032476198
   3.0949999896   0.0041354122  -0.0022074071   0.0032993918
   3.0999999896   0.0041447456  -0.0021486861   0.0032941955
   3.1049999896   0.0040877766  -0.0020639003   0.0032381474
   3.1099999896   0.0039720992  -0.0019587737   0.0031376665
   3.1149999895   0.0038054518  -0.0018386027   0.0029992841
   3.1199999895   0.0035957497  -0.0017081536   0.0028295968
   3.1249999895   0.0033512331  -0.0015716936   0.0026353119
   3.1299999895   0.0030806326  -0.0014331090   0.0024233219
   3.1349999895   0.0027932595  -0.0012960500   0.0022007443
   3.1399999895   0.0024989427  -0.0011640418   0.0019748706
   3.1449999894   0.0022077696  -0.0010405150   0.0017529937
   3.1499999894   0.0019296288  -0.0009287283   0.0015421098
   3.1549999894   0.0016735983  -0.0008315856   0.0013485193
   3.1599999894   0.0014472596  -0.0007513755   0.0011773825
   3.1649999894   0.0012560442  -0.0006894844   0.0010323000
   3.1699999894   0.0011027283  -0.0006461453   0.0009149967
   3.1749999893   0.0009871780  -0.0006202853   0.0008251802
   3.1799999893   0.0009064163  -0.0006095214   0.0007606197
   3.1849999893   0.0008550333  -0.0006103296   0.0007174570
   3.1899999893   0.0008259052  -0.0006183808   0.0006907207
   3.1949999893   0.0008111272  -0.0006290059   0.0006749727
   3.1999999893   0.0008030245  -0.0006377245   0.0006649898
   3.2049999892   0.0007950807  -0.0006407561   0.0006563675
   3.2099999892   0.0007826300  -0.0006354315   0.0006459448
   3.2149999892   0.0007631991  -0.0006204375   0.0006319821
   3.2199999892   0.0007364459  -0.0005958555   0.0006140692
   3.2249999892   0.0007037245  -0.0005629921   0.0005927981
   3.2299999892   0.0006673757  -0.0005240394   0.0005692857
   3.2349999891   0.0006299056  -0.0004816315   0.0005446613
   3.2399999891   0.0005932356  -0.0004383840   0.0005196419
   3.2449999891   0.0005581880  -0.0003965025   0.0004942949
   3.2499999891   0.0005243221  -0.0003575283   0.0004680404
   3.2549999891   0.0004901449  -0.0003222575   0.0004398817
   3.2599999891   0.0004536368  -0.0002908303   0.0004087963
   3.2649999890   0.0004129493  -0.0002629500   0.0003741741
   3.2699999890   0.0003670921  -0.0002381643   0.0003361747
   3.2749999890   0.0003164250  -0.0002161307   0.0002958977
   3.2799999890   0.0002628176  -0.0001967976   0.0002553057
   3.2849999890   0.0002094235  -0.0001804580   0.0002169068
   3.2899999890   0.0001601111  -0.0001676666   0.0001832684
   3.2949999889   0.0001186797  -0.0001590499   0.0001564826
   3.2999999889   0.0000880488  -0.0001550647   0.0001377154
   3.3049999889   0.0000696118  -0.0001557753   0.0001269581
   3.3099999889   0.0000629123  -0.0001607113   0.0001230401
   3.3149999889   0.0000657165  -0.0001688484   0.0001239005
   3.3199999889   0.0000744646  -0.0001787206   0.0001270447
   3.3249999888   0.0000849906  -0.0001886383   0.0001300673
   3.3299999888   0.0000933411  -0.0001969614   0.0001311112
   3.3349999888   0.0000965072  -0.0002023637   0.0001291529
   3.3399999888   0.0000929118  -0.0002040292   0.0001240595
   3.3449999888   0.0000825614  -0.0002017416   0.0001164262
   3.3499999888   0.0000668551  -0.0001958564   0.0001072621
   3.3549999887   0.0000481232  -0.0001871721   0.0000976292
   3.3599999887   0.0000290213  -0.0001767406   0.0000883407
   3.3649999887   0.0000119282  -0.0001656659   0.0000797952
   3.3699999887  -0.0000015240  -0.0001549321   0.0000719743
   3.3749999887  -0.0000107056  -0.0001452921   0.0000645741
   3.3799999886  -0.0000160054  -0.0001372210   0.0000572030
   3.3849999886  -0.0000186407  -0.0001309273   0.0000495631
   3.3899999886  -0.0000203281  -0.0001263966   0.0000415476
   3.3949999886  -0.0000229015  -0.0001234478   0.0000332299
   3.3999999886  -0.0000279533  -0.0001217848   0.0000247614
   3.4049999886  -0.0000365529  -0.0001210404   0.0000162390
   3.4099999885  -0.0000490746  -0.0001208175   0.0000076107
   3.4149999885  -0.0000651392  -0.0001207369  -0.0000013247
   3.4199999885  -0.0000836690  -0.0001204977  -0.0000108104
   3.4249999885  -0.0001030418  -0.0001199422  -0.0000209508
   3.4299999885  -0.0001213338  -0.0001191108  -0.0000315323
   3.4349999885  -0.0001366301  -0.0001182608  -0.0000419320
   3.4399999884  -0.0001473692  -0.0001178275  -0.0000511784
   3.4449999884  -0.0001526712  -0.0001183216  -0.0000581779
   3.4499999884  -0.0001525816  -0.0001201742  -0.0000620555
   3.4549999884  -0.0001481611  -0.0001235688  -0.0000625048
   3.4599999884  -0.0001413669  -0.0001283089  -0.0000600187
   3.4649999884  -0.0001347112  -0.0001337766  -0.0000558947
   3.4699999883  -0.0001307393  -0.0001390117  -0.0000519718
   3.4749999883  -0.0001314278  -0.0001429145  -0.0000501447
   3.4799999883  -0.0001376479  -0.0001445307  -0.0000517829
   3.4849999883  -0.0001488450  -0.0001433466  -0.0000572363
   3.4899999883  -0.0001630538  -0.0001395059  -0.0000655984
   3.4949999883  -0.0001772877  -0.0001338703  -0.0000748403
   3.4999999882  -0.0001882440  -0.0001278843  -0.0000823148
   3.5049999882  -0.0001931651  -0.0001232570  -0.0000855129
   3.5099999882  -0.0001906347  -0.0001215321  -0.0000828585
   3.5149999882  -0.0001810780  -0.0001236577  -0.0000742960
   3.5199999882  -0.0001667991  -0.0001296805  -0.0000614655
   3.5249999882  -0.0001515003  -0.0001386636  -0.0000473750
   3.5299999881  -0.0001393777  -0.0001488703  -0.0000356288
   3.5349999881  -0.0001340117  -0.0001581826  -0.0000294152
   3.5399999881  -0.0001373515  -0.0001646518  -0.0000305457
   3.5449999881  -0.0001490865  -0.0001670332  -0.0000388446
   3.5499999881  -0.0001666061  -0.0001651529  -0.0000520946
   3.5549999881  -0.0001855946  -0.0001599941  -0.0000665869
   3.5599999880  -0.0002011264  -0.0001534658  -0.0000781397
   3.5649999880  -0.0002089773  -0.0001479089  -0.0000832991
   3.5699999880  -0.0002067912  -0.0001454689  -0.0000803658
   3.5749999880  -0.0001947679  -0.0001475113  -0.0000699308
   3.5799999880  -0.0001756624  -0.0001542455  -0.0000547445
   3.5849999880  -0.0001540763  -0.0001646674  -0.0000389386
   3.5899999879  -0.0001352270  -0.0001768409  -0.0000268235
   3.5949999879  -0.0001235340  -0.0001884386  -0.0000216193
   3.5999999879  -0.0001214208  -0.0001973866  -0.0000245056
   3.6049999879  -0.0001286781  -0.0002024269  -0.0000342872
   3.6099999879  -0.0001425714  -0.0002034341  -0.0000477835
   3.6149999879  -0.0001586638  -0.0002013970  -0.0000608271
   3.6199999878  -0.0001721139  -0.0001980762  -0.0000695646
   3.6249999878  -0.0001790714  -0.0001954454  -0.0000716535
   3.6299999878  -0.0001777607  -0.0001950878  -0.0000669787
   3.6349999878  -0.0001689403  -0.0001977336  -0.0000576581
   3.6399999878  -0.0001556097  -0.0002030755  -0.0000473349
   3.6449999878  -0.0001420616  -0.0002099147  -0.0000399777
   3.6499999877  -0.0001325710  -0.0002165845  -0.0000385718
   3.6549999877  -0.0001301195  -0.0002215141  -0.0000441235
   3.6599999877  -0.0001355351  -0.0002237511  -0.0000553014
   3.6649999877  -0.0001472963  -0.0002232775  -0.0000688366
   3.6699999877  -0.0001620466  -0.0002210196  -0.0000805578
   3.6749999877  -0.0001756440  -0.0002185519  -0.0000867320
   3.6799999876  -0.0001844138  -0.0002175915  -0.0000852754
   3.6849999876  -0.0001862176  -0.0002194475  -0.0000764404
   3.6899999876  -0.0001810181  -0.0002246013  -0.0000627479
   3.6949999876  -0.0001707817  -0.0002325525  -0.0000481814
   3.6999999876  -0.0001587751  -0.0002419775  -0.0000369000
   3.7049999876  -0.0001484965  -0.0002511470  -0.0000318885
   3.7099999875  -0.0001425902  -0.0002584660  -0.0000339895
   3.7149999875  -0.0001420890  -0.0002629601  -0.0000416394
   3.7199999875  -0.0001462101  -0.0002645532  -0.0000514048
   3.7249999875  -0.0001527472  -0.0002640465  -0.0000591496
   3.7299999875  -0.0001589048  -0.0002628143  -0.0000614533
   3.7349999875  -0.0001622820  -0.0002623171  -0.0000568092
   3.7399999874  -0.0001616726  -0.0002635996  -0.0000461978
   3.7449999874  -0.0001574179  -0.0002669406  -0.0000328306
   3.7499999874  -0.0001512052  -0.0002717730  -0.0000211294
   3.7549999874  -0.0001453980  -0.0002769002  -0.0000152653
   3.7599999874  -0.0001421372  -0.0002809368  -0.0000177316
   3.7649999874  -0.0001425337  -0.0002828236  -0.0000284293
   3.7699999873  -0.0001462366  -0.0002822402  -0.0000445825
   3.7749999873  -0.0001515303  -0.0002797725  -0.0000615379
   3.7799999873  -0.0001559321  -0.0002767707  -0.0000742113
   3.7849999873  -0.0001570866  -0.0002749375  -0.0000787256
   3.7899999873  -0.0001536463  -0.0002757779  -0.0000737092
   3.7949999873  -0.0001458289  -0.0002800922  -0.0000608211
   3.7999999872  -0.0001354437  -0.0002876820  -0.0000443101
   3.8049999872  -0.0001253615  -0.0002973750  -0.0000297225
   3.8099999872  -0.0001185881  -0.0003073683  -0.0000221533
   3.8149999872  -0.0001172468  -0.0003157879  -0.0000245912
   3.8199999872  -0.0001218116  -0.0003212866  -0.0000368922
   3.8249999872  -0.0001308630  -0.0003234858  -0.0000557254
   3.8299999871  -0.0001414682  -0.0003231137  -0.0000755326
   3.8349999871  -0.0001500871  -0.0003217883  -0.0000902206
   3.8399999871  -0.0001537221  -0.0003215056  -0.0000950662
   3.8449999871  -0.0001509457  -0.0003239911  -0.0000882384
   3.8499999871  -0.0001424645  -0.0003301204  -0.0000714505
   3.8549999871  -0.0001310192  -0.0003395956  -0.0000495248
   3.8599999870  -0.0001206287  -0.0003509859  -0.0000289861
   3.8649999870  -0.0001153977  -0.0003621285  -0.0000161097
   3.8699999870  -0.0001182508  -0.0003707716  -0.0000150202
   3.8749999870  -0.0001299882  -0.0003752626  -0.0000264295
   3.8799999870  -0.0001489664  -0.0003750692  -0.0000474060
   3.8849999870  -0.0001715153  -0.0003709699  -0.0000722518
   3.8899999869  -0.0001929780  -0.0003648519  -0.0000942195
   3.8949999869  -0.0002090633  -0.0003591739  -0.0001075469
   3.8999999869  -0.0002171027  -0.0003562565  -0.0001091842
   3.9049999869  -0.0002168294  -0.0003576123  -0.0000996906
   3.9099999869  -0.0002104412  -0.0003635203  -0.0000830292
   3.9149999869  -0.0002019263  -0.0003729698  -0.0000653309
   3.9199999868  -0.0001958544  -0.0003839906  -0.0000530110
   3.9249999868  -0.0001959978  -0.0003942676  -0.0000508165
   3.9299999868  -0.0002041926  -0.0004018527  -0.0000603962
   3.9349999868  -0.0002197803  -0.0004057617  -0.0000798214
   3.9399999868  -0.0002397882  -0.0004062780  -0.0001041903
   3.9449999868  -0.0002597886  -0.0004048759  -0.0001271187
   3.9499999867  -0.0002751768  -0.0004037897  -0.0001426575
   3.9549999867  -0.0002824880  -0.0004053590  -0.0001470552
   3.9599999867  -0.0002803724  -0.0004113447  -0.0001398435
   3.9649999867  -0.0002699542  -0.0004224144  -0.0001239355
   3.9699999867  -0.0002544900  -0.0004379441  -0.0001047297
   3.9749999867  -0.0002384428  -0.0004561862  -0.0000885080
   3.9799999866  -0.0002262558  -0.0004747488  -0.0000806163
   3.9849999866  -0.0002211807  -0.0004912435  -0.0000839682
   3.9899999866  -0.0002244878  -0.0005039127  -0.0000982984
   3.9949999866  -0.0002352586  -0.0005120636  -0.0001203572
   3.9999999866  -0.0002507883  -0.0005161933  -0.0001449573
   4.0049999866  -0.0002674524  -0.0005177839  -0.0001665343
   4.0099999865  -0.0002817681  -0.0005188386  -0.0001807486
   4.0149999865  -0.0002913447  -0.0005213009  -0.0001856639
   4.0199999865  -0.0002954670  -0.0005265245  -0.0001821792
   4.0249999865  -0.0002951748  -0.0005349382  -0.0001736237
   4.0299999865  -0.0002928515  -0.0005459887  -0.0001646704
   4.0349999864  -0.0002914682  -0.0005583622  -0.0001599122
   4.0399999864  -0.0002937152  -0.0005704057  -0.0001625264
   4.0449999864  -0.0003012636  -0.0005806194  -0.0001734026
   4.0499999864  -0.0003143470  -0.0005880772  -0.0001909629
   4.0549999864  -0.0003317497  -0.0005926639  -0.0002116879
   4.0599999864  -0.0003511742  -0.0005950719  -0.0002311660
   4.0649999863  -0.0003698600  -0.0005965742  -0.0002453442
   4.0699999863  -0.0003852733  -0.0005986489  -0.0002516198
   4.0749999863  -0.0003956837  -0.0006025688  -0.0002494815
   4.0799999863  -0.0004004935  -0.0006090695  -0.0002405477
   4.0849999863  -0.0004002593  -0.0006181819  -0.0002280288
   4.0899999863  -0.0003964302  -0.0006292628  -0.0002157971
   4.0949999862  -0.0003908977  -0.0006412011  -0.0002073417
   4.0999999862  -0.0003854860  -0.0006527324  -0.0002049011
   4.1049999862  -0.0003815165  -0.0006627695  -0.0002089956
   4.1099999862  -0.0003795450  -0.0006706610  -0.0002184592
   4.1149999862  -0.0003793215  -0.0006763150  -0.0002309269
   4.1199999862  -0.0003799619  -0.0006801689  -0.0002436129
   4.1249999861  -0.0003802732  -0.0006830245  -0.0002541463
   4.1299999861  -0.0003791432  -0.0006858048  -0.0002612309
   4.1349999861  -0.0003758986  -0.0006893015  -0.0002649557
   4.1399999861  -0.0003705490  -0.0006939791  -0.0002666870
   4.1449999861  -0.0003638708  -0.0006998815  -0.0002685882
   4.1499999861  -0.0003573202  -0.0007066557  -0.0002729117
   4.1549999860  -0.0003528078  -0.0007136768  -0.0002812608
   4.1599999860  -0.0003523942  -0.0007202335  -0.0002940190
   4.1649999860  -0.0003579809  -0.0007257230  -0.0003100947
   4.1699999860  -0.0003710672  -0.0007298029  -0.0003270397
   4.1749999860  -0.0003926208  -0.0007324637  -0.0003415045
   4.1799999860  -0.0004230817  -0.0007340064  -0.0003499063
   4.1849999859  -0.0004624779  -0.0007349345  -0.0003491396
   4.1899999859  -0.0005106069  -0.0007357898  -0.0003371535
   4.1949999859  -0.0005672148  -0.0007369759  -0.0003132669
   4.1999999859  -0.0006321067  -0.0007386163  -0.0002781671
   4.2049999859  -0.0007051409  -0.0007404831  -0.0002336272
   4.2099999859  -0.0007860892  -0.0007420184  -0.0001820547
   4.2149999858  -0.0008743831  -0.0007424421  -0.0001260296
   4.2199999858  -0.0009687970  -0.0007409222  -0.0000679892
   4.2249999858  -0.0010671374  -0.0007367624  -0.0000101766
   4.2299999858  -0.0011660079  -0.0007295596   0.0000451090
   4.2349999858  -0.0012606998  -0.0007192893   0.0000950094
   4.2399999858  -0.0013452271  -0.0007062974   0.0001354761
   4.2449999857  -0.0014124895  -0.0006912043   0.0001606817
   4.2499999857  -0.0014545183  -0.0006747500   0.0001626411
   4.2549999857  -0.0014627472  -0.0006576328   0.0001311659
   4.2599999857  -0.0014282565  -0.0006403901   0.0000541988
   4.2649999857  -0.0013419612  -0.0006233639  -0.0000815184
   4.2699999857  -0.0011947480  -0.0006067627  -0.0002895609
   4.2749999856  -0.0009775962  -0.0005908024  -0.0005828860
   4.2799999856  -0.0006817410  -0.0005758800  -0.0009730077
   4.2849999856  -0.0002989348  -0.0005627193  -0.0014693981
   4.2899999856   0.0001781516  -0.0005524338  -0.0020791558
   4.2949999856   0.0007553859  -0.0005464701  -0.0028068988
   4.2999999856   0.0014365250  -0.0005464354  -0.0036547708
   4.3049999855   0.0022225337  -0.0005538412  -0.0046224181
   4.3099999855   0.0031109639  -0.0005698263  -0.0057068067
   4.3149999855   0.0040954822  -0.0005949257  -0.0069018053
   4.3199999855   0.0051656091  -0.0006289420  -0.0081975460
   4.3249999855   0.0063066927  -0.0006709420  -0.0095796587
   4.3299999855   0.0075000925  -0.0007193679  -0.0110285478
   4.3349999854   0.0087235201  -0.0007722168  -0.0125189045
   4.3399999854   0.0099514647  -0.0008272267  -0.0140196277
   4.3449999854   0.0111556494  -0.0008820073  -0.0154942600
   4.3499999854   0.0123054922  -0.0009340786  -0.0169019501
   4.3549999854   0.0133685896  -0.0009808109  -0.0181988558
   4.3599999854   0.0143112819  -0.0010192976  -0.0193398250
   4.3649999853   0.0150993709  -0.0010462168  -0.0202801621
   4.3699999853   0.0156990590  -0.0010577454  -0.0209772981
   4.3749999853   0.0160781351  -0.0010495818  -0.0213922482
   4.3799999853   0.0162073783  -0.0010171004  -0.0214908172
   4.3849999853   0.0160620874  -0.0009556331  -0.0212446007
   4.3899999853   0.0156235969  -0.0008608339  -0.0206318774
   4.3949999852   0.0148806196  -0.0007290633  -0.0196385033
   4.3999999852   0.0138302736  -0.0005577243  -0.0182588776
   4.4049999852   0.0124786927  -0.0003454908  -0.0164969786
   4.4099999852   0.0108411912  -0.0000923976  -0.0143673782
   4.4149999852   0.0089420129   0.0002002080  -0.0118960715
   4.4199999852   0.0068137486   0.0005298208  -0.0091209177
   4.4249999851   0.0044965204   0.0008929869  -0.0060915031
   4.4299999851   0.0020370214   0.0012855061  -0.0028682962
   4.4349999851  -0.0005125409   0.0017025793   0.0004789359
   4.4399999851  -0.0030955978   0.0021388744   0.0038733729
   4.4449999851  -0.0056525097   0.0025885159   0.0072338807
   4.4499999851  -0.0081220529   0.0030450328   0.0104780176
   4.4549999850  -0.0104431505   0.0035013222   0.0135250721
   4.4599999850  -0.0125568511   0.0039496871   0.0162989323
   4.4649999850  -0.0144085027   0.0043819980   0.0187306508
   4.4699999850  -0.0159500027   0.0047899945   0.0207606461
   4.4749999850  -0.0171419583   0.0051657089   0.0223405430
   4.4799999850  -0.0179555714   0.0055019585   0.0234346912
   4.4849999849  -0.0183740718   0.0057928286   0.0240213980
   4.4899999849  -0.0183935680   0.0060340659   0.0240938851
   4.4949999849  -0.0180232473   0.0062233177   0.0236609246
   4.4999999849  -0.0172849283   0.0063601859   0.0227470674
   4.5049999849  -0.0162120321   0.0064461034   0.0213923426
   4.5099999849  -0.0148480836   0.0064840778   0.0196513110
   4.5149999848  -0.0132448727   0.0064783683   0.0175913926
   4.5199999848  -0.0114604013   0.0064341649   0.0152904558
   4.5249999848  -0.0095567191   0.0063573224   0.0128337429
   4.5299999848  -0.0075977192   0.0062541718   0.0103102928
   4.5349999848  -0.0056469366   0.0061314016   0.0078090928
   4.5399999848  -0.0037653727   0.0059959718   0.0054152248
   4.5449999847  -0.0020093694   0.0058550143   0.0032062747
   4.5499999847  -0.0004285691   0.0057156753   0.0012492325
   4.5549999847   0.0009359765   0.0055848744  -0.0004019542
   4.5599999847   0.0020534549   0.0054689810  -0.0017080874
   4.5649999847   0.0029045826   0.0053734358  -0.0026456766
   4.5699999847   0.0034824123   0.0053023657  -0.0032071927
   4.5749999846   0.0037925456   0.0052582488  -0.0034006954
   4.5799999846   0.0038526778   0.0052416838  -0.0032489155
   4.5849999846   0.0036914579   0.0052513033  -0.0027878603
   4.5899999846   0.0033467119   0.0052838481  -0.0020649849
   4.5949999846   0.0028631475   0.0053343960  -0.0011369581
   4.5999999846   0.0022897101   0.0053967148  -0.0000670457
   4.6049999845   0.0016767950   0.0054636941   0.0010778445
   4.6099999845   0.0010735213   0.0055278008   0.0022303757
   4.6149999845   0.0005252548   0.0055815060   0.0033261168
   4.6199999845   0.0000715179   0.0056176413   0.0043068203
   4.6249999845  -0.0002556308   0.0056296609   0.0051234197
   4.6299999845  -0.0004327200   0.0056118059   0.0057385219
   4.6349999844  -0.0004455119   0.0055591879   0.0061281850
   4.6399999844  -0.0002892166   0.0054678227   0.0062828330
   4.6449999844   0.0000316721   0.0053346495   0.0062072340
   4.6499999844   0.0005038803   0.0051575658   0.0059195616
   4.6549999844   0.0011061740   0.0049354919   0.0054496480
   4.6599999844   0.0018104918   0.0046684613   0.0048366046
   4.6649999843   0.0025833945   0.0043577117   0.0041260295
   4.6699999843   0.0033878199   0.0040057394   0.0033670300
   4.6749999843   0.0041851062   0.0036162746   0.0026092670
   4.6799999843   0.0049371980   0.0031941475   0.0019001854
   4.6849999843   0.0056089051   0.0027450335   0.0012825451
   4.6899999843   0.0061700439   0.0022750904   0.0007923189
   4.6949999842   0.0065972746   0.0017905304   0.0004569914
   4.6999999842   0.0068754570   0.0012971834   0.0002942795
   4.7049999842   0.0069983933   0.0008001192   0.0003113003
   4.7099999842   0.0069688898   0.0003033843   0.0005042239
   4.7149999842   0.0067981510  -0.0001901118   0.0008584660
   4.7199999841   0.0065045962  -0.0006785517   0.0013494696
   4.7249999841   0.0061122500  -0.0011610350   0.0019441068
   4.7299999841   0.0056488864  -0.0016373188   0.0026026801
   4.7349999841   0.0051441081  -0.0021075341   0.0032814397
   4.7399999841   0.0046275101  -0.0025719365   0.0039354584
   4.7449999841   0.0041270313  -0.0030307273   0.0045216410
   4.7499999840   0.0036675462  -0.0034839613   0.0050016123
   4.7549999840   0.0032697081  -0.0039315254   0.0053442223
   4.7599999840   0.0029490364  -0.0043731564   0.0055274526
   4.7649999840   0.0027152412  -0.0048084550   0.0055395773
   4.7699999840   0.0025717944  -0.0052368612   0.0053795265
   4.7749999840   0.0025157804  -0.0056575723   0.0050564886
   4.7799999839   0.0025380749  -0.0060694096   0.0045888632
   4.7849999839   0.0026238965  -0.0064706625   0.0040027161
   4.7899999839   0.0027537522  -0.0068589507   0.0033299011
   4.7949999839   0.0029047567  -0.0072311527   0.0026059947
   4.7999999839   0.0030522517  -0.0075834329   0.0018681598
   4.8049999839   0.0031716042  -0.0079113849   0.0011530248
   4.8099999838   0.0032400276  -0.0082102810   0.0004946441
   4.8149999838   0.0032382605  -0.0084753971  -0.0000773965
   4.8199999838   0.0031519512  -0.0087023670  -0.0005396569
   4.8249999838   0.0029726324  -0.0088875140  -0.0008762095
   4.8299999838   0.0026982194  -0.0090281139  -0.0010795978
   4.8349999838   0.0023330154  -0.0091225575  -0.0011512862
   4.8399999837   0.0018872573  -0.0091703976  -0.0011015295
   4.8449999837   0.0013762693  -0.0091722896  -0.0009486270
   4.8499999837   0.0008193148  -0.0091298456  -0.0007175870
   4.8549999837   0.0002382491  -0.0090454385  -0.0004382847
   4.8599999837  -0.0003439239  -0.0089219917  -0.0001432497
   4.8649999837  -0.0009044958  -0.0087627877   0.0001347373
   4.8699999836  -0.0014224114  -0.0085713185   0.0003650433
   4.8749999836  -0.0018794702  -0.0083511850   0.0005213774
   4.8799999836  -0.0022613156  -0.0081060395   0.0005836073
   4.8849999836  -0.0025581727  -0.0078395515   0.0005390612
   4.8899999836  -0.0027653082  -0.0075553726   0.0003832310
   4.8949999836  -0.0028832010  -0.0072570779   0.0001198500
   4.8999999835  -0.0029174175  -0.0069480693  -0.0002396238
   4.9049999835  -0.0028781965  -0.0066314420  -0.0006770392
   4.9099999835  -0.0027797562  -0.0063098331  -0.0011689815
   4.9149999835  -0.0026393467  -0.0059852803  -0.0016884700
   4.9199999835  -0.0024760886  -0.0056591290  -0.0022067869
   4.9249999835  -0.0023096602  -0.0053320191  -0.0026953223
   4.9299999834  -0.0021589150  -0.0050039693  -0.0031273374
   4.9349999834  -0.0020405350  -0.0046745558  -0.0034795736
   4.9399999834  -0.0019678328  -0.0043431612  -0.0037336497
   4.9449999834  -0.0019498120  -0.0040092499  -0.0038771957
   4.9499999834  -0.0019905768  -0.0036726192  -0.0039046687
   4.9549999834  -0.0020891457  -0.0033335796  -0.0038177907
   4.9599999833  -0.0022396805  -0.0029930337  -0.0036255462
   4.9649999833  -0.0024320940  -0.0026524458  -0.0033436885
   4.9699999833  -0.0026529625  -0.0023137203  -0.0029937377
   4.9749999833  -0.0028866419  -0.0019790247  -0.0026014967
   4.9799999833  -0.0031164786  -0.0016506042  -0.0021951766
   4.9849999833  -0.0033260147  -0.0013306265  -0.0018032787
   4.9899999832  -0.0035001052  -0.0010210854  -0.0014524278
   4.9949999832  -0.0036258907  -0.0007237671  -0.0011653703
   4.9999999832  -0.0036935880  -0.0004402630  -0.0009593350
   5.0049999832  -0.0036970775  -0.0001720019  -0.0008449105
   5.0099999832  -0.0036342695   0.0000797330  -0.0008255198
   5.0149999832  -0.0035072347   0.0003138246  -0.0008974977
   5.0199999831  -0.0033220813   0.0005293879  -0.0010507011
   5.0249999831  -0.0030885699   0.0007258724  -0.0012695392
   5.0299999831  -0.0028194693   0.0009031717  -0.0015342824
   5.0349999831  -0.0025296807   0.0010617103  -0.0018225257
   5.0399999831  -0.0022351863   0.0012024747  -0.0021107003
   5.0449999831  -0.0019519026   0.0013269734  -0.0023755671
   5.0499999830  -0.0016945373   0.0014371223  -0.0025956453
   5.0549999830  -0.0014755519   0.0015350735  -0.0027525424
   5.0599999830  -0.0013043177   0.0016230148  -0.0028321402
   5.0649999830  -0.0011865303   0.0017029737  -0.0028255761
   5.0699999830  -0.0011239170   0.0017766571  -0.0027299351
   5.0749999830  -0.0011142379   0.0018453452  -0.0025485677
   5.0799999829  -0.0011515632   0.0019098503  -0.0022909588
   5.0849999829  -0.0012267885   0.0019705345  -0.0019721129
   5.0899999829  -0.0013283455   0.0020273740  -0.0016114740
   5.0949999829  -0.0014430610   0.0020800510  -0.0012314581
   5.0999999829  -0.0015571123   0.0021280538  -0.0008557265
   5.1049999829  -0.0016570225   0.0021707710  -0.0005073616
   5.1099999828  -0.0017306316   0.0022075691  -0.0002071147
   5.1149999828  -0.0017679720   0.0022378490   0.0000281216
   5.1199999828  -0.0017619802   0.0022610855   0.0001864923
   5.1249999828  -0.0017089821   0.0022768522   0.0002619313
   5.1299999828  -0.0016089119   0.0022848426   0.0002544471
   5.1349999828  -0.0014652499   0.0022848933   0.0001699445
   5.1399999827  -0.0012846940   0.0022770134   0.0000196185
   5.1449999827  -0.0010766033   0.0022614213  -0.0001810172
   5.1499999827  -0.0008522716   0.0022385828  -0.0004133770
   5.1549999827  -0.0006240910   0.0022092410  -0.0006572259
   5.1599999827  -0.0004046682   0.0021744262  -0.0008921603
   5.1649999827  -0.0002059460   0.0021354331  -0.0010990386
   5.1699999826  -0.0000383790   0.0020937584  -0.0012612594
   5.1749999826   0.0000897911   0.0020509998  -0.0013658120
   5.1799999826   0.0001731161   0.0020087254  -0.0014040476
   5.1849999826   0.0002093337   0.0019683312  -0.0013721490
   5.1899999826   0.0001995303   0.0019309107  -0.0012712970
   5.1949999826   0.0001480495   0.0018971578  -0.0011075409
   5.1999999825   0.0000621381   0.0018673221  -0.0008913864
   5.2049999825  -0.0000486449   0.0018412204  -0.0006371108
   5.2099999825  -0.0001732064   0.0018183025  -0.0003618206
   5.2149999825  -0.0002998081   0.0017977516  -0.0000842770
   5.2199999825  -0.0004169788   0.0017786002   0.0001764600
   5.2249999825  -0.0005143651   0.0017598358   0.0004024846
   5.2299999824  -0.0005834513   0.0017404824   0.0005784784
   5.2349999824  -0.0006181025   0.0017196491   0.0006929847
   5.2399999824  -0.0006149096   0.0016965505   0.0007393781
   5.2449999824  -0.0005733375   0.0016705121   0.0007164125
   5.2499999824  -0.0004956894   0.0016409743   0.0006282726
   5.2549999824  -0.0003869028   0.0016075090   0.0004841232
   5.2599999823  -0.0002541921   0.0015698532   0.0002972159
   5.2649999823  -0.0001065516   0.0015279548   0.0000836687
   5.2699999823   0.0000458692   0.0014820198  -0.0001389299
   5.2749999823   0.0001924926   0.0014325428  -0.0003529377
   5.2799999823   0.0003231044   0.0013803077  -0.0005419623
   5.2849999823   0.0004286539   0.0013263497  -0.0006919570
   5.2899999822   0.0005019905   0.0012718811  -0.0007920591
   5.2949999822   0.0005384609   0.0012181893  -0.0008351615
   5.2999999822   0.0005362993   0.0011665247  -0.0008182311
   5.3049999822   0.0004967610   0.0011179950  -0.0007423966
   5.3099999822   0.0004239853   0.0010734826  -0.0006128219
   5.3149999822   0.0003246041   0.0010335927  -0.0004383698
   5.3199999821   0.0002071445   0.0009986361  -0.0002310525
   5.3249999821   0.0000812963   0.0009686424  -0.0000052689
   5.3299999821  -0.0000428800   0.0009433967   0.0002231574
   5.3349999821  -0.0001557313   0.0009224909   0.0004380962
   5.3399999821  -0.0002487144   0.0009053806   0.0006243143
   5.3449999821  -0.0003149825   0.0008914412   0.0007686643
   5.3499999820  -0.0003498260   0.0008800172   0.0008611485
   5.3549999820  -0.0003509525   0.0008704612   0.0008957464
   5.3599999820  -0.0003186001   0.0008621598   0.0008709187
   5.3649999820  -0.0002554793   0.0008545469   0.0007897308
   5.3699999820  -0.0001665500   0.0008471064   0.0006595812
   5.3749999820  -0.0000586429   0.0008393671   0.0004915617
   5.3799999819   0.0000600504   0.0008308987   0.0002995109
   5.3849999819   0.0001805866   0.0008213117   0.0000988537
   5.3899999819   0.0002939342   0.0008102688  -0.0000946678
   5.3949999819   0.0003916419   0.0007975059  -0.0002662545
   5.3999999819   0.0004664644   0.0007828602  -0.0004031927
   5.4049999818   0.0005128982   0.0007662972  -0.0004957820
   5.4099999818   0.0005275944   0.0007479262  -0.0005379762
   5.4149999818   0.0005096206   0.0007279943  -0.0005276988
   5.4199999818   0.0004605519   0.0007068568  -0.0004668283
   5.4249999818   0.0003843815   0.0006849225  -0.0003608841
   5.4299999818   0.0002872440   0.0006625879  -0.0002184710
   5.4349999817   0.0001769604   0.0006401707  -0.0000505536
   5.4399999817   0.0000624244   0.0006178630   0.0001303675
   5.4449999817  -0.0000471258   0.0005957153   0.0003111178
   5.4499999817  -0.0001428900   0.0005736582   0.0004787077
   5.4549999817  -0.0002172631   0.0005515575   0.0006211610
   5.4599999817  -0.0002644853   0.0005292895   0.0007282950
   5.4649999816  -0.0002811092   0.0005068163   0.0007924273
   5.4699999816  -0.0002662349   0.0004842396   0.0008089718
   5.4749999816  -0.0002214969   0.0004618183   0.0007768658
   5.4799999816  -0.0001508202   0.0004399425   0.0006987649
   5.4849999816  -0.0000599983   0.0004190712   0.0005809429
   5.4899999816   0.0000438437   0.0003996494   0.0004328647
   5.4949999815   0.0001528311   0.0003820280   0.0002664370
   5.4999999815   0.0002589152   0.0003664084   0.0000949975
   5.5049999815   0.0003544050   0.0003528258  -0.0000678550
   5.5099999815   0.0004324429   0.0003411748  -0.0002094558
   5.5149999815   0.0004874179   0.0003312666  -0.0003191563
   5.5199999815   0.0005153172   0.0003228992  -0.0003891770
   5.5249999814   0.0005140025   0.0003159169  -0.0004151523
   5.5299999814   0.0004833943   0.0003102422  -0.0003963383
   5.5349999814   0.0004255309   0.0003058694  -0.0003354986
   5.5399999814   0.0003444777   0.0003028255  -0.0002385174
   5.5449999814   0.0002460674   0.0003011120  -0.0001138042
   5.5499999814   0.0001374770   0.0003006466   0.0000284407
   5.5549999813   0.0000266689   0.0003012255   0.0001770372
   5.5599999813  -0.0000782521   0.0003025172   0.0003206590
   5.5649999813  -0.0001697026   0.0003040877   0.0004486433
   5.5699999813  -0.0002412365   0.0003054521   0.0005517317
   5.5749999813  -0.0002880551   0.0003061348   0.0006227009
   5.5799999813  -0.0003073637   0.0003057268   0.0006568440
   5.5849999812  -0.0002985512   0.0003039252   0.0006522694
   5.5899999812  -0.0002631830   0.0003005550   0.0006099973
   5.5949999812  -0.0002048160   0.0002955692   0.0005338486
   5.5999999812  -0.0001286566   0.0002890370   0.0004301359
   5.6049999812  -0.0000410943   0.0002811223   0.0003071808
   5.6099999812   0.0000508479   0.0002720569   0.0001746902
   5.6149999811   0.0001400992   0.0002621107   0.0000430313
   5.6199999811   0.0002201088   0.0002515598  -0.0000775517
   5.6249999811   0.0002853474   0.0002406549  -0.0001777305
   5.6299999811   0.0003316966   0.0002295961  -0.0002498419
   5.6349999811   0.0003566983   0.0002185210  -0.0002885310
   5.6399999811   0.0003596507   0.0002075101  -0.0002912279
   5.6449999810   0.0003415586   0.0001966142  -0.0002583973
   5.6499999810   0.0003049590   0.0001858940  -0.0001935211
   5.6549999810   0.0002536552   0.0001754612  -0.0001027963
   5.6599999810   0.0001923911   0.0001655050   0.0000054305
   5.6649999810   0.0001264947   0.0001562901   0.0001214390
   5.6699999810   0.0000615101   0.0001481214   0.0002350334
   5.6749999809   0.0000028284   0.0001412825   0.0003364628
   5.6799999809  -0.0000446737   0.0001359654   0.0004172589
   5.6849999809  -0.0000769817   0.0001322129   0.0004709073
   5.6899999809  -0.0000912596   0.0001298967   0.0004932965
   5.6949999809  -0.0000861112   0.0001287383   0.0004829248
   5.6999999809  -0.0000617529   0.0001283707   0.0004408778
   5.7049999808  -0.0000200642   0.0001284231   0.0003706143
   5.7099999808   0.0000355102   0.0001286024   0.0002776091
   5.7149999808   0.0001002173   0.0001287490   0.0001688990
   5.7199999808   0.0001683979   0.0001288508   0.0000525711
   5.7249999808   0.0002339964   0.0001290152  -0.0000627832
   5.7299999808   0.0002911216   0.0001294093  -0.0001686307
   5.7349999807   0.0003345917   0.0001301897  -0.0002570658
   5.7399999807   0.0003603981   0.0001314427  -0.0003213654
   5.7449999807   0.0003660392   0.0001331493  -0.0003565035
   5.7499999807   0.0003506942   0.0001351790  -0.0003595820
   5.7549999807   0.0003152360   0.0001373102  -0.0003301307
   5.7599999807   0.0002620994   0.0001392638  -0.0002702292
   5.7649999806   0.0001950365   0.0001407399  -0.0001844161
   5.7699999806   0.0001187972   0.0001414480  -0.0000793736
   5.7749999806   0.0000387661   0.0001411281   0.0000365941
   5.7799999806  -0.0000394167   0.0001395626   0.0001542460
   5.7849999806  -0.0001102322   0.0001365820   0.0002641850
   5.7899999806  -0.0001686427   0.0001320665   0.0003576556
   5.7949999805  -0.0002104209   0.0001259431   0.0004272811
   5.7999999805  -0.0002324327   0.0001181790   0.0004676697
   5.8049999805  -0.0002328552   0.0001087713   0.0004758399
   5.8099999805  -0.0002113132   0.0000977345   0.0004514324
   5.8149999805  -0.0001689203   0.0000850939   0.0003966994
   5.8199999805  -0.0001082197   0.0000708886   0.0003162784
   5.8249999804  -0.0000330276   0.0000551887   0.0002167775
   5.8299999804   0.0000518101   0.0000381272   0.0001062120
   5.8349999804   0.0001407336   0.0000199374  -0.0000066560
   5.8399999804   0.0002278376   0.0000009858  -0.0001130150
   5.8449999804   0.0003072778  -0.0000182141  -0.0002046779
   5.8499999804   0.0003736922  -0.0000370151  -0.0002746779
   5.8549999803   0.0004226138  -0.0000546793  -0.0003177447
   5.8599999803   0.0004508428  -0.0000704445  -0.0003306360
   5.8649999803   0.0004567392  -0.0000835994  -0.0003123180
   5.8699999803   0.0004403953  -0.0000935510  -0.0002640019
   5.8749999803   0.0004036561  -0.0000998694  -0.0001890491
   5.8799999803   0.0003499681  -0.0001023006  -0.0000927572
   5.8849999802   0.0002840643  -0.0001007488   0.0000179657
   5.8899999802   0.0002115195  -0.0000952344   0.0001350369
   5.8949999802   0.0001382287  -0.0000858419   0.0002497404
   5.8999999802   0.0000698781  -0.0000726727   0.0003533603
   5.9049999802   0.0000114698  -0.0000558124   0.0004378714
   5.9099999802  -0.0000330512  -0.0000353227   0.0004966317
   5.9149999801  -0.0000610427  -0.0000112566   0.0005250031
   5.9199999801  -0.0000712857   0.0000163072   0.0005208194
   5.9249999801  -0.0000639933   0.0000472182   0.0004846337
   5.9299999801  -0.0000407353   0.0000812082   0.0004196999
   5.9349999801  -0.0000042951   0.0001178545   0.0003316850
   5.9399999801   0.0000415283   0.0001565612   0.0002281433
   5.9449999800   0.0000921732   0.0001965620   0.0001178210
   5.9499999800   0.0001426261   0.0002369440   0.0000098722
   5.9549999800   0.0001877876   0.0002766880  -0.0000869255
   5.9599999800   0.0002228792   0.0003147164  -0.0001648841
   5.9649999800   0.0002438611   0.0003499398  -0.0002179910
   5.9699999800   0.0002478179   0.0003812958  -0.0002423375
   5.9749999799   0.0002332652   0.0004077747  -0.0002363720
   5.9799999799   0.0002003347   0.0004284363  -0.0002009759
   5.9849999799   0.0001508123   0.0004424204  -0.0001393645
   5.9899999799   0.0000880204   0.0004489608  -0.0000568200
   5.9949999799   0.0000165586   0.0004474090   0.0000397268
