   0.0000000000   0.0000000000   0.0000000000   0.0000000000
   0.0050000000   0.0000000000   0.0000000000   0.0000000000
   0.0100000000   0.0000000000   0.0000000000   0.0000000000
   0.0149999999   0.0000000000   0.0000000000   0.0000000000
   0.0199999999   0.0000000000   0.0000000000   0.0000000000
   0.0249999999   0.0000000000   0.0000000000   0.0000000000
   0.0299999999   0.0000000000   0.0000000000   0.0000000000
   0.0349999999   0.0000000000   0.0000000000   0.0000000000
   0.0399999999   0.0000000000   0.0000000000   0.0000000000
   0.0449999998   0.0000000000   0.0000000000   0.0000000000
   0.0499999998   0.0000000000   0.0000000000   0.0000000000
   0.0549999998   0.0000000000   0.0000000000   0.0000000000
   0.0599999998   0.0000000000   0.0000000000   0.0000000000
   0.0649999998   0.0000000000   0.0000000000   0.0000000000
   0.0699999998   0.0000000000   0.0000000000   0.0000000000
   0.0749999997   0.0000000000   0.0000000000   0.0000000000
   0.0799999997   0.0000000000   0.0000000000   0.0000000000
   0.0849999997  -0.0000000000   0.0000000000  -0.0000000000
   0.0899999997  -0.0000000000   0.0000000000  -0.0000000000
   0.0949999997  -0.0000000000   0.0000000000  -0.0000000000
   0.0999999997  -0.0000000000   0.0000000000  -0.0000000000
   0.1049999996  -0.0000000000   0.0000000000  -0.0000000000
   0.1099999996  -0.0000000000   0.0000000000  -0.0000000000
   0.1149999996  -0.0000000000   0.0000000000  -0.0000000000
   0.1199999996  -0.0000000000   0.0000000000  -0.0000000000
   0.1249999996  -0.0000000000   0.0000000000  -0.0000000000
   0.1299999996  -0.0000000000   0.0000000000  -0.0000000000
   0.1349999995   0.0000000000   0.0000000000   0.0000000000
   0.1399999995   0.0000000000  -0.0000000000   0.0000000000
   0.1449999995   0.0000000000  -0.0000000000   0.0000000000
   0.1499999995   0.0000000000  -0.0000000000   0.0000000000
   0.1549999995   0.0000000000  -0.0000000000   0.0000000000
   0.1599999995   0.0000000000  -0.0000000000   0.0000000000
   0.1649999994   0.0000000000  -0.0000000000   0.0000000000
   0.1699999994   0.0000000000  -0.0000000000   0.0000000000
   0.1749999994   0.0000000000  -0.0000000000   0.0000000000
   0.1799999994   0.0000000000  -0.0000000000   0.0000000000
   0.1849999994   0.0000000000  -0.0000000000   0.0000000000
   0.1899999994   0.0000000000  -0.0000000000   0.0000000000
   0.1949999993   0.0000000000  -0.0000000000   0.0000000000
   0.1999999993   0.0000000000  -0.0000000000   0.0000000000
   0.2049999993   0.0000000000  -0.0000000000   0.0000000000
   0.2099999993   0.0000000000  -0.0000000000   0.0000000000
   0.2149999993   0.0000000000  -0.0000000000   0.0000000000
   0.2199999993   0.0000000000  -0.0000000000   0.0000000000
   0.2249999992   0.0000000000  -0.0000000000   0.0000000000
   0.2299999992   0.0000000000  -0.0000000000   0.0000000000
   0.2349999992   0.0000000000  -0.0000000000   0.0000000000
   0.2399999992   0.0000000000  -0.0000000000   0.0000000000
   0.2449999992   0.0000000000  -0.0000000000   0.0000000000
   0.2499999992   0.0000000000  -0.0000000000   0.0000000000
   0.2549999991   0.0000000000  -0.0000000000   0.0000000000
   0.2599999991   0.0000000000  -0.0000000000   0.0000000000
   0.2649999991   0.0000000000  -0.0000000000   0.0000000000
   0.2699999991   0.0000000000  -0.0000000000   0.0000000000
   0.2749999991   0.0000000000  -0.0000000000   0.0000000000
   0.2799999991   0.0000000000  -0.0000000000   0.0000000000
   0.2849999990   0.0000000000  -0.0000000000   0.0000000000
   0.2899999990   0.0000000000  -0.0000000000   0.0000000000
   0.2949999990   0.0000000000  -0.0000000000   0.0000000000
   0.2999999990   0.0000000000  -0.0000000000   0.0000000000
   0.3049999990   0.0000000000  -0.0000000000   0.0000000000
   0.3099999990   0.0000000000  -0.0000000000   0.0000000000
   0.3149999989   0.0000000000  -0.0000000000   0.0000000000
   0.3199999989   0.0000000000  -0.0000000000   0.0000000000
   0.3249999989   0.0000000000  -0.0000000000   0.0000000000
   0.3299999989   0.0000000000  -0.0000000000   0.0000000000
   0.3349999989   0.0000000000  -0.0000000000   0.0000000000
   0.3399999989   0.0000000000  -0.0000000000   0.0000000000
   0.3449999988   0.0000000000  -0.0000000000   0.0000000000
   0.3499999988   0.0000000000  -0.0000000000   0.0000000000
   0.3549999988   0.0000000000  -0.0000000000   0.0000000000
   0.3599999988   0.0000000000  -0.0000000000   0.0000000000
   0.3649999988   0.0000000000  -0.0000000000   0.0000000000
   0.3699999988   0.0000000000  -0.0000000000   0.0000000000
   0.3749999987   0.0000000000  -0.0000000000   0.0000000000
   0.3799999987   0.0000000000  -0.0000000000   0.0000000000
   0.3849999987   0.0000000000  -0.0000000000   0.0000000000
   0.3899999987   0.0000000000  -0.0000000000   0.0000000000
   0.3949999987   0.0000000000  -0.0000000000   0.0000000000
   0.3999999987   0.0000000000  -0.0000000000   0.0000000000
   0.4049999986   0.0000000000   0.0000000000   0.0000000000
   0.4099999986   0.0000000000   0.0000000000   0.0000000000
   0.4149999986  -0.0000000000   0.0000000000  -0.0000000000
   0.4199999986  -0.0000000000   0.0000000000  -0.0000000000
   0.4249999986  -0.0000000000   0.0000000000  -0.0000000000
   0.4299999986  -0.0000000000   0.0000000000  -0.0000000000
   0.4349999985  -0.0000000000   0.0000000000  -0.0000000000
   0.4399999985  -0.0000000000   0.0000000000  -0.0000000000
   0.4449999985  -0.0000000000   0.0000000000  -0.0000000000
   0.4499999985  -0.0000000000   0.0000000000  -0.0000000000
   0.4549999985  -0.0000000000   0.0000000000  -0.0000000000
   0.4599999985  -0.0000000000   0.0000000000  -0.0000000000
   0.4649999984  -0.0000000000   0.0000000000  -0.0000000000
   0.4699999984  -0.0000000000   0.0000000000  -0.0000000000
   0.4749999984  -0.0000000000   0.0000000000  -0.0000000000
   0.4799999984  -0.0000000000   0.0000000000  -0.0000000000
   0.4849999984  -0.0000000000   0.0000000000  -0.0000000000
   0.4899999984  -0.0000000000   0.0000000000  -0.0000000000
   0.4949999983  -0.0000000000   0.0000000000  -0.0000000000
   0.4999999983  -0.0000000000   0.0000000000  -0.0000000000
   0.5049999983  -0.0000000000   0.0000000000  -0.0000000000
   0.5099999983  -0.0000000000   0.0000000000  -0.0000000000
   0.5149999983  -0.0000000000   0.0000000000  -0.0000000000
   0.5199999983  -0.0000000000   0.0000000000  -0.0000000000
   0.5249999982  -0.0000000000   0.0000000000  -0.0000000000
   0.5299999982  -0.0000000000   0.0000000000  -0.0000000000
   0.5349999982  -0.0000000000   0.0000000000  -0.0000000000
   0.5399999982  -0.0000000000   0.0000000000  -0.0000000000
   0.5449999982  -0.0000000000   0.0000000000  -0.0000000000
   0.5499999982  -0.0000000000   0.0000000000  -0.0000000000
   0.5549999981  -0.0000000000   0.0000000000  -0.0000000000
   0.5599999981  -0.0000000000   0.0000000000  -0.0000000000
   0.5649999981  -0.0000000000   0.0000000000  -0.0000000000
   0.5699999981  -0.0000000000   0.0000000000  -0.0000000000
   0.5749999981  -0.0000000000   0.0000000000  -0.0000000000
   0.5799999981  -0.0000000000   0.0000000000  -0.0000000000
   0.5849999980  -0.0000000000   0.0000000000  -0.0000000000
   0.5899999980  -0.0000000000   0.0000000000  -0.0000000000
   0.5949999980  -0.0000000000   0.0000000000  -0.0000000000
   0.5999999980  -0.0000000000   0.0000000000  -0.0000000000
   0.6049999980  -0.0000000000   0.0000000000  -0.0000000000
   0.6099999980   0.0000000000   0.0000000000   0.0000000000
   0.6149999979   0.0000000000   0.0000000000   0.0000000000
   0.6199999979   0.0000000000   0.0000000000   0.0000000000
   0.6249999979   0.0000000000   0.0000000000   0.0000000000
   0.6299999979   0.0000000000   0.0000000000   0.0000000000
   0.6349999979   0.0000000000   0.0000000000   0.0000000000
   0.6399999979   0.0000000000   0.0000000000   0.0000000000
   0.6449999978   0.0000000000   0.0000000000   0.0000000000
   0.6499999978   0.0000000000   0.0000000000   0.0000000000
   0.6549999978   0.0000000000   0.0000000000   0.0000000000
   0.6599999978   0.0000000000   0.0000000000   0.0000000000
   0.6649999978   0.0000000000   0.0000000000   0.0000000000
   0.6699999978   0.0000000000   0.0000000000   0.0000000000
   0.6749999977   0.0000000000  -0.0000000000   0.0000000000
   0.6799999977   0.0000000000  -0.0000000000   0.0000000000
   0.6849999977   0.0000000000  -0.0000000000   0.0000000000
   0.6899999977   0.0000000000  -0.0000000000   0.0000000000
   0.6949999977   0.0000000000  -0.0000000000   0.0000000000
   0.6999999976  -0.0000000000  -0.0000000000  -0.0000000000
   0.7049999976  -0.0000000000  -0.0000000000  -0.0000000000
   0.7099999976  -0.0000000000  -0.0000000000  -0.0000000000
   0.7149999976  -0.0000000000  -0.0000000000  -0.0000000000
   0.7199999976  -0.0000000000  -0.0000000000  -0.0000000000
   0.7249999976  -0.0000000000  -0.0000000000  -0.0000000000
   0.7299999975  -0.0000000000   0.0000000000  -0.0000000000
   0.7349999975   0.0000000000   0.0000000000   0.0000000000
   0.7399999975   0.0000000000   0.0000000000   0.0000000000
   0.7449999975   0.0000000000   0.0000000000   0.0000000000
   0.7499999975   0.0000000000   0.0000000000   0.0000000000
   0.7549999975   0.0000000000   0.0000000000   0.0000000000
   0.7599999974   0.0000000000   0.0000000000   0.0000000000
   0.7649999974   0.0000000000   0.0000000000   0.0000000000
   0.7699999974   0.0000000000   0.0000000000   0.0000000000
   0.7749999974   0.0000000000   0.0000000000   0.0000000000
   0.7799999974   0.0000000000   0.0000000000   0.0000000000
   0.7849999974   0.0000000000   0.0000000000   0.0000000000
   0.7899999973   0.0000000000   0.0000000000   0.0000000000
   0.7949999973   0.0000000000   0.0000000000   0.0000000000
   0.7999999973   0.0000000000   0.0000000000   0.0000000000
   0.8049999973   0.0000000000   0.0000000000   0.0000000000
   0.8099999973   0.0000000000   0.0000000000   0.0000000000
   0.8149999973   0.0000000000   0.0000000000   0.0000000000
   0.8199999972   0.0000000000   0.0000000000   0.0000000000
   0.8249999972   0.0000000000   0.0000000000   0.0000000000
   0.8299999972   0.0000000000   0.0000000000   0.0000000000
   0.8349999972   0.0000000000   0.0000000000   0.0000000000
   0.8399999972   0.0000000000   0.0000000000   0.0000000000
   0.8449999972   0.0000000000   0.0000000000   0.0000000000
   0.8499999971   0.0000000000   0.0000000000   0.0000000000
   0.8549999971   0.0000000000   0.0000000000   0.0000000000
   0.8599999971   0.0000000000   0.0000000000   0.0000000000
   0.8649999971   0.0000000000   0.0000000000   0.0000000000
   0.8699999971   0.0000000000   0.0000000000   0.0000000000
   0.8749999971   0.0000000000   0.0000000000   0.0000000000
   0.8799999970   0.0000000000   0.0000000000   0.0000000000
   0.8849999970   0.0000000000   0.0000000000   0.0000000000
   0.8899999970   0.0000000000   0.0000000000   0.0000000000
   0.8949999970   0.0000000000   0.0000000000   0.0000000000
   0.8999999970   0.0000000000   0.0000000000   0.0000000000
   0.9049999970   0.0000000000   0.0000000000   0.0000000000
   0.9099999969   0.0000000000   0.0000000000   0.0000000000
   0.9149999969   0.0000000000   0.0000000000   0.0000000000
   0.9199999969   0.0000000000   0.0000000000   0.0000000000
   0.9249999969   0.0000000000   0.0000000000   0.0000000000
   0.9299999969   0.0000000000   0.0000000000   0.0000000000
   0.9349999969   0.0000000000   0.0000000000   0.0000000000
   0.9399999968   0.0000000000   0.0000000000   0.0000000000
   0.9449999968   0.0000000000   0.0000000000   0.0000000000
   0.9499999968   0.0000000000   0.0000000000   0.0000000000
   0.9549999968   0.0000000000   0.0000000000   0.0000000000
   0.9599999968   0.0000000000   0.0000000000   0.0000000000
   0.9649999968   0.0000000000   0.0000000000   0.0000000000
   0.9699999967   0.0000000000   0.0000000000   0.0000000000
   0.9749999967   0.0000000000   0.0000000000   0.0000000000
   0.9799999967   0.0000000000   0.0000000000   0.0000000000
   0.9849999967   0.0000000000   0.0000000000   0.0000000000
   0.9899999967   0.0000000000   0.0000000000   0.0000000000
   0.9949999967   0.0000000000   0.0000000000   0.0000000000
   0.9999999966   0.0000000000   0.0000000000   0.0000000000
   1.0049999966   0.0000000000   0.0000000000   0.0000000000
   1.0099999966   0.0000000000   0.0000000000   0.0000000000
   1.0149999966   0.0000000000   0.0000000000   0.0000000000
   1.0199999966   0.0000000000   0.0000000000   0.0000000000
   1.0249999966   0.0000000000   0.0000000000   0.0000000000
   1.0299999965   0.0000000000   0.0000000000   0.0000000000
   1.0349999965   0.0000000000   0.0000000000   0.0000000000
   1.0399999965   0.0000000000   0.0000000000   0.0000000000
   1.0449999965   0.0000000000   0.0000000000   0.0000000000
   1.0499999965   0.0000000000   0.0000000000   0.0000000000
   1.0549999965   0.0000000000   0.0000000000   0.0000000000
   1.0599999964   0.0000000000   0.0000000000   0.0000000000
   1.0649999964   0.0000000000   0.0000000000   0.0000000000
   1.0699999964   0.0000000000   0.0000000000   0.0000000000
   1.0749999964   0.0000000000   0.0000000000   0.0000000000
   1.0799999964   0.0000000000   0.0000000000   0.0000000000
   1.0849999964   0.0000000000   0.0000000000   0.0000000000
   1.0899999963   0.0000000000   0.0000000000   0.0000000000
   1.0949999963   0.0000000000   0.0000000000   0.0000000000
   1.0999999963   0.0000000000   0.0000000000   0.0000000000
   1.1049999963   0.0000000000   0.0000000000   0.0000000000
   1.1099999963   0.0000000000   0.0000000000   0.0000000000
   1.1149999963   0.0000000000   0.0000000000   0.0000000000
   1.1199999962   0.0000000000   0.0000000000   0.0000000000
   1.1249999962   0.0000000000   0.0000000000   0.0000000000
   1.1299999962   0.0000000000   0.0000000000   0.0000000000
   1.1349999962   0.0000000000   0.0000000000   0.0000000000
   1.1399999962   0.0000000000   0.0000000000   0.0000000000
   1.1449999962  -0.0000000000  -0.0000000000  -0.0000000000
   1.1499999961  -0.0000000000  -0.0000000000  -0.0000000000
   1.1549999961  -0.0000000000  -0.0000000000  -0.0000000000
   1.1599999961  -0.0000000000  -0.0000000000  -0.0000000000
   1.1649999961  -0.0000000000  -0.0000000000  -0.0000000000
   1.1699999961  -0.0000000000  -0.0000000000  -0.0000000000
   1.1749999961  -0.0000000000  -0.0000000000  -0.0000000000
   1.1799999960  -0.0000000000  -0.0000000000  -0.0000000000
   1.1849999960  -0.0000000000  -0.0000000000  -0.0000000000
   1.1899999960  -0.0000000000  -0.0000000000  -0.0000000000
   1.1949999960  -0.0000000000  -0.0000000000  -0.0000000000
   1.1999999960  -0.0000000000  -0.0000000000  -0.0000000000
   1.2049999960  -0.0000000000  -0.0000000000  -0.0000000000
   1.2099999959  -0.0000000000  -0.0000000000  -0.0000000000
   1.2149999959  -0.0000000000  -0.0000000000  -0.0000000000
   1.2199999959   0.0000000000   0.0000000000   0.0000000000
   1.2249999959   0.0000000000   0.0000000000   0.0000000000
   1.2299999959   0.0000000000   0.0000000000   0.0000000000
   1.2349999959   0.0000000000   0.0000000000   0.0000000000
   1.2399999958   0.0000000000   0.0000000000   0.0000000000
   1.2449999958   0.0000000000   0.0000000000   0.0000000000
   1.2499999958   0.0000000000   0.0000000000   0.0000000000
   1.2549999958   0.0000000000   0.0000000000   0.0000000000
   1.2599999958   0.0000000000   0.0000000000   0.0000000000
   1.2649999958   0.0000000000   0.0000000000   0.0000000000
   1.2699999957   0.0000000000   0.0000000000   0.0000000000
   1.2749999957   0.0000000000   0.0000000000   0.0000000000
   1.2799999957   0.0000000000   0.0000000000   0.0000000000
   1.2849999957  -0.0000000000  -0.0000000000  -0.0000000000
   1.2899999957  -0.0000000000  -0.0000000000  -0.0000000000
   1.2949999957  -0.0000000000  -0.0000000000  -0.0000000000
   1.2999999956  -0.0000000000  -0.0000000000  -0.0000000000
   1.3049999956  -0.0000000000  -0.0000000000  -0.0000000000
   1.3099999956  -0.0000000000  -0.0000000000  -0.0000000000
   1.3149999956  -0.0000000000  -0.0000000000  -0.0000000000
   1.3199999956  -0.0000000000  -0.0000000000  -0.0000000000
   1.3249999956  -0.0000000000  -0.0000000000  -0.0000000000
   1.3299999955  -0.0000000000  -0.0000000000  -0.0000000000
   1.3349999955  -0.0000000000  -0.0000000000  -0.0000000000
   1.3399999955   0.0000000000  -0.0000000000   0.0000000000
   1.3449999955   0.0000000000   0.0000000000   0.0000000000
   1.3499999955   0.0000000000   0.0000000000   0.0000000000
   1.3549999954   0.0000000000   0.0000000000   0.0000000000
   1.3599999954   0.0000000000   0.0000000000   0.0000000000
   1.3649999954   0.0000000000   0.0000000000   0.0000000000
   1.3699999954   0.0000000000   0.0000000000   0.0000000000
   1.3749999954   0.0000000000   0.0000000000   0.0000000000
   1.3799999954   0.0000000000   0.0000000000   0.0000000000
   1.3849999953   0.0000000000   0.0000000000   0.0000000000
   1.3899999953   0.0000000000   0.0000000000   0.0000000000
   1.3949999953  -0.0000000000  -0.0000000000  -0.0000000000
   1.3999999953  -0.0000000000  -0.0000000000  -0.0000000000
   1.4049999953  -0.0000000000  -0.0000000000  -0.0000000000
   1.4099999953  -0.0000000000  -0.0000000000  -0.0000000000
   1.4149999952  -0.0000000000  -0.0000000000  -0.0000000000
   1.4199999952  -0.0000000000  -0.0000000000  -0.0000000000
   1.4249999952  -0.0000000000  -0.0000000000  -0.0000000000
   1.4299999952  -0.0000000000  -0.0000000000  -0.0000000000
   1.4349999952  -0.0000000000  -0.0000000000  -0.0000000000
   1.4399999952  -0.0000000000  -0.0000000000  -0.0000000000
   1.4449999951   0.0000000000   0.0000000000   0.0000000000
   1.4499999951   0.0000000000   0.0000000000   0.0000000000
   1.4549999951   0.0000000000   0.0000000000   0.0000000000
   1.4599999951   0.0000000000   0.0000000000   0.0000000000
   1.4649999951   0.0000000000   0.0000000000   0.0000000000
   1.4699999951   0.0000000000   0.0000000000   0.0000000000
   1.4749999950   0.0000000000   0.0000000000   0.0000000000
   1.4799999950   0.0000000000   0.0000000000   0.0000000000
   1.4849999950   0.0000000000   0.0000000000   0.0000000000
   1.4899999950  -0.0000000000  -0.0000000000  -0.0000000000
   1.4949999950  -0.0000000000  -0.0000000000  -0.0000000000
   1.4999999950  -0.0000000000  -0.0000000000  -0.0000000000
   1.5049999949  -0.0000000000  -0.0000000000  -0.0000000000
   1.5099999949  -0.0000000000  -0.0000000000  -0.0000000000
   1.5149999949  -0.0000000000  -0.0000000000  -0.0000000000
   1.5199999949  -0.0000000000  -0.0000000000  -0.0000000000
   1.5249999949  -0.0000000000  -0.0000000000  -0.0000000000
   1.5299999949  -0.0000000000  -0.0000000000  -0.0000000000
   1.5349999948   0.0000000000   0.0000000000   0.0000000000
   1.5399999948   0.0000000000   0.0000000000   0.0000000000
   1.5449999948   0.0000000000   0.0000000000   0.0000000000
   1.5499999948   0.0000000000   0.0000000000   0.0000000000
   1.5549999948   0.0000000000   0.0000000000   0.0000000000
   1.5599999948   0.0000000000   0.0000000000   0.0000000000
   1.5649999947   0.0000000000   0.0000000000   0.0000000000
   1.5699999947   0.0000000000   0.0000000000   0.0000000000
   1.5749999947  -0.0000000000   0.0000000000  -0.0000000000
   1.5799999947  -0.0000000000  -0.0000000000  -0.0000000000
   1.5849999947  -0.0000000000  -0.0000000000  -0.0000000000
   1.5899999947  -0.0000000001  -0.0000000000  -0.0000000001
   1.5949999946  -0.0000000001  -0.0000000000  -0.0000000001
   1.5999999946  -0.0000000001  -0.0000000000  -0.0000000001
   1.6049999946  -0.0000000000  -0.0000000000  -0.0000000000
   1.6099999946  -0.0000000000  -0.0000000000  -0.0000000000
   1.6149999946   0.0000000000  -0.0000000000   0.0000000000
   1.6199999946   0.0000000000   0.0000000000   0.0000000000
   1.6249999945   0.0000000001   0.0000000000   0.0000000001
   1.6299999945   0.0000000001   0.0000000000   0.0000000001
   1.6349999945   0.0000000001   0.0000000001   0.0000000001
   1.6399999945   0.0000000001   0.0000000001   0.0000000001
   1.6449999945   0.0000000001   0.0000000000   0.0000000001
   1.6499999945   0.0000000000   0.0000000000   0.0000000000
   1.6549999944  -0.0000000000   0.0000000000  -0.0000000000
   1.6599999944  -0.0000000001  -0.0000000000  -0.0000000001
   1.6649999944  -0.0000000001  -0.0000000001  -0.0000000001
   1.6699999944  -0.0000000001  -0.0000000001  -0.0000000001
   1.6749999944  -0.0000000001  -0.0000000001  -0.0000000001
   1.6799999944  -0.0000000001  -0.0000000001  -0.0000000001
   1.6849999943  -0.0000000001  -0.0000000001  -0.0000000001
   1.6899999943   0.0000000000  -0.0000000000   0.0000000000
   1.6949999943   0.0000000001   0.0000000000   0.0000000001
   1.6999999943   0.0000000002   0.0000000001   0.0000000002
   1.7049999943   0.0000000002   0.0000000001   0.0000000002
   1.7099999943   0.0000000002   0.0000000001   0.0000000002
   1.7149999942   0.0000000002   0.0000000001   0.0000000002
   1.7199999942   0.0000000001   0.0000000001   0.0000000001
   1.7249999942   0.0000000000   0.0000000001   0.0000000000
   1.7299999942  -0.0000000001   0.0000000000  -0.0000000001
   1.7349999942  -0.0000000002  -0.0000000001  -0.0000000002
   1.7399999942  -0.0000000003  -0.0000000001  -0.0000000003
   1.7449999941  -0.0000000003  -0.0000000002  -0.0000000003
   1.7499999941  -0.0000000003  -0.0000000002  -0.0000000003
   1.7549999941  -0.0000000002  -0.0000000002  -0.0000000002
   1.7599999941  -0.0000000001  -0.0000000001  -0.0000000001
   1.7649999941   0.0000000001  -0.0000000000   0.0000000001
   1.7699999941   0.0000000002   0.0000000000   0.0000000002
   1.7749999940   0.0000000003   0.0000000001   0.0000000003
   1.7799999940   0.0000000004   0.0000000002   0.0000000004
   1.7849999940   0.0000000004   0.0000000002   0.0000000004
   1.7899999940   0.0000000003   0.0000000002   0.0000000003
   1.7949999940   0.0000000001   0.0000000002   0.0000000001
   1.7999999940  -0.0000000001   0.0000000001  -0.0000000001
   1.8049999939  -0.0000000003  -0.0000000000  -0.0000000003
   1.8099999939  -0.0000000004  -0.0000000001  -0.0000000004
   1.8149999939  -0.0000000005  -0.0000000002  -0.0000000005
   1.8199999939  -0.0000000005  -0.0000000003  -0.0000000005
   1.8249999939  -0.0000000004  -0.0000000003  -0.0000000004
   1.8299999939  -0.0000000002  -0.0000000002  -0.0000000002
   1.8349999938   0.0000000001  -0.0000000001   0.0000000001
   1.8399999938   0.0000000003   0.0000000001   0.0000000003
   1.8449999938   0.0000000005   0.0000000002   0.0000000005
   1.8499999938   0.0000000006   0.0000000003   0.0000000006
   1.8549999938   0.0000000006   0.0000000003   0.0000000006
   1.8599999938   0.0000000004   0.0000000003   0.0000000004
   1.8649999937   0.0000000001   0.0000000002   0.0000000001
   1.8699999937  -0.0000000002   0.0000000001  -0.0000000002
   1.8749999937  -0.0000000004  -0.0000000001  -0.0000000004
   1.8799999937  -0.0000000006  -0.0000000002  -0.0000000006
   1.8849999937  -0.0000000007  -0.0000000003  -0.0000000007
   1.8899999937  -0.0000000006  -0.0000000004  -0.0000000006
   1.8949999936  -0.0000000004  -0.0000000003  -0.0000000004
   1.8999999936  -0.0000000000  -0.0000000002  -0.0000000000
   1.9049999936   0.0000000003  -0.0000000000   0.0000000003
   1.9099999936   0.0000000006   0.0000000002   0.0000000006
   1.9149999936   0.0000000008   0.0000000003   0.0000000008
   1.9199999936   0.0000000007   0.0000000004   0.0000000007
   1.9249999935   0.0000000006   0.0000000004   0.0000000006
   1.9299999935   0.0000000002   0.0000000003   0.0000000002
   1.9349999935  -0.0000000002   0.0000000001  -0.0000000001
   1.9399999935  -0.0000000005  -0.0000000001  -0.0000000005
   1.9449999935  -0.0000000008  -0.0000000003  -0.0000000008
   1.9499999935  -0.0000000008  -0.0000000004  -0.0000000008
   1.9549999934  -0.0000000007  -0.0000000004  -0.0000000007
   1.9599999934  -0.0000000004  -0.0000000003  -0.0000000004
   1.9649999934   0.0000000000  -0.0000000002   0.0000000000
   1.9699999934   0.0000000004   0.0000000000   0.0000000004
   1.9749999934   0.0000000008   0.0000000002   0.0000000008
   1.9799999934   0.0000000009   0.0000000004   0.0000000009
   1.9849999933   0.0000000008   0.0000000004   0.0000000008
   1.9899999933   0.0000000005   0.0000000004   0.0000000005
   1.9949999933   0.0000000001   0.0000000002   0.0000000001
   1.9999999933  -0.0000000004   0.0000000000  -0.0000000004
   2.0049999933  -0.0000000008  -0.0000000002  -0.0000000008
   2.0099999933  -0.0000000010  -0.0000000004  -0.0000000010
   2.0149999932  -0.0000000009  -0.0000000005  -0.0000000010
   2.0199999932  -0.0000000006  -0.0000000004  -0.0000000006
   2.0249999932  -0.0000000001  -0.0000000003  -0.0000000002
   2.0299999932   0.0000000004  -0.0000000000   0.0000000004
   2.0349999932   0.0000000009   0.0000000002   0.0000000009
   2.0399999931   0.0000000011   0.0000000004   0.0000000011
   2.0449999931   0.0000000011   0.0000000005   0.0000000011
   2.0499999931   0.0000000007   0.0000000005   0.0000000007
   2.0549999931   0.0000000002   0.0000000003   0.0000000002
   2.0599999931  -0.0000000005   0.0000000000  -0.0000000004
   2.0649999931  -0.0000000010  -0.0000000003  -0.0000000010
   2.0699999930  -0.0000000013  -0.0000000005  -0.0000000013
   2.0749999930  -0.0000000013  -0.0000000006  -0.0000000013
   2.0799999930  -0.0000000009  -0.0000000006  -0.0000000009
   2.0849999930  -0.0000000002  -0.0000000004  -0.0000000002
   2.0899999930   0.0000000005  -0.0000000000   0.0000000005
   2.0949999930   0.0000000012   0.0000000003   0.0000000012
   2.0999999929   0.0000000015   0.0000000007   0.0000000015
   2.1049999929   0.0000000015   0.0000000008   0.0000000015
   2.1099999929   0.0000000010   0.0000000008   0.0000000010
   2.1149999929   0.0000000002   0.0000000006   0.0000000002
   2.1199999929  -0.0000000007   0.0000000002  -0.0000000007
   2.1249999929  -0.0000000015  -0.0000000002  -0.0000000015
   2.1299999928  -0.0000000019  -0.0000000006  -0.0000000019
   2.1349999928  -0.0000000018  -0.0000000009  -0.0000000018
   2.1399999928  -0.0000000012  -0.0000000009  -0.0000000012
   2.1449999928  -0.0000000002  -0.0000000007  -0.0000000003
   2.1499999928   0.0000000009  -0.0000000004   0.0000000009
   2.1549999928   0.0000000019   0.0000000000   0.0000000019
   2.1599999927   0.0000000025   0.0000000004   0.0000000025
   2.1649999927   0.0000000025   0.0000000005   0.0000000025
   2.1699999927   0.0000000019   0.0000000004   0.0000000019
   2.1749999927   0.0000000008   0.0000000001   0.0000000008
   2.1799999927  -0.0000000006  -0.0000000003  -0.0000000006
   2.1849999927  -0.0000000018  -0.0000000007  -0.0000000018
   2.1899999926  -0.0000000025  -0.0000000009  -0.0000000025
   2.1949999926  -0.0000000026  -0.0000000009  -0.0000000026
   2.1999999926  -0.0000000021  -0.0000000004  -0.0000000021
   2.2049999926  -0.0000000010   0.0000000004  -0.0000000010
   2.2099999926   0.0000000003   0.0000000013   0.0000000003
   2.2149999926   0.0000000014   0.0000000022   0.0000000014
   2.2199999925   0.0000000020   0.0000000029   0.0000000020
   2.2249999925   0.0000000019   0.0000000031   0.0000000019
   2.2299999925   0.0000000011   0.0000000027   0.0000000011
   2.2349999925  -0.0000000002   0.0000000019  -0.0000000002
   2.2399999925  -0.0000000015   0.0000000006  -0.0000000015
   2.2449999925  -0.0000000025  -0.0000000009  -0.0000000025
   2.2499999924  -0.0000000027  -0.0000000022  -0.0000000027
   2.2549999924  -0.0000000020  -0.0000000032  -0.0000000020
   2.2599999924  -0.0000000003  -0.0000000036  -0.0000000003
   2.2649999924   0.0000000020  -0.0000000034   0.0000000020
   2.2699999924   0.0000000043  -0.0000000027   0.0000000043
   2.2749999924   0.0000000062  -0.0000000017   0.0000000062
   2.2799999923   0.0000000072  -0.0000000005   0.0000000072
   2.2849999923   0.0000000070   0.0000000006   0.0000000070
   2.2899999923   0.0000000057   0.0000000015   0.0000000057
   2.2949999923   0.0000000037   0.0000000021   0.0000000037
   2.2999999923   0.0000000016   0.0000000026   0.0000000016
   2.3049999923   0.0000000001   0.0000000030   0.0000000001
   2.3099999922  -0.0000000003   0.0000000035  -0.0000000003
   2.3149999922   0.0000000007   0.0000000044   0.0000000008
   2.3199999922   0.0000000031   0.0000000055   0.0000000032
   2.3249999922   0.0000000064   0.0000000067   0.0000000065
   2.3299999922   0.0000000101   0.0000000080   0.0000000101
   2.3349999922   0.0000000133   0.0000000089   0.0000000133
   2.3399999921   0.0000000155   0.0000000093   0.0000000156
   2.3449999921   0.0000000164   0.0000000090   0.0000000165
   2.3499999921   0.0000000160   0.0000000082   0.0000000161
   2.3549999921   0.0000000148   0.0000000068   0.0000000149
   2.3599999921   0.0000000132   0.0000000054   0.0000000134
   2.3649999921   0.0000000119   0.0000000041   0.0000000121
   2.3699999920   0.0000000113   0.0000000034   0.0000000116
   2.3749999920   0.0000000114   0.0000000032   0.0000000117
   2.3799999920   0.0000000119   0.0000000036   0.0000000122
   2.3849999920   0.0000000121   0.0000000041   0.0000000124
   2.3899999920   0.0000000112   0.0000000045   0.0000000116
   2.3949999920   0.0000000085   0.0000000041   0.0000000090
   2.3999999919   0.0000000036   0.0000000025   0.0000000041
   2.4049999919  -0.0000000037  -0.0000000006  -0.0000000031
   2.4099999919  -0.0000000128  -0.0000000051  -0.0000000123
   2.4149999919  -0.0000000232  -0.0000000107  -0.0000000226
   2.4199999919  -0.0000000338  -0.0000000171  -0.0000000331
   2.4249999919  -0.0000000438  -0.0000000236  -0.0000000431
   2.4299999918  -0.0000000526  -0.0000000297  -0.0000000520
   2.4349999918  -0.0000000602  -0.0000000349  -0.0000000595
   2.4399999918  -0.0000000667  -0.0000000391  -0.0000000660
   2.4449999918  -0.0000000725  -0.0000000421  -0.0000000717
   2.4499999918  -0.0000000780  -0.0000000441  -0.0000000771
   2.4549999918  -0.0000000835  -0.0000000453  -0.0000000824
   2.4599999917  -0.0000000885  -0.0000000458  -0.0000000873
   2.4649999917  -0.0000000924  -0.0000000455  -0.0000000909
   2.4699999917  -0.0000000940  -0.0000000443  -0.0000000923
   2.4749999917  -0.0000000921  -0.0000000419  -0.0000000900
   2.4799999917  -0.0000000855  -0.0000000378  -0.0000000832
   2.4849999917  -0.0000000738  -0.0000000318  -0.0000000713
   2.4899999916  -0.0000000568  -0.0000000236  -0.0000000543
   2.4949999916  -0.0000000354  -0.0000000135  -0.0000000332
   2.4999999916  -0.0000000110  -0.0000000018  -0.0000000094
   2.5049999916   0.0000000147   0.0000000107   0.0000000154
   2.5099999916   0.0000000397   0.0000000232   0.0000000396
   2.5149999916   0.0000000623   0.0000000345   0.0000000621
   2.5199999915   0.0000000811   0.0000000435   0.0000000828
   2.5249999915   0.0000000948   0.0000000489   0.0000001026
   2.5299999915   0.0000001020   0.0000000491   0.0000001235
   2.5349999915   0.0000001007   0.0000000423   0.0000001487
   2.5399999915   0.0000000879   0.0000000257   0.0000001831
   2.5449999915   0.0000000587  -0.0000000038   0.0000002324
   2.5499999914   0.0000000067  -0.0000000508   0.0000003047
   2.5549999914  -0.0000000773  -0.0000001205   0.0000004098
   2.5599999914  -0.0000002045  -0.0000002190   0.0000005606
   2.5649999914  -0.0000003886  -0.0000003533   0.0000007729
   2.5699999914  -0.0000006456  -0.0000005304   0.0000010664
   2.5749999914  -0.0000009937  -0.0000007573   0.0000014638
   2.5799999913  -0.0000014530  -0.0000010405   0.0000019912
   2.5849999913  -0.0000020453  -0.0000013847   0.0000026764
   2.5899999913  -0.0000027936  -0.0000017930   0.0000035475
   2.5949999913  -0.0000037213  -0.0000022654   0.0000046307
   2.5999999913  -0.0000048507  -0.0000027982   0.0000059480
   2.6049999913  -0.0000062015  -0.0000033830   0.0000075142
   2.6099999912  -0.0000077882  -0.0000040054   0.0000093345
   2.6149999912  -0.0000096173  -0.0000046442   0.0000114012
   2.6199999912  -0.0000116844  -0.0000052710   0.0000136919
   2.6249999912  -0.0000139710  -0.0000058498   0.0000161669
   2.6299999912  -0.0000164418  -0.0000063378   0.0000187688
   2.6349999912  -0.0000190420  -0.0000066869   0.0000214219
   2.6399999911  -0.0000216965  -0.0000068465   0.0000240338
   2.6449999911  -0.0000243089  -0.0000067671   0.0000264987
   2.6499999911  -0.0000267627  -0.0000064051   0.0000287017
   2.6549999911  -0.0000289241  -0.0000057277   0.0000305251
   2.6599999911  -0.0000306469  -0.0000047184   0.0000318563
   2.6649999911  -0.0000317800  -0.0000033808   0.0000325943
   2.6699999910  -0.0000321776  -0.0000017422   0.0000326568
   2.6749999910  -0.0000317128   0.0000001463   0.0000319841
   2.6799999910  -0.0000302942   0.0000022122   0.0000305398
   2.6849999910  -0.0000278841   0.0000043671   0.0000283080
   2.6899999910  -0.0000245171   0.0000065160   0.0000252859
   2.6949999909  -0.0000203160   0.0000085683   0.0000214748
   2.6999999909  -0.0000155023   0.0000104510   0.0000168698
   2.7049999909  -0.0000103946   0.0000121199   0.0000114550
   2.7099999909  -0.0000053926   0.0000135666   0.0000052054
   2.7149999909  -0.0000009411   0.0000148198  -0.0000018970
   2.7199999909   0.0000025278   0.0000159346  -0.0000098304
   2.7249999908   0.0000046755   0.0000169707  -0.0000184822
   2.7299999908   0.0000053535   0.0000179578  -0.0000275814
   2.7349999908   0.0000047087   0.0000188496  -0.0000366215
   2.7399999908   0.0000032799   0.0000194738  -0.0000447883
   2.7449999908   0.0000020648   0.0000194848  -0.0000509092
   2.7499999908   0.0000025306   0.0000183337  -0.0000534510
   2.7549999907   0.0000065412   0.0000152699  -0.0000505918
   2.7599999907   0.0000161740   0.0000093909  -0.0000403940
   2.7649999907   0.0000334060  -0.0000002446  -0.0000210983
   2.7699999907   0.0000596656  -0.0000144306   0.0000084514
   2.7749999907   0.0000952580  -0.0000335521   0.0000482622
   2.7799999907   0.0001387028  -0.0000572576   0.0000965572
   2.7849999906   0.0001860426  -0.0000840893   0.0001491083
   2.7899999906   0.0002302095  -0.0001111100   0.0001986204
   2.7949999906   0.0002605563  -0.0001335790   0.0002342720
   2.7999999906   0.0002626680  -0.0001447412   0.0002415269
   2.8049999906   0.0002185681  -0.0001357962   0.0002023327
   2.8099999906   0.0001074102  -0.0000961107   0.0000957976
   2.8149999905  -0.0000932919  -0.0000137204  -0.0001005971
   2.8199999905  -0.0004059029   0.0001238559  -0.0004092546
   2.8249999905  -0.0008504516   0.0003285071  -0.0008502620
   2.8299999905  -0.0014421190   0.0006101836  -0.0014388854
   2.8349999905  -0.0021886574   0.0009754173  -0.0021829877
   2.8399999905  -0.0030880263   0.0014258538  -0.0030806542
   2.8449999904  -0.0041265613   0.0019569702  -0.0041183411
   2.8499999904  -0.0052779789   0.0025571660  -0.0052698570
   2.8549999904  -0.0065034732   0.0032074003  -0.0064964336
   2.8599999904  -0.0077530593   0.0038815141  -0.0077480480
   2.8649999904  -0.0089681881   0.0045473108  -0.0089660233
   2.8699999904  -0.0100855000   0.0051683873  -0.0100867815
   2.8749999903  -0.0110414256   0.0057066121  -0.0110464566
   2.8799999903  -0.0117772027   0.0061250542  -0.0117859382
   2.8849999903  -0.0122437835   0.0063910854  -0.0122558157
   2.8899999903  -0.0124060703   0.0064793297  -0.0124206581
   2.8949999903  -0.0122459649   0.0063741180  -0.0122621069
   2.8999999903  -0.0117638326   0.0060711420  -0.0117803770
   2.9049999902  -0.0109781698   0.0055780782  -0.0109939488
   2.9099999902  -0.0099234958   0.0049140708  -0.0099374645
   2.9149999902  -0.0086467260   0.0041081029  -0.0086580893
   2.9199999902  -0.0072025071   0.0031964304  -0.0072108121
   2.9249999902  -0.0056481409   0.0022193851  -0.0056533224
   2.9299999902  -0.0040387915   0.0012179402  -0.0040411617
   2.9349999901  -0.0024236201   0.0002304681  -0.0024238027
   2.9399999901  -0.0008433438  -0.0007099055  -0.0008421622
   2.9449999901   0.0006705285  -0.0015770439   0.0006721926
   2.9499999901   0.0020948165  -0.0023524675   0.0020961712
   2.9549999901   0.0034124683  -0.0030249519   0.0034129440
   2.9599999901   0.0046096070  -0.0035892323   0.0046089500
   2.9649999900   0.0056725306  -0.0040441340   0.0056708433
   2.9699999900   0.0065853913  -0.0043905423   0.0065831114
   2.9749999900   0.0073291572  -0.0046296382   0.0073269787
   2.9799999900   0.0078822150  -0.0047617698   0.0078809650
   2.9849999900   0.0082226482  -0.0047861953   0.0082231389
   2.9899999900   0.0083318713  -0.0047017561   0.0083347529
   2.9949999899   0.0081989923  -0.0045083416   0.0082046326
   2.9999999899   0.0078250684  -0.0042088331   0.0078334789
   3.0049999899   0.0072263590  -0.0038110889   0.0072371826
   3.0099999899   0.0064357963  -0.0033294961   0.0064483572
   3.0149999899   0.0055021521  -0.0027856599   0.0055155618
   3.0199999899   0.0044867701  -0.0022079401   0.0045000710
   3.0249999898   0.0034581547  -0.0016297442   0.0034704768
   3.0299999898   0.0024851088  -0.0010867145   0.0024958141
   3.0349999898   0.0016294032  -0.0006131644   0.0016381919
   3.0399999898   0.0009390831  -0.0002382766   0.0009460455
   3.0449999898   0.0004434506   0.0000173469   0.0004490560
   3.0499999898   0.0001505059   0.0001442248   0.0001555300
   3.0549999897   0.0000472318   0.0001451967   0.0000526371
   3.0599999897   0.0001026435   0.0000350619   0.0001094314
   3.0649999897   0.0002730690  -0.0001613141   0.0002821299
   3.0699999897   0.0005087818  -0.0004121530   0.0005207643
   3.0749999897   0.0007609123  -0.0006827046   0.0007761340
   3.0799999897   0.0009875770  -0.0009393923   0.0010059861
   3.0849999896   0.0011583552  -0.0011535668   0.0011795459
   3.0899999896   0.0012565805  -0.0013043614   0.0012798559
   3.0949999896   0.0012793282  -0.0013803137   0.0013037961
   3.0999999896   0.0012353777  -0.0013796342   0.0012600607
   3.1049999896   0.0011417451  -0.0013092214   0.0011656883
   3.1099999896   0.0010195568  -0.0011827068   0.0010419147
   3.1149999895   0.0008900442  -0.0010179286   0.0009101382
   3.1199999895   0.0007713002  -0.0008342672   0.0007886425
   3.1249999895   0.0006761951  -0.0006502285   0.0006904819
   3.1299999895   0.0006115631  -0.0004815579   0.0006226452
   3.1349999895   0.0005785083  -0.0003400297   0.0005863493
   3.1399999895   0.0005734985  -0.0002329221   0.0005781320
   3.1449999894   0.0005898435  -0.0001630811   0.0005913372
   3.1499999894   0.0006191869  -0.0001294163   0.0006176198
   3.1549999894   0.0006527636  -0.0001276588   0.0006482160
   3.1599999894   0.0006823193  -0.0001512379   0.0006748749
   3.1649999894   0.0007007293  -0.0001921798   0.0006904841
   3.1699999894   0.0007024283  -0.0002419785   0.0006895025
   3.1749999893   0.0006837720  -0.0002924174   0.0006683205
   3.1799999893   0.0006433832  -0.0003363229   0.0006256031
   3.1849999893   0.0005824395  -0.0003682123   0.0005625756
   3.1899999893   0.0005047663  -0.0003847701   0.0004831144
   3.1949999893   0.0004165560  -0.0003850672   0.0003934677
   3.1999999893   0.0003255720  -0.0003704412   0.0003014594
   3.2049999892   0.0002398077  -0.0003439969   0.0002151476
   3.2099999892   0.0001657408  -0.0003097573   0.0001410754
   3.2149999892   0.0001064949  -0.0002715825   0.0000824241
   3.2199999892   0.0000603407  -0.0002320548   0.0000375004
   3.2249999892   0.0000199847  -0.0001915755  -0.0000009897
   3.2299999892  -0.0000270136  -0.0001479109  -0.0000455398
   3.2349999891  -0.0000965834  -0.0000963512  -0.0001121941
   3.2399999891  -0.0002054248  -0.0000305249  -0.0002178314
   3.2449999891  -0.0003677101   0.0000562478  -0.0003768551
   3.2499999891  -0.0005918888   0.0001693213  -0.0005979759
   3.2549999891  -0.0008783428   0.0003111683  -0.0008818336
   3.2599999891  -0.0012185079   0.0004802758  -0.0012200817
   3.2649999890  -0.0015957804   0.0006707926  -0.0015962581
   3.2699999890  -0.0019881201   0.0008730725  -0.0019883623
   3.2749999890  -0.0023718379   0.0010750475  -0.0023726321
   3.2799999890  -0.0027257354   0.0012641619  -0.0027276921
   3.2849999890  -0.0030346279   0.0014294425  -0.0030381021
   3.2899999890  -0.0032913860   0.0015632265  -0.0032964404
   3.2949999889  -0.0034969668   0.0016621276  -0.0035033816
   3.2999999889  -0.0036583905   0.0017269961  -0.0036657198
   3.3049999889  -0.0037851505   0.0017618709  -0.0037928128
   3.3099999889  -0.0038849709   0.0017721784  -0.0038923572
   3.3149999889  -0.0039600400   0.0017626383  -0.0039666189
   3.3199999889  -0.0040047746   0.0017354287  -0.0040101761
   3.3249999888  -0.0040058185   0.0016891179  -0.0040098814
   3.3299999888  -0.0039444172   0.0016186891  -0.0039471952
   3.3349999888  -0.0038006929   0.0015167100  -0.0038024214
   3.3399999888  -0.0035588117   0.0013753970  -0.0035598462
   3.3449999888  -0.0032117505   0.0011890773  -0.0032124911
   3.3499999888  -0.0027644061   0.0009564186  -0.0027652252
   3.3549999887  -0.0022341645   0.0006818306  -0.0022353502
   3.3599999887  -0.0016486615   0.0003756263  -0.0016503860
   3.3649999887  -0.0010411804   0.0000528354  -0.0010434942
   3.3699999887  -0.0004447529  -0.0002690992  -0.0004475994
   3.3749999887   0.0001136109  -0.0005732172   0.0001103676
   3.3799999886   0.0006171377  -0.0008458411   0.0006136831
   3.3849999886   0.0010609043  -0.0010786062   0.0010574490
   3.3899999886   0.0014504672  -0.0012692308   0.0014472309
   3.3949999886   0.0017979020  -0.0014208584   0.0017951057
   3.3999999886   0.0021163436  -0.0015401728   0.0021142039
   3.4049999886   0.0024145246  -0.0016348054   0.0024132443
   3.4099999885   0.0026928326  -0.0017107432   0.0026925824
   3.4149999885   0.0029420098  -0.0017704434   0.0029428987
   3.4199999885   0.0031449120  -0.0018121675   0.0031469517
   3.4249999885   0.0032809076  -0.0018307168   0.0032839792
   3.4299999885   0.0033317581  -0.0018193622   0.0033355923
   3.4349999885   0.0032873773  -0.0017724264   0.0032915606
   3.4399999884   0.0031498608  -0.0016877820   0.0031538722
   3.4449999884   0.0029345998  -0.0015685403   0.0029378797
   3.4499999884   0.0026680619  -0.0014234088   0.0026701021
   3.4549999884   0.0023827125  -0.0012655566   0.0023831520
   3.4599999884   0.0021103376  -0.0011102283   0.0021090425
   3.4649999884   0.0018754822  -0.0009717033   0.0018725899
   3.4699999883   0.0016907173  -0.0008603831   0.0016866299
   3.4749999883   0.0015549753  -0.0007807735   0.0015503002
   3.4799999883   0.0014553808  -0.0007308993   0.0014508245
   3.4849999883   0.0013720602  -0.0007033087   0.0013682964
   3.4899999883   0.0012846027  -0.0006873972   0.0012821415
   3.4949999883   0.0011783951  -0.0006724260   0.0011774818
   3.4999999882   0.0010490848  -0.0006504203   0.0010496518
   3.5049999882   0.0009039426  -0.0006181672   0.0009056271
   3.5099999882   0.0007597592  -0.0005777821   0.0007619845
   3.5149999882   0.0006378785  -0.0005357128   0.0006399815
   3.5199999882   0.0005577750  -0.0005004800   0.0005591540
   3.5249999882   0.0005310061  -0.0004798104   0.0005312534
   3.5299999881   0.0005572721  -0.0004779870   0.0005562640
   3.5349999881   0.0006237397  -0.0004941824   0.0006216623
   3.5399999881   0.0007078737  -0.0005222638   0.0007051794
   3.5449999881   0.0007830326  -0.0005521485   0.0007803370
   3.5499999881   0.0008253004  -0.0005723468   0.0008232445
   3.5549999881   0.0008196654  -0.0005729926   0.0008187736
   3.5599999880   0.0007638235  -0.0005485195   0.0007643904
   3.5649999880   0.0006685410  -0.0004992310   0.0006705710
   3.5699999880   0.0005544681  -0.0004313171   0.0005576804
   3.5749999880   0.0004462890  -0.0003553041   0.0004501838
   3.5799999880   0.0003658426  -0.0002833542   0.0003698127
   3.5849999880   0.0003261369  -0.0002261552   0.0003295956
   3.5899999879   0.0003279262  -0.0001902526   0.0003304245
   3.5949999879   0.0003597960  -0.0001765475   0.0003611019
   3.5999999879   0.0004017067  -0.0001803569   0.0004018328
   3.6049999879   0.0004309693  -0.0001929959   0.0004301463
   3.6099999879   0.0004289386  -0.0002044145   0.0004275448
   3.6149999879   0.0003865119  -0.0002061325   0.0003849793
   3.6199999878   0.0003068662  -0.0001936443   0.0003055854
   3.6249999878   0.0002046576  -0.0001676203   0.0002039043
   3.6299999878   0.0001019188  -0.0001335849   0.0001018147
   3.6349999878   0.0000218300  -0.0001001837   0.0000223430
   3.6399999878  -0.0000178581  -0.0000765564  -0.0000168801
   3.6449999878  -0.0000098760  -0.0000695755  -0.0000086501
   3.6499999877   0.0000404692  -0.0000817486   0.0000417205
   3.6549999877   0.0001167390  -0.0001103782   0.0001178370
   3.6599999877   0.0001959236  -0.0001482146   0.0001967636
   3.6649999877   0.0002548093  -0.0001854047   0.0002553672
   3.6699999877   0.0002763429  -0.0002121783   0.0002766621
   3.6749999877   0.0002541975  -0.0002215018   0.0002543639
   3.6799999876   0.0001942751  -0.0002109549   0.0001943897
   3.6849999876   0.0001127629  -0.0001833081   0.0001129185
   3.6899999876   0.0000313437  -0.0001456562   0.0000316112
   3.6949999876  -0.0000290403  -0.0001073743  -0.0000286157
   3.6999999876  -0.0000540794  -0.0000774893  -0.0000534768
   3.7049999876  -0.0000399835  -0.0000622159  -0.0000392014
   3.7099999875   0.0000057015  -0.0000633465   0.0000066474
   3.7149999875   0.0000665155  -0.0000779285   0.0000675920
   3.7199999875   0.0001219886  -0.0000992889   0.0001231431
   3.7249999875   0.0001535787  -0.0001190838   0.0001547390
   3.7299999875   0.0001499266  -0.0001297666   0.0001510062
   3.7349999875   0.0001099462  -0.0001267619   0.0001108561
   3.7399999874   0.0000429168  -0.0001097359   0.0000435850
   3.7449999874  -0.0000343764  -0.0000826207  -0.0000339847
   3.7499999874  -0.0001025690  -0.0000524160  -0.0001024343
   3.7549999874  -0.0001452517  -0.0000271375  -0.0001452952
   3.7599999874  -0.0001535209  -0.0000135149  -0.0001536130
   3.7649999874  -0.0001282706  -0.0000150997  -0.0001282565
   3.7699999873  -0.0000796380  -0.0000313100  -0.0000793723
   3.7749999873  -0.0000238379  -0.0000576595  -0.0000232222
   3.7799999873   0.0000216332  -0.0000870789   0.0000226217
   3.7849999873   0.0000430076  -0.0001119268   0.0000443056
   3.7899999873   0.0000340391  -0.0001261092   0.0000355087
   3.7949999873  -0.0000024657  -0.0001267081  -0.0000010046
   3.7999999872  -0.0000557403  -0.0001146781  -0.0000544639
   3.8049999872  -0.0001103761  -0.0000944455  -0.0001094104
   3.8099999872  -0.0001508496  -0.0000725556  -0.0001502366
   3.8149999872  -0.0001659323  -0.0000557793  -0.0001656181
   3.8199999872  -0.0001517382  -0.0000492223  -0.0001515890
   3.8249999872  -0.0001126002  -0.0000549648  -0.0001124410
   3.8299999871  -0.0000596084  -0.0000715882  -0.0000592746
   3.8349999871  -0.0000073164  -0.0000946868  -0.0000067030
   3.8399999871   0.0000303874  -0.0001181832   0.0000312933
   3.8449999871   0.0000440529  -0.0001360525   0.0000451669
   3.8499999871   0.0000310491  -0.0001439621   0.0000322140
   3.8549999871  -0.0000040414  -0.0001403801  -0.0000030086
   3.8599999870  -0.0000510275  -0.0001268726  -0.0000502788
   3.8649999870  -0.0000971663  -0.0001075463  -0.0000967737
   3.8699999870  -0.0001307497  -0.0000878297  -0.0001306794
   3.8749999870  -0.0001442051  -0.0000729584  -0.0001443232
   3.8799999870  -0.0001358872  -0.0000665898  -0.0001359971
   3.8849999870  -0.0001101506  -0.0000699184  -0.0001100512
   3.8899999869  -0.0000757903  -0.0000814998  -0.0000753392
   3.8949999869  -0.0000433814  -0.0000977934  -0.0000425428
   3.8999999869  -0.0000223123  -0.0001142345  -0.0000211759
   3.9049999869  -0.0000183351  -0.0001265163  -0.0000170972
   3.9099999869  -0.0000322549  -0.0001317268  -0.0000311671
   3.9149999869  -0.0000600269  -0.0001290446  -0.0000593250
   3.9199999868  -0.0000941302  -0.0001198385  -0.0000939643
   3.9249999868  -0.0001257582  -0.0001071798  -0.0001261440
   3.9299999868  -0.0001471844  -0.0000949351  -0.0001479908
   3.9349999868  -0.0001536753  -0.0000867039  -0.0001546536
   3.9399999868  -0.0001444916  -0.0000848869  -0.0001453389
   3.9449999868  -0.0001227993  -0.0000901187  -0.0001232389
   3.9499999867  -0.0000946070  -0.0001011845  -0.0000944642
   3.9549999867  -0.0000670812  -0.0001154121  -0.0000663314
   3.9599999867  -0.0000467110  -0.0001294076  -0.0000454876
   3.9649999867  -0.0000377842  -0.0001399310  -0.0000363420
   3.9699999867  -0.0000415123  -0.0001446859  -0.0000401561
   3.9749999867  -0.0000559514  -0.0001428379  -0.0000549511
   3.9799999866  -0.0000766663  -0.0001351545  -0.0000761801
   3.9849999866  -0.0000979196  -0.0001237574  -0.0000979484
   3.9899999866  -0.0001140716  -0.0001115692  -0.0001144574
   3.9949999866  -0.0001208658  -0.0001016003  -0.0001213342
   3.9999999866  -0.0001163272  -0.0000962491  -0.0001165629
   4.0049999866  -0.0001011080  -0.0000967734  -0.0001008423
   4.0099999865  -0.0000782401  -0.0001030455  -0.0000773257
   4.0149999865  -0.0000523750  -0.0001136335  -0.0000508283
   4.0199999865  -0.0000286925  -0.0001261811  -0.0000266915
   4.0249999865  -0.0000117151  -0.0001379911  -0.0000095534
   4.0299999865  -0.0000042829  -0.0001466785  -0.0000022940
   4.0349999864  -0.0000069110  -0.0001507420  -0.0000053829
   4.0399999864  -0.0000176748  -0.0001499234  -0.0000167779
   4.0449999864  -0.0000326611  -0.0001452687  -0.0000324091
   4.0499999864  -0.0000469004  -0.0001388729  -0.0000471524
   4.0549999864  -0.0000555791  -0.0001333612  -0.0000560828
   4.0599999864  -0.0000552551  -0.0001312278  -0.0000557160
   4.0649999863  -0.0000447788  -0.0001341878  -0.0000449377
   4.0699999863  -0.0000256739  -0.0001427081  -0.0000253713
   4.0749999863  -0.0000018527  -0.0001558400  -0.0000010644
   4.0799999863   0.0000212977  -0.0001714116   0.0000224618
   4.0849999863   0.0000382548  -0.0001865429   0.0000395857
   4.0899999863   0.0000447941  -0.0001983640   0.0000460414
   4.0949999862   0.0000391405  -0.0002047531   0.0000400765
   4.0999999862   0.0000225137  -0.0002049004   0.0000229867
   4.1049999862  -0.0000011103  -0.0001995380  -0.0000011449
   4.1099999862  -0.0000259894  -0.0001907631  -0.0000264677
   4.1149999862  -0.0000461209  -0.0001814871  -0.0000468939
   4.1199999862  -0.0000568653  -0.0001746514  -0.0000577409
   4.1249999861  -0.0000562430  -0.0001724169  -0.0000570329
   4.1299999861  -0.0000455344  -0.0001755518  -0.0000460946
   4.1349999861  -0.0000289888  -0.0001831926  -0.0000292455
   4.1399999861  -0.0000127019  -0.0001930541  -0.0000126576
   4.1449999861  -0.0000029483  -0.0002020404  -0.0000026714
   4.1499999861  -0.0000044271  -0.0002070959  -0.0000040286
   4.1549999860  -0.0000189077  -0.0002060646  -0.0000185125
   4.1599999860  -0.0000446649  -0.0001983182  -0.0000443842
   4.1649999860  -0.0000768747  -0.0001849777  -0.0000767839
   4.1699999860  -0.0001088714  -0.0001686609  -0.0001089973
   4.1749999860  -0.0001339261  -0.0001528222  -0.0001342419
   4.1799999860  -0.0001470505  -0.0001408626  -0.0001474798
   4.1849999859  -0.0001463243  -0.0001352523  -0.0001467519
   4.1899999859  -0.0001333761  -0.0001369044  -0.0001336645
   4.1949999859  -0.0001128868  -0.0001449664  -0.0001128972
   4.1999999859  -0.0000912604  -0.0001570838  -0.0000908761
   4.2049999859  -0.0000748418  -0.0001700571  -0.0000739911
   4.2099999859  -0.0000681841  -0.0001807098  -0.0000668577
   4.2149999858  -0.0000728454  -0.0001867300  -0.0000711046
   4.2199999858  -0.0000870432  -0.0001872603  -0.0000850146
   4.2249999858  -0.0001062419  -0.0001830824  -0.0001040970
   4.2299999858  -0.0001244899  -0.0001763563  -0.0001224118
   4.2349999858  -0.0001361151  -0.0001699941  -0.0001342587
   4.2399999858  -0.0001372982  -0.0001668462  -0.0001357529
   4.2449999857  -0.0001270929  -0.0001689207  -0.0001258573
   4.2499999857  -0.0001076269  -0.0001768460  -0.0001066044
   4.2549999857  -0.0000834573  -0.0001897135  -0.0000824755
   4.2599999857  -0.0000602860  -0.0002053325  -0.0000591375
   4.2649999857  -0.0000434099  -0.0002208209  -0.0000419054
   4.2699999857  -0.0000363387  -0.0002333649  -0.0000343586
   4.2749999856  -0.0000399451  -0.0002409438  -0.0000374759
   4.2799999856  -0.0000523525  -0.0002428277  -0.0000494969
   4.2849999856  -0.0000695544  -0.0002397246  -0.0000665098
   4.2899999856  -0.0000865629  -0.0002335480  -0.0000835736
   4.2949999856  -0.0000987549  -0.0002268776  -0.0000960486
   4.2999999856  -0.0001030506  -0.0002222657  -0.0001007759
   4.3049999855  -0.0000986252  -0.0002215750  -0.0000968084
   4.3099999855  -0.0000869991  -0.0002255224  -0.0000855318
   4.3149999855  -0.0000715189  -0.0002335382  -0.0000701814
   4.3199999855  -0.0000564028  -0.0002439684  -0.0000549181
   4.3249999855  -0.0000456184  -0.0002545511  -0.0000437231
   4.3299999855  -0.0000418881  -0.0002630335  -0.0000394004
   4.3349999854  -0.0000460605  -0.0002677637  -0.0000429280
   4.3399999854  -0.0000569803  -0.0002681042  -0.0000532934
   4.3449999854  -0.0000718579  -0.0002645707  -0.0000678250
   4.3499999854  -0.0000870180  -0.0002586703  -0.0000829091
   4.3549999854  -0.0000988268  -0.0002524965  -0.0000949005
   4.3599999854  -0.0001045687  -0.0002481907  -0.0001010022
   4.3649999853  -0.0001030711  -0.0002474117  -0.0000999119
   4.3699999853  -0.0000949434  -0.0002509436  -0.0000920960
   4.3749999853  -0.0000823940  -0.0002585292  -0.0000796437
   4.3799999853  -0.0000686804  -0.0002689620  -0.0000657486
   4.3849999853  -0.0000573296  -0.0002804008  -0.0000539443
   4.3899999853  -0.0000513094  -0.0002908265  -0.0000472731
   4.3949999852  -0.0000523392  -0.0002985262  -0.0000475751
   4.3999999852  -0.0000604948  -0.0003024927  -0.0000550608
   4.4049999852  -0.0000741965  -0.0003026479  -0.0000682643
   4.4099999852  -0.0000905856  -0.0002998423  -0.0000843907
   4.4149999852  -0.0001062036  -0.0002956357  -0.0000999813
   4.4199999852  -0.0001178199  -0.0002919110  -0.0001117442
   4.4249999851  -0.0001232121  -0.0002904136  -0.0001173529
   4.4299999851  -0.0001217089  -0.0002923269  -0.0001160174
   4.4349999851  -0.0001143548  -0.0002979832  -0.0001086806
   4.4399999851  -0.0001036480  -0.0003067848  -0.0000977806
   4.4449999851  -0.0000929029  -0.0003173555  -0.0000866264
   4.4499999851  -0.0000853933  -0.0003278899  -0.0000785399
   4.4549999850  -0.0000834899  -0.0003366158  -0.0000759786
   4.4599999850  -0.0000880214  -0.0003422536  -0.0000798730
   4.4649999850  -0.0000980311  -0.0003443556  -0.0000893581
   4.4699999850  -0.0001110078  -0.0003434325  -0.0001019826
   4.4749999850  -0.0001235375  -0.0003408316  -0.0001143488
   4.4799999850  -0.0001322119  -0.0003383940  -0.0001230200
   4.4849999849  -0.0001345508  -0.0003379767  -0.0001254538
   4.4899999849  -0.0001296915  -0.0003409667  -0.0001207083
   4.4949999849  -0.0001186518  -0.0003479140  -0.0001097261
   4.4999999849  -0.0001040942  -0.0003583828  -0.0000951163
   4.5049999849  -0.0000896487  -0.0003710609  -0.0000804889
   4.5099999849  -0.0000789774  -0.0003840983  -0.0000695230
   4.5149999848  -0.0000748321  -0.0003955857  -0.0000650192
   4.5199999848  -0.0000783556  -0.0004040456  -0.0000681888
   4.5249999848  -0.0000888115  -0.0004088076  -0.0000783689
   4.5299999848  -0.0001038062  -0.0004101715  -0.0000932284
   4.5349999848  -0.0001199338  -0.0004093181  -0.0001094008
   4.5399999848  -0.0001336640  -0.0004079967  -0.0001233664
   4.5449999847  -0.0001422331  -0.0004080713  -0.0001323423
   4.5499999847  -0.0001443057  -0.0004110475  -0.0001349510
   4.5549999847  -0.0001402433  -0.0004176995  -0.0001314987
   4.5599999847  -0.0001319262  -0.0004278916  -0.0001238102
   4.5649999847  -0.0001221909  -0.0004406348  -0.0001146784
   4.5699999847  -0.0001140475  -0.0004543590  -0.0001070894
   4.5749999846  -0.0001098826  -0.0004673273  -0.0001034304
   4.5799999846  -0.0001108568  -0.0004780830  -0.0001048845
   4.5849999846  -0.0001166404  -0.0004858145  -0.0001111598
   4.5899999846  -0.0001255431  -0.0004905476  -0.0001206090
   4.5949999846  -0.0001349922  -0.0004931179  -0.0001306959
   4.5999999846  -0.0001422272  -0.0004949346  -0.0001386808
   4.6049999845  -0.0001450314  -0.0004976021  -0.0001423458
   4.6099999845  -0.0001423161  -0.0005024980  -0.0001405781
   4.6149999845  -0.0001344161  -0.0005104180  -0.0001336703
   4.6199999845  -0.0001230290  -0.0005213783  -0.0001232681
   4.6249999845  -0.0001108206  -0.0005346228  -0.0001119856
   4.6299999845  -0.0001007989  -0.0005488273  -0.0001027897
   4.6349999844  -0.0000956161  -0.0005624446  -0.0000983085
   4.6399999844  -0.0000969686  -0.0005740962  -0.0001002344
   4.6449999844  -0.0001052412  -0.0005829097  -0.0001089665
   4.6499999844  -0.0001194742  -0.0005887185  -0.0001235729
   4.6549999844  -0.0001376545  -0.0005920778  -0.0001420736
   4.6599999844  -0.0001572470  -0.0005941016  -0.0001619650
   4.6649999843  -0.0001758298  -0.0005961679  -0.0001808490
   4.6699999843  -0.0001916728  -0.0005995725  -0.0001970075
   4.6749999843  -0.0002041178  -0.0006052167  -0.0002097822
   4.6799999843  -0.0002136755  -0.0006134045  -0.0002196719
   4.6849999843  -0.0002218226  -0.0006237932  -0.0002281337
   4.6899999843  -0.0002305614  -0.0006355008  -0.0002371460
   4.6949999842  -0.0002418555  -0.0006473401  -0.0002486492
   4.6999999842  -0.0002570846  -0.0006581182  -0.0002640050
   4.7049999842  -0.0002766482  -0.0006669294  -0.0002836050
   4.7099999842  -0.0002998136  -0.0006733739  -0.0003067225
   4.7149999842  -0.0003248398  -0.0006776505  -0.0003316386
   4.7199999841  -0.0003493454  -0.0006805052  -0.0003560109
   4.7249999841  -0.0003708368  -0.0006830479  -0.0003773966
   4.7299999841  -0.0003872695  -0.0006864807  -0.0003938081
   4.7349999841  -0.0003975171  -0.0006918018  -0.0004041713
   4.7399999841  -0.0004016352  -0.0006995564  -0.0004085783
   4.7449999841  -0.0004008569  -0.0007096942  -0.0004082743
   4.7499999840  -0.0003973172  -0.0007215680  -0.0004053774
   4.7549999840  -0.0003935668  -0.0007340758  -0.0004023944
   4.7599999840  -0.0003919870  -0.0007459095  -0.0004016456
   4.7649999840  -0.0003942485  -0.0007558503  -0.0004047383
   4.7699999840  -0.0004009470  -0.0007630371  -0.0004122202
   4.7749999840  -0.0004115114  -0.0007671415  -0.0004235021
   4.7799999839  -0.0004244115  -0.0007684085  -0.0004370731
   4.7849999839  -0.0004376154  -0.0007675571  -0.0004509560
   4.7899999839  -0.0004491781  -0.0007655696  -0.0004632826
   4.7949999839  -0.0004578030  -0.0007634292  -0.0004728351
   4.7999999839  -0.0004632241  -0.0007618725  -0.0004794054
   4.8049999839  -0.0004662988  -0.0007612227  -0.0004838687
   4.8099999838  -0.0004687818  -0.0007613440  -0.0004879482
   4.8149999838  -0.0004728380  -0.0007617265  -0.0004937318
   4.8199999838  -0.0004804233  -0.0007616809  -0.0005030695
   4.8249999838  -0.0004927021  -0.0007605933  -0.0005170158
   4.8299999838  -0.0005096574  -0.0007581794  -0.0005354681
   4.8349999838  -0.0005299998  -0.0007546749  -0.0005570971
   4.8399999837  -0.0005513959  -0.0007509161  -0.0005795855
   4.8449999837  -0.0005709549  -0.0007482859  -0.0006001089
   4.8499999837  -0.0005858427  -0.0007485329  -0.0006159308
   4.8549999837  -0.0005938661  -0.0007534972  -0.0006249574
   4.8599999837  -0.0005938808  -0.0007647992  -0.0006261154
   4.8649999837  -0.0005859301  -0.0007835589  -0.0006194674
   4.8699999836  -0.0005710936  -0.0008102037  -0.0006060511
   4.8749999836  -0.0005510990  -0.0008444073  -0.0005874983
   4.8799999836  -0.0005278095  -0.0008851669  -0.0005655440
   4.8849999836  -0.0005027218  -0.0009309942  -0.0005415559
   4.8899999836  -0.0004766046  -0.0009801628  -0.0005162031
   4.8949999836  -0.0004493633  -0.0010309418  -0.0004893454
   4.8999999835  -0.0004201601  -0.0010817465  -0.0004601613
   4.9049999835  -0.0003877508  -0.0011311610  -0.0004274768
   4.9099999835  -0.0003509471  -0.0011778264  -0.0003902064
   4.9149999835  -0.0003090854  -0.0012202267  -0.0003477916
   4.9199999835  -0.0002623796  -0.0012564380  -0.0003005246
   4.9249999835  -0.0002120685  -0.0012839233  -0.0002496750
   4.9299999834  -0.0001603193  -0.0012994433  -0.0001973871
   4.9349999834  -0.0001099108  -0.0012991303  -0.0001463712
   4.9399999834  -0.0000637725  -0.0012787259  -0.0000994634
   4.9449999834  -0.0000244926  -0.0012339466  -0.0000591612
   4.9499999834   0.0000060893  -0.0011609056  -0.0000272409
   4.9549999834   0.0000271125  -0.0010565122  -0.0000045451
   4.9599999833   0.0000387046  -0.0009187735   0.0000090219
   4.9649999833   0.0000417823  -0.0007469536   0.0000143033
   4.9699999833   0.0000377093  -0.0005415776   0.0000125648
   4.9749999833   0.0000279043  -0.0003043059   0.0000051263
   4.9799999833   0.0000135025  -0.0000377266  -0.0000069567
   4.9849999833  -0.0000048527   0.0002548713  -0.0000230855
   4.9899999832  -0.0000270445   0.0005696888  -0.0000431487
   4.9949999832  -0.0000533532   0.0009025343  -0.0000673965
   4.9999999832  -0.0000842045   0.0012488547  -0.0000962019
   5.0049999832  -0.0001198701   0.0016036995  -0.0001297771
   5.0099999832  -0.0001601956   0.0019616559  -0.0001679167
   5.0149999832  -0.0002044221   0.0023168100  -0.0002098321
   5.0199999831  -0.0002511437   0.0026627829  -0.0002541143
   5.0249999831  -0.0002984097   0.0029928820  -0.0002988372
   5.0299999831  -0.0003439554   0.0033003771  -0.0003417823
   5.0349999831  -0.0003855143   0.0035788844  -0.0003807417
   5.0399999831  -0.0004211529   0.0038228089  -0.0004138426
   5.0449999831  -0.0004495603   0.0040277805  -0.0004398264
   5.0499999830  -0.0004702340   0.0041910102  -0.0004582265
   5.0549999830  -0.0004835186   0.0043115067  -0.0004694017
   5.0599999830  -0.0004904840   0.0043901196  -0.0004744142
   5.0649999830  -0.0004926635   0.0044294081  -0.0004747704
   5.0699999830  -0.0004917038   0.0044333688  -0.0004720787
   5.0749999830  -0.0004890031   0.0044070812  -0.0004676967
   5.0799999829  -0.0004854205   0.0043563373  -0.0004624517
   5.0849999829  -0.0004811247   0.0042873150  -0.0004564999
   5.0899999829  -0.0004756211   0.0042063333  -0.0004493587
   5.0949999829  -0.0004679480   0.0041196951  -0.0004401042
   5.0999999829  -0.0004569902   0.0040335967  -0.0004276796
   5.1049999829  -0.0004418248   0.0039540615  -0.0004112306
   5.1099999828  -0.0004220029   0.0038868519  -0.0003903723
   5.1149999828  -0.0003976872   0.0038373216  -0.0003653126
   5.1199999828  -0.0003696016   0.0038101941  -0.0003367911
   5.1249999828  -0.0003388032   0.0038092810  -0.0003058457
   5.1299999828  -0.0003063335   0.0038371783  -0.0002734675
   5.1349999828  -0.0002728419   0.0038949965  -0.0002402357
   5.1399999827  -0.0002382858   0.0039821817  -0.0002060328
   5.1449999827  -0.0002017898   0.0040964746  -0.0001699218
   5.1499999827  -0.0001617094   0.0042340275  -0.0001302230
   5.1549999827  -0.0001158894   0.0043896756  -0.0000847795
   5.1599999827  -0.0000620565   0.0045573256  -0.0000313476
   5.1649999827   0.0000017472   0.0047304104   0.0000319810
   5.1699999826   0.0000767970   0.0049023439   0.0001064274
   5.1749999826   0.0001634691   0.0050669217   0.0001923274
   5.1799999826   0.0002612263   0.0052186224   0.0002891311
   5.1849999826   0.0003688004   0.0053527938   0.0003955917
   5.1899999826   0.0004845186   0.0054657253   0.0005100900
   5.1949999826   0.0006066878   0.0055546321   0.0006310078
   5.1999999825   0.0007339366   0.0056175849   0.0007570526
   5.2049999825   0.0008654307   0.0056534217   0.0008874558
   5.2099999825   0.0010009134   0.0056616684   0.0010219992
   5.2149999825   0.0011405707   0.0056424838   0.0011608717
   5.2199999825   0.0012847645   0.0055966246   0.0013044044
   5.2249999825   0.0014337131   0.0055254168   0.0014527604
   5.2299999824   0.0015872069   0.0054307083   0.0016056657
   5.2349999824   0.0017444374   0.0053147791   0.0017622530
   5.2399999824   0.0019039828   0.0051801927   0.0019210622
   5.2449999824   0.0020639545   0.0050295873   0.0020801932
   5.2499999824   0.0022222656   0.0048654187   0.0022375758
   5.2549999824   0.0023769547   0.0046896877   0.0023912865
   5.2599999823   0.0025264837   0.0045036897   0.0025398353
   5.2649999823   0.0026699406   0.0043078319   0.0026823565
   5.2699999823   0.0028070987   0.0041015529   0.0028186567
   5.2749999823   0.0029383226   0.0038833677   0.0029491142
   5.2799999823   0.0030643425   0.0036510372   0.0030744524
   5.2849999823   0.0031859508   0.0034018407   0.0031954405
   5.2899999822   0.0033036891   0.0031329112   0.0033125872
   5.2949999822   0.0034175939   0.0028415821   0.0034258963
   5.2999999822   0.0035270556   0.0025256935   0.0035347336
   5.3049999822   0.0036308212   0.0021838192   0.0036378355
   5.3099999822   0.0037271355   0.0018153892   0.0037334524
   5.3149999822   0.0038139897   0.0014207110   0.0038195966
   5.3199999821   0.0038894193   0.0010009067   0.0038943353
   5.3249999821   0.0039517816   0.0005577996   0.0039560625
   5.3299999821   0.0039999495   0.0000937878   0.0040036858
   5.3349999821   0.0040333762  -0.0003882645   0.0040366843
   5.3399999821   0.0040520164  -0.0008851023   0.0040550254
   5.3449999821   0.0040561279  -0.0013931195   0.0040589632
   5.3499999820   0.0040460080  -0.0019083790   0.0040487749
   5.3549999820   0.0040217389  -0.0024266398   0.0040245086
   5.3599999820   0.0039830160  -0.0029434155   0.0039858173
   5.3649999820   0.0039291137  -0.0034540844   0.0039319308
   5.3699999820   0.0038590047  -0.0039540559   0.0038617830
   5.3749999820   0.0037716069  -0.0044389802   0.0037742659
   5.3799999819   0.0036660961  -0.0049049729   0.0036685460
   5.3849999819   0.0035421987  -0.0053488153   0.0035443592
   5.3899999819   0.0034003852  -0.0057680917   0.0034022007
   5.3949999819   0.0032419085  -0.0061612318   0.0032433578
   5.3999999819   0.0030686760  -0.0065274448   0.0030697730
   5.4049999818   0.0028829862  -0.0068665528   0.0028837732
   5.4099999818   0.0026872015  -0.0071787518   0.0026877346
   5.4149999818   0.0024834384  -0.0074643454   0.0024837715
   5.4199999818   0.0022733531  -0.0077235006   0.0022735220
   5.4249999818   0.0020580658  -0.0079560703   0.0020580794
   5.4299999818   0.0018382309  -0.0081615120   0.0018380696
   5.4349999817   0.0016142178  -0.0083389094   0.0016138406
   5.4399999817   0.0013863419  -0.0084870809   0.0013857013
   5.4449999817   0.0011550810  -0.0086047408   0.0011541397
   5.4499999817   0.0009212189  -0.0086906724   0.0009199661
   5.4549999817   0.0006858896  -0.0087438725   0.0006843516
   5.4599999817   0.0004505224  -0.0087636435   0.0004487643
   5.4649999816   0.0002167118  -0.0087496243   0.0002148304
   5.4699999816  -0.0000139450  -0.0087017741  -0.0000158362
   5.4749999816  -0.0002400033  -0.0086203330  -0.0002417942
   5.4799999816  -0.0004602843  -0.0085057903  -0.0004618878
   5.4849999816  -0.0006739262  -0.0083588810  -0.0006752954
   5.4899999816  -0.0008803706  -0.0081806221  -0.0008815072
   5.4949999815  -0.0010792887  -0.0079723790  -0.0010802430
   5.4999999815  -0.0012704668  -0.0077359409  -0.0012713288
   5.5049999815  -0.0014536724  -0.0074735783  -0.0014545548
   5.5099999815  -0.0016285259  -0.0071880546  -0.0016295448
   5.5149999815  -0.0017944062  -0.0068825768  -0.0017956602
   5.5199999815  -0.0019504097  -0.0065606850  -0.0019519655
   5.5249999814  -0.0020953820  -0.0062260898  -0.0020972654
   5.5299999814  -0.0022280202  -0.0058824840  -0.0022302169
   5.5349999814  -0.0023470357  -0.0055333528  -0.0023494998
   5.5399999814  -0.0024513447  -0.0051818077  -0.0024540131
   5.5449999814  -0.0025402479  -0.0048304649  -0.0025430568
   5.5499999814  -0.0026135567  -0.0044813782  -0.0026164564
   5.5549999813  -0.0026716343  -0.0041360311  -0.0026745981
   5.5599999813  -0.0027153381  -0.0037953871  -0.0027183646
   5.5649999813  -0.0027458775  -0.0034599885  -0.0027489845
   5.5699999813  -0.0027646184  -0.0031300917  -0.0027678309
   5.5749999813  -0.0027728836  -0.0028058183  -0.0027762185
   5.5799999813  -0.0027717955  -0.0024873000  -0.0027752482
   5.5849999812  -0.0027621978  -0.0021747927  -0.0027657326
   5.5899999812  -0.0027446674  -0.0018687424  -0.0027482159
   5.5949999812  -0.0027196069  -0.0015697913  -0.0027230751
   5.5999999812  -0.0026873835  -0.0012787324  -0.0026906658
   5.6049999812  -0.0026484711  -0.0009964281  -0.0026514693
   5.6099999812  -0.0026035516  -0.0007237234  -0.0026061942
   5.6149999811  -0.0025535458  -0.0004613787  -0.0025558040
   5.6199999811  -0.0024995613  -0.0002100450  -0.0025014575
   5.6249999811  -0.0024427706   0.0000297187  -0.0024443778
   5.6299999811  -0.0023842480   0.0002573968  -0.0023856796
   5.6349999811  -0.0023248085   0.0004724643  -0.0023261999
   5.6399999811  -0.0022648883   0.0006743598  -0.0022663749
   5.6449999810  -0.0022045011   0.0008625036  -0.0022061962
   5.6499999810  -0.0021432832   0.0010363661  -0.0021452607
   5.6549999810  -0.0020806212   0.0011955717  -0.0020829065
   5.6599999810  -0.0020158346   0.0013400095  -0.0020184053
   5.6649999810  -0.0019483727   0.0014699170  -0.0019511690
   5.6699999810  -0.0018779822   0.0015859098  -0.0018809237
   5.6749999809  -0.0018048060   0.0016889450  -0.0018078115
   5.6799999809  -0.0017293956   0.0017802251  -0.0017323999
   5.6849999809  -0.0016526338   0.0018610623  -0.0016555989
   5.6899999809  -0.0015755921   0.0019327341  -0.0015785093
   5.6949999809  -0.0014993563   0.0019963550  -0.0015022393
   5.6999999809  -0.0014248628   0.0020527868  -0.0014277335
   5.7049999808  -0.0013527788   0.0021025937  -0.0013556511
   5.7099999808  -0.0012834504   0.0021460419  -0.0012863148
   5.7149999808  -0.0012169198   0.0021831368  -0.0012197348
   5.7199999808  -0.0011530008   0.0022136866  -0.0011556930
   5.7249999808  -0.0010913867   0.0022373830  -0.0010938600
   5.7299999808  -0.0010317632   0.0022538907  -0.0010339157
   5.7349999807  -0.0009738993   0.0022629356  -0.0009756426
   5.7399999807  -0.0009176975   0.0022643804  -0.0009189759
   5.7449999807  -0.0008631974   0.0022582794  -0.0008639996
   5.7499999807  -0.0008105324   0.0022449017  -0.0008108951
   5.7549999807  -0.0007598540   0.0022247226  -0.0007598550
   5.7599999807  -0.0007112415   0.0021983853  -0.0007109840
   5.7649999806  -0.0006646201   0.0021666487  -0.0006642117
   5.7699999806  -0.0006197108   0.0021303339  -0.0006192416
   5.7749999806  -0.0005760309   0.0020902871  -0.0005755547
   5.7799999806  -0.0005329536   0.0020473652  -0.0005324773
   5.7849999806  -0.0004898233   0.0020024436  -0.0004893045
   5.7899999806  -0.0004461055   0.0019564329  -0.0004454599
   5.7949999805  -0.0004015388   0.0019102903  -0.0004006542
   5.7999999805  -0.0003562490   0.0018650075  -0.0003550042
   5.8049999805  -0.0003107914   0.0018215682  -0.0003090749
   5.8099999805  -0.0002661005   0.0017808773  -0.0002638263
   5.8149999805  -0.0002233500   0.0017436728  -0.0002204675
   5.8199999805  -0.0001837516   0.0017104417  -0.0001802485
   5.8249999804  -0.0001483385   0.0016813586  -0.0001442365
   5.8299999804  -0.0001177859   0.0016562619  -0.0001131313
   5.8349999804  -0.0000923139   0.0016346757  -0.0000871653
   5.8399999804  -0.0000716929   0.0016158709  -0.0000661088
   5.8449999804  -0.0000553455   0.0015989576  -0.0000493751
   5.8499999804  -0.0000425107   0.0015829901  -0.0000361913
   5.8549999803  -0.0000324222   0.0015670683  -0.0000257816
   5.8599999803  -0.0000244491   0.0015504221  -0.0000175149
   5.8649999803  -0.0000181642   0.0015324667  -0.0000109768
   5.8699999803  -0.0000133296   0.0015128250  -0.0000059551
   5.8749999803  -0.0000098145   0.0014913178  -0.0000023540
   5.8799999803  -0.0000074798   0.0014679277  -0.0000000721
   5.8849999802  -0.0000060738   0.0014427467   0.0000011117
   5.8899999802  -0.0000051729   0.0014159209   0.0000016066
   5.8949999802  -0.0000041864   0.0013876042   0.0000020108
   5.8999999802  -0.0000024253   0.0013579317   0.0000030460
   5.9049999802   0.0000007890   0.0013270158   0.0000054442
   5.9099999802   0.0000060036   0.0012949630   0.0000098188
   5.9149999801   0.0000135332   0.0012619034   0.0000165521
   5.9199999801   0.0000234012   0.0012280198   0.0000257235
   5.9249999801   0.0000353318   0.0011935650   0.0000370926
   5.9299999801   0.0000487921   0.0011588606   0.0000501352
   5.9349999801   0.0000630690   0.0011242736   0.0000641216
   5.9399999801   0.0000773677   0.0010901779   0.0000782218
   5.9449999800   0.0000909162   0.0010569085   0.0000916189
   5.9499999800   0.0001030604   0.0010247202   0.0001036173
   5.9549999800   0.0001133429   0.0009937593   0.0001137294
   5.9599999800   0.0001215532   0.0009640551   0.0001217324
   5.9649999800   0.0001277445   0.0009355312   0.0001276855
   5.9699999800   0.0001322097   0.0009080331   0.0001319012
   5.9749999799   0.0001354164   0.0008813687   0.0001348738
   5.9799999799   0.0001379095   0.0008553534   0.0001371730
   5.9849999799   0.0001401962   0.0008298540   0.0001393220
   5.9899999799   0.0001426385   0.0008048241   0.0001416857
   5.9949999799   0.0001453797   0.0007803244   0.0001443967
