   0.0000000000   0.0000000000   0.0000000000   0.0000000000
   0.0050000000   0.0000000000   0.0000000000   0.0000000000
   0.0100000000   0.0000000000   0.0000000000   0.0000000000
   0.0149999999   0.0000000000   0.0000000000   0.0000000000
   0.0199999999   0.0000000000   0.0000000000   0.0000000000
   0.0249999999   0.0000000000   0.0000000000   0.0000000000
   0.0299999999   0.0000000000   0.0000000000   0.0000000000
   0.0349999999   0.0000000000   0.0000000000   0.0000000000
   0.0399999999   0.0000000000   0.0000000000   0.0000000000
   0.0449999998   0.0000000000   0.0000000000   0.0000000000
   0.0499999998  -0.0000000000  -0.0000000000  -0.0000000000
   0.0549999998  -0.0000000000  -0.0000000000  -0.0000000000
   0.0599999998  -0.0000000000  -0.0000000000  -0.0000000000
   0.0649999998  -0.0000000000  -0.0000000000  -0.0000000000
   0.0699999998  -0.0000000000  -0.0000000000  -0.0000000000
   0.0749999997  -0.0000000000  -0.0000000000  -0.0000000000
   0.0799999997  -0.0000000000  -0.0000000000  -0.0000000000
   0.0849999997  -0.0000000000  -0.0000000000  -0.0000000000
   0.0899999997  -0.0000000000  -0.0000000000  -0.0000000000
   0.0949999997  -0.0000000000  -0.0000000000  -0.0000000000
   0.0999999997  -0.0000000000  -0.0000000000  -0.0000000000
   0.1049999996  -0.0000000000  -0.0000000000  -0.0000000000
   0.1099999996  -0.0000000000  -0.0000000000  -0.0000000000
   0.1149999996  -0.0000000000  -0.0000000000  -0.0000000000
   0.1199999996  -0.0000000000  -0.0000000000  -0.0000000000
   0.1249999996  -0.0000000000  -0.0000000000  -0.0000000000
   0.1299999996  -0.0000000000  -0.0000000000  -0.0000000000
   0.1349999995  -0.0000000000  -0.0000000000  -0.0000000000
   0.1399999995  -0.0000000000  -0.0000000000  -0.0000000000
   0.1449999995  -0.0000000000  -0.0000000000  -0.0000000000
   0.1499999995  -0.0000000000  -0.0000000000  -0.0000000000
   0.1549999995  -0.0000000000  -0.0000000000  -0.0000000000
   0.1599999995  -0.0000000000  -0.0000000000  -0.0000000000
   0.1649999994  -0.0000000000  -0.0000000000  -0.0000000000
   0.1699999994  -0.0000000000  -0.0000000000  -0.0000000000
   0.1749999994  -0.0000000000  -0.0000000000  -0.0000000000
   0.1799999994  -0.0000000000  -0.0000000000  -0.0000000000
   0.1849999994  -0.0000000000  -0.0000000000  -0.0000000000
   0.1899999994  -0.0000000000   0.0000000000  -0.0000000000
   0.1949999993   0.0000000000   0.0000000000   0.0000000000
   0.1999999993   0.0000000000   0.0000000000   0.0000000000
   0.2049999993   0.0000000000   0.0000000000   0.0000000000
   0.2099999993   0.0000000000   0.0000000000   0.0000000000
   0.2149999993   0.0000000000   0.0000000000   0.0000000000
   0.2199999993   0.0000000000   0.0000000000   0.0000000000
   0.2249999992   0.0000000000   0.0000000000   0.0000000000
   0.2299999992   0.0000000000  -0.0000000000   0.0000000000
   0.2349999992   0.0000000000  -0.0000000000   0.0000000000
   0.2399999992   0.0000000000  -0.0000000000   0.0000000000
   0.2449999992   0.0000000000  -0.0000000000   0.0000000000
   0.2499999992   0.0000000000  -0.0000000000   0.0000000000
   0.2549999991   0.0000000000  -0.0000000000   0.0000000000
   0.2599999991   0.0000000000  -0.0000000000   0.0000000000
   0.2649999991  -0.0000000000   0.0000000000  -0.0000000000
   0.2699999991  -0.0000000000   0.0000000000  -0.0000000000
   0.2749999991  -0.0000000000   0.0000000000  -0.0000000000
   0.2799999991  -0.0000000000   0.0000000000  -0.0000000000
   0.2849999990  -0.0000000000   0.0000000000  -0.0000000000
   0.2899999990  -0.0000000000   0.0000000000  -0.0000000000
   0.2949999990  -0.0000000000  -0.0000000000  -0.0000000000
   0.2999999990   0.0000000000  -0.0000000000   0.0000000000
   0.3049999990   0.0000000000  -0.0000000000   0.0000000000
   0.3099999990   0.0000000000  -0.0000000000   0.0000000000
   0.3149999989   0.0000000000  -0.0000000000   0.0000000000
   0.3199999989   0.0000000000  -0.0000000000   0.0000000000
   0.3249999989   0.0000000000  -0.0000000000   0.0000000000
   0.3299999989  -0.0000000000   0.0000000000  -0.0000000000
   0.3349999989  -0.0000000000   0.0000000000  -0.0000000000
   0.3399999989  -0.0000000000   0.0000000000  -0.0000000000
   0.3449999988  -0.0000000000   0.0000000000  -0.0000000000
   0.3499999988  -0.0000000000   0.0000000000  -0.0000000000
   0.3549999988  -0.0000000000   0.0000000000  -0.0000000000
   0.3599999988   0.0000000000  -0.0000000000   0.0000000000
   0.3649999988   0.0000000000  -0.0000000000   0.0000000000
   0.3699999988   0.0000000000  -0.0000000000   0.0000000000
   0.3749999987   0.0000000000  -0.0000000000   0.0000000000
   0.3799999987   0.0000000000  -0.0000000000   0.0000000000
   0.3849999987   0.0000000000  -0.0000000000   0.0000000000
   0.3899999987  -0.0000000000   0.0000000000  -0.0000000000
   0.3949999987  -0.0000000000   0.0000000000  -0.0000000000
   0.3999999987  -0.0000000000   0.0000000000  -0.0000000000
   0.4049999986  -0.0000000000   0.0000000000  -0.0000000000
   0.4099999986  -0.0000000000   0.0000000000  -0.0000000000
   0.4149999986  -0.0000000000   0.0000000000  -0.0000000000
   0.4199999986   0.0000000000  -0.0000000000   0.0000000000
   0.4249999986   0.0000000000  -0.0000000000   0.0000000000
   0.4299999986   0.0000000000  -0.0000000000   0.0000000000
   0.4349999985   0.0000000000  -0.0000000000   0.0000000000
   0.4399999985   0.0000000000  -0.0000000000   0.0000000000
   0.4449999985   0.0000000000  -0.0000000000   0.0000000000
   0.4499999985  -0.0000000000   0.0000000000  -0.0000000000
   0.4549999985  -0.0000000000   0.0000000000  -0.0000000000
   0.4599999985  -0.0000000001   0.0000000001  -0.0000000001
   0.4649999984  -0.0000000001   0.0000000001  -0.0000000001
   0.4699999984  -0.0000000001   0.0000000001  -0.0000000001
   0.4749999984  -0.0000000000   0.0000000000  -0.0000000000
   0.4799999984   0.0000000000  -0.0000000000   0.0000000000
   0.4849999984   0.0000000002  -0.0000000001   0.0000000002
   0.4899999984   0.0000000002  -0.0000000001   0.0000000002
   0.4949999983   0.0000000003  -0.0000000001   0.0000000003
   0.4999999983   0.0000000003  -0.0000000001   0.0000000003
   0.5049999983   0.0000000001  -0.0000000001   0.0000000001
   0.5099999983  -0.0000000002  -0.0000000000  -0.0000000002
   0.5149999983  -0.0000000005  -0.0000000000  -0.0000000005
   0.5199999983  -0.0000000008  -0.0000000001  -0.0000000008
   0.5249999982  -0.0000000009  -0.0000000003  -0.0000000009
   0.5299999982  -0.0000000008  -0.0000000004  -0.0000000008
   0.5349999982  -0.0000000004  -0.0000000003  -0.0000000004
   0.5399999982   0.0000000003   0.0000000002   0.0000000003
   0.5449999982   0.0000000012   0.0000000012   0.0000000012
   0.5499999982   0.0000000021   0.0000000027   0.0000000021
   0.5549999981   0.0000000028   0.0000000042   0.0000000029
   0.5599999981   0.0000000032   0.0000000051   0.0000000032
   0.5649999981   0.0000000031   0.0000000043   0.0000000031
   0.5699999981   0.0000000022   0.0000000010   0.0000000023
   0.5749999981   0.0000000004  -0.0000000055   0.0000000003
   0.5799999981  -0.0000000031  -0.0000000147  -0.0000000032
   0.5849999980  -0.0000000088  -0.0000000251  -0.0000000090
   0.5899999980  -0.0000000172  -0.0000000338  -0.0000000174
   0.5949999980  -0.0000000275  -0.0000000369  -0.0000000277
   0.5999999980  -0.0000000365  -0.0000000296  -0.0000000367
   0.6049999980  -0.0000000379  -0.0000000074  -0.0000000379
   0.6099999980  -0.0000000214   0.0000000326  -0.0000000211
   0.6149999979   0.0000000247   0.0000000909   0.0000000253
   0.6199999979   0.0000001086   0.0000001625   0.0000001095
   0.6249999979   0.0000002255   0.0000002344   0.0000002265
   0.6299999979   0.0000003463   0.0000002810   0.0000003471
   0.6349999979   0.0000004063   0.0000002615   0.0000004067
   0.6399999979   0.0000003037   0.0000001196   0.0000003032
   0.6449999978  -0.0000000854  -0.0000002064  -0.0000000869
   0.6499999978  -0.0000008624  -0.0000007603  -0.0000008649
   0.6549999978  -0.0000020290  -0.0000015250  -0.0000020320
   0.6599999978  -0.0000033822  -0.0000023634  -0.0000033850
   0.6649999978  -0.0000044069  -0.0000029539  -0.0000044085
   0.6699999978  -0.0000042138  -0.0000027502  -0.0000042132
   0.6749999977  -0.0000015946  -0.0000010073  -0.0000015913
   0.6799999977   0.0000047259   0.0000030744   0.0000047315
   0.6849999977   0.0000155716   0.0000100388   0.0000155782
   0.6899999977   0.0000305209   0.0000196844   0.0000305264
   0.6949999977   0.0000469166   0.0000304349   0.0000469184
   0.6999999976   0.0000589045   0.0000387043   0.0000589003
   0.7049999976   0.0000568747   0.0000384845   0.0000568637
   0.7099999976   0.0000278155   0.0000214787   0.0000277993
   0.7149999976  -0.0000428634  -0.0000218584  -0.0000428804
   0.7199999976  -0.0001675707  -0.0001000527  -0.0001675811
   0.7249999976  -0.0003506435  -0.0002169613  -0.0003506383
   0.7299999975  -0.0005806121  -0.0003668671  -0.0005805827
   0.7349999975  -0.0008215258  -0.0005288388  -0.0008214669
   0.7399999975  -0.0010049154  -0.0006612988  -0.0010048286
   0.7449999975  -0.0010245133  -0.0006981079  -0.0010244101
   0.7499999975  -0.0007360719  -0.0005476576  -0.0007359763
   0.7549999975   0.0000356493  -0.0000963508   0.0000356998
   0.7599999974   0.0014815346   0.0007826201   0.0014814902
   0.7649999974   0.0037846502   0.0022151223   0.0037844521
   0.7699999974   0.0070907467   0.0043075765   0.0070903342
   0.7749999974   0.0114766603   0.0071262795   0.0114759810
   0.7799999974   0.0169219892   0.0106777177   0.0169210136
   0.7849999974   0.0232899925   0.0148935586   0.0232887318
   0.7899999973   0.0303230153   0.0196238472   0.0303215414
   0.7949999973   0.0376557922   0.0246410053   0.0376542584
   0.7999999973   0.0448469309   0.0296555901   0.0448455878
   0.8049999973   0.0514252601   0.0343426780   0.0514244643
   0.8099999973   0.0569443218   0.0383755990   0.0569445302
   0.8149999973   0.0610359291   0.0414620364   0.0610376763
   0.8199999972   0.0634531097   0.0433766593   0.0634569676
   0.8249999972   0.0640942625   0.0439847565   0.0641007830
   0.8299999972   0.0630038230   0.0432528294   0.0630134736
   0.8349999972   0.0603495204   0.0412445315   0.0603626217
   0.8399999972   0.0563813377   0.0381032147   0.0563980177
   0.8449999972   0.0513813490   0.0340250231   0.0514015258
   0.8499999971   0.0456156295   0.0292283134   0.0456390299
   0.8549999971   0.0392988003   0.0239257226   0.0393250147
   0.8599999971   0.0325785312   0.0183042752   0.0326070951
   0.8649999971   0.0255422171   0.0125167308   0.0255727031
   0.8699999971   0.0182423447   0.0066844523   0.0182744404
   0.8749999971   0.0107322658   0.0009091658   0.0107658187
   0.8799999970   0.0031014972  -0.0047111617   0.0031365101
   0.8849999970  -0.0045000026  -0.0100679218  -0.0044634269
   0.8899999970  -0.0118559199  -0.0150338197  -0.0118176743
   0.8949999970  -0.0186981820  -0.0194640285  -0.0186582649
   0.8999999970  -0.0247384674  -0.0232066176  -0.0246970765
   0.9049999970  -0.0297084011  -0.0261196172  -0.0296659800
   0.9099999969  -0.0333979982  -0.0280902146  -0.0333552157
   0.9149999969  -0.0356827761  -0.0290510746  -0.0356404368
   0.9199999969  -0.0365335890  -0.0289897672  -0.0364924920
   0.9249999969  -0.0360085207  -0.0279494328  -0.0359693011
   0.9299999969  -0.0342314581  -0.0260214317  -0.0341944544
   0.9349999969  -0.0313655943  -0.0233329666  -0.0313307795
   0.9399999968  -0.0275909222  -0.0200338279  -0.0275579234
   0.9449999968  -0.0230925149  -0.0162861031  -0.0230607188
   0.9499999968  -0.0180617629  -0.0122590374  -0.0180304836
   0.9549999968  -0.0127073031  -0.0081287831  -0.0126759644
   0.9599999968  -0.0072679597  -0.0040803981  -0.0072362404
   0.9649999968  -0.0020182344  -0.0003079965  -0.0019861330
   0.9699999967   0.0027414875   0.0029909760   0.0027736921
   0.9749999967   0.0067131149   0.0056296761   0.0067449959
   0.9799999967   0.0096440382   0.0074534600   0.0096752095
   0.9849999967   0.0113757773   0.0083654096   0.0114060795
   0.9899999967   0.0118847530   0.0083496039   0.0119143757
   0.9949999967   0.0113019001   0.0074851416   0.0113313957
   0.9999999966   0.0099020832   0.0059451834   0.0099322586
   1.0049999966   0.0080617394   0.0039784508   0.0080934484
   1.0099999966   0.0061918254   0.0018749152   0.0062257195
   1.0149999966   0.0046604853  -0.0000783418   0.0046967949
   1.0199999966   0.0037236061  -0.0016421261   0.0037620233
   1.0249999966   0.0034803272  -0.0026612260   0.0035200342
   1.0299999965   0.0038646941  -0.0030835707   0.0039045401
   1.0349999965   0.0046755213  -0.0029582954   0.0047143073
   1.0399999965   0.0056366361  -0.0024135985   0.0056734339
   1.0449999965   0.0064717963  -0.0016201462   0.0065062106
   1.0499999965   0.0069749260  -0.0007491710   0.0070072240
   1.0549999965   0.0070579398   0.0000645771   0.0070890052
   1.0599999964   0.0067648415   0.0007465099   0.0067959606
   1.0649999964   0.0062501643   0.0012878041   0.0062826988
   1.0699999964   0.0057294912   0.0017331557   0.0057645282
   1.0749999964   0.0054170592   0.0021556063   0.0054551378
   1.0799999964   0.0054683255   0.0026265454   0.0055093182
   1.0849999964   0.0059431751   0.0031898317   0.0059863615
   1.0899999963   0.0067989471   0.0038473038   0.0068432596
   1.0949999963   0.0079136193   0.0045592986   0.0079579923
   1.0999999963   0.0091309031   0.0052592477   0.0091746227
   1.1049999963   0.0103130804   0.0058772990   0.0103560305
   1.1099999963   0.0113857592   0.0063653727   0.0114284862
   1.1149999963   0.0123616486   0.0067158179   0.0124052186
   1.1199999962   0.0133369678   0.0069678898   0.0133826491
   1.1249999962   0.0144622117   0.0071999847   0.0145110687
   1.1299999962   0.0158963273   0.0075098170   0.0159488395
   1.1349999962   0.0177578305   0.0079882413   0.0178136503
   1.1399999962   0.0200868322   0.0086941944   0.0201447581
   1.1449999962   0.0228283513   0.0096377716   0.0228865373
   1.1499999961   0.0258408582   0.0107759547   0.0258972148
   1.1549999961   0.0289266575   0.0120217680   0.0289793458
   1.1599999961   0.0318746495   0.0132638075   0.0319225417
   1.1649999961   0.0345029148   0.0143902987   0.0345458995
   1.1699999961   0.0366892383   0.0153108806   0.0367282885
   1.1749999961   0.0383817967   0.0159703936   0.0384187792
   1.1799999960   0.0395884412   0.0163516431   0.0396257137
   1.1849999960   0.0403494142   0.0164675393   0.0403893136
   1.1899999960   0.0407030491   0.0163461109   0.0407473997
   1.1949999960   0.0406556811   0.0160137554   0.0407054471
   1.1999999960   0.0401652731   0.0154822404   0.0402204397
   1.2049999960   0.0391437708   0.0147434771   0.0392034760
   1.2099999959   0.0374773907   0.0137734929   0.0375402629
   1.2149999959   0.0350586891   0.0125441717   0.0351232931
   1.2199999959   0.0318209217   0.0110390595   0.0318861892
   1.2249999959   0.0277647810   0.0092684511   0.0278303080
   1.2299999959   0.0229700662   0.0072793020   0.0230362019
   1.2349999959   0.0175893449   0.0051570513   0.0176570543
   1.2399999958   0.0118257709   0.0030186714   0.0118963156
   1.2449999958   0.0059014230   0.0009985312   0.0059759549
   1.2499999958   0.0000246723  -0.0007696369   0.0001038547
   1.2549999958  -0.0056353113  -0.0021706308  -0.0055515488
   1.2599999958  -0.0109614342  -0.0031218266  -0.0108739419
   1.2649999958  -0.0158874102  -0.0035808973  -0.0157976556
   1.2699999957  -0.0203848598  -0.0035464648  -0.0202946035
   1.2749999957  -0.0244442673  -0.0030527303  -0.0243551671
   1.2799999957  -0.0280564347  -0.0021604898  -0.0279696859
   1.2849999957  -0.0312002346  -0.0009475617  -0.0311163387
   1.2899999957  -0.0338400328   0.0004986015  -0.0337587516
   1.2949999957  -0.0359329565   0.0020843716  -0.0358534522
   1.2999999956  -0.0374431733   0.0037092138  -0.0373642869
   1.3049999956  -0.0383583623   0.0052620366  -0.0382789444
   1.3099999956  -0.0387030672   0.0066170182  -0.0386222643
   1.3149999956  -0.0385446579   0.0076316883  -0.0384620749
   1.3199999956  -0.0379897981   0.0081495759  -0.0379054946
   1.3249999956  -0.0371719466   0.0080085320  -0.0370862778
   1.3299999955  -0.0362327827   0.0070542512  -0.0361461399
   1.3349999955  -0.0353018984   0.0051570185  -0.0352144387
   1.3399999955  -0.0344793391   0.0022287325  -0.0343907979
   1.3449999955  -0.0338246087  -0.0017629261  -0.0337342709
   1.3499999955  -0.0333539352  -0.0067856774  -0.0332607973
   1.3549999954  -0.0330454714  -0.0127404480  -0.0329485794
   1.3599999954  -0.0328502747  -0.0194656607  -0.0327491703
   1.3649999954  -0.0327058224  -0.0267466828  -0.0326010013
   1.3699999954  -0.0325486951  -0.0343284615  -0.0324419709
   1.3749999954  -0.0323238210  -0.0419293609  -0.0322185044
   1.3799999954  -0.0319890003  -0.0492547185  -0.0318898440
   1.3849999953  -0.0315148937  -0.0560093863  -0.0314277986
   1.3899999953  -0.0308818233  -0.0619092061  -0.0308133541
   1.3949999953  -0.0300753488  -0.0666917675  -0.0300321417
   1.3999999953  -0.0290825401  -0.0701268278  -0.0290707021
   1.4049999953  -0.0278903187  -0.0720265141  -0.0279149138
   1.4099999953  -0.0264864103  -0.0722550408  -0.0265511022
   1.4149999952  -0.0248626218  -0.0707373401  -0.0249695025
   1.4199999952  -0.0230195228  -0.0674658299  -0.0231691194
   1.4249999952  -0.0209712949  -0.0625045468  -0.0211627075
   1.4299999952  -0.0187494804  -0.0559900072  -0.0189805890
   1.4349999952  -0.0164045805  -0.0481283384  -0.0166722531
   1.4399999952  -0.0140048101  -0.0391884065  -0.0143050631
   1.4449999951  -0.0116317840  -0.0294908681  -0.0119598731
   1.4499999951  -0.0093734234  -0.0193933399  -0.0097238770
   1.4549999951  -0.0073149139  -0.0092722589  -0.0076815502
   1.4599999951  -0.0055290298   0.0004975069  -0.0059050166
   1.4649999951  -0.0040674661   0.0095637325  -0.0044454794
   1.4699999951  -0.0029548413   0.0176166609  -0.0033273604
   1.4749999950  -0.0021866755   0.0244055719  -0.0025464210
   1.4799999950  -0.0017319045   0.0297504059  -0.0020723796
   1.4849999950  -0.0015394914   0.0335474485  -0.0018555555
   1.4899999950  -0.0015477122   0.0357690035  -0.0018360854
   1.4949999950  -0.0016940005   0.0364578897  -0.0019535963
   1.4999999950  -0.0019230998   0.0357182540  -0.0021550980
   1.5049999949  -0.0021917656   0.0337044266  -0.0023993759
   1.5099999949  -0.0024692824   0.0306093264  -0.0026571985
   1.5149999949  -0.0027343033   0.0266533779  -0.0029078985
   1.5199999949  -0.0029695959   0.0220742352  -0.0031339577
   1.5249999949  -0.0031568460   0.0171170764  -0.0033157735
   1.5299999949  -0.0032735325   0.0120249998  -0.0034286274
   1.5349999948  -0.0032931002   0.0070291770  -0.0034430723
   1.5399999948  -0.0031884904   0.0023388209  -0.0033287658
   1.5449999948  -0.0029379235  -0.0018684737  -0.0030606099
   1.5499999948  -0.0025310603  -0.0054550581  -0.0026252837
   1.5549999948  -0.0019735239  -0.0083291269  -0.0020261184
   1.5599999948  -0.0012882767  -0.0104472635  -0.0012847835
   1.5649999947  -0.0005133085  -0.0118131645  -0.0004392213
   1.5699999947   0.0003038216  -0.0124726622   0.0004616386
   1.5749999947   0.0011131949  -0.0125057415   0.0013650008
   1.5799999947   0.0018697206  -0.0120166473   0.0022214012
   1.5849999947   0.0025387021  -0.0111233495   0.0029903898
   1.5899999947   0.0030987894  -0.0099475400   0.0036437208
   1.5949999946   0.0035421210  -0.0086060684   0.0041658618
   1.5999999946   0.0038721901  -0.0072043489   0.0045523541
   1.6049999946   0.0041004048  -0.0058319072   0.0048069805
   1.6099999946   0.0042423993  -0.0045599351   0.0049387635
   1.6149999946   0.0043149200  -0.0034405353   0.0049595687
   1.6199999946   0.0043337206  -0.0025072476   0.0048826812
   1.6249999945   0.0043125056  -0.0017764475   0.0047223172
   1.6299999945   0.0042626961  -0.0012492579   0.0044937688
   1.6349999945   0.0041936961  -0.0009136938   0.0042137908
   1.6399999945   0.0041133767  -0.0007468615   0.0039008971
   1.6449999945   0.0040285926  -0.0007171302   0.0035753587
   1.6499999945   0.0039456171  -0.0007862978   0.0032588054
   1.6549999944   0.0038704031  -0.0009118460   0.0029733876
   1.6599999944   0.0038085514  -0.0010494159   0.0027404672
   1.6649999944   0.0037648646  -0.0011556078   0.0025788292
   1.6699999944   0.0037424285  -0.0011911101   0.0025024857
   1.6749999944   0.0037413197  -0.0011240062   0.0025183029
   1.6799999944   0.0037572507  -0.0009329343   0.0026238765
   1.6849999943   0.0037806408  -0.0006096315   0.0028062324
   1.6899999943   0.0037966515  -0.0001603446   0.0030419390
   1.6949999943   0.0037865748   0.0003943281   0.0032990248
   1.6999999943   0.0037306287   0.0010213834   0.0035407124
   1.7049999943   0.0036117622   0.0016790474   0.0037304968
   1.7099999943   0.0034196732   0.0023216596   0.0038376581
   1.7149999942   0.0031540240   0.0029050859   0.0038420680
   1.7199999942   0.0028259204   0.0033918123   0.0037372194
   1.7249999942   0.0024570995   0.0037549242   0.0035307933
   1.7299999942   0.0020768543   0.0039804119   0.0032426711
   1.7349999942   0.0017173291   0.0040675936   0.0029009331
   1.7399999942   0.0014082657   0.0040278227   0.0025368568
   1.7449999941   0.0011724098   0.0038819456   0.0021800978
   1.7499999941   0.0010225723   0.0036571271   0.0018550632
   1.7549999941   0.0009608457   0.0033836430   0.0015790356
   1.7599999941   0.0009798705   0.0030920787   0.0013620429
   1.7649999941   0.0010655244   0.0028111351   0.0012079811
   1.7699999941   0.0012001255   0.0025660250   0.0011162364
   1.7749999940   0.0013652652   0.0023772982   0.0010830841
   1.7799999940   0.0015436804   0.0022599053   0.0011024204
   1.7849999940   0.0017200030   0.0022223904   0.0011657807
   1.7899999940   0.0018806357   0.0022662324   0.0012619595
   1.7949999940   0.0020132531   0.0023854891   0.0013767433
   1.7999999940   0.0021064548   0.0025669617   0.0014932321
   1.8049999939   0.0021499278   0.0027910791   0.0015930069
   1.8099999939   0.0021351978   0.0030335858   0.0016580799
   1.8149999939   0.0020567782   0.0032679568   0.0016732761
   1.8199999939   0.0019133681   0.0034682901   0.0016285345
   1.8249999939   0.0017087296   0.0036123033   0.0015206230
   1.8299999939   0.0014519876   0.0036840065   0.0013539132
   1.8349999938   0.0011572621   0.0036756567   0.0011400830
   1.8399999938   0.0008426954   0.0035887021   0.0008968288
   1.8449999938   0.0005290273   0.0034335689   0.0006458164
   1.8499999938   0.0002378798   0.0032283096   0.0004101557
   1.8549999938  -0.0000101122   0.0029962780   0.0002116877
   1.8599999938  -0.0001972172   0.0027631269   0.0000683475
   1.8649999937  -0.0003104473   0.0025535084  -0.0000081342
   1.8699999937  -0.0003431429   0.0023879093  -0.0000139155
   1.8749999937  -0.0002960536   0.0022800490   0.0000461712
   1.8799999937  -0.0001776422   0.0022352181   0.0001589751
   1.8849999937  -0.0000034048   0.0022498168   0.0003046371
   1.8899999937   0.0002058352   0.0023121883   0.0004593449
   1.8949999936   0.0004264669   0.0024046345   0.0005988629
   1.8999999936   0.0006350433   0.0025062950   0.0007022311
   1.9049999936   0.0008110832   0.0025964062   0.0007549152
   1.9099999936   0.0009391758   0.0026573752   0.0007507576
   1.9149999936   0.0010100187   0.0026771416   0.0006923261
   1.9199999936   0.0010203126   0.0026504481   0.0005896346
   1.9249999935   0.0009717525   0.0025788795   0.0004576019
   1.9299999935   0.0008695856   0.0024697909   0.0003129084
   1.9349999935   0.0007212695   0.0023344709   0.0001710132
   1.9399999935   0.0005356405   0.0021860049   0.0000439785
   1.9449999935   0.0003227370   0.0020373029  -0.0000605432
   1.9499999935   0.0000941125   0.0018996270  -0.0001391682
   1.9549999934  -0.0001367624   0.0017817608  -0.0001918167
   1.9599999934  -0.0003544873   0.0016897624  -0.0002204228
   1.9649999934  -0.0005424712   0.0016270974  -0.0002278059
   1.9699999934  -0.0006845221   0.0015949097  -0.0002170113
   1.9749999934  -0.0007670630   0.0015922368  -0.0001911716
   1.9799999934  -0.0007814903   0.0016161010  -0.0001537097
   1.9849999933  -0.0007260774   0.0016615308  -0.0001085836
   1.9899999933  -0.0006069064   0.0017216550  -0.0000602986
   1.9949999933  -0.0004375404   0.0017880147  -0.0000135598
   1.9999999933  -0.0002374642   0.0018511755   0.0000273650
   2.0049999933  -0.0000296022   0.0019016113   0.0000593469
   2.0099999933   0.0001626036   0.0019307259   0.0000808780
   2.0149999932   0.0003180435   0.0019318254   0.0000921268
   2.0199999932   0.0004203101   0.0019008573   0.0000945173
   2.0249999932   0.0004593484   0.0018368057   0.0000899689
   2.0299999932   0.0004323138   0.0017417210   0.0000800600
   2.0349999932   0.0003436745   0.0016204447   0.0000654033
   2.0399999931   0.0002046289   0.0014801298   0.0000454325
   2.0449999931   0.0000318995   0.0013296450   0.0000186429
   2.0499999931  -0.0001540496   0.0011789109  -0.0000168322
   2.0549999931  -0.0003312925   0.0010381677  -0.0000625257
   2.0599999931  -0.0004790500   0.0009171595  -0.0001190422
   2.0649999931  -0.0005803326   0.0008242412  -0.0001857031
   2.0699999930  -0.0006242196   0.0007654755  -0.0002604474
   2.0749999930  -0.0006073464   0.0007438488  -0.0003399032
   2.0799999930  -0.0005342664   0.0007587716  -0.0004195120
   2.0849999930  -0.0004165574   0.0008060137  -0.0004936339
   2.0899999930  -0.0002708146   0.0008781432  -0.0005556621
   2.0949999930  -0.0001159273   0.0009654293  -0.0005982740
   2.0999999929   0.0000298025   0.0010570481  -0.0006139778
   2.1049999929   0.0001511315   0.0011423606  -0.0005960610
   2.1099999929   0.0002375045   0.0012120235  -0.0005399009
   2.1149999929   0.0002836540   0.0012587609  -0.0004444183
   2.1199999929   0.0002892472   0.0012777366  -0.0003133146
   2.1249999929   0.0002578644   0.0012665881  -0.0001556843
   2.1299999928   0.0001956853   0.0012252622   0.0000143128
   2.1349999928   0.0001102256   0.0011558090   0.0001788292
   2.1399999928   0.0000093407   0.0010622364   0.0003186058
   2.1449999928  -0.0000994419   0.0009504323   0.0004157497
   2.1499999928  -0.0002093251   0.0008280628   0.0004564806
   2.1549999928  -0.0003144888   0.0007043014   0.0004333071
   2.1599999927  -0.0004102691   0.0005892565   0.0003462345
   2.1649999927  -0.0004932792   0.0004930485   0.0002028285
   2.1699999927  -0.0005614208   0.0004246072   0.0000172019
   2.1749999927  -0.0006137029   0.0003903791  -0.0001918164
   2.1799999927  -0.0006498353   0.0003932064  -0.0004029732
   2.1849999927  -0.0006696475   0.0004316343  -0.0005949874
   2.1899999926  -0.0006724869   0.0004998252  -0.0007487668
   2.1949999926  -0.0006568107   0.0005881353  -0.0008492570
   2.1999999926  -0.0006201667   0.0006842686  -0.0008868179
   2.2049999926  -0.0005596673   0.0007748201  -0.0008580653
   2.2099999926  -0.0004729141   0.0008469648  -0.0007661339
   2.2149999926  -0.0003591780   0.0008900534  -0.0006203242
   2.2199999925  -0.0002205442   0.0008969177  -0.0004351266
   2.2249999925  -0.0000627138   0.0008647487  -0.0002286845
   2.2299999925   0.0001047724   0.0007954655  -0.0000208495
   2.2349999925   0.0002689931   0.0006955366   0.0001689246
   2.2399999925   0.0004147421   0.0005752566   0.0003235544
   2.2449999925   0.0005261042   0.0004475221   0.0004298884
   2.2499999924   0.0005882896   0.0003262191   0.0004796727
   2.2549999924   0.0005895054   0.0002244030   0.0004698747
   2.2599999924   0.0005226727   0.0001525281   0.0004024594
   2.2649999924   0.0003868252   0.0001170118   0.0002838078
   2.2699999924   0.0001880424   0.0001193994   0.0001239779
   2.2749999924  -0.0000602418   0.0001562992  -0.0000640504
   2.2799999923  -0.0003377185   0.0002201105  -0.0002651169
   2.2849999923  -0.0006186005   0.0003003996  -0.0004626813
   2.2899999923  -0.0008739724   0.0003856388  -0.0006398037
   2.2949999923  -0.0010749587   0.0004649556  -0.0007803903
   2.2999999923  -0.0011963789   0.0005295561  -0.0008706827
   2.3049999923  -0.0012203652   0.0005735960  -0.0009008318
   2.3099999922  -0.0011393277   0.0005944218  -0.0008662800
   2.3149999922  -0.0009576760   0.0005922623  -0.0007686436
   2.3199999922  -0.0006918917   0.0005695614  -0.0006158468
   2.3249999922  -0.0003688353   0.0005301802  -0.0004214105
   2.3299999922  -0.0000225063   0.0004786667  -0.0002029835
   2.3349999922   0.0003102279   0.0004197031   0.0000196276
   2.3399999921   0.0005942430   0.0003577534   0.0002265869
   2.3449999921   0.0008003865   0.0002968564   0.0003999778
   2.3499999921   0.0009087271   0.0002404904   0.0005253291
   2.3549999921   0.0009104490   0.0001914534   0.0005926151
   2.3599999921   0.0008082750   0.0001517471   0.0005967576
   2.3649999921   0.0006155312   0.0001225016   0.0005377353
   2.3699999920   0.0003541276   0.0001039898   0.0004204185
   2.3749999920   0.0000518037   0.0000957648   0.0002541986
   2.3799999920  -0.0002610002   0.0000969070   0.0000524117
   2.3849999920  -0.0005543123   0.0001063140  -0.0001684887
   2.3899999920  -0.0008015460   0.0001229397  -0.0003900616
   2.3949999920  -0.0009819036   0.0001458941  -0.0005933035
   2.3999999919  -0.0010820539   0.0001743624  -0.0007602773
   2.4049999919  -0.0010969262   0.0002073744  -0.0008757695
   2.4099999919  -0.0010295598   0.0002435135  -0.0009287563
   2.4149999919  -0.0008900708   0.0002806903  -0.0009134737
   2.4199999919  -0.0006939341   0.0003160891  -0.0008299577
   2.4249999919  -0.0004598888   0.0003463416  -0.0006840202
   2.4299999918  -0.0002078242   0.0003679053  -0.0004867208
   2.4349999918   0.0000430274   0.0003775589  -0.0002534479
   2.4399999918   0.0002753764   0.0003728954  -0.0000027326
   2.4449999918   0.0004745896   0.0003527051   0.0002451179
   2.4499999918   0.0006289352   0.0003171867   0.0004695172
   2.4549999918   0.0007295749   0.0002679829   0.0006512033
   2.4599999917   0.0007705390   0.0002080812   0.0007738981
   2.4649999917   0.0007488548   0.0001416319   0.0008259156
   2.4699999917   0.0006648740   0.0000737124   0.0008015363
   2.4749999917   0.0005227048   0.0000100319   0.0007019135
   2.4799999917   0.0003305574  -0.0000434635   0.0005352911
   2.4849999917   0.0001007830  -0.0000811229   0.0003163896
   2.4899999916  -0.0001505547  -0.0000982623   0.0000649659
   2.4949999916  -0.0004046349  -0.0000919092  -0.0001962851
   2.4999999916  -0.0006412895  -0.0000614871  -0.0004441804
   2.5049999916  -0.0008407024  -0.0000092668  -0.0006574791
   2.5099999916  -0.0009851898   0.0000595777  -0.0008189434
   2.5149999916  -0.0010608614   0.0001374007  -0.0009167908
   2.5199999915  -0.0010590152   0.0002149882  -0.0009454385
   2.5249999915  -0.0009771666   0.0002828016  -0.0009055889
   2.5299999915  -0.0008196496   0.0003323396  -0.0008037911
   2.5349999915  -0.0005977297   0.0003573633  -0.0006516455
   2.5399999915  -0.0003291607   0.0003547636  -0.0004647836
   2.5449999915  -0.0000371144   0.0003249286  -0.0002616919
   2.5499999914   0.0002515502   0.0002715814  -0.0000624022
   2.5549999914   0.0005086276   0.0002011591   0.0001129526
   2.5599999914   0.0007073430   0.0001218739   0.0002456843
   2.5649999914   0.0008252671   0.0000426250   0.0003201091
   2.5699999914   0.0008469774  -0.0000280832   0.0003249746
   2.5749999914   0.0007660618  -0.0000830940   0.0002545795
   2.5799999913   0.0005861317  -0.0001173388   0.0001094307
   2.5849999913   0.0003206682  -0.0001283131  -0.0001036524
   2.5899999913  -0.0000082860  -0.0001162537  -0.0003719901
   2.5949999913  -0.0003723877  -0.0000839994  -0.0006779704
   2.5999999913  -0.0007398739  -0.0000365388  -0.0010003229
   2.6049999913  -0.0010786751   0.0000197164  -0.0013156023
   2.6099999912  -0.0013593943   0.0000778464  -0.0015997702
   2.6149999912  -0.0015578655   0.0001313911  -0.0018298043
   2.6199999912  -0.0016571022   0.0001752099  -0.0019852901
   2.6249999912  -0.0016485369   0.0002060729  -0.0020499423
   2.6299999912  -0.0015325138   0.0002228746  -0.0020129693
   2.6349999912  -0.0013180350   0.0002264422  -0.0018701432
   2.6399999911  -0.0010217889   0.0002190056  -0.0016244069
   2.6449999911  -0.0006665253   0.0002034773  -0.0012858581
   2.6499999911  -0.0002788992   0.0001827310  -0.0008710163
   2.6549999911   0.0001130230   0.0001590511  -0.0004013874
   2.6599999911   0.0004823367   0.0001338661   0.0000985273
   2.6649999911   0.0008056547   0.0001077852   0.0006035251
   2.6699999910   0.0010649720   0.0000808732   0.0010899878
   2.6749999910   0.0012488385   0.0000530380   0.0015378591
   2.6799999910   0.0013527630   0.0000243964   0.0019320903
   2.6849999910   0.0013789065  -0.0000044886   0.0022634381
   2.6899999910   0.0013352293  -0.0000325444   0.0025286135
   2.6949999909   0.0012343117  -0.0000582878   0.0027298620
   2.6999999909   0.0010920537  -0.0000800317   0.0028740924
   2.7049999909   0.0009263937  -0.0000961326   0.0029716727
   2.7099999909   0.0007560942  -0.0001052292   0.0030349857
   2.7149999909   0.0005995684  -0.0001064430   0.0030768255
   2.7199999909   0.0004736882  -0.0000995384   0.0031087177
   2.7249999908   0.0003925354  -0.0000850417   0.0031392794
   2.7299999908   0.0003661240  -0.0000643082   0.0031727761
   2.7349999908   0.0003992026  -0.0000395083   0.0032080579
   2.7399999908   0.0004903063  -0.0000134949   0.0032380487
   2.7449999908   0.0006312533   0.0000104781   0.0032499045
   2.7499999908   0.0008072420   0.0000291797   0.0032258636
   2.7549999907   0.0009976354   0.0000399148   0.0031447015
   2.7599999907   0.0011774180   0.0000410307   0.0029836164
   2.7649999907   0.0013192173   0.0000322966   0.0027203216
   2.7699999907   0.0013957123   0.0000150535   0.0023351305
   2.7749999907   0.0013822076  -0.0000079191   0.0018128653
   2.7799999907   0.0012591415  -0.0000328044   0.0011444916
   2.7849999906   0.0010143001  -0.0000553292   0.0003284329
   2.7899999906   0.0006445218  -0.0000713961  -0.0006284570
   2.7949999906   0.0001567059  -0.0000776301  -0.0017102949
   2.7999999906  -0.0004320262  -0.0000717413  -0.0028920129
   2.8049999906  -0.0010951042  -0.0000526681  -0.0041397430
   2.8099999906  -0.0017982120  -0.0000205282  -0.0054118342
   2.8149999905  -0.0025018062   0.0000235457  -0.0066605503
   2.8199999905  -0.0031642142   0.0000776005  -0.0078344002
   2.8249999905  -0.0037449852   0.0001390240  -0.0088809476
   2.8299999905  -0.0042081166   0.0002046565  -0.0097498465
   2.8349999905  -0.0045247966   0.0002708816  -0.0103958006
   2.8399999905  -0.0046753822   0.0003337526  -0.0107811549
   2.8449999904  -0.0046504591   0.0003892043  -0.0108778979
   2.8499999904  -0.0044509678   0.0004333658  -0.0106689606
   2.8549999904  -0.0040875020   0.0004629410  -0.0101488088
   2.8599999904  -0.0035789624   0.0004755822  -0.0093234119
   2.8649999904  -0.0029507757   0.0004701625  -0.0082097084
   2.8699999904  -0.0022328736   0.0004468737  -0.0068346835
   2.8749999903  -0.0014575867   0.0004071193  -0.0052341390
   2.8799999903  -0.0006575766   0.0003532328  -0.0034511987
   2.8849999903   0.0001360918   0.0002880992  -0.0015345761
   2.8899999903   0.0008956366   0.0002147778   0.0004633573
   2.8949999903   0.0015978939   0.0001362149   0.0024886195
   2.8999999903   0.0022252011   0.0000550921   0.0044876544
   2.9049999902   0.0027657560  -0.0000261954   0.0064091938
   2.9099999902   0.0032134430  -0.0001054788   0.0082057839
   2.9149999902   0.0035671885  -0.0001807424   0.0098348594
   2.9199999902   0.0038299838  -0.0002500989   0.0112593218
   2.9249999902   0.0040077445  -0.0003118425   0.0124476652
   2.9299999902   0.0041081705  -0.0003645716   0.0133737667
   2.9349999901   0.0041397201  -0.0004073381   0.0140165023
   2.9399999901   0.0041107307  -0.0004397705   0.0143593516
   2.9449999901   0.0040286608  -0.0004621194   0.0143901268
   2.9499999901   0.0038993907  -0.0004752017   0.0141009114
   2.9549999901   0.0037265528  -0.0004802447   0.0134882418
   2.9599999901   0.0035109246  -0.0004786600   0.0125535230
   2.9649999900   0.0032500104  -0.0004717875   0.0113036384
   2.9699999900   0.0029379972  -0.0004606552   0.0097516959
   2.9749999900   0.0025662772  -0.0004457931   0.0079178357
   2.9799999900   0.0021246539  -0.0004271286   0.0058300118
   2.9849999900   0.0016032118  -0.0004039804   0.0035246420
   2.9899999900   0.0009946585  -0.0003751578   0.0010470061
   2.9949999899   0.0002967991  -0.0003391594  -0.0015487238
   2.9999999899  -0.0004852838  -0.0002944529  -0.0041999277
   3.0049999899  -0.0013377533  -0.0002398004  -0.0068365281
   3.0099999899  -0.0022375455  -0.0001745796  -0.0093825527
   3.0149999899  -0.0031530253  -0.0000990443  -0.0117582534
   3.0199999899  -0.0040456946  -0.0000144696  -0.0138827231
   3.0249999898  -0.0048727143   0.0000768505  -0.0156769231
   3.0299999898  -0.0055899017   0.0001717570  -0.0170670152
   3.0349999898  -0.0061548546   0.0002665004  -0.0179878700
   3.0399999898  -0.0065299077   0.0003570760  -0.0183866005
   3.0449999898  -0.0066847209   0.0004395536  -0.0182259324
   3.0499999898  -0.0065983946   0.0005103435  -0.0174871891
   3.0549999897  -0.0062610695   0.0005663706  -0.0161726385
   3.0599999897  -0.0056749888   0.0006051644  -0.0143069520
   3.0649999897  -0.0048549855   0.0006249007  -0.0119375635
   3.0699999897  -0.0038283292   0.0006244423  -0.0091338004
   3.0749999897  -0.0026338559   0.0006034098  -0.0059847705
   3.0799999897  -0.0013203250   0.0005622851  -0.0025961133
   3.0849999896   0.0000559833   0.0005025120   0.0009141728
   3.0899999896   0.0014343234   0.0004265352   0.0044205496
   3.0949999896   0.0027529805   0.0003377195   0.0077951150
   3.0999999896   0.0039529148   0.0002401230   0.0109128731
   3.1049999896   0.0049812255   0.0001381423   0.0136568882
   3.1099999896   0.0057941269   0.0000361029   0.0159231593
   3.1149999895   0.0063592006  -0.0000621067   0.0176250721
   3.1199999895   0.0066567902  -0.0001532612   0.0186972722
   3.1249999895   0.0066805188  -0.0002348324   0.0190987704
   3.1299999895   0.0064370026  -0.0003048433   0.0188150595
   3.1349999895   0.0059448942  -0.0003616224   0.0178590217
   3.1399999895   0.0052334114  -0.0004035786   0.0162704650
   3.1449999894   0.0043404961  -0.0004291160   0.0141142356
   3.1499999894   0.0033107138  -0.0004367591   0.0114770086
   3.1549999894   0.0021929719  -0.0004254794   0.0084630112
   3.1599999894   0.0010381110  -0.0003951339   0.0051890468
   3.1649999894  -0.0001035727  -0.0003468678   0.0017792380
   3.1699999894  -0.0011847973  -0.0002833272  -0.0016401328
   3.1749999893  -0.0021636351  -0.0002085762  -0.0049454052
   3.1799999893  -0.0030055644  -0.0001276930  -0.0080197985
   3.1849999893  -0.0036850441  -0.0000461243  -0.0107571198
   3.1899999893  -0.0041864329   0.0000310531  -0.0130649713
   3.1949999893  -0.0045041213   0.0000997800  -0.0148675125
   3.1999999893  -0.0046418331   0.0001574187  -0.0161077882
   3.2049999892  -0.0046111747   0.0002028302  -0.0167495545
   3.2099999892  -0.0044296269   0.0002361406  -0.0167784715
   3.2149999892  -0.0041182733   0.0002582949  -0.0162025044
   3.2199999892  -0.0036996008   0.0002705493  -0.0150514124
   3.2249999892  -0.0031956812   0.0002740526  -0.0133752893
   3.2299999892  -0.0026269521   0.0002696183  -0.0112422335
   3.2349999891  -0.0020116785   0.0002577192  -0.0087353331
   3.2399999891  -0.0013660258   0.0002386588  -0.0059492132
   3.2449999891  -0.0007045568   0.0002128212  -0.0029864074
   3.2499999891  -0.0000409048   0.0001808907   0.0000462376
   3.2549999891   0.0006116164   0.0001439557   0.0030409920
   3.2599999891   0.0012396259   0.0001034639   0.0058924664
   3.2649999890   0.0018295682   0.0000610532   0.0085006541
   3.2699999890   0.0023678322   0.0000183250   0.0107738398
   3.2749999890   0.0028409868  -0.0000233559   0.0126314082
   3.2799999890   0.0032360138  -0.0000629718   0.0140065303
   3.2849999890   0.0035404772  -0.0000998394   0.0148486476
   3.2899999890   0.0037426528  -0.0001334920   0.0151256195
   3.2949999889   0.0038317192  -0.0001635040   0.0148253774
   3.2999999889   0.0037981531  -0.0001893236   0.0139569333
   3.3049999889   0.0036344437  -0.0002101721   0.0125506311
   3.3099999889   0.0033361553  -0.0002250433   0.0106575746
   3.3149999889   0.0029032458  -0.0002328041   0.0083482234
   3.3199999889   0.0023414302  -0.0002323716   0.0057101919
   3.3249999888   0.0016633082  -0.0002229194   0.0028453191
   3.3299999888   0.0008889726  -0.0002040690  -0.0001339032
   3.3349999888   0.0000458960  -0.0001760234  -0.0031084393
   3.3399999888  -0.0008319797  -0.0001396237  -0.0059572417
   3.3449999888  -0.0017058763  -0.0000963219  -0.0085620685
   3.3499999888  -0.0025343440  -0.0000480841  -0.0108124301
   3.3549999887  -0.0032757022   0.0000027552  -0.0126104808
   3.3599999887  -0.0038905084   0.0000536581  -0.0138756428
   3.3649999887  -0.0043438688   0.0001020445  -0.0145487326
   3.3699999887  -0.0046074845   0.0001454296  -0.0145953483
   3.3749999887  -0.0046613987   0.0001815313  -0.0140082790
   3.3799999886  -0.0044954392   0.0002083522  -0.0128087270
   3.3849999886  -0.0041103345   0.0002242501  -0.0110461768
   3.3899999886  -0.0035184266   0.0002280143  -0.0087968182
   3.3949999886  -0.0027438530   0.0002189592  -0.0061605237
   3.3999999886  -0.0018220362   0.0001970356  -0.0032564821
   3.4049999886  -0.0007983479   0.0001629401  -0.0002176955
   3.4099999885   0.0002741055   0.0001181908   0.0028153623
   3.4149999885   0.0013375066   0.0000651277   0.0057015687
   3.4199999885   0.0023329539   0.0000068071   0.0083060711
   3.4249999885   0.0032043756  -0.0000532229   0.0105069252
   3.4299999885   0.0039023532  -0.0001112464   0.0122011157
   3.4349999885   0.0043874882  -0.0001637514   0.0133096724
   3.4399999884   0.0046330064  -0.0002077818   0.0137816529
   3.4449999884   0.0046264070  -0.0002411939   0.0135968109
   3.4499999884   0.0043700766  -0.0002627686   0.0127668122
   3.4549999884   0.0038808986  -0.0002721617   0.0113349024
   3.4599999884   0.0031889631  -0.0002697223   0.0093739810
   3.4649999884   0.0023355264  -0.0002562424   0.0069831066
   3.4699999883   0.0013703903  -0.0002327189   0.0042825520
   3.4749999883   0.0003488705  -0.0002002011   0.0014076335
   3.4799999883  -0.0006714710  -0.0001597618  -0.0014983515
   3.4849999883  -0.0016341588  -0.0001125898  -0.0042916572
   3.4899999883  -0.0024870211  -0.0000601535  -0.0068356211
   3.4949999883  -0.0031851156  -0.0000043633  -0.0090077248
   3.4999999882  -0.0036931945   0.0000523457  -0.0107057635
   3.5049999882  -0.0039875660   0.0001070628  -0.0118527915
   3.5099999882  -0.0040572455   0.0001565965  -0.0124006224
   3.5149999882  -0.0039043385   0.0001977819  -0.0123317646
   3.5199999882  -0.0035436439   0.0002278380  -0.0116597717
   3.5249999882  -0.0030015174   0.0002446987  -0.0104280491
   3.5299999881  -0.0023140679   0.0002472502  -0.0087072200
   3.5349999881  -0.0015248020   0.0002354403  -0.0065911882
   3.5399999881  -0.0006818521   0.0002102533  -0.0041920861
   3.5449999881   0.0001650418   0.0001735778  -0.0016343457
   3.5499999881   0.0009676102   0.0001280057   0.0009518160
   3.5549999881   0.0016819879   0.0000766005   0.0034371522
   3.5599999880   0.0022713000   0.0000226616   0.0057000072
   3.5649999880   0.0027077170  -0.0000305029   0.0076324245
   3.5699999880   0.0029738326  -0.0000797919   0.0091453997
   3.5749999880   0.0030632808  -0.0001225126   0.0101729980
   3.5799999880   0.0029805735  -0.0001565568   0.0106751479
   3.5849999880   0.0027402102  -0.0001805332   0.0106390123
   3.5899999879   0.0023651687  -0.0001938312   0.0100789300
   3.5949999879   0.0018849267  -0.0001966006   0.0090349904
   3.5999999879   0.0013331859  -0.0001896442   0.0075703634
   3.6049999879   0.0007454756  -0.0001742446   0.0057675509
   3.6099999879   0.0001568049  -0.0001519601   0.0037237650
   3.6149999879  -0.0004004814  -0.0001244356   0.0015456783
   3.6199999878  -0.0008985108  -0.0000932636  -0.0006561755
   3.6249999878  -0.0013152472  -0.0000599159  -0.0027730476
   3.6299999878  -0.0016353405  -0.0000257393  -0.0047033546
   3.6349999878  -0.0018504331   0.0000080115  -0.0063575029
   3.6399999878  -0.0019589415   0.0000401367  -0.0076619114
   3.6449999878  -0.0019653799   0.0000694833  -0.0085620552
   3.6499999877  -0.0018793336   0.0000949772  -0.0090244347
   3.6549999877  -0.0017142114   0.0001156906  -0.0090374499
   3.6599999877  -0.0014859129   0.0001309201  -0.0086112233
   3.6649999877  -0.0012115308   0.0001402457  -0.0077764543
   3.6699999877  -0.0009081829   0.0001435477  -0.0065824154
   3.6749999877  -0.0005920331   0.0001409743  -0.0050942042
   3.6799999876  -0.0002775348   0.0001328737  -0.0033893794
   3.6849999876   0.0000230920   0.0001197175  -0.0015541175
   3.6899999876   0.0003001486   0.0001020450   0.0003209512
   3.6949999876   0.0005465188   0.0000804479   0.0021450458
   3.6999999876   0.0007575160   0.0000555996   0.0038314778
   3.7049999876   0.0009305439   0.0000283104   0.0053016261
   3.7099999875   0.0010646157  -0.0000004216   0.0064884531
   3.7149999875   0.0011598000  -0.0000293942   0.0073394008
   3.7199999875   0.0012166734  -0.0000572399   0.0078185529
   3.7249999875   0.0012358685  -0.0000825231   0.0079079983
   3.7299999875   0.0012177898  -0.0001038756   0.0076083777
   3.7349999875   0.0011625419  -0.0001201414   0.0069386250
   3.7399999874   0.0010700774  -0.0001304968   0.0059349415
   3.7449999874   0.0009405281  -0.0001345221   0.0046490471
   3.7499999874   0.0007746569  -0.0001322158   0.0031457714
   3.7549999874   0.0005743516  -0.0001239575   0.0015000572
   3.7599999874   0.0003430811  -0.0001104391  -0.0002065193
   3.7649999874   0.0000862522  -0.0000925832  -0.0018895813
   3.7699999873  -0.0001885785  -0.0000714645  -0.0034659715
   3.7749999873  -0.0004716684  -0.0000482425  -0.0048577699
   3.7799999873  -0.0007512464  -0.0000241022  -0.0059961085
   3.7849999873  -0.0010138821  -0.0000002004  -0.0068245875
   3.7899999873  -0.0012450776   0.0000223876  -0.0073021162
   3.7949999873  -0.0014300814   0.0000427178  -0.0074050355
   3.7999999872  -0.0015549018   0.0000600176  -0.0071284124
   3.8049999872  -0.0016074596   0.0000737088  -0.0064864373
   3.8099999872  -0.0015787835   0.0000834079  -0.0055118879
   3.8149999872  -0.0014641169   0.0000889058  -0.0042546648
   3.8199999872  -0.0012637925   0.0000901359  -0.0027794424
   3.8249999872  -0.0009837447   0.0000871440  -0.0011625217
   3.8299999871  -0.0006355683   0.0000800719   0.0005119777
   3.8349999871  -0.0002360897   0.0000691617   0.0021564078
   3.8399999871   0.0001935163   0.0000547783   0.0036841438
   3.8449999871   0.0006289822   0.0000374381   0.0050141574
   3.8499999871   0.0010444558   0.0000178308   0.0060753588
   3.8549999871   0.0014141362  -0.0000031800   0.0068104731
   3.8599999870   0.0017139210  -0.0000245836   0.0071792352
   3.8649999870   0.0019229733  -0.0000452735   0.0071607292
   3.8699999870   0.0020251338  -0.0000641154   0.0067547382
   3.8749999870   0.0020101176  -0.0000800169   0.0059820129
   3.8799999870   0.0018744331  -0.0000919927   0.0048834210
   3.8849999870   0.0016219534  -0.0000992174   0.0035179856
   3.8899999869   0.0012640695  -0.0001010726   0.0019598823
   3.8949999869   0.0008193608  -0.0000971916   0.0002945248
   3.8999999869   0.0003127478  -0.0000875071  -0.0013860675
   3.9049999869  -0.0002258638  -0.0000723003  -0.0029883706
   3.9099999869  -0.0007633849  -0.0000522403  -0.0044226340
   3.9149999869  -0.0012656709  -0.0000283969  -0.0056080220
   3.9199999868  -0.0016998197  -0.0000022094  -0.0064773063
   3.9249999868  -0.0020364591   0.0000245983  -0.0069808251
   3.9299999868  -0.0022518471   0.0000501560  -0.0070894690
   3.9349999868  -0.0023296277   0.0000726196  -0.0067965136
   3.9399999868  -0.0022621161   0.0000903523  -0.0061181830
   3.9449999868  -0.0020510238   0.0001020823  -0.0050928989
   3.9499999867  -0.0017075668   0.0001070123  -0.0037792375
   3.9549999867  -0.0012519357   0.0001048683  -0.0022526870
   3.9599999867  -0.0007121381   0.0000958906  -0.0006013677
   3.9649999867  -0.0001222638   0.0000807804   0.0010790554
   3.9699999867   0.0004797339   0.0000606201   0.0026909784
   3.9749999867   0.0010545995   0.0000367827   0.0041406426
   3.9799999866   0.0015644983   0.0000108367   0.0053437367
   3.9849999866   0.0019756884  -0.0000155542   0.0062304572
   3.9899999866   0.0022609218  -0.0000407408   0.0067496998
   3.9949999866   0.0024013755  -0.0000632068   0.0068721180
   3.9999999866   0.0023879549  -0.0000816883   0.0065918613
   4.0049999866   0.0022218764  -0.0000952773   0.0059268986
   4.0099999865   0.0019145033  -0.0001034853   0.0049179174
   4.0149999865   0.0014864772  -0.0001062514   0.0036258765
   4.0199999865   0.0009662368  -0.0001038891   0.0021283580
   4.0249999865   0.0003880538  -0.0000969841   0.0005149295
   4.0299999865  -0.0002102692  -0.0000862703  -0.0011182203
   4.0349999864  -0.0007898872  -0.0000725172  -0.0026740612
   4.0399999864  -0.0013134363  -0.0000564594  -0.0040605742
   4.0449999864  -0.0017474480  -0.0000387793  -0.0051963124
   4.0499999864  -0.0020645127  -0.0000201385  -0.0060153160
   4.0549999864  -0.0022450595  -0.0000012324  -0.0064710569
   4.0599999864  -0.0022786333   0.0000171643  -0.0065391567
   4.0649999863  -0.0021645744   0.0000341884  -0.0062187064
   4.0699999863  -0.0019120385   0.0000489303  -0.0055321201
   4.0749999863  -0.0015393427   0.0000605215  -0.0045235607
   4.0799999863  -0.0010726737   0.0000682439  -0.0032560649
   4.0849999863  -0.0005442462   0.0000716312  -0.0018075735
   4.0899999863   0.0000099532   0.0000705350  -0.0002661239
   4.0949999862   0.0005526701   0.0000651405   0.0012755022
   4.0999999862   0.0010479485   0.0000559352   0.0027253664
   4.1049999862   0.0014635734   0.0000436452   0.0039978755
   4.1099999862   0.0017732171   0.0000291603   0.0050188806
   4.1149999862   0.0019581461   0.0000134677   0.0057300685
   4.1199999862   0.0020083768  -0.0000024018   0.0060923721
   4.1249999861   0.0019232133  -0.0000174165   0.0060881780
   4.1299999861   0.0017111387  -0.0000305909   0.0057221852
   4.1349999861   0.0013890787  -0.0000410470   0.0050208596
   4.1399999861   0.0009810951  -0.0000480943   0.0040305334
   4.1449999861   0.0005166052  -0.0000513196   0.0028142944
   4.1499999861   0.0000282571  -0.0000506634   0.0014478931
   4.1549999860  -0.0004503867  -0.0000464600   0.0000149533
   4.1599999860  -0.0008871885  -0.0000394192  -0.0013981971
   4.1649999860  -0.0012536292  -0.0000305440  -0.0027077545
   4.1699999860  -0.0015266990  -0.0000209977  -0.0038374200
   4.1749999860  -0.0016903537  -0.0000119457  -0.0047228514
   4.1799999860  -0.0017364403  -0.0000044074  -0.0053153402
   4.1849999859  -0.0016650393   0.0000008520  -0.0055845096
   4.1899999859  -0.0014842173   0.0000033737  -0.0055198781
   4.1949999859  -0.0012092287   0.0000030019  -0.0051311935
   4.1999999859  -0.0008612443  -0.0000001584  -0.0044475179
   4.2049999859  -0.0004657149  -0.0000057985  -0.0035151224
   4.2099999859  -0.0000504974  -0.0000134574  -0.0023943389
   4.2149999858   0.0003561172  -0.0000225555  -0.0011555894
   4.2199999858   0.0007273404  -0.0000324134   0.0001251283
   4.2249999858   0.0010396576  -0.0000422685   0.0013709874
   4.2299999858   0.0012743242  -0.0000513035   0.0025089994
   4.2349999858   0.0014184947  -0.0000586970   0.0034743123
   4.2399999858   0.0014659182  -0.0000636954   0.0042138928
   4.2449999857   0.0014171600  -0.0000656910   0.0046893986
   4.2499999857   0.0012793401  -0.0000642884   0.0048791015
   4.2549999857   0.0010654118  -0.0000593394   0.0047787813
   4.2599999857   0.0007930371  -0.0000509362   0.0044015618
   4.2649999857   0.0004831493  -0.0000393684   0.0037767170
   4.2699999857   0.0001583183  -0.0000250581   0.0029475336
   4.2749999856  -0.0001589455  -0.0000084969   0.0019683698
   4.2799999856  -0.0004478124   0.0000097973   0.0009011074
   4.2849999856  -0.0006905510   0.0000292919  -0.0001887691
   4.2899999856  -0.0008736384   0.0000494256  -0.0012362042
   4.2949999856  -0.0009884941   0.0000695821  -0.0021804527
   4.2999999856  -0.0010318050   0.0000890734  -0.0029685717
   4.3049999855  -0.0010054475   0.0001071464  -0.0035583249
   4.3099999855  -0.0009160406   0.0001230191  -0.0039203522
   4.3149999855  -0.0007741875   0.0001359389  -0.0040395174
   4.3199999855  -0.0005934778   0.0001452445  -0.0039153947
   4.3249999855  -0.0003893313   0.0001504136  -0.0035619043
   4.3299999855  -0.0001777690   0.0001510837  -0.0030061420
   4.3349999854   0.0000257989   0.0001470449  -0.0022864832
   4.3399999854   0.0002076776   0.0001382177  -0.0014500759
   4.3449999854   0.0003568044   0.0001246324  -0.0005498649
   4.3499999854   0.0004654053   0.0001064298   0.0003586743
   4.3549999854   0.0005293475   0.0000838872   0.0012208937
   4.3599999854   0.0005481720   0.0000574641   0.0019862125
   4.3649999853   0.0005248237   0.0000278479   0.0026110342
   4.3699999853   0.0004651306  -0.0000040275   0.0030611622
   4.3749999853   0.0003771007  -0.0000370073   0.0033135793
   4.3799999853   0.0002701193  -0.0000697942   0.0033575060
   4.3849999853   0.0001541216  -0.0001010667   0.0031947105
   4.3899999853   0.0000388071  -0.0001296120   0.0028390884
   4.3949999852  -0.0000670603  -0.0001544411   0.0023155721
   4.3999999852  -0.0001562322  -0.0001748587   0.0016584557
   4.4049999852  -0.0002234146  -0.0001904751   0.0009092415
   4.4099999852  -0.0002655476  -0.0002011634   0.0001141281
   4.4149999852  -0.0002819098  -0.0002069813  -0.0006787252
   4.4199999852  -0.0002740335  -0.0002080853  -0.0014220118
   4.4249999851  -0.0002454295  -0.0002046599  -0.0020720115
   4.4299999851  -0.0002011358  -0.0001968785  -0.0025910863
   4.4349999851  -0.0001471291  -0.0001848959  -0.0029497881
   4.4399999851  -0.0000896598  -0.0001688654  -0.0031284515
   4.4449999851  -0.0000345883  -0.0001489655  -0.0031181836
   4.4499999851   0.0000131982  -0.0001254256  -0.0029212029
   4.4549999850   0.0000502226  -0.0000985438  -0.0025505318
   4.4599999850   0.0000746627  -0.0000687001  -0.0020290846
   4.4649999850   0.0000863946  -0.0000363691  -0.0013882269
   4.4699999850   0.0000868493  -0.0000021370  -0.0006659035
   4.4749999850   0.0000787190   0.0000332775   0.0000955576
   4.4799999850   0.0000655595   0.0000690073   0.0008518481
   4.4849999849   0.0000513331   0.0001040367   0.0015591722
   4.4899999849   0.0000399301   0.0001372294   0.0021767024
   4.4949999849   0.0000347034   0.0001673884   0.0026688733
   4.4999999849   0.0000380470   0.0001933447   0.0030073868
   4.5049999849   0.0000510540   0.0002140578   0.0031728099
   4.5099999849   0.0000732931   0.0002287086   0.0031556682
   4.5149999848   0.0001027428   0.0002367638   0.0029569656
   4.5199999848   0.0001359122   0.0002379990   0.0025880994
   4.5249999848   0.0001681583   0.0002324792   0.0020701807
   4.5299999848   0.0001941764   0.0002205071   0.0014328091
   4.5349999848   0.0002086144   0.0002025578   0.0007123796
   4.5399999848   0.0002067315   0.0001792184  -0.0000499749
   4.5449999847   0.0001850168   0.0001511478  -0.0008106923
   4.5499999847   0.0001416854   0.0001190607  -0.0015262193
   4.5549999847   0.0000769957   0.0000837307  -0.0021554563
   4.5599999847  -0.0000066410   0.0000460005  -0.0026620854
   4.5649999847  -0.0001047563   0.0000067867  -0.0030166598
   4.5699999847  -0.0002110998  -0.0000329296  -0.0031983383
   4.5749999846  -0.0003180621  -0.0000721277  -0.0031961582
   4.5799999846  -0.0004172066  -0.0001097825  -0.0030097610
   4.5849999846  -0.0004998839  -0.0001449006  -0.0026495118
   4.5899999846  -0.0005578989  -0.0001765476  -0.0021359902
   4.5949999846  -0.0005842006  -0.0002038646  -0.0014988695
   4.5999999846  -0.0005735538  -0.0002260753  -0.0007752455
   4.6049999845  -0.0005231340  -0.0002424905  -0.0000075061
   4.6099999845  -0.0004329800  -0.0002525202   0.0007591324
   4.6149999845  -0.0003062363  -0.0002556978   0.0014792792
   4.6199999845  -0.0001491315  -0.0002517175   0.0021100612
   4.6249999845   0.0000293282  -0.0002404778   0.0026136946
   4.6299999845   0.0002179354  -0.0002221212   0.0029597863
   4.6349999844   0.0004040778  -0.0001970581   0.0031272242
   4.6399999844   0.0005746720  -0.0001659683   0.0031055364
   4.6449999844   0.0007171472  -0.0001297765   0.0028956251
   4.6499999844   0.0008203916  -0.0000896086   0.0025098158
   4.6549999844   0.0008755936  -0.0000467350   0.0019712063
   4.6599999844   0.0008769289  -0.0000025138   0.0013123422
   4.6649999843   0.0008220611   0.0000416605   0.0005732953
   4.6699999843   0.0007124323   0.0000843993  -0.0002007416
   4.6749999843   0.0005533236   0.0001243530  -0.0009621931
   4.6799999843   0.0003536634   0.0001602427  -0.0016640073
   4.6849999843   0.0001255692   0.0001908931  -0.0022625475
   4.6899999843  -0.0001163768   0.0002152724  -0.0027202966
   4.6949999842  -0.0003560904   0.0002325369  -0.0030082101
   4.6999999842  -0.0005771267   0.0002420772  -0.0031075733
   4.7049999842  -0.0007639069   0.0002435584  -0.0030112474
   4.7099999842  -0.0009029191   0.0002369453  -0.0027242209
   4.7149999842  -0.0009837783   0.0002225098  -0.0022634200
   4.7199999841  -0.0010000461   0.0002008156  -0.0016567756
   4.7249999841  -0.0009497440   0.0001726846  -0.0009415907
   4.7299999841  -0.0008355305   0.0001391512  -0.0001622948
   4.7349999841  -0.0006645453   0.0001014108   0.0006322813
   4.7399999841  -0.0004479511   0.0000607698   0.0013919454
   4.7449999841  -0.0002002137   0.0000186027   0.0020683070
   4.7499999840   0.0000618338  -0.0000236849   0.0026178616
   4.7549999840   0.0003200962  -0.0000646876   0.0030047962
   4.7599999840   0.0005564398  -0.0001030304   0.0032033337
   4.7649999840   0.0007539710  -0.0001374017   0.0031994609
   4.7699999840   0.0008982897  -0.0001665924   0.0029919251
   4.7749999840   0.0009786200  -0.0001895412   0.0025924263
   4.7799999839   0.0009887145  -0.0002053854   0.0020249861
   4.7849999839   0.0009274321  -0.0002135124   0.0013245236
   4.7899999839   0.0007989194  -0.0002136067   0.0005347169
   4.7949999839   0.0006123607  -0.0002056868  -0.0002947174
   4.7999999839   0.0003813160  -0.0001901262  -0.0011111636
   4.8049999839   0.0001227061  -0.0001676518  -0.0018624642
   4.8099999838  -0.0001444583  -0.0001393191  -0.0025002816
   4.8149999838  -0.0004004920  -0.0001064611  -0.0029832433
   4.8199999838  -0.0006264811  -0.0000706154  -0.0032796648
   4.8249999838  -0.0008056585  -0.0000334331  -0.0033696658
   4.8299999838  -0.0009246210   0.0000034199  -0.0032465353
   4.8349999838  -0.0009743174   0.0000383625  -0.0029172490
   4.8399999837  -0.0009507463   0.0000699859  -0.0024020975
   4.8449999837  -0.0008553113   0.0000971248  -0.0017334417
   4.8499999837  -0.0006947935   0.0001189033  -0.0009536696
   4.8549999837  -0.0004809205   0.0001347572  -0.0001124843
   4.8599999837  -0.0002295415   0.0001444305   0.0007363029
   4.8649999837   0.0000405454   0.0001479533   0.0015382653
   4.8699999836   0.0003090242   0.0001456041   0.0022419096
   4.8749999836   0.0005556310   0.0001378638   0.0028020442
   4.8799999836   0.0007617210   0.0001253679   0.0031827455
   4.8849999836   0.0009116942   0.0001088610   0.0033597221
   4.8899999836   0.0009941623   0.0000891587   0.0033219196
   4.8949999836   0.0010027696   0.0000671177   0.0030722577
   4.8999999835   0.0009366245   0.0000436144   0.0026274470
   4.9049999835   0.0008003290   0.0000195305   0.0020168951
   4.9099999835   0.0006036265  -0.0000042609   0.0012807715
   4.9149999835   0.0003606996  -0.0000269097   0.0004673556
   4.9199999835   0.0000891674  -0.0000476108  -0.0003701562
   4.9249999835  -0.0001911617  -0.0000656320  -0.0011771721
   4.9299999834  -0.0004597096  -0.0000803488  -0.0019013183
   4.9349999834  -0.0006966331  -0.0000912805  -0.0024958997
   4.9399999834  -0.0008843060  -0.0000981214  -0.0029229729
   4.9449999834  -0.0010086623  -0.0001007616  -0.0031558253
   4.9499999834  -0.0010602815  -0.0000992927  -0.0031806942
   4.9549999834  -0.0010351164  -0.0000939958  -0.0029976146
   4.9599999833  -0.0009347955  -0.0000853163  -0.0026203444
   4.9649999833  -0.0007664761  -0.0000738271  -0.0020753786
   4.9699999833  -0.0005422709  -0.0000601887  -0.0014001231
   4.9749999833  -0.0002783112  -0.0000451095  -0.0006403533
   4.9799999833   0.0000064643  -0.0000293103   0.0001528708
   4.9849999833   0.0002916911  -0.0000134925   0.0009266285
   4.9899999832   0.0005570311   0.0000016906   0.0016296744
   4.9949999832   0.0007835990   0.0000156605   0.0022158505
   4.9999999832   0.0009552800   0.0000279393   0.0026471464
   5.0049999832   0.0010598601   0.0000381715   0.0028962020
   5.0099999832   0.0010898980   0.0000461375   0.0029480817
   5.0149999832   0.0010432739   0.0000517555   0.0028012030
   5.0199999831   0.0009233642   0.0000550685   0.0024673568
   5.0249999831   0.0007388114   0.0000562165   0.0019708228
   5.0299999831   0.0005028937   0.0000554011   0.0013466476
   5.0349999831   0.0002325351   0.0000528479   0.0006382069
   5.0399999831  -0.0000529638   0.0000487766  -0.0001057767
   5.0449999831  -0.0003333650   0.0000433855  -0.0008345555
   5.0499999830  -0.0005889772   0.0000368502  -0.0014987945
   5.0549999830  -0.0008020633   0.0000293357  -0.0020538940
   5.0599999830  -0.0009580646   0.0000210139  -0.0024629774
   5.0649999830  -0.0010465647   0.0000120794  -0.0026993447
   5.0699999830  -0.0010619425   0.0000027576  -0.0027482276
   5.0749999830  -0.0010036914  -0.0000066961  -0.0026077276
   5.0799999829  -0.0008763993  -0.0000160047  -0.0022888727
   5.0849999829  -0.0006893993  -0.0000248794  -0.0018147889
   5.0899999829  -0.0004561100  -0.0000330277  -0.0012190470
   5.0949999829  -0.0001931012  -0.0000401572  -0.0005433011
   5.0999999829   0.0000810656  -0.0000459770   0.0001656100
   5.1049999829   0.0003471499  -0.0000502011   0.0008588940
   5.1099999828   0.0005866059  -0.0000525598   0.0014891420
   5.1149999828   0.0007829102  -0.0000528223   0.0020135413
   5.1199999828   0.0009227385  -0.0000508290   0.0023967496
   5.1249999828   0.0009968913  -0.0000465278   0.0026132427
   5.1299999828   0.0010009005  -0.0000400053   0.0026489851
   5.1349999828   0.0009352764  -0.0000315038   0.0025023195
   5.1399999827   0.0008053939  -0.0000214170   0.0021840210
   5.1449999827   0.0006210425  -0.0000102644   0.0017165139
   5.1499999827   0.0003956887   0.0000013510   0.0011323032
   5.1549999827   0.0001455104   0.0000127941   0.0004717257
   5.1599999827  -0.0001117324   0.0000234466  -0.0002198276
   5.1649999827  -0.0003579239   0.0000327468  -0.0008950273
   5.1699999826  -0.0005758433   0.0000402175  -0.0015078424
   5.1749999826  -0.0007503668   0.0000454838  -0.0020166728
   5.1799999826  -0.0008695376   0.0000482835  -0.0023871592
   5.1849999826  -0.0009254234   0.0000484775  -0.0025944797
   5.1899999826  -0.0009146871   0.0000460602  -0.0026249809
   5.1949999826  -0.0008388168   0.0000411680  -0.0024770407
   5.1999999825  -0.0007039880   0.0000340823  -0.0021611158
   5.2049999825  -0.0005205694   0.0000252188  -0.0016989794
   5.2099999825  -0.0003023173   0.0000151010  -0.0011222076
   5.2149999825  -0.0000653320   0.0000043178  -0.0004700167
   5.2199999825   0.0001731336  -0.0000065278   0.0002134030
   5.2249999825   0.0003959192  -0.0000168687   0.0008818829
   5.2299999824   0.0005871676  -0.0000262106   0.0014904013
   5.2349999824   0.0007334254  -0.0000341518   0.0019981266
   5.2399999824   0.0008245711  -0.0000403818   0.0023711719
   5.2449999824   0.0008545168  -0.0000446688   0.0025848667
   5.2499999824   0.0008216418  -0.0000468447   0.0026253898
   5.2549999824   0.0007289220  -0.0000467992   0.0024906497
   5.2599999823   0.0005837334  -0.0000444900   0.0021903572
   5.2649999823   0.0003973259  -0.0000399655   0.0017452939
   5.2699999823   0.0001839923  -0.0000333939   0.0011858365
   5.2749999823  -0.0000400155  -0.0000250833   0.0005498480
   5.2799999823  -0.0002577391  -0.0000154821  -0.0001199125
   5.2849999823  -0.0004528308  -0.0000051544  -0.0007786855
   5.2899999822  -0.0006108208   0.0000052693  -0.0013827180
   5.2949999822  -0.0007202257   0.0000151529  -0.0018921834
   5.2999999822  -0.0007734064   0.0000239151  -0.0022738241
   5.3049999822  -0.0007671113   0.0000310752  -0.0025031418
   5.3099999822  -0.0007026707   0.0000362766  -0.0025659879
   5.3149999822  -0.0005858378   0.0000392909  -0.0024594447
   5.3199999821  -0.0004262972   0.0000400084  -0.0021919368
   5.3249999821  -0.0002368821   0.0000384268  -0.0017825659
   5.3299999821  -0.0000325600   0.0000346459  -0.0012597188
   5.3349999821   0.0001707422   0.0000288698  -0.0006590548
   5.3399999821   0.0003573854   0.0000214136  -0.0000210219
   5.3449999821   0.0005132439   0.0000127037   0.0006119170
   5.3499999820   0.0006268090   0.0000032645   0.0011981502
   5.3549999820   0.0006900768  -0.0000063154   0.0016996785
   5.3599999820   0.0006991401  -0.0000154328   0.0020845899
   5.3649999820   0.0006544320  -0.0000235274   0.0023290905
   5.3699999820   0.0005606023  -0.0000301333   0.0024189665
   5.3749999820   0.0004260448  -0.0000349135   0.0023503927
   5.3799999819   0.0002621288  -0.0000376719   0.0021300417
   5.3849999819   0.0000822126  -0.0000383440   0.0017744945
   5.3899999819  -0.0000994658  -0.0000369753   0.0013089975
   5.3949999819  -0.0002689252  -0.0000336990   0.0007656557
   5.3999999819  -0.0004135127  -0.0000287208   0.0001811892
   5.4049999818  -0.0005228344  -0.0000223152  -0.0004055837
   5.4099999818  -0.0005894842  -0.0000148287  -0.0009563603
   5.4149999818  -0.0006095248  -0.0000066808  -0.0014358791
   5.4199999818  -0.0005826970   0.0000016463  -0.0018141858
   5.4249999818  -0.0005123438   0.0000096355  -0.0020684935
   5.4299999818  -0.0004050599   0.0000167784  -0.0021845252
   5.4349999817  -0.0002700934   0.0000226267  -0.0021572669
   5.4399999817  -0.0001185497   0.0000268384  -0.0019911046
   5.4449999817   0.0000375366   0.0000292080  -0.0016993522
   5.4499999817   0.0001861782   0.0000296736  -0.0013032177
   5.4549999817   0.0003163758   0.0000283020  -0.0008302839
   5.4599999817   0.0004189406   0.0000252603  -0.0003126049
   5.4649999816   0.0004871324   0.0000207848   0.0002154538
   5.4699999816   0.0005170695   0.0000151581   0.0007194931
   5.4749999816   0.0005078932   0.0000086980   0.0011673227
   5.4799999816   0.0004616917   0.0000017567   0.0015310226
   5.4849999816   0.0003832106  -0.0000052775   0.0017886831
   5.4899999816   0.0002793871  -0.0000119874   0.0019257148
   5.4949999815   0.0001587544  -0.0000179469   0.0019356468
   5.4999999815   0.0000307602  -0.0000227566   0.0018203751
   5.5049999815  -0.0000949517  -0.0000260881   0.0015898609
   5.5099999815  -0.0002092508  -0.0000277254   0.0012613175
   5.5149999815  -0.0003041740  -0.0000275933   0.0008579527
   5.5199999815  -0.0003734768  -0.0000257647   0.0004073588
   5.5249999814  -0.0004130405  -0.0000224443  -0.0000603422
   5.5299999814  -0.0004211030  -0.0000179377  -0.0005144813
   5.5349999814  -0.0003982943  -0.0000126111  -0.0009258307
   5.5399999814  -0.0003474809  -0.0000068549  -0.0012684723
   5.5449999814  -0.0002734406  -0.0000010553  -0.0015214309
   5.5499999814  -0.0001824100   0.0000044242  -0.0016699644
   5.5549999813  -0.0000815529   0.0000092546  -0.0017064257
   5.5599999813   0.0000215953   0.0000131536  -0.0016306423
   5.5649999813   0.0001196649   0.0000159005  -0.0014497907
   5.5699999813   0.0002059353   0.0000173561  -0.0011777845
   5.5749999813   0.0002747451   0.0000174823  -0.0008342289
   5.5799999813   0.0003218169   0.0000163539  -0.0004430241
   5.5849999812   0.0003444913   0.0000141551  -0.0000307216
   5.5899999812   0.0003418629   0.0000111578   0.0003752552
   5.5949999812   0.0003148119   0.0000076815   0.0007484076
   5.5999999812   0.0002659236   0.0000040455   0.0010648662
   5.6049999812   0.0001992908   0.0000005226   0.0013049013
   5.6099999812   0.0001202084  -0.0000026916   0.0014541467
   5.6149999811   0.0000347742  -0.0000054881   0.0015044631
   5.6199999811  -0.0000505700  -0.0000078303   0.0014543861
   5.6249999811  -0.0001295211  -0.0000097252   0.0013091251
   5.6299999811  -0.0001963778  -0.0000111881   0.0010801156
   5.6349999811  -0.0002464478  -0.0000122173   0.0007841542
   5.6399999811  -0.0002763702  -0.0000127843   0.0004421807
   5.6449999810  -0.0002843356  -0.0000128426   0.0000778003
   5.6499999810  -0.0002701943  -0.0000123511  -0.0002843451
   5.6549999810  -0.0002354522  -0.0000112996  -0.0006202382
   5.6599999810  -0.0001831548  -0.0000097274  -0.0009080659
   5.6649999810  -0.0001176644  -0.0000077260  -0.0011296137
   5.6699999810  -0.0000443391  -0.0000054261  -0.0012713937
   5.6749999809   0.0000308720  -0.0000029738  -0.0013254416
   5.6799999809   0.0001018929  -0.0000005066  -0.0012897431
   5.6849999809   0.0001630115   0.0000018620  -0.0011682694
   5.6899999809   0.0002093531   0.0000040433  -0.0009706241
   5.6949999809   0.0002372936   0.0000059617  -0.0007113238
   5.6999999809   0.0002447697   0.0000075377  -0.0004087614
   5.7049999808   0.0002314537   0.0000086773  -0.0000839182
   5.7099999808   0.0001987772   0.0000092748   0.0002410832
   5.7149999808   0.0001498020   0.0000092320   0.0005444848
   5.7199999808   0.0000889521   0.0000084894   0.0008063478
   5.7249999808   0.0000216343   0.0000070556   0.0010098560
   5.7299999808  -0.0000462210   0.0000050247   0.0011423776
   5.7349999807  -0.0001086588   0.0000025719   0.0011962218
   5.7399999807  -0.0001602040  -0.0000000738   0.0011690497
   5.7449999807  -0.0001963292  -0.0000026707   0.0010639252
   5.7499999807  -0.0002138533  -0.0000050068   0.0008890168
   5.7549999807  -0.0002112341  -0.0000069295   0.0006569776
   5.7599999807  -0.0001887284  -0.0000083541   0.0003840498
   5.7649999806  -0.0001483969  -0.0000092507   0.0000889520
   5.7699999806  -0.0000939478  -0.0000096212  -0.0002083794
   5.7749999806  -0.0000304232  -0.0000094757  -0.0004881164
   5.7799999806   0.0000362464  -0.0000088230  -0.0007318455
   5.7849999806   0.0000997814  -0.0000076788  -0.0009237674
   5.7899999806   0.0001541350  -0.0000060861  -0.0010517088
   5.7949999805   0.0001940605  -0.0000041385  -0.0011078775
   5.7999999805   0.0002156077  -0.0000019903  -0.0010893128
   5.8049999805   0.0002165009   0.0000001540  -0.0009980069
   5.8099999805   0.0001963615   0.0000020716  -0.0008406991
   5.8149999805   0.0001567576   0.0000035667  -0.0006283660
   5.8199999805   0.0001010759   0.0000045117  -0.0003754533
   5.8249999804   0.0000342299   0.0000048726  -0.0000989045
   5.8299999804  -0.0000377709   0.0000047065   0.0001829481
   5.8349999804  -0.0001083543   0.0000041362   0.0004515623
   5.8399999804  -0.0001709767   0.0000033097   0.0006893647
   5.8449999804  -0.0002197237   0.0000023615   0.0008808615
   5.8499999804  -0.0002498676   0.0000013882   0.0010136168
   5.8549999803  -0.0002583279   0.0000004448   0.0010790382
   5.8599999803  -0.0002439895  -0.0000004413   0.0010729203
   5.8649999803  -0.0002078410  -0.0000012499   0.0009957085
   5.8699999803  -0.0001529125  -0.0000019516   0.0008524655
   5.8749999803  -0.0000840144  -0.0000025059   0.0006525400
   5.8799999803  -0.0000073001  -0.0000028729   0.0004089610
   5.8849999802   0.0000703026  -0.0000030322   0.0001375989
   5.8899999802   0.0001417313  -0.0000029993  -0.0001438521
   5.8949999802   0.0002004332  -0.0000028275  -0.0004170025
   5.8999999802   0.0002409495  -0.0000025954  -0.0006639380
   5.9049999802   0.0002593855  -0.0000023805  -0.0008683622
   5.9099999802   0.0002537320  -0.0000022323  -0.0010166431
   5.9149999801   0.0002240158  -0.0000021550  -0.0010987049
   5.9199999801   0.0001722799  -0.0000021071  -0.0011087068
   5.9249999801   0.0001024015  -0.0000020200  -0.0010454669
   5.9299999801   0.0000197677  -0.0000018257  -0.0009125950
   5.9349999801  -0.0000691654  -0.0000014850  -0.0007183175
   5.9399999801  -0.0001573986  -0.0000010031  -0.0004749948
   5.9449999800  -0.0002379624  -0.0000004287  -0.0001983555
   5.9499999800  -0.0003044932   0.0000001628   0.0000935085
   5.9549999800  -0.0003517626   0.0000006936   0.0003813198
   5.9599999800  -0.0003761125   0.0000011055   0.0006458860
   5.9649999800  -0.0003757525   0.0000013711   0.0008693774
   5.9699999800  -0.0003508907   0.0000014914   0.0010365228
   5.9749999799  -0.0003036885   0.0000014833   0.0011356457
   5.9799999799  -0.0002380499   0.0000013637   0.0011594722
   5.9849999799  -0.0001592735   0.0000011387   0.0011056578
   5.9899999799  -0.0000736080   0.0000008023   0.0009769988
   5.9949999799   0.0000122445   0.0000003454   0.0007813086
