   0.0000000000   0.0000000000   0.0000000000   0.0000000000
   0.0050000000   0.0000000000   0.0000000000   0.0000000000
   0.0100000000   0.0000000000   0.0000000000   0.0000000000
   0.0149999999   0.0000000000   0.0000000000   0.0000000000
   0.0199999999   0.0000000000   0.0000000000   0.0000000000
   0.0249999999   0.0000000000   0.0000000000   0.0000000000
   0.0299999999   0.0000000000   0.0000000000   0.0000000000
   0.0349999999   0.0000000000   0.0000000000   0.0000000000
   0.0399999999  -0.0000000000  -0.0000000000  -0.0000000000
   0.0449999998  -0.0000000000  -0.0000000000  -0.0000000000
   0.0499999998  -0.0000000000  -0.0000000000  -0.0000000000
   0.0549999998  -0.0000000000  -0.0000000000  -0.0000000000
   0.0599999998  -0.0000000000  -0.0000000000  -0.0000000000
   0.0649999998  -0.0000000000  -0.0000000000  -0.0000000000
   0.0699999998  -0.0000000000  -0.0000000000  -0.0000000000
   0.0749999997  -0.0000000000  -0.0000000000  -0.0000000000
   0.0799999997  -0.0000000000  -0.0000000000  -0.0000000000
   0.0849999997  -0.0000000000  -0.0000000000  -0.0000000000
   0.0899999997  -0.0000000000  -0.0000000000  -0.0000000000
   0.0949999997  -0.0000000000  -0.0000000000  -0.0000000000
   0.0999999997  -0.0000000000  -0.0000000000  -0.0000000000
   0.1049999996  -0.0000000000  -0.0000000000  -0.0000000000
   0.1099999996  -0.0000000000  -0.0000000000  -0.0000000000
   0.1149999996  -0.0000000000  -0.0000000000  -0.0000000000
   0.1199999996  -0.0000000000  -0.0000000000  -0.0000000000
   0.1249999996  -0.0000000000  -0.0000000000  -0.0000000000
   0.1299999996  -0.0000000000  -0.0000000000  -0.0000000000
   0.1349999995  -0.0000000000  -0.0000000000  -0.0000000000
   0.1399999995  -0.0000000000  -0.0000000000  -0.0000000000
   0.1449999995   0.0000000000   0.0000000000   0.0000000000
   0.1499999995   0.0000000000   0.0000000000   0.0000000000
   0.1549999995   0.0000000000   0.0000000000   0.0000000000
   0.1599999995   0.0000000000   0.0000000000   0.0000000000
   0.1649999994  -0.0000000000   0.0000000000  -0.0000000000
   0.1699999994  -0.0000000000   0.0000000000  -0.0000000000
   0.1749999994  -0.0000000000  -0.0000000000  -0.0000000000
   0.1799999994  -0.0000000000  -0.0000000000  -0.0000000000
   0.1849999994  -0.0000000000  -0.0000000000  -0.0000000000
   0.1899999994   0.0000000000  -0.0000000000   0.0000000000
   0.1949999993   0.0000000000  -0.0000000000   0.0000000000
   0.1999999993   0.0000000000   0.0000000000   0.0000000000
   0.2049999993   0.0000000000   0.0000000000   0.0000000000
   0.2099999993  -0.0000000000   0.0000000000  -0.0000000000
   0.2149999993  -0.0000000000   0.0000000000  -0.0000000000
   0.2199999993  -0.0000000000   0.0000000000  -0.0000000000
   0.2249999992  -0.0000000000  -0.0000000000  -0.0000000000
   0.2299999992   0.0000000000  -0.0000000000   0.0000000000
   0.2349999992   0.0000000000  -0.0000000000   0.0000000000
   0.2399999992   0.0000000000  -0.0000000000   0.0000000000
   0.2449999992   0.0000000000  -0.0000000000   0.0000000000
   0.2499999992   0.0000000000   0.0000000000   0.0000000000
   0.2549999991  -0.0000000000   0.0000000000  -0.0000000000
   0.2599999991  -0.0000000000   0.0000000000  -0.0000000000
   0.2649999991  -0.0000000000   0.0000000000  -0.0000000000
   0.2699999991  -0.0000000000   0.0000000000  -0.0000000000
   0.2749999991  -0.0000000000  -0.0000000000  -0.0000000000
   0.2799999991   0.0000000000  -0.0000000000   0.0000000000
   0.2849999990   0.0000000000  -0.0000000000   0.0000000000
   0.2899999990   0.0000000000  -0.0000000000   0.0000000000
   0.2949999990   0.0000000000   0.0000000000   0.0000000000
   0.2999999990   0.0000000000   0.0000000000   0.0000000000
   0.3049999990  -0.0000000000   0.0000000000  -0.0000000000
   0.3099999990  -0.0000000000   0.0000000000  -0.0000000000
   0.3149999989  -0.0000000000  -0.0000000000  -0.0000000000
   0.3199999989  -0.0000000000  -0.0000000000  -0.0000000000
   0.3249999989  -0.0000000000  -0.0000000000  -0.0000000000
   0.3299999989   0.0000000000  -0.0000000000   0.0000000000
   0.3349999989   0.0000000000   0.0000000000   0.0000000000
   0.3399999989   0.0000000000   0.0000000000   0.0000000000
   0.3449999988   0.0000000000   0.0000000001   0.0000000000
   0.3499999988  -0.0000000000   0.0000000001  -0.0000000000
   0.3549999988  -0.0000000001   0.0000000001  -0.0000000001
   0.3599999988  -0.0000000001  -0.0000000000  -0.0000000001
   0.3649999988   0.0000000001  -0.0000000001   0.0000000001
   0.3699999988   0.0000000004  -0.0000000002   0.0000000004
   0.3749999987   0.0000000009  -0.0000000001   0.0000000009
   0.3799999987   0.0000000013   0.0000000000   0.0000000013
   0.3849999987   0.0000000007   0.0000000000   0.0000000007
   0.3899999987  -0.0000000016  -0.0000000006  -0.0000000016
   0.3949999987  -0.0000000064  -0.0000000026  -0.0000000064
   0.3999999987  -0.0000000132  -0.0000000058  -0.0000000132
   0.4049999986  -0.0000000187  -0.0000000084  -0.0000000187
   0.4099999986  -0.0000000159  -0.0000000060  -0.0000000159
   0.4149999986   0.0000000058   0.0000000088   0.0000000058
   0.4199999986   0.0000000564   0.0000000433   0.0000000564
   0.4249999986   0.0000001372   0.0000000984   0.0000001372
   0.4299999986   0.0000002269   0.0000001574   0.0000002269
   0.4349999985   0.0000002678   0.0000001746   0.0000002678
   0.4399999985   0.0000001598   0.0000000707   0.0000001598
   0.4449999985  -0.0000002241  -0.0000002538  -0.0000002241
   0.4499999985  -0.0000009835  -0.0000008719  -0.0000009835
   0.4549999985  -0.0000020899  -0.0000017443  -0.0000020899
   0.4599999985  -0.0000032464  -0.0000026022  -0.0000032464
   0.4649999984  -0.0000037505  -0.0000028372  -0.0000037505
   0.4699999984  -0.0000024413  -0.0000014682  -0.0000024413
   0.4749999984   0.0000021492   0.0000027092   0.0000021492
   0.4799999984   0.0000113105   0.0000106873   0.0000113105
   0.4849999984   0.0000252478   0.0000224580   0.0000252478
   0.4899999984   0.0000417929   0.0000359201   0.0000417929
   0.4949999983   0.0000549764   0.0000457075   0.0000549764
   0.4999999983   0.0000539765   0.0000423910   0.0000539765
   0.5049999983   0.0000232239   0.0000127128   0.0000232239
   0.5099999983  -0.0000554029  -0.0000583764  -0.0000554029
   0.5149999983  -0.0001974402  -0.0001832081  -0.0001974403
   0.5199999983  -0.0004073366  -0.0003641289  -0.0004073366
   0.5249999982  -0.0006669726  -0.0005838752  -0.0006669726
   0.5299999982  -0.0009227171  -0.0007949074  -0.0009227171
   0.5349999982  -0.0010737430  -0.0009099725  -0.0010737430
   0.5399999982  -0.0009652808  -0.0007968738  -0.0009652807
   0.5449999982  -0.0003907696  -0.0002805694  -0.0003907695
   0.5499999982   0.0008938771   0.0008449482   0.0008938773
   0.5549999981   0.0031425998   0.0027941177   0.0031426001
   0.5599999981   0.0065797695   0.0057580690   0.0065797700
   0.5649999981   0.0113540961   0.0098677467   0.0113540966
   0.5699999981   0.0174940202   0.0151582416   0.0174940207
   0.5749999981   0.0248744597   0.0215418690   0.0248744599
   0.5799999981   0.0332043286   0.0287970784   0.0332043284
   0.5849999980   0.0420412397   0.0365779559   0.0420412387
   0.5899999980   0.0508345428   0.0444451671   0.0508345407
   0.5949999980   0.0589913885   0.0519144962   0.0589913852
   0.5999999980   0.0659544298   0.0585148096   0.0659544254
   0.6049999980   0.0712758578   0.0638445540   0.0712758528
   0.6099999980   0.0746721054   0.0676156936   0.0746721008
   0.6149999979   0.0760472821   0.0696765926   0.0760472793
   0.6199999979   0.0754805979   0.0700102627   0.0754805987
   0.6249999979   0.0731819505   0.0687103663   0.0731819564
   0.6299999979   0.0694280396   0.0659427738   0.0694280517
   0.6349999979   0.0644963845   0.0619037292   0.0644964025
   0.6399999979   0.0586147958   0.0567857836   0.0586148176
   0.6449999978   0.0519389175   0.0507595456   0.0519389384
   0.6499999978   0.0445617379   0.0439738885   0.0445617511
   0.6549999978   0.0365490640   0.0365712395   0.0365490613
   0.6599999978   0.0279869629   0.0287098444   0.0279869362
   0.6649999978   0.0190236903   0.0205829804   0.0190236347
   0.6699999978   0.0098908457   0.0124265628   0.0098907630
   0.6749999977   0.0008957337   0.0045109362   0.0008956369
   0.6799999977  -0.0076131999  -0.0028816576  -0.0076132832
   0.6849999977  -0.0152968075  -0.0094873494  -0.0152968326
   0.6899999977  -0.0218751702  -0.0150893545  -0.0218750763
   0.6949999977  -0.0271610474  -0.0195364326  -0.0271607635
   0.6999999976  -0.0310669035  -0.0227460973  -0.0310663612
   0.7049999976  -0.0335851468  -0.0246930439  -0.0335843017
   0.7099999976  -0.0347509430  -0.0253885563  -0.0347498056
   0.7149999976  -0.0346033551  -0.0248598681  -0.0346020305
   0.7199999976  -0.0331612530  -0.0231384196  -0.0331599883
   0.7249999976  -0.0304250596  -0.0202626202  -0.0304242939
   0.7299999975  -0.0264057456  -0.0162952188  -0.0264061571
   0.7349999975  -0.0211718787  -0.0113495703  -0.0211744195
   0.7399999975  -0.0148977119  -0.0056149625  -0.0149036221
   0.7449999975  -0.0078930563   0.0006298326  -0.0079038470
   0.7499999975  -0.0005999660   0.0070230741  -0.0006173628
   0.7549999975   0.0064492166   0.0131495780   0.0064233731
   0.7599999974   0.0127061499   0.0185896406   0.0126700457
   0.7649999974   0.0176965623   0.0229779318   0.0176485860
   0.7699999974   0.0211039963   0.0260595429   0.0210429330
   0.7749999974   0.0228259282   0.0277303432   0.0227511506
   0.7799999974   0.0229878041   0.0280520980   0.0228994337
   0.7849999974   0.0219112673   0.0272384931   0.0218102797
   0.7899999973   0.0200443546   0.0256148069   0.0199326062
   0.7949999973   0.0178705324   0.0235598134   0.0177506939
   0.7999999973   0.0158178634   0.0214422319   0.0156932584
   0.8049999973   0.0141884943   0.0195648517   0.0140628552
   0.8099999973   0.0131227051   0.0181272620   0.0129998717
   0.8149999973   0.0126027636   0.0172135042   0.0124863622
   0.8199999972   0.0124921790   0.0168050355   0.0123853235
   0.8249999972   0.0125979444   0.0168135583   0.0125030025
   0.8299999972   0.0127387647   0.0171239072   0.0126572217
   0.8349999972   0.0128019436   0.0176353506   0.0127343816
   0.8399999972   0.0127754511   0.0182908356   0.0127216455
   0.8449999972   0.0127486913   0.0190875876   0.0127078031
   0.8499999971   0.0128839067   0.0200680609   0.0128547351
   0.8549999971   0.0133679059   0.0212959590   0.0133491538
   0.8599999971   0.0143588686   0.0228262602   0.0143493716
   0.8649999971   0.0159439432   0.0246795977   0.0159428194
   0.8699999971   0.0181198049   0.0268294862   0.0181264981
   0.8749999971   0.0208011527   0.0292063044   0.0208153630
   0.8799999970   0.0238533139   0.0317160906   0.0238748315
   0.8849999970   0.0271373567   0.0342670002   0.0271658371
   0.8899999970   0.0305519254   0.0367934725   0.0305866553
   0.8949999970   0.0340569256   0.0392687400   0.0340966362
   0.8999999970   0.0376701234   0.0417001321   0.0377128976
   0.9049999970   0.0414368784   0.0441073960   0.0414801850
   0.9099999969   0.0453826111   0.0464900365   0.0454234730
   0.9149999969   0.0494639830   0.0487934862   0.0494992615
   0.9199999969   0.0535358403   0.0508845064   0.0535625924
   0.9249999969   0.0573462293   0.0525434354   0.0573620797
   0.9299999969   0.0605627620   0.0534757858   0.0605662250
   0.9349999969   0.0628233743   0.0533400390   0.0628140673
   0.9399999968   0.0637966327   0.0517842051   0.0637753401
   0.9449999968   0.0632339463   0.0484821460   0.0632025207
   0.9499999968   0.0609992588   0.0431621116   0.0609603708
   0.9549999968   0.0570697971   0.0356236602   0.0570265753
   0.9599999968   0.0515113353   0.0257436254   0.0514669530
   0.9649999968   0.0444396585   0.0134754120   0.0443969345
   0.9699999967   0.0359836573  -0.0011525539   0.0359447311
   0.9749999967   0.0262636074  -0.0180342857   0.0262297347
   0.9799999967   0.0153916091  -0.0369774785   0.0153631027
   0.9849999967   0.0034924499  -0.0576899617   0.0034687627
   0.9899999967  -0.0092645077  -0.0797657980  -0.0092845830
   0.9949999967  -0.0226357626  -0.1026769306  -0.0226538187
   0.9999999966  -0.0362888635  -0.1257758132  -0.0363065803
   1.0049999966  -0.0498096105  -0.1483123546  -0.0498284831
   1.0099999966  -0.0627311976  -0.1694655307  -0.0627523316
   1.0149999966  -0.0745783853  -0.1883870787  -0.0746023832
   1.0199999966  -0.0849157051  -0.2042525464  -0.0849426521
   1.0249999966  -0.0933884448  -0.2163140112  -0.0934179836
   1.0299999965  -0.0997483917  -0.2239489839  -0.0997798626
   1.0349999965  -0.1038615300  -0.2267010720  -0.1038941448
   1.0399999965  -0.1057001154  -0.2243094357  -0.1057331317
   1.0449999965  -0.1053251006  -0.2167255590  -0.1053579655
   1.0499999965  -0.1028658913  -0.2041171158  -0.1028983349
   1.0549999965  -0.0985030360  -0.1868596526  -0.0985351029
   1.0599999964  -0.0924566257  -0.1655174481  -0.0924886467
   1.0649999964  -0.0849801614  -0.1408153167  -0.0850126777
   1.0699999964  -0.0763575012  -0.1136033486  -0.0763911615
   1.0749999964  -0.0668997420  -0.0848166661  -0.0669351948
   1.0799999964  -0.0569394426  -0.0554322590  -0.0569772463
   1.0849999964  -0.0468209220  -0.0264248764  -0.0468614890
   1.0899999963  -0.0368868191   0.0012761437  -0.0369304007
   1.0949999963  -0.0274621605   0.0268272880  -0.0275088716
   1.0999999963  -0.0188376792   0.0495067173  -0.0188875518
   1.1049999963  -0.0112541388   0.0687437366  -0.0113071884
   1.1099999963  -0.0048892086   0.0841401325  -0.0049454962
   1.1149999963   0.0001517967   0.0954818585   0.0000921217
   1.1199999962   0.0038401862   0.1027400356   0.0037768710
   1.1249999962   0.0062222980   0.1060610070   0.0061550001
   1.1299999962   0.0074116518   0.1057461594   0.0073399763
   1.1349999962   0.0075752646   0.1022232720   0.0074988159
   1.1399999962   0.0069155860   0.0960120714   0.0068340226
   1.1449999962   0.0056505022   0.0876872722   0.0055635859
   1.1499999961   0.0039944332   0.0778425315   0.0039020692
   1.1549999961   0.0021434087   0.0670583869   0.0020456744
   1.1599999961   0.0002660566   0.0558764313   0.0001632228
   1.1649999961  -0.0014990989   0.0447808645  -0.0016065523
   1.1699999961  -0.0030413204   0.0341873495  -0.0031526940
   1.1749999961  -0.0042728833   0.0244380430  -0.0043872542
   1.1799999960  -0.0051248264   0.0158009711  -0.0052410564
   1.1849999960  -0.0055456144   0.0084717134  -0.0056623761
   1.1899999960  -0.0055036729   0.0025756698  -0.0056194951
   1.1949999960  -0.0049929899  -0.0018300995  -0.0051063216
   1.1999999960  -0.0040394856  -0.0047555502  -0.0041487684
   1.2049999960  -0.0027051573  -0.0062760798  -0.0028088909
   1.2099999959  -0.0010873662  -0.0065293879  -0.0011841482
   1.2149999959   0.0006880757  -0.0057093671   0.0005995547
   1.2199999959   0.0024795630  -0.0040560212   0.0024005815
   1.2249999959   0.0041459420  -0.0018411679   0.0040778718
   1.2299999959   0.0055631329   0.0006494002   0.0055076193
   1.2349999959   0.0066378210   0.0031358224   0.0065970017
   1.2399999958   0.0073157504   0.0053641621   0.0072924922
   1.2449999958   0.0075836123   0.0071244110   0.0075817383
   1.2499999958   0.0074650888   0.0082647054   0.0074895721
   1.2549999958   0.0070128105   0.0087004933   0.0070699146
   1.2599999958   0.0062985035   0.0084180110   0.0063958549
   1.2649999958   0.0054033934   0.0074720046   0.0055499760
   1.2699999957   0.0044102115   0.0059780785   0.0046162781
   1.2749999957   0.0033972614   0.0041003745   0.0036741550
   1.2799999957   0.0024342903   0.0020355311   0.0027941709
   1.2849999957   0.0015795793  -0.0000059016   0.0020350500
   1.2899999957   0.0008777381  -0.0018191830   0.0014413659
   1.2949999957   0.0003580055  -0.0032246210   0.0010417352
   1.2999999956   0.0000331987  -0.0040845901   0.0008476676
   1.3049999956  -0.0001003675  -0.0043166418   0.0008534005
   1.3099999956  -0.0000617306  -0.0039012985   0.0010369914
   1.3149999956   0.0001171203  -0.0028836112   0.0013626999
   1.3199999956   0.0003946448  -0.0013682187   0.0017844152
   1.3249999956   0.0007237325   0.0004916462   0.0022497198
   1.3299999955   0.0010558614   0.0025101023   0.0027041867
   1.3349999955   0.0013451825   0.0044878942   0.0030956589
   1.3399999955   0.0015524492   0.0062330349   0.0033784259
   1.3449999955   0.0016487688   0.0075807165   0.0035172654
   1.3499999955   0.0016190222   0.0084104293   0.0034911845
   1.3549999954   0.0014645296   0.0086584470   0.0032964258
   1.3599999954   0.0012042731   0.0083242293   0.0029480319
   1.3649999954   0.0008739091   0.0074698563   0.0024791826
   1.3699999954   0.0005220370   0.0062123430   0.0019377559
   1.3749999954   0.0002037578   0.0047095198   0.0013801251
   1.3799999954  -0.0000277019   0.0031410283   0.0008629514
   1.3849999953  -0.0001298420   0.0016867171   0.0004344138
   1.3899999953  -0.0000783990   0.0005051941   0.0001266801
   1.3949999953   0.0001281698  -0.0002846308  -0.0000487091
   1.3999999953   0.0004682842  -0.0006165510  -0.0001014958
   1.4049999953   0.0009010180  -0.0004829302  -0.0000593053
   1.4099999953   0.0013731626   0.0000671833   0.0000389172
   1.4149999952   0.0018279503   0.0009371559   0.0001510196
   1.4199999952   0.0022135553   0.0019975064   0.0002394454
   1.4249999952   0.0024897543   0.0031039687   0.0002771363
   1.4299999952   0.0026317789   0.0041162501   0.0002506116
   1.4349999952   0.0026312047   0.0049149662   0.0001601151
   1.4399999952   0.0024944104   0.0054147104   0.0000174175
   1.4449999951   0.0022395373   0.0055719342  -0.0001577432
   1.4499999951   0.0018929065   0.0053871197  -0.0003415781
   1.4549999951   0.0014855977   0.0049014843  -0.0005097776
   1.4599999951   0.0010505140   0.0041890839  -0.0006403034
   1.4649999951   0.0006199359   0.0033456139  -0.0007154293
   1.4699999951   0.0002234094   0.0024754565  -0.0007231927
   1.4749999950  -0.0001141504   0.0016785871  -0.0006583995
   1.4799999950  -0.0003741061   0.0010388645  -0.0005231926
   1.4849999950  -0.0005453064   0.0006149973  -0.0003270548
   1.4899999950  -0.0006246081   0.0004351213  -0.0000860748
   1.4949999950  -0.0006165525   0.0004954590   0.0001785998
   1.4999999950  -0.0005322245   0.0007630124   0.0004430026
   1.5049999949  -0.0003875351   0.0011817196   0.0006829566
   1.5099999949  -0.0002012940   0.0016810722   0.0008766078
   1.5149999949   0.0000065731   0.0021859140   0.0010064742
   1.5199999949   0.0002164562   0.0026260708   0.0010607712
   1.5249999949   0.0004101378   0.0029446035   0.0010340091
   1.5299999949   0.0005716775   0.0031037823   0.0009270509
   1.5349999948   0.0006883070   0.0030882806   0.0007468880
   1.5399999948   0.0007514262   0.0029054918   0.0005063014
   1.5449999948   0.0007575888   0.0025832075   0.0002233921
   1.5499999948   0.0007091681   0.0021651410  -0.0000792263
   1.5549999948   0.0006143122   0.0017049170  -0.0003758579
   1.5599999948   0.0004859040   0.0012592264  -0.0006399588
   1.5649999947   0.0003395178   0.0008808741  -0.0008470974
   1.5699999947   0.0001907111   0.0006124588  -0.0009782281
   1.5749999947   0.0000522815   0.0004813888  -0.0010226027
   1.5799999947  -0.0000677824   0.0004968437  -0.0009795736
   1.5849999947  -0.0001670801   0.0006490996  -0.0008587299
   1.5899999947  -0.0002480931   0.0009113441  -0.0006782017
   1.5949999946  -0.0003162353   0.0012437492  -0.0004614575
   1.5999999946  -0.0003772886   0.0015992081  -0.0002333347
   1.6049999946  -0.0004350301   0.0019298612  -0.0000162304
   1.6099999946  -0.0004897664   0.0021934087   0.0001727019
   1.6149999946  -0.0005381680   0.0023582694   0.0003228462
   1.6199999946  -0.0005743573   0.0024068883   0.0004298608
   1.6249999945  -0.0005918202   0.0023368567   0.0004942369
   1.6299999945  -0.0005854883   0.0021598994   0.0005193132
   1.6349999945  -0.0005533610   0.0018991219   0.0005094007
   1.6399999945  -0.0004972511   0.0015851264   0.0004684940
   1.6449999945  -0.0004225537   0.0012516745   0.0003997475
   1.6499999945  -0.0003372329   0.0009315210   0.0003056230
   1.6549999944  -0.0002503912   0.0006528982   0.0001884397
   1.6599999944  -0.0001708041   0.0004369585   0.0000510317
   1.6649999944  -0.0001056979   0.0002963131  -0.0001026944
   1.6699999944  -0.0000598936   0.0002346726  -0.0002673845
   1.6749999944  -0.0000353192   0.0002474881  -0.0004360360
   1.6799999944  -0.0000308449   0.0003234136  -0.0005999442
   1.6849999943  -0.0000424258   0.0004463449  -0.0007488250
   1.6899999943  -0.0000635879   0.0005977414  -0.0008712139
   1.6949999943  -0.0000863128   0.0007589125  -0.0009552645
   1.6999999943  -0.0001023235   0.0009129710  -0.0009900089
   1.7049999943  -0.0001046421   0.0010462234  -0.0009669965
   1.7099999943  -0.0000891471   0.0011488860  -0.0008820467
   1.7149999942  -0.0000557494   0.0012151549  -0.0007367180
   1.7199999942  -0.0000088252   0.0012427855  -0.0005390728
   1.7249999942   0.0000433165   0.0012324187  -0.0003034402
   1.7299999942   0.0000899006   0.0011868933  -0.0000491129
   1.7349999942   0.0001197898   0.0011107167   0.0002018088
   1.7399999942   0.0001237267   0.0010097493   0.0004269977
   1.7449999941   0.0000961707   0.0008910369   0.0006063888
   1.7499999941   0.0000363003   0.0007626445   0.0007241390
   1.7549999941  -0.0000519948   0.0006333365   0.0007698193
   1.7599999941  -0.0001610202   0.0005120129   0.0007388482
   1.7649999941  -0.0002807345   0.0004069230   0.0006323748
   1.7699999941  -0.0004003169   0.0003247886   0.0004568963
   1.7749999940  -0.0005094633   0.0002700397   0.0002238322
   1.7799999940  -0.0005992083   0.0002443584  -0.0000508820
   1.7849999940  -0.0006622933   0.0002466510  -0.0003473005
   1.7899999940  -0.0006932643   0.0002734452  -0.0006423057
   1.7949999940  -0.0006885421   0.0003195947  -0.0009109973
   1.7999999940  -0.0006466368   0.0003790946  -0.0011287127
   1.8049999939  -0.0005685251   0.0004458121  -0.0012735371
   1.8099999939  -0.0004580542   0.0005139937  -0.0013289517
   1.8149999939  -0.0003221394   0.0005785123  -0.0012861417
   1.8199999939  -0.0001705423   0.0006349087  -0.0011455018
   1.8249999939  -0.0000151347   0.0006793432  -0.0009170263
   1.8299999939   0.0001312788   0.0007085711  -0.0006194987
   1.8349999938   0.0002563535   0.0007200178  -0.0002786343
   1.8399999938   0.0003495217   0.0007119585   0.0000755075
   1.8449999938   0.0004029785   0.0006837542   0.0004114582
   1.8499999938   0.0004122030   0.0006360679   0.0006992778
   1.8549999938   0.0003760343   0.0005709928   0.0009132391
   1.8599999938   0.0002964375   0.0004920564   0.0010340920
   1.8649999937   0.0001781363   0.0004041008   0.0010507959
   1.8699999937   0.0000282449   0.0003130564   0.0009616079
   1.8749999937  -0.0001440628   0.0002256228   0.0007744020
   1.8799999937  -0.0003279053   0.0001488538   0.0005060974
   1.8849999937  -0.0005111666   0.0000896258   0.0001811395
   1.8899999937  -0.0006811642   0.0000539764  -0.0001708931
   1.8949999936  -0.0008255024   0.0000463352  -0.0005183130
   1.8999999936  -0.0009330032   0.0000687297  -0.0008305891
   1.9049999936  -0.0009945487   0.0001201080  -0.0010813821
   1.9099999936  -0.0010036820   0.0001959564  -0.0012509202
   1.9149999936  -0.0009568961   0.0002883783  -0.0013274254
   1.9199999936  -0.0008536584   0.0003867251  -0.0013075169
   1.9249999935  -0.0006963195   0.0004787634  -0.0011957220
   1.9299999935  -0.0004900827   0.0005522291  -0.0010033709
   1.9349999935  -0.0002431529   0.0005965203  -0.0007471867
   1.9399999935   0.0000329544   0.0006042305  -0.0004478151
   1.9449999935   0.0003231156   0.0005722495  -0.0001284103
   1.9499999935   0.0006085984   0.0005022445   0.0001867343
   1.9549999934   0.0008676566   0.0004004618   0.0004735985
   1.9599999934   0.0010769164   0.0002769172   0.0007099651
   1.9649999934   0.0012135565   0.0001441405   0.0008770620
   1.9699999934   0.0012580538   0.0000156869   0.0009611902
   1.9749999934   0.0011970749  -0.0000953757   0.0009551171
   1.9799999934   0.0010260006  -0.0001778353   0.0008589819
   1.9849999933   0.0007505946  -0.0002234462   0.0006805105
   1.9899999933   0.0003874733  -0.0002277111   0.0004344558
   1.9949999933  -0.0000367673  -0.0001902966   0.0001413184
   1.9999999933  -0.0004876894  -0.0001150545  -0.0001744733
   2.0049999933  -0.0009261651  -0.0000096374  -0.0004866852
   2.0099999933  -0.0013121783   0.0001152800  -0.0007694624
   2.0149999932  -0.0016088658   0.0002471180  -0.0009993926
   2.0199999932  -0.0017863870   0.0003727394  -0.0011573252
   2.0249999932  -0.0018252347   0.0004798651  -0.0012298726
   2.0299999932  -0.0017186347   0.0005583742  -0.0012105310
   2.0349999932  -0.0014737349   0.0006013112  -0.0011003405
   2.0399999931  -0.0011113666   0.0006054782  -0.0009079839
   2.0449999931  -0.0006642955   0.0005715625  -0.0006492334
   2.0499999931  -0.0001740608   0.0005038317  -0.0003457061
   2.0549999931   0.0003132891   0.0004094890  -0.0000229929
   2.0599999931   0.0007520658   0.0002978070   0.0002916607
   2.0649999931   0.0011017897   0.0001791553   0.0005718448
   2.0699999930   0.0013313805   0.0000640115   0.0007943345
   2.0749999930   0.0014221552  -0.0000379818   0.0009410223
   2.0799999930   0.0013693084  -0.0001188648   0.0010002596
   2.0849999930   0.0011818021  -0.0001730601   0.0009675564
   2.0899999930   0.0008808287  -0.0001978548   0.0008456982
   2.0949999930   0.0004971827  -0.0001935931   0.0006443956
   2.0999999929   0.0000679483  -0.0001635169   0.0003795666
   2.1049999929  -0.0003671048  -0.0001132411   0.0000723048
   2.1099999929  -0.0007690897  -0.0000499164  -0.0002524800
   2.1149999929  -0.0011032890   0.0000187960  -0.0005677833
   2.1199999929  -0.0013419680   0.0000857588  -0.0008465892
   2.1249999929  -0.0014665465   0.0001452136  -0.0010642228
   2.1299999928  -0.0014689707   0.0001933072  -0.0012007573
   2.1349999928  -0.0013521432   0.0002282136  -0.0012431677
   2.1399999928  -0.0011293318   0.0002498789  -0.0011868880
   2.1449999928  -0.0008225841   0.0002594973  -0.0010364891
   2.1499999928  -0.0004603142   0.0002588823  -0.0008053273
   2.1549999928  -0.0000743646   0.0002498956  -0.0005141932
   2.1599999927   0.0003030716   0.0002340612  -0.0001891609
   2.1649999927   0.0006422711   0.0002124169   0.0001410501
   2.1699999927   0.0009182332   0.0001855891   0.0004478463
   2.1749999927   0.0011121909   0.0001540189   0.0007053526
   2.1799999927   0.0012123711   0.0001182478   0.0008925940
   2.1849999927   0.0012141239   0.0000791767   0.0009951338
   2.1899999926   0.0011196081   0.0000382412   0.0010061071
   2.1949999926   0.0009372105  -0.0000025230   0.0009266299
   2.1999999926   0.0006808146  -0.0000405279   0.0007655798
   2.2049999926   0.0003689458  -0.0000727878   0.0005387509
   2.2099999926   0.0000237616  -0.0000961744   0.0002674134
   2.2149999926  -0.0003301710  -0.0001077646  -0.0000236383
   2.2199999925  -0.0006673305  -0.0001052641  -0.0003083884
   2.2249999925  -0.0009628891  -0.0000874631  -0.0005620195
   2.2299999925  -0.0011944420  -0.0000546529  -0.0007631683
   2.2349999925  -0.0013436683  -0.0000089046  -0.0008957507
   2.2399999925  -0.0013977639   0.0000458885  -0.0009501535
   2.2449999925  -0.0013505241   0.0001042745  -0.0009237046
   2.2499999924  -0.0012030011   0.0001598214  -0.0008204556
   2.2549999924  -0.0009637065   0.0002059457  -0.0006504106
   2.2599999924  -0.0006483474   0.0002368545  -0.0004283837
   2.2649999924  -0.0002790861   0.0002484264  -0.0001726630
   2.2699999924   0.0001167015   0.0002388588   0.0000963919
   2.2749999924   0.0005081864   0.0002089566   0.0003577522
   2.2799999923   0.0008633463   0.0001620132   0.0005911023
   2.2849999923   0.0011516246   0.0001033212   0.0007781892
   2.2899999923   0.0013467811   0.0000394166   0.0009041050
   2.2949999923   0.0014296282  -0.0000228007   0.0009584189
   2.2999999923   0.0013902873  -0.0000769268   0.0009360377
   2.3049999923   0.0012296108  -0.0001177777   0.0008376690
   2.3099999922   0.0009595077  -0.0001419026   0.0006697898
   2.3149999922   0.0006020609  -0.0001478530   0.0004440906
   2.3199999922   0.0001875089  -0.0001362078   0.0001764466
   2.3249999922  -0.0002486747  -0.0001093748  -0.0001144704
   2.3299999922  -0.0006692449  -0.0000712041  -0.0004087839
   2.3349999922  -0.0010387900  -0.0000264601  -0.0006870544
   2.3399999921  -0.0013270808   0.0000197845  -0.0009318374
   2.3449999921  -0.0015118306   0.0000627607  -0.0011290573
   2.3499999921  -0.0015806185   0.0000985365  -0.0012691141
   2.3549999921  -0.0015318183   0.0001244002  -0.0013476527
   2.3599999921  -0.0013744694   0.0001390396  -0.0013659159
   2.3649999921  -0.0011271197   0.0001425053  -0.0013306123
   2.3699999920  -0.0008157649   0.0001359887  -0.0012532526
   2.3749999920  -0.0004711051   0.0001214788  -0.0011489676
   2.3799999920  -0.0001254266   0.0001013835  -0.0010348971
   2.3849999920   0.0001905320   0.0000781918  -0.0009283220
   2.3899999920   0.0004503652   0.0000542273  -0.0008447637
   2.3949999920   0.0006341326   0.0000315073  -0.0007962923
   2.3999999919   0.0007296477   0.0000116850  -0.0007902394
   2.4049999919   0.0007328820  -0.0000039640  -0.0008284359
   2.4099999919   0.0006475842  -0.0000145501  -0.0009069976
   2.4149999919   0.0004843189  -0.0000195921  -0.0010166051
   2.4199999919   0.0002591677  -0.0000190464  -0.0011431799
   2.4249999919  -0.0000076969  -0.0000133172  -0.0012688575
   2.4299999918  -0.0002934299  -0.0000032172  -0.0013731887
   2.4349999918  -0.0005738831   0.0000101365  -0.0014345343
   2.4399999918  -0.0008249562   0.0000254809  -0.0014316324
   2.4449999918  -0.0010239792   0.0000415800  -0.0013452993
   2.4499999918  -0.0011511503   0.0000573606  -0.0011601720
   2.4549999918  -0.0011909810   0.0000719671  -0.0008663377
   2.4599999917  -0.0011336286   0.0000847178  -0.0004606478
   2.4649999917  -0.0009759476   0.0000949865   0.0000524892
   2.4699999917  -0.0007220844   0.0001020638   0.0006609910
   2.4749999917  -0.0003834874   0.0001050686   0.0013457170
   2.4799999917   0.0000217131   0.0001029663   0.0020817492
   2.4849999917   0.0004699175   0.0000947144   0.0028401646
   2.4899999916   0.0009337418   0.0000795094   0.0035900547
   2.4949999916   0.0013840197   0.0000570689   0.0043005396
   2.4999999916   0.0017919508   0.0000278634   0.0049425664
   2.5049999916   0.0021312351  -0.0000067757   0.0054903580
   2.5099999916   0.0023800476  -0.0000447141   0.0059224576
   2.5149999916   0.0025227129  -0.0000832311   0.0062223764
   2.5199999915   0.0025509415  -0.0001193488   0.0063788788
   2.5249999915   0.0024644879  -0.0001502009   0.0063859415
   2.5299999915   0.0022711186  -0.0001733703   0.0062424143
   2.5349999915   0.0019858309  -0.0001871416   0.0059514082
   2.5399999915   0.0016293531  -0.0001906445   0.0055194551
   2.5449999915   0.0012260670  -0.0001838898   0.0049555169
   2.5499999914   0.0008015929  -0.0001677167   0.0042699666
   2.5549999914   0.0003803407  -0.0001436709   0.0034736851
   2.5599999914  -0.0000166636  -0.0001138301   0.0025774141
   2.5649999914  -0.0003734226  -0.0000805843   0.0015914620
   2.5699999914  -0.0006799324  -0.0000463808   0.0005257917
   2.5749999914  -0.0009324340  -0.0000134495  -0.0006095570
   2.5799999913  -0.0011330218   0.0000164591  -0.0018038178
   2.5849999913  -0.0012887405   0.0000422804  -0.0030447512
   2.5899999913  -0.0014103263   0.0000637440  -0.0043179232
   2.5949999913  -0.0015107280   0.0000813483  -0.0056060944
   2.5999999913  -0.0016035215   0.0000962005  -0.0068887591
   2.6049999913  -0.0017013093   0.0001097459  -0.0081418478
   2.6099999912  -0.0018141992   0.0001234450  -0.0093375985
   2.6149999912  -0.0019484763   0.0001384688  -0.0104446225
   2.6199999912  -0.0021056010   0.0001554758  -0.0114282194
   2.6249999912  -0.0022816669   0.0001745131  -0.0122510168
   2.6299999912  -0.0024674190   0.0001950474  -0.0128740081
   2.6349999912  -0.0026488653   0.0002160983  -0.0132580299
   2.6399999911  -0.0028084221   0.0002364242  -0.0133656576
   2.6449999911  -0.0029264492   0.0002547048  -0.0131634316
   2.6499999911  -0.0029829744   0.0002696789  -0.0126242606
   2.6549999911  -0.0029593964   0.0002802160  -0.0117298090
   2.6599999911  -0.0028399991   0.0002853265  -0.0104726648
   2.6649999911  -0.0026131752   0.0002841341  -0.0088580981
   2.6699999910  -0.0022723425   0.0002758380  -0.0069052562
   2.6749999910  -0.0018165845   0.0002596929  -0.0046476793
   2.6799999910  -0.0012510662   0.0002350209  -0.0021330700
   2.6849999910  -0.0005872517   0.0002012605   0.0005777146
   2.6899999910   0.0001571011   0.0001580511   0.0034124261
   2.6949999909   0.0009582401   0.0001053441   0.0062898756
   2.6999999909   0.0017871081   0.0000435313   0.0091229462
   2.7049999909   0.0026104973  -0.0000264259   0.0118219928
   2.7099999909   0.0033926842  -0.0001028896   0.0142984166
   2.7149999909   0.0040974747  -0.0001834922   0.0164681953
   2.7199999909   0.0046905022  -0.0002651722   0.0182551697
   2.7249999908   0.0051415560  -0.0003443258   0.0195939371
   2.7299999908   0.0054266963  -0.0004170794   0.0204322638
   2.7349999908   0.0055299316  -0.0004796578   0.0207329798
   2.7399999908   0.0054442913  -0.0005287887   0.0204753518
   2.7449999908   0.0051722063  -0.0005620648   0.0196559300
   2.7499999908   0.0047251863  -0.0005781819   0.0182888434
   2.7549999907   0.0041228576  -0.0005769977   0.0164054953
   2.7599999907   0.0033914776  -0.0005593994   0.0140536076
   2.7649999907   0.0025620770  -0.0005270212   0.0112955935
   2.7699999907   0.0016684064  -0.0004818911   0.0082063099
   2.7749999907   0.0007448658  -0.0004261021   0.0048703255
   2.7799999907  -0.0001754103  -0.0003615904   0.0013789236
   2.7849999906  -0.0010621665  -0.0002900586  -0.0021729073
   2.7899999906  -0.0018892343  -0.0002130330  -0.0056892617
   2.7949999906  -0.0026352837  -0.0001319997  -0.0090757355
   2.7999999906  -0.0032841209  -0.0000485430  -0.0122414446
   2.8049999906  -0.0038245852   0.0000355799  -0.0151007293
   2.8099999906  -0.0042501254   0.0001184606  -0.0175747086
   2.8149999905  -0.0045581487   0.0001981452  -0.0195928524
   2.8199999905  -0.0047492281   0.0002727762  -0.0210946802
   2.8249999905  -0.0048262483   0.0003407082  -0.0220315835
   2.8299999905  -0.0047935602   0.0004005497  -0.0223686566
   2.8349999905  -0.0046562219   0.0004511198  -0.0220863416
   2.8399999905  -0.0044194128   0.0004913502  -0.0211816811
   2.8449999904  -0.0040881090   0.0005201926  -0.0196690302
   2.8499999904  -0.0036670963   0.0005365980  -0.0175801774
   2.8549999904  -0.0031613481   0.0005396071  -0.0149639324
   2.8599999904  -0.0025767255   0.0005285463  -0.0118853036
   2.8649999904  -0.0019208727   0.0005032766  -0.0084243936
   2.8699999904  -0.0012041144   0.0004644062  -0.0046750725
   2.8749999903  -0.0004401331   0.0004133817  -0.0007433896
   2.8799999903   0.0003537598   0.0003523990   0.0032544218
   2.8849999903   0.0011568620   0.0002841375   0.0071945407
   2.8899999903   0.0019458056   0.0002113797   0.0109489270
   2.8949999903   0.0026956328   0.0001366210   0.0143895249
   2.8999999903   0.0033810133   0.0000617889   0.0173931998
   2.9049999902   0.0039773909  -0.0000118431   0.0198471354
   2.9099999902   0.0044619148  -0.0000835191   0.0216542805
   2.9149999902   0.0048141304  -0.0001526841   0.0227383790
   2.9199999902   0.0050165217  -0.0002185900   0.0230481516
   2.9249999902   0.0050550750  -0.0002799533   0.0225603099
   2.9299999902   0.0049200307  -0.0003347810   0.0212812365
   2.9349999901   0.0046069072  -0.0003804341   0.0192473186
   2.9399999901   0.0041177360  -0.0004139295   0.0165240346
   2.9449999901   0.0034622965  -0.0004324123   0.0132039435
   2.9499999901   0.0026590345  -0.0004336859   0.0094037192
   2.9549999901   0.0017353336  -0.0004166697   0.0052603294
   2.9599999901   0.0007268960  -0.0003816788   0.0009264080
   2.9649999900  -0.0003238428  -0.0003304640  -0.0034351491
   2.9699999900  -0.0013701409  -0.0002660140  -0.0076573126
   2.9749999900  -0.0023639222  -0.0001921741  -0.0115756445
   2.9799999900  -0.0032589021  -0.0001131772  -0.0150353834
   2.9849999900  -0.0040134839  -0.0000331896  -0.0178985412
   2.9899999900  -0.0045931353   0.0000440402  -0.0200505674
   2.9949999899  -0.0049721020   0.0001153770  -0.0214060999
   2.9999999899  -0.0051344602   0.0001783363  -0.0219133464
   3.0049999899  -0.0050746053   0.0002310004  -0.0215567370
   3.0099999899  -0.0047973040   0.0002718815  -0.0203576384
   3.0149999899  -0.0043173963   0.0002998067  -0.0183731021
   3.0199999899  -0.0036591635   0.0003138822  -0.0156927984
   3.0249999898  -0.0028553107   0.0003135620  -0.0124344329
   3.0299999898  -0.0019454891   0.0002988036  -0.0087380317
   3.0349999898  -0.0009743141   0.0002702539  -0.0047595025
   3.0399999898   0.0000110727   0.0002293938  -0.0006638397
   3.0449999898   0.0009637479   0.0001785664   0.0033817358
   3.0499999898   0.0018398079   0.0001208490   0.0072144970
   3.0549999897   0.0026009374   0.0000597697   0.0106826474
   3.0599999897   0.0032164699  -0.0000010799   0.0136513453
   3.0649999897   0.0036647514  -0.0000584498   0.0160081574
   3.0699999897   0.0039337296  -0.0001097553   0.0176677196
   3.0749999897   0.0040208172  -0.0001532424   0.0185753234
   3.0799999897   0.0039321705  -0.0001879611   0.0187091275
   3.0849999896   0.0036815694  -0.0002135721   0.0180807379
   3.0899999896   0.0032890835  -0.0002300630   0.0167340257
   3.0949999896   0.0027796614  -0.0002374796   0.0147422288
   3.0999999896   0.0021817216  -0.0002357673   0.0122035827
   3.1049999896   0.0015257661  -0.0002247805   0.0092358889
   3.1099999896   0.0008430056  -0.0002044561   0.0059705165
   3.1149999895   0.0001639856  -0.0001750836   0.0025463238
   3.1199999895  -0.0004827753  -0.0001375683  -0.0008961220
   3.1249999895  -0.0010720798  -0.0000935794  -0.0042198012
   3.1299999895  -0.0015831852  -0.0000455066  -0.0072959175
   3.1349999895  -0.0020006607   0.0000037814  -0.0100080475
   3.1399999895  -0.0023148530   0.0000513241  -0.0122558543
   3.1449999894  -0.0025218834   0.0000944920  -0.0139584104
   3.1499999894  -0.0026231558   0.0001313268  -0.0150570679
   3.1549999894  -0.0026244351   0.0001607047  -0.0155177071
   3.1599999894  -0.0025346299   0.0001822877  -0.0153321260
   3.1649999894  -0.0023644719   0.0001962995  -0.0145183397
   3.1699999894  -0.0021253107   0.0002032128  -0.0131196492
   3.1749999893  -0.0018282185   0.0002034638  -0.0112024842
   3.1799999893  -0.0014835371   0.0001972866  -0.0088531830
   3.1849999893  -0.0011008988   0.0001847145  -0.0061739943
   3.1899999893  -0.0006896448   0.0001657317  -0.0032786316
   3.1949999893  -0.0002594696   0.0001405041  -0.0002876836
   3.1999999893   0.0001789315   0.0001095955   0.0026759113
   3.2049999892   0.0006134283   0.0000740837   0.0054912321
   3.2099999892   0.0010303912   0.0000355300   0.0080435786
   3.2149999892   0.0014150495  -0.0000041880   0.0102285411
   3.2199999892   0.0017522153  -0.0000431277   0.0119559362
   3.2249999892   0.0020272309  -0.0000795363   0.0131535302
   3.2299999892   0.0022269540  -0.0001120356   0.0137703751
   3.2349999891   0.0023406199  -0.0001396919   0.0137795107
   3.2399999891   0.0023604793  -0.0001619701   0.0131797696
   3.2449999891   0.0022822019  -0.0001786071   0.0119964576
   3.2499999891   0.0021051015  -0.0001894632   0.0102807776
   3.2549999891   0.0018322805  -0.0001944079   0.0081079769
   3.2599999891   0.0014707672  -0.0001932773   0.0055743076
   3.2649999890   0.0010316683  -0.0001859086   0.0027929680
   3.2699999890   0.0005302779  -0.0001722320  -0.0001107610
   3.2749999890  -0.0000139722  -0.0001523841  -0.0030049636
   3.2799999890  -0.0005778603  -0.0001268027  -0.0057568993
   3.2849999890  -0.0011351272  -0.0000962805  -0.0082389616
   3.2899999890  -0.0016576698  -0.0000619663  -0.0103345623
   3.2949999889  -0.0021171158  -0.0000253202  -0.0119437012
   3.2999999889  -0.0024866380   0.0000119646  -0.0129879657
   3.3049999889  -0.0027428173   0.0000480603  -0.0134146914
   3.3099999889  -0.0028673590   0.0000811149  -0.0132000354
   3.3149999889  -0.0028485057   0.0001093725  -0.0123507495
   3.3199999889  -0.0026820477   0.0001312969  -0.0109045026
   3.3249999888  -0.0023718897   0.0001456931  -0.0089286758
   3.3299999888  -0.0019301698   0.0001518108  -0.0065176306
   3.3349999888  -0.0013769388   0.0001494120  -0.0037885272
   3.3399999888  -0.0007393999   0.0001387896  -0.0008758404
   3.3449999888  -0.0000507020   0.0001207299   0.0020752033
   3.3499999888   0.0006517162   0.0000964289   0.0049159713
   3.3549999887   0.0013281976   0.0000673831   0.0075021825
   3.3599999887   0.0019392648   0.0000352785   0.0097016428
   3.3649999887   0.0024481891   0.0000018987   0.0114014889
   3.3699999887   0.0028235195  -0.0000309412   0.0125144697
   3.3749999887   0.0030413385  -0.0000614457   0.0129838505
   3.3799999886   0.0030870273  -0.0000878934   0.0127866181
   3.3849999886   0.0029563812  -0.0001087143   0.0119347951
   3.3899999886   0.0026559899  -0.0001226007   0.0104748139
   3.3949999886   0.0022028812  -0.0001286397   0.0084850256
   3.3999999886   0.0016234851  -0.0001264405   0.0060715233
   3.4049999886   0.0009520181  -0.0001162201   0.0033625274
   3.4099999885   0.0002284003  -0.0000988131   0.0005016229
   3.4149999885  -0.0005041763  -0.0000755927  -0.0023598290
   3.4199999885  -0.0012019036  -0.0000483123  -0.0050707499
   3.4249999885  -0.0018230988  -0.0000189018  -0.0074884837
   3.4299999885  -0.0023308666   0.0000107355  -0.0094865871
   3.4349999885  -0.0026954975   0.0000388820  -0.0109618165
   3.4399999884  -0.0028964077   0.0000640942  -0.0118398693
   3.4449999884  -0.0029234515   0.0000852211  -0.0120794885
   3.4499999884  -0.0027774873   0.0001013724  -0.0116746425
   3.4549999884  -0.0024701571   0.0001118734  -0.0106546340
   3.4599999884  -0.0020229225   0.0001162377  -0.0090821444
   3.4649999884  -0.0014654738   0.0001141792  -0.0070493726
   3.4699999883  -0.0008336710   0.0001056592  -0.0046725446
   3.4749999883  -0.0001671916   0.0000909511  -0.0020851570
   3.4799999883   0.0004929588   0.0000706920   0.0005696368
   3.4849999883   0.0011069356   0.0000458978   0.0031470656
   3.4899999883   0.0016384375   0.0000179277   0.0055087701
   3.4949999883   0.0020568744  -0.0000115967   0.0075303882
   3.4999999882   0.0023392161  -0.0000409027   0.0091082794
   3.5049999882   0.0024714006  -0.0000681858   0.0101650019
   3.5099999882   0.0024491823  -0.0000917243   0.0106532166
   3.5149999882   0.0022783202  -0.0001099822   0.0105577910
   3.5199999882   0.0019740550  -0.0001217053   0.0098959937
   3.5249999882   0.0015598932  -0.0001260170   0.0087158150
   3.5299999881   0.0010657943  -0.0001225135   0.0070925800
   3.5349999881   0.0005259249  -0.0001113456   0.0051241290
   3.5399999881  -0.0000238176  -0.0000932641   0.0029249083
   3.5449999881  -0.0005482978  -0.0000696000   0.0006193417
   3.5499999881  -0.0010154624  -0.0000421604  -0.0016651493
   3.5549999881  -0.0013983347  -0.0000130432  -0.0038051276
   3.5599999880  -0.0016765775   0.0000156045  -0.0056877914
   3.5649999880  -0.0018375552   0.0000418355  -0.0072169723
   3.5699999880  -0.0018768553   0.0000641049  -0.0083181626
   3.5749999880  -0.0017982500   0.0000813817  -0.0089422767
   3.5799999880  -0.0016131067   0.0000931523  -0.0090678921
   3.5849999880  -0.0013392841   0.0000993314  -0.0087018083
   3.5899999879  -0.0009995951   0.0001001224  -0.0078778797
   3.5949999879  -0.0006199627   0.0000958815  -0.0066542296
   3.5999999879  -0.0002274280   0.0000870322  -0.0051090927
   3.6049999879   0.0001518129   0.0000740491  -0.0033356438
   3.6099999879   0.0004941784   0.0000575030  -0.0014362253
   3.6149999879   0.0007801490   0.0000381293   0.0004836128
   3.6199999878   0.0009953169   0.0000168747   0.0023209018
   3.6249999878   0.0011310105  -0.0000051139   0.0039805854
   3.6299999878   0.0011845050  -0.0000265697   0.0053801832
   3.6349999878   0.0011588489  -0.0000462402   0.0064536338
   3.6399999878   0.0010623372  -0.0000630343   0.0071541943
   3.6449999878   0.0009076615  -0.0000761409   0.0074562906
   3.6499999877   0.0007107706  -0.0000850833   0.0073562303
   3.6549999877   0.0004894969  -0.0000897041   0.0068717285
   3.6599999877   0.0002620406  -0.0000900957   0.0060402591
   3.6649999877   0.0000454416  -0.0000865122   0.0049163383
   3.6699999877  -0.0001458029  -0.0000793004   0.0035679343
   3.6749999877  -0.0003008165  -0.0000688713   0.0020722812
   3.6799999876  -0.0004129960  -0.0000557138   0.0005114069
   3.6849999876  -0.0004801783  -0.0000404296  -0.0010323187
   3.6899999876  -0.0005043413  -0.0000237573  -0.0024803589
   3.6949999876  -0.0004909271  -0.0000065578  -0.0037617243
   3.6999999876  -0.0004479187   0.0000102505  -0.0048161101
   3.7049999876  -0.0003848099   0.0000257944  -0.0055963946
   3.7099999875  -0.0003115847   0.0000393556  -0.0060704584
   3.7149999875  -0.0002377821   0.0000504523  -0.0062222895
   3.7199999875  -0.0001716838   0.0000588641  -0.0060523332
   3.7249999875  -0.0001196437   0.0000645937  -0.0055770561
   3.7299999875  -0.0000855753   0.0000677816  -0.0048277237
   3.7349999875  -0.0000706326   0.0000686082  -0.0038484430
   3.7399999874  -0.0000731339   0.0000672196  -0.0026935898
   3.7449999874  -0.0000887777   0.0000637036  -0.0014247944
   3.7499999874  -0.0001111742   0.0000581205  -0.0001076963
   3.7549999874  -0.0001326659   0.0000505691   0.0011913278
   3.7599999874  -0.0001453490   0.0000412579   0.0024082880
   3.7649999874  -0.0001421573   0.0000305464   0.0034844365
   3.7699999873  -0.0001178483   0.0000189358   0.0043687823
   3.7749999873  -0.0000697467   0.0000070111   0.0050202269
   3.7799999873   0.0000018511  -0.0000046474   0.0054092897
   3.7849999873   0.0000936381  -0.0000155505   0.0055193788
   3.7899999873   0.0001995857  -0.0000253551   0.0053475427
   3.7949999873   0.0003114835  -0.0000338728   0.0049046301
   3.7999999872   0.0004196395  -0.0000410339   0.0042147982
   3.8049999872   0.0005136679  -0.0000468279   0.0033143489
   3.8099999872   0.0005833232  -0.0000512471   0.0022499323
   3.8149999872   0.0006193578  -0.0000542568   0.0010762145
   3.8199999872   0.0006143863  -0.0000558012  -0.0001468461
   3.8249999872   0.0005637151  -0.0000558381  -0.0013569503
   3.8299999871   0.0004660634  -0.0000543842  -0.0024924789
   3.8349999871   0.0003240703  -0.0000515459  -0.0034954521
   3.8399999871   0.0001444770  -0.0000475226  -0.0043143186
   3.8449999871  -0.0000621008  -0.0000425788  -0.0049064908
   3.8499999871  -0.0002818333  -0.0000369983  -0.0052405387
   3.8549999871  -0.0004987200  -0.0000310399  -0.0052979472
   3.8599999870  -0.0006958965  -0.0000249147  -0.0050743267
   3.8649999870  -0.0008570459  -0.0000187937  -0.0045799614
   3.8699999870  -0.0009677538  -0.0000128398  -0.0038396031
   3.8749999870  -0.0010166814  -0.0000072471  -0.0028914580
   3.8799999870  -0.0009964830  -0.0000022630  -0.0017853790
   3.8849999870  -0.0009044463   0.0000018233  -0.0005803461
   3.8899999869  -0.0007428601   0.0000047322   0.0006586237
   3.8949999869  -0.0005191167   0.0000062719   0.0018639530
   3.8999999869  -0.0002455318   0.0000064195   0.0029691656
   3.9049999869   0.0000611575   0.0000053762   0.0039125361
   3.9099999869   0.0003806640   0.0000035744   0.0046405401
   3.9149999869   0.0006904137   0.0000016310   0.0051109388
   3.9199999868   0.0009671643   0.0000002547   0.0052953368
   3.9249999868   0.0011888650   0.0000001330   0.0051810661
   3.9299999868   0.0013365745   0.0000018250   0.0047722582
   3.9349999868   0.0013962099   0.0000056841   0.0040899940
   3.9399999868   0.0013599102   0.0000118214   0.0031714602
   3.9449999868   0.0012268475   0.0000201067   0.0020681077
   3.9499999867   0.0010034096   0.0000301958   0.0008428795
   3.9549999867   0.0007027683   0.0000415694  -0.0004333436
   3.9599999867   0.0003439245   0.0000535718  -0.0016858673
   3.9649999867  -0.0000496389   0.0000654473  -0.0028406184
   3.9699999867  -0.0004515635   0.0000763773  -0.0038286100
   3.9749999867  -0.0008343702   0.0000855247  -0.0045901614
   3.9799999866  -0.0011712774   0.0000920870  -0.0050786186
   3.9849999866  -0.0014380151   0.0000953558  -0.0052633486
   3.9899999866  -0.0016145569   0.0000947720  -0.0051318230
   3.9949999866  -0.0016866659   0.0000899647  -0.0046906431
   3.9999999866  -0.0016471244   0.0000807664  -0.0039654121
   4.0049999866  -0.0014965024   0.0000672033  -0.0029994199
   4.0099999865  -0.0012433443   0.0000494719  -0.0018511808
   4.0149999865  -0.0009037073   0.0000279155  -0.0005909467
   4.0199999865  -0.0005000645   0.0000030144   0.0007035960
   4.0249999865  -0.0000596744  -0.0000246033   0.0019521700
   4.0299999865   0.0003874198  -0.0000541362   0.0030769657
   4.0349999864   0.0008105642  -0.0000845849   0.0040075742
   4.0399999864   0.0011806522  -0.0001147471   0.0046854672
   4.0449999864   0.0014721139  -0.0001432506   0.0050677396
   4.0499999864   0.0016646306  -0.0001686281   0.0051298834
   4.0549999864   0.0017445068  -0.0001894276   0.0048674296
   4.0599999864   0.0017056505  -0.0002043388   0.0042963567
   4.0649999863   0.0015501137  -0.0002123119   0.0034522325
   4.0699999863   0.0012881367  -0.0002126464   0.0023881192
   4.0749999863   0.0009376388  -0.0002050392   0.0011713449
   4.0799999863   0.0005231270  -0.0001895908  -0.0001206824
   4.0849999863   0.0000740400  -0.0001667783  -0.0014053710
   4.0899999863  -0.0003773764  -0.0001374091  -0.0026002417
   4.0949999862  -0.0007984990  -0.0001025665  -0.0036282699
   4.0999999862  -0.0011588353  -0.0000635540  -0.0044229111
   4.1049999862  -0.0014323694  -0.0000218383  -0.0049324638
   4.1099999862  -0.0015995230   0.0000210117  -0.0051234741
   4.1149999862  -0.0016485659   0.0000633936  -0.0049829587
   4.1199999862  -0.0015763863   0.0001037453  -0.0045193059
   4.1249999861  -0.0013886064   0.0001406193  -0.0037618002
   4.1299999861  -0.0010990820   0.0001727471  -0.0027587998
   4.1349999861  -0.0007288643   0.0001990859  -0.0015746747
   4.1399999861  -0.0003047092   0.0002188454  -0.0002856862
   4.1449999861   0.0001427736   0.0002314965   0.0010249410
   4.1499999861   0.0005812347   0.0002367707   0.0022724429
   4.1549999860   0.0009788504   0.0002346575   0.0033760796
   4.1599999860   0.0013066019   0.0002254064   0.0042644565
   4.1649999860   0.0015404064   0.0002095280   0.0048802306
   4.1699999860   0.0016629250   0.0001877872   0.0051838718
   4.1749999860   0.0016648830   0.0001611747   0.0051562203
   4.1799999860   0.0015457770   0.0001308491   0.0047996784
   4.1849999859   0.0013139027   0.0000980509   0.0041379759
   4.1899999859   0.0009857105   0.0000640002   0.0032145504
   4.1949999859   0.0005845612   0.0000297993   0.0020896664
   4.1999999859   0.0001390030  -0.0000036356   0.0008364684
   4.2049999859  -0.0003192828  -0.0000355988  -0.0004637849
   4.2099999859  -0.0007577177  -0.0000655711  -0.0017270146
   4.2149999858  -0.0011451010  -0.0000931602  -0.0028718184
   4.2199999858  -0.0014537907  -0.0001180297  -0.0038248224
   4.2249999858  -0.0016616650  -0.0001398414  -0.0045255279
   4.2299999858  -0.0017537371  -0.0001582318  -0.0049303101
   4.2349999858  -0.0017232991  -0.0001728273  -0.0050152744
   4.2399999858  -0.0015724844  -0.0001832878  -0.0047777509
   4.2449999857  -0.0013121700  -0.0001893589  -0.0042363216
   4.2499999857  -0.0009611933  -0.0001909103  -0.0034293888
   4.2549999857  -0.0005449305  -0.0001879450  -0.0024124167
   4.2599999857  -0.0000933519  -0.0001805804  -0.0012540697
   4.2649999857   0.0003612692  -0.0001690114  -0.0000315428
   4.2699999857   0.0007867846  -0.0001534761   0.0011745900
   4.2749999856   0.0011535251  -0.0001342417   0.0022856708
   4.2799999856   0.0014363955  -0.0001116183   0.0032300723
   4.2849999856   0.0016165700  -0.0000859953   0.0039478229
   4.2899999856   0.0016826965  -0.0000578830   0.0043944603
   4.2949999856   0.0016315625  -0.0000279383   0.0045438657
   4.2999999856   0.0014682064   0.0000030399   0.0043898791
   4.3049999855   0.0012054836   0.0000341496   0.0039465670
   4.3099999855   0.0008631110   0.0000644481   0.0032471063
   4.3149999855   0.0004662429   0.0000930170   0.0023413555
   4.3199999855   0.0000436539   0.0001190096   0.0012922957
   4.3249999855  -0.0003743534   0.0001416672   0.0001716177
   4.3299999855  -0.0007581668   0.0001603079  -0.0009452067
   4.3349999854  -0.0010810356   0.0001743019  -0.0019840030
   4.3399999854  -0.0013210127   0.0001830576  -0.0028767736
   4.3449999854  -0.0014625085   0.0001860384  -0.0035660676
   4.3499999854  -0.0014973317   0.0001828169  -0.0040085896
   4.3549999854  -0.0014251507   0.0001731594  -0.0041778528
   4.3599999854  -0.0012533595   0.0001571147  -0.0040657368
   4.3649999853  -0.0009963883   0.0001350799  -0.0036828620
   4.3699999853  -0.0006745317   0.0001078171  -0.0030577464
   4.3749999853  -0.0003123962   0.0000764145  -0.0022347769
   4.3799999853   0.0000629218   0.0000421987  -0.0012711053
   4.3849999853   0.0004238053   0.0000066239  -0.0002326654
   4.3899999853   0.0007441068  -0.0000288348   0.0008104060
   4.3949999852   0.0010010300  -0.0000627606   0.0017886034
   4.3999999852   0.0011767716  -0.0000938408   0.0026377704
   4.4049999852   0.0012597995  -0.0001208868   0.0033033476
   4.4099999852   0.0012456657  -0.0001428491   0.0037438529
   4.4149999852   0.0011372793  -0.0001588457   0.0039333798
   4.4199999852   0.0009446146  -0.0001682146   0.0038629931
   4.4249999851   0.0006838747  -0.0001705830   0.0035409871
   4.4299999851   0.0003761806  -0.0001659327   0.0029920402
   4.4349999851   0.0000458955  -0.0001546353   0.0022553515
   4.4399999851  -0.0002812763  -0.0001374368   0.0013818814
   4.4449999851  -0.0005802653  -0.0001153869   0.0004308606
   4.4499999851  -0.0008285355  -0.0000897271  -0.0005342311
   4.4549999850  -0.0010077629  -0.0000617661  -0.0014499625
   4.4599999850  -0.0011051728  -0.0000327750  -0.0022572329
   4.4649999850  -0.0011144393  -0.0000039258  -0.0029052215
   4.4699999850  -0.0010360844   0.0000237241  -0.0033546987
   4.4749999850  -0.0008773507   0.0000492131  -0.0035804444
   4.4799999850  -0.0006515621   0.0000716523  -0.0035726040
   4.4849999849  -0.0003770279   0.0000902242  -0.0033369189
   4.4899999849  -0.0000755800   0.0001042194  -0.0028938775
   4.4949999849   0.0002291390   0.0001131075  -0.0022769170
   4.4999999849   0.0005135016   0.0001166188  -0.0015298632
   4.5049999849   0.0007556972   0.0001148063  -0.0007038188
   4.5099999849   0.0009373765   0.0001080585   0.0001462900
   4.5149999848   0.0010450194   0.0000970526   0.0009653098
   4.5199999848   0.0010709292   0.0000826573   0.0017014032
   4.5249999848   0.0010137809   0.0000658127   0.0023093445
   4.5299999848   0.0008786802   0.0000474260   0.0027533645
   4.5349999848   0.0006767262   0.0000283081   0.0030093465
   4.5399999848   0.0004241055   0.0000091668   0.0030661992
   4.5449999847   0.0001407879  -0.0000093591   0.0029262873
   4.5499999847  -0.0001510723  -0.0000266498   0.0026048834
   4.5549999847  -0.0004288968  -0.0000420749   0.0021287024
   4.5599999847  -0.0006714566  -0.0000550065   0.0015336722
   4.5649999847  -0.0008605108  -0.0000648800   0.0008621629
   4.5699999847  -0.0009821804  -0.0000712842   0.0001599267
   4.5749999846  -0.0010279540  -0.0000740469  -0.0005270070
   4.5799999846  -0.0009952608  -0.0000732815  -0.0011552747
   4.5849999846  -0.0008875807  -0.0000693731  -0.0016868018
   4.5899999846  -0.0007140977  -0.0000629029  -0.0020909922
   4.5949999846  -0.0004889307  -0.0000545361  -0.0023464024
   4.5999999846  -0.0002300005  -0.0000449075  -0.0024418296
   4.6049999845   0.0000423845  -0.0000345437  -0.0023767588
   4.6099999845   0.0003071245  -0.0000238401  -0.0021611235
   4.6149999845   0.0005439842  -0.0000130928  -0.0018143765
   4.6199999845   0.0007351783  -0.0000025614  -0.0013639149
   4.6249999845   0.0008667532   0.0000074704  -0.0008429733
   4.6299999845   0.0009296426   0.0000166678  -0.0002881586
   4.6349999844   0.0009203068   0.0000246651   0.0002631574
   4.6399999844   0.0008409051   0.0000311253   0.0007753684
   4.6449999844   0.0006989980   0.0000358126   0.0012168887
   4.6499999844   0.0005068273   0.0000386468   0.0015619940
   4.6549999844   0.0002802530   0.0000397138   0.0017921680
   4.6599999844   0.0000374507   0.0000392254   0.0018969299
   4.6649999843  -0.0002025195   0.0000374451   0.0018741522
   4.6699999843  -0.0004211684   0.0000346076   0.0017298944
   4.6749999843  -0.0006019623   0.0000308648   0.0014777765
   4.6799999843  -0.0007315494   0.0000262798   0.0011379185
   4.6849999843  -0.0008007493   0.0000208681   0.0007354876
   4.6899999843  -0.0008052339   0.0000146675   0.0002989210
   4.6949999842  -0.0007458379   0.0000078051  -0.0001420619
   4.6999999842  -0.0006284583   0.0000005321  -0.0005585078
   4.7049999842  -0.0004635351  -0.0000067901  -0.0009241641
   4.7099999842  -0.0002651493  -0.0000137475  -0.0012171340
   4.7149999842  -0.0000498149  -0.0000199524  -0.0014211219
   4.7199999841   0.0001649175  -0.0000251130  -0.0015262015
   4.7249999841   0.0003619080  -0.0000290670  -0.0015290993
   4.7299999841   0.0005257918  -0.0000317700  -0.0014330429
   4.7349999841   0.0006441443  -0.0000332465  -0.0012472477
   4.7399999841   0.0007083662  -0.0000335308  -0.0009861205
   4.7449999841   0.0007142436  -0.0000326243  -0.0006682405
   4.7499999840   0.0006621716  -0.0000304909  -0.0003151610
   4.7549999840   0.0005570468  -0.0000270928   0.0000499341
   4.7599999840   0.0004078490  -0.0000224512   0.0004036741
   4.7649999840   0.0002269363  -0.0000167029   0.0007239748
   4.7699999840   0.0000290893  -0.0000101259   0.0009914402
   4.7749999840  -0.0001696432  -0.0000031186   0.0011905742
   4.7799999839  -0.0003532222   0.0000038633   0.0013106867
   4.7849999839  -0.0005069167   0.0000103898   0.0013464134
   4.7899999839  -0.0006185063   0.0000161292   0.0012978166
   4.7949999839  -0.0006792666   0.0000208821   0.0011700992
   4.7999999839  -0.0006846406   0.0000245670   0.0009730050
   4.8049999839  -0.0006345361   0.0000271668   0.0007200048
   4.8099999838  -0.0005332367   0.0000286626   0.0004273601
   4.8149999838  -0.0003889638   0.0000289860   0.0001131346
   4.8199999838  -0.0002131581   0.0000280155  -0.0002038127
   4.8249999838  -0.0000195638   0.0000256190  -0.0005048375
   4.8299999838   0.0001768030   0.0000217298  -0.0007725117
   4.8349999838   0.0003607355   0.0000164228  -0.0009915905
   4.8399999837   0.0005179157   0.0000099591  -0.0011498899
   4.8449999837   0.0006359443   0.0000027774  -0.0012390001
   4.8499999837   0.0007052726  -0.0000045698  -0.0012547529
   4.8549999837   0.0007199722  -0.0000115128  -0.0011973855
   4.8599999837   0.0006782712  -0.0000175639  -0.0010713802
   4.8649999837   0.0005827858  -0.0000223846  -0.0008850126
   4.8699999836   0.0004403960  -0.0000258030  -0.0006496803
   4.8749999836   0.0002617530  -0.0000277827  -0.0003791081
   4.8799999836   0.0000604523  -0.0000283638  -0.0000885166
   4.8849999836  -0.0001480477  -0.0000276061   0.0002061828
   4.8899999836  -0.0003476501  -0.0000255608   0.0004891405
   4.8949999836  -0.0005228685  -0.0000222826   0.0007452729
   4.8999999835  -0.0006599925  -0.0000178726   0.0009609319
   4.9049999835  -0.0007480912  -0.0000125302   0.0011245451
   4.9099999835  -0.0007798049  -0.0000065827   0.0012272077
   4.9149999835  -0.0007518973  -0.0000004731   0.0012631805
   4.9199999835  -0.0006655494   0.0000052981   0.0012302378
   4.9249999835  -0.0005263769   0.0000102616   0.0011298117
   4.9299999834  -0.0003441468   0.0000140682   0.0009669089
   4.9349999834  -0.0001321761   0.0000165487   0.0007498100
   4.9399999834   0.0000935825   0.0000177242   0.0004895968
   4.9449999834   0.0003157297   0.0000177640   0.0001995679
   4.9499999834   0.0005167957   0.0000169123  -0.0001053975
   4.9549999834   0.0006806800   0.0000154094  -0.0004094931
   4.9599999833   0.0007940061   0.0000134380  -0.0006966465
   4.9649999833   0.0008472505   0.0000111099  -0.0009512029
   4.9699999833   0.0008355352   0.0000084916  -0.0011586494
   4.9749999833   0.0007590202   0.0000056501  -0.0013063811
   4.9799999833   0.0006228875   0.0000026931  -0.0013844814
   4.9849999833   0.0004369467  -0.0000002192  -0.0013864529
   4.9899999832   0.0002149202  -0.0000028981  -0.0013098159
   4.9949999832  -0.0000265337  -0.0000051769  -0.0011564904
   4.9999999832  -0.0002689983  -0.0000069663  -0.0009329002
   5.0049999832  -0.0004936258  -0.0000082869  -0.0006497743
   5.0099999832  -0.0006825502  -0.0000092618  -0.0003216628
   5.0149999832  -0.0008203078  -0.0000100672   0.0000337879
   5.0199999831  -0.0008951557  -0.0000108590   0.0003967405
   5.0249999831  -0.0009001625  -0.0000117009   0.0007462006
   5.0299999831  -0.0008339385  -0.0000125244   0.0010611373
   5.0349999831  -0.0007008979  -0.0000131365   0.0013216631
   5.0399999831  -0.0005109945  -0.0000132755   0.0015102433
   5.0449999831  -0.0002789409  -0.0000126935   0.0016128885
   5.0499999830  -0.0000229900  -0.0000112385   0.0016202567
   5.0549999830   0.0002365892  -0.0000089068   0.0015285652
   5.0599999830   0.0004791818  -0.0000058487   0.0013401986
   5.0649999830   0.0006854835  -0.0000023314   0.0010639088
   5.0699999830   0.0008390117   0.0000013273   0.0007145428
   5.0749999830   0.0009273697   0.0000048251   0.0003122820
   5.0799999829   0.0009431995   0.0000079211  -0.0001185564
   5.0849999829   0.0008847728   0.0000104498  -0.0005510614
   5.0899999829   0.0007561884   0.0000123054  -0.0009574833
   5.0949999829   0.0005671438   0.0000134146  -0.0013110661
   5.0999999829   0.0003322676   0.0000137159  -0.0015878329
   5.1049999829   0.0000700257   0.0000131592  -0.0017682156
   5.1099999828  -0.0001987392   0.0000117294  -0.0018384425
   5.1149999828  -0.0004525237   0.0000094801  -0.0017916034
   5.1199999828  -0.0006709766   0.0000065618  -0.0016283209
   5.1249999828  -0.0008366228   0.0000032241  -0.0013569569
   5.1299999828  -0.0009363183  -0.0000002147  -0.0009933028
   5.1349999828  -0.0009622924  -0.0000034259  -0.0005597263
   5.1399999827  -0.0009126942  -0.0000061373  -0.0000838002
   5.1449999827  -0.0007916254  -0.0000081878   0.0004035088
   5.1499999827  -0.0006087034  -0.0000095478   0.0008699567
   5.1549999827  -0.0003782299  -0.0000103002   0.0012842714
   5.1599999827  -0.0001180582  -0.0000105894   0.0016183457
   5.1649999827   0.0001517535  -0.0000105582   0.0018491988
   5.1699999826   0.0004104241  -0.0000102961   0.0019605646
   5.1749999826   0.0006379901  -0.0000098184   0.0019440085
   5.1799999826   0.0008168195  -0.0000090804   0.0017995219
   5.1849999826   0.0009329943  -0.0000080189   0.0015355747
   5.1899999826   0.0009774454  -0.0000066003   0.0011686353
   5.1949999826   0.0009467175  -0.0000048552   0.0007221807
   5.1999999825   0.0008432692  -0.0000028848   0.0002252402
   5.2049999825   0.0006752579  -0.0000008361  -0.0002894606
   5.2099999825   0.0004558268   0.0000011417  -0.0007876574
   5.2149999825   0.0002019732   0.0000029405  -0.0012358702
   5.2199999825  -0.0000668682   0.0000045182  -0.0016037244
   5.2249999825  -0.0003303764   0.0000058935  -0.0018660875
   5.2299999824  -0.0005688796   0.0000071136  -0.0020048458
   5.2349999824  -0.0007647623   0.0000082083  -0.0020101764
   5.2399999824  -0.0009036643   0.0000091493  -0.0018812228
   5.2449999824  -0.0009754268   0.0000098340  -0.0016261408
   5.2499999824  -0.0009747622   0.0000100993  -0.0012615342
   5.2549999824  -0.0009016208   0.0000097640  -0.0008113462
   5.2599999823  -0.0007612302   0.0000086824  -0.0003052947
   5.2649999823  -0.0005637761   0.0000067927   0.0002230460
   5.2699999823  -0.0003237131   0.0000041428   0.0007384099
   5.2749999823  -0.0000587234   0.0000008877   0.0012061326
   5.2799999823   0.0002116116  -0.0000027385   0.0015944502
   5.2849999823   0.0004673145  -0.0000064614   0.0018766608
   5.2899999822   0.0006895483  -0.0000100038   0.0020330000
   5.2949999822   0.0008620334  -0.0000131093   0.0020520845
   5.2999999822   0.0009722198  -0.0000155501   0.0019317964
   5.3049999822   0.0010121266  -0.0000171256   0.0016795245
   5.3099999822   0.0009788170  -0.0000176622   0.0013117328
   5.3149999822   0.0008745149  -0.0000170245   0.0008528865
   5.3199999821   0.0007063996  -0.0000151414   0.0003338211
   5.3249999821   0.0004861164  -0.0000120411  -0.0002103222
   5.3299999821   0.0002290361  -0.0000078821  -0.0007424455
   5.3349999821  -0.0000467166  -0.0000029638  -0.0012259770
   5.3399999821  -0.0003214402   0.0000022932  -0.0016273329
   5.3449999821  -0.0005752004   0.0000073990  -0.0019182151
   5.3499999820  -0.0007892668   0.0000118681  -0.0020776057
   5.3549999820  -0.0009475369   0.0000152958  -0.0020933226
   5.3599999820  -0.0010378149   0.0000174164  -0.0019630186
   5.3649999820  -0.0010528130   0.0000181277  -0.0016945234
   5.3699999820  -0.0009907657   0.0000174787  -0.0013054702
   5.3749999820  -0.0008555952   0.0000156283  -0.0008222019
   5.3799999819  -0.0006566239   0.0000127934  -0.0002780131
   5.3849999819  -0.0004078783   0.0000092046   0.0002891518
   5.3899999819  -0.0001270670   0.0000050841   0.0008393711
   5.3949999819   0.0001656727   0.0000006472   0.0013335861
   5.3999999819   0.0004491692  -0.0000038800   0.0017363926
   5.4049999818   0.0007026739  -0.0000082437   0.0020185809
   5.4099999818   0.0009073105  -0.0000121585   0.0021592477
   5.4149999818   0.0010474464  -0.0000153279   0.0021473406
   5.4199999818   0.0011119038  -0.0000174833   0.0019825309
   5.4249999818   0.0010949146  -0.0000184305   0.0016753552
   5.4299999818   0.0009967162  -0.0000180883   0.0012466013
   5.4349999817   0.0008236992  -0.0000165038   0.0007259625
   5.4399999817   0.0005880553  -0.0000138413   0.0001500276
   5.4449999817   0.0003069223  -0.0000103491  -0.0004402690
   5.4499999817   0.0000010941  -0.0000063169  -0.0010025689
   5.4549999817  -0.0003065898  -0.0000020379  -0.0014961675
   5.4599999817  -0.0005930199   0.0000022134  -0.0018850133
   5.4649999816  -0.0008365951   0.0000061879  -0.0021403904
   5.4699999816  -0.0010188566   0.0000096584  -0.0022430717
   5.4749999816  -0.0011258628   0.0000124167  -0.0021847733
   5.4799999816  -0.0011492218   0.0000142810  -0.0019688042
   5.4849999816  -0.0010867318   0.0000151154  -0.0016098686
   5.4899999816  -0.0009425962   0.0000148561  -0.0011330450
   5.4949999815  -0.0007271929   0.0000135341  -0.0005720213
   5.4999999815  -0.0004563929   0.0000112830   0.0000332868
   5.5049999815  -0.0001504437   0.0000083243   0.0006395691
   5.5099999815   0.0001675308   0.0000049331   0.0012032141
   5.5149999815   0.0004733154   0.0000013929   0.0016834492
   5.5199999815   0.0007435307  -0.0000020453   0.0020453038
   5.5249999814   0.0009575258  -0.0000051902   0.0022621808
   5.5299999814   0.0010990499  -0.0000079139   0.0023178353
   5.5349999814   0.0011575406  -0.0000101385   0.0022076047
   5.5399999814   0.0011289115  -0.0000118125   0.0019387879
   5.5449999814   0.0010157863  -0.0000128897   0.0015301384
   5.5499999814   0.0008271919  -0.0000133210   0.0010105126
   5.5549999813   0.0005777696  -0.0000130608   0.0004167802
   5.5599999813   0.0002866004  -0.0000120853  -0.0002088391
   5.5649999813  -0.0000242556  -0.0000104139  -0.0008218091
   5.5699999813  -0.0003314013  -0.0000081227  -0.0013784563
   5.5749999813  -0.0006118269  -0.0000053460  -0.0018390716
   5.5799999813  -0.0008446173  -0.0000022630  -0.0021707175
   5.5849999812  -0.0010125295   0.0000009236  -0.0023495544
   5.5899999812  -0.0011033230   0.0000040110  -0.0023625276
   5.5949999812  -0.0011107193   0.0000068142  -0.0022082992
   5.5999999812  -0.0010348884   0.0000091756  -0.0018973558
   5.6049999812  -0.0008823980   0.0000109670  -0.0014512811
   5.6099999812  -0.0006656187   0.0000120879  -0.0009012375
   5.6149999811  -0.0004016473   0.0000124654  -0.0002857645
   5.6199999811  -0.0001108641   0.0000120589   0.0003519493
   5.6249999811   0.0001847191   0.0000108676   0.0009671172
   5.6299999811   0.0004631613   0.0000089397   0.0015165084
   5.6349999811   0.0007041994   0.0000063774   0.0019614758
   5.6399999811   0.0008906550   0.0000033344   0.0022706470
   5.6449999810   0.0010095673   0.0000000063   0.0024220972
   5.6499999810   0.0010530145  -0.0000033863   0.0024048650
   5.6549999810   0.0010185960  -0.0000066158   0.0022197145
   5.6599999810   0.0009095549  -0.0000094651   0.0018790982
   5.6649999810   0.0007345261  -0.0000117404   0.0014063223
   5.6699999810   0.0005069008  -0.0000132809   0.0008339626
   5.6749999809   0.0002438313  -0.0000139661   0.0002016322
   5.6799999809  -0.0000350691  -0.0000137224  -0.0004467561
   5.6849999809  -0.0003092288  -0.0000125311  -0.0010660451
   5.6899999809  -0.0005586901  -0.0000104370  -0.0016129904
   5.6949999809  -0.0007656054  -0.0000075543  -0.0020492942
   5.6999999809  -0.0009155212  -0.0000040689  -0.0023442918
   5.7049999808  -0.0009983511  -0.0000002323  -0.0024771007
   5.7099999808  -0.0010089823   0.0000036542  -0.0024380806
   5.7149999808  -0.0009475081   0.0000072639  -0.0022295115
   5.7199999808  -0.0008191096   0.0000102776  -0.0018654485
   5.7249999808  -0.0006336259   0.0000124185  -0.0013707737
   5.7299999808  -0.0004048532   0.0000134872  -0.0007795089
   5.7349999807  -0.0001496103   0.0000133876  -0.0001325014
   5.7399999807   0.0001133954   0.0000121420   0.0005253708
   5.7449999807   0.0003648530   0.0000098891   0.0011482929
   5.7499999807   0.0005862185   0.0000068668   0.0016927031
   5.7549999807   0.0007610784   0.0000033813   0.0021203571
   5.7599999807   0.0008763923  -0.0000002323   0.0024010485
   5.7649999806   0.0009235019  -0.0000036487   0.0025147821
   5.7699999806   0.0008988042  -0.0000065869   0.0024532332
   5.7749999806   0.0008040257  -0.0000088319   0.0022203787
   5.7799999806   0.0006460754  -0.0000102472   0.0018322498
   5.7849999806   0.0004365035  -0.0000107756   0.0013158218
   5.7899999806   0.0001906235  -0.0000104355   0.0007071243
   5.7949999805  -0.0000736198  -0.0000093135   0.0000487073
   5.7999999805  -0.0003369500  -0.0000075555  -0.0006133550
   5.8049999805  -0.0005801402  -0.0000053547  -0.0012327124
   5.8099999805  -0.0007853921  -0.0000029352  -0.0017660102
   5.8149999805  -0.0009376334  -0.0000005291  -0.0021759564
   5.8199999805  -0.0010256490   0.0000016504  -0.0024339657
   5.8249999804  -0.0010429609   0.0000034354  -0.0025221889
   5.8299999804  -0.0009883766   0.0000047230  -0.0024347780
   5.8349999804  -0.0008661403   0.0000054823  -0.0021782909
   5.8399999804  -0.0006856532   0.0000057463  -0.0017712020
   5.8449999804  -0.0004607691   0.0000055924  -0.0012425564
   5.8499999804  -0.0002087179   0.0000051166  -0.0006298662
   5.8549999803   0.0000512494   0.0000044103   0.0000235906
   5.8599999803   0.0002993713   0.0000035468   0.0006718698
   5.8649999803   0.0005169093   0.0000025792   0.0012696313
   5.8699999803   0.0006875774   0.0000015469   0.0017753433
   5.8749999803   0.0007987586   0.0000004851   0.0021541947
   5.8799999803   0.0008424296  -0.0000005673   0.0023805091
   5.8849999802   0.0008157380  -0.0000015681   0.0024394962
   5.8899999802   0.0007212019  -0.0000024762   0.0023282176
   5.8949999802   0.0005665221  -0.0000032595   0.0020557045
   5.8999999802   0.0003640155  -0.0000038986   0.0016422248
   5.9049999802   0.0001296972  -0.0000043853   0.0011177576
   5.9099999802  -0.0001179312  -0.0000047158   0.0005197929
   5.9149999801  -0.0003593084  -0.0000048816  -0.0001093766
   5.9199999801  -0.0005753439  -0.0000048647  -0.0007256716
   5.9249999801  -0.0007489232  -0.0000046393  -0.0012863295
   5.9299999801  -0.0008662551  -0.0000041814  -0.0017528746
   5.9349999801  -0.0009179356  -0.0000034829  -0.0020937496
   5.9399999801  -0.0008996379  -0.0000025631  -0.0022864329
   5.9449999800  -0.0008123754  -0.0000014745  -0.0023189043
   5.9499999800  -0.0006623338  -0.0000002989  -0.0021903686
   5.9549999800  -0.0004603091   0.0000008633  -0.0019111972
   5.9599999800  -0.0002208200   0.0000019065  -0.0015020994
   5.9649999800   0.0000390207   0.0000027310  -0.0009925870
   5.9699999800   0.0003007858   0.0000032499  -0.0004188417
   5.9749999799   0.0005460768   0.0000033909   0.0001788602
   5.9799999799   0.0007578472   0.0000030989   0.0007589851
   5.9849999799   0.0009216253   0.0000023416   0.0012816367
   5.9899999799   0.0010265576   0.0000011217   0.0017113067
   5.9949999799   0.0010661935  -0.0000005085   0.0020192879
