   0.0000000000   0.0000000000   0.0000000000   0.0000000000
   0.0050000000   0.0000000000   0.0000000000   0.0000000000
   0.0100000000   0.0000000000   0.0000000000   0.0000000000
   0.0149999999   0.0000000000   0.0000000000   0.0000000000
   0.0199999999   0.0000000000   0.0000000000   0.0000000000
   0.0249999999   0.0000000000   0.0000000000   0.0000000000
   0.0299999999   0.0000000000   0.0000000000   0.0000000000
   0.0349999999   0.0000000000   0.0000000000   0.0000000000
   0.0399999999   0.0000000000   0.0000000000   0.0000000000
   0.0449999998   0.0000000000   0.0000000000   0.0000000000
   0.0499999998   0.0000000000   0.0000000000   0.0000000000
   0.0549999998   0.0000000000   0.0000000000   0.0000000000
   0.0599999998   0.0000000000   0.0000000000   0.0000000000
   0.0649999998   0.0000000000   0.0000000000   0.0000000000
   0.0699999998   0.0000000000   0.0000000000   0.0000000000
   0.0749999997   0.0000000000   0.0000000000   0.0000000000
   0.0799999997   0.0000000000   0.0000000000   0.0000000000
   0.0849999997  -0.0000000000   0.0000000000  -0.0000000000
   0.0899999997  -0.0000000000   0.0000000000  -0.0000000000
   0.0949999997  -0.0000000000   0.0000000000  -0.0000000000
   0.0999999997  -0.0000000000   0.0000000000  -0.0000000000
   0.1049999996  -0.0000000000   0.0000000000  -0.0000000000
   0.1099999996  -0.0000000000   0.0000000000  -0.0000000000
   0.1149999996  -0.0000000000   0.0000000000  -0.0000000000
   0.1199999996  -0.0000000000   0.0000000000  -0.0000000000
   0.1249999996  -0.0000000000   0.0000000000  -0.0000000000
   0.1299999996  -0.0000000000   0.0000000000  -0.0000000000
   0.1349999995   0.0000000000   0.0000000000   0.0000000000
   0.1399999995   0.0000000000  -0.0000000000   0.0000000000
   0.1449999995   0.0000000000  -0.0000000000   0.0000000000
   0.1499999995   0.0000000000  -0.0000000000   0.0000000000
   0.1549999995   0.0000000000  -0.0000000000   0.0000000000
   0.1599999995   0.0000000000  -0.0000000000   0.0000000000
   0.1649999994   0.0000000000  -0.0000000000   0.0000000000
   0.1699999994   0.0000000000  -0.0000000000   0.0000000000
   0.1749999994   0.0000000000  -0.0000000000   0.0000000000
   0.1799999994   0.0000000000  -0.0000000000   0.0000000000
   0.1849999994   0.0000000000  -0.0000000000   0.0000000000
   0.1899999994   0.0000000000  -0.0000000000   0.0000000000
   0.1949999993   0.0000000000  -0.0000000000   0.0000000000
   0.1999999993   0.0000000000  -0.0000000000   0.0000000000
   0.2049999993   0.0000000000  -0.0000000000   0.0000000000
   0.2099999993   0.0000000000  -0.0000000000   0.0000000000
   0.2149999993   0.0000000000  -0.0000000000   0.0000000000
   0.2199999993   0.0000000000  -0.0000000000   0.0000000000
   0.2249999992   0.0000000000  -0.0000000000   0.0000000000
   0.2299999992   0.0000000000  -0.0000000000   0.0000000000
   0.2349999992   0.0000000000  -0.0000000000   0.0000000000
   0.2399999992   0.0000000000  -0.0000000000   0.0000000000
   0.2449999992   0.0000000000  -0.0000000000   0.0000000000
   0.2499999992   0.0000000000  -0.0000000000   0.0000000000
   0.2549999991   0.0000000000  -0.0000000000   0.0000000000
   0.2599999991   0.0000000000  -0.0000000000   0.0000000000
   0.2649999991   0.0000000000  -0.0000000000   0.0000000000
   0.2699999991   0.0000000000  -0.0000000000   0.0000000000
   0.2749999991   0.0000000000  -0.0000000000   0.0000000000
   0.2799999991   0.0000000000  -0.0000000000   0.0000000000
   0.2849999990   0.0000000000  -0.0000000000   0.0000000000
   0.2899999990   0.0000000000  -0.0000000000   0.0000000000
   0.2949999990   0.0000000000  -0.0000000000   0.0000000000
   0.2999999990   0.0000000000  -0.0000000000   0.0000000000
   0.3049999990   0.0000000000  -0.0000000000   0.0000000000
   0.3099999990   0.0000000000  -0.0000000000   0.0000000000
   0.3149999989   0.0000000000  -0.0000000000   0.0000000000
   0.3199999989   0.0000000000  -0.0000000000   0.0000000000
   0.3249999989   0.0000000000  -0.0000000000   0.0000000000
   0.3299999989   0.0000000000  -0.0000000000   0.0000000000
   0.3349999989   0.0000000000  -0.0000000000   0.0000000000
   0.3399999989   0.0000000000  -0.0000000000   0.0000000000
   0.3449999988   0.0000000000  -0.0000000000   0.0000000000
   0.3499999988   0.0000000000  -0.0000000000   0.0000000000
   0.3549999988   0.0000000000  -0.0000000000   0.0000000000
   0.3599999988   0.0000000000  -0.0000000000   0.0000000000
   0.3649999988   0.0000000000  -0.0000000000   0.0000000000
   0.3699999988   0.0000000000  -0.0000000000   0.0000000000
   0.3749999987   0.0000000000  -0.0000000000   0.0000000000
   0.3799999987   0.0000000000  -0.0000000000   0.0000000000
   0.3849999987   0.0000000000  -0.0000000000   0.0000000000
   0.3899999987   0.0000000000  -0.0000000000   0.0000000000
   0.3949999987   0.0000000000  -0.0000000000   0.0000000000
   0.3999999987   0.0000000000  -0.0000000000   0.0000000000
   0.4049999986   0.0000000000   0.0000000000   0.0000000000
   0.4099999986   0.0000000000   0.0000000000   0.0000000000
   0.4149999986  -0.0000000000   0.0000000000  -0.0000000000
   0.4199999986  -0.0000000000   0.0000000000  -0.0000000000
   0.4249999986  -0.0000000000   0.0000000000  -0.0000000000
   0.4299999986  -0.0000000000   0.0000000000  -0.0000000000
   0.4349999985  -0.0000000000   0.0000000000  -0.0000000000
   0.4399999985  -0.0000000000   0.0000000000  -0.0000000000
   0.4449999985  -0.0000000000   0.0000000000  -0.0000000000
   0.4499999985  -0.0000000000   0.0000000000  -0.0000000000
   0.4549999985  -0.0000000000   0.0000000000  -0.0000000000
   0.4599999985  -0.0000000000   0.0000000000  -0.0000000000
   0.4649999984  -0.0000000000   0.0000000000  -0.0000000000
   0.4699999984  -0.0000000000   0.0000000000  -0.0000000000
   0.4749999984  -0.0000000000   0.0000000000  -0.0000000000
   0.4799999984  -0.0000000000   0.0000000000  -0.0000000000
   0.4849999984  -0.0000000000   0.0000000000  -0.0000000000
   0.4899999984  -0.0000000000   0.0000000000  -0.0000000000
   0.4949999983  -0.0000000000   0.0000000000  -0.0000000000
   0.4999999983  -0.0000000000   0.0000000000  -0.0000000000
   0.5049999983  -0.0000000000   0.0000000000  -0.0000000000
   0.5099999983  -0.0000000000   0.0000000000  -0.0000000000
   0.5149999983  -0.0000000000   0.0000000000  -0.0000000000
   0.5199999983  -0.0000000000   0.0000000000  -0.0000000000
   0.5249999982  -0.0000000000   0.0000000000  -0.0000000000
   0.5299999982  -0.0000000000   0.0000000000  -0.0000000000
   0.5349999982  -0.0000000000   0.0000000000  -0.0000000000
   0.5399999982  -0.0000000000   0.0000000000  -0.0000000000
   0.5449999982  -0.0000000000   0.0000000000  -0.0000000000
   0.5499999982  -0.0000000000   0.0000000000  -0.0000000000
   0.5549999981  -0.0000000000   0.0000000000  -0.0000000000
   0.5599999981  -0.0000000000   0.0000000000  -0.0000000000
   0.5649999981  -0.0000000000   0.0000000000  -0.0000000000
   0.5699999981  -0.0000000000   0.0000000000  -0.0000000000
   0.5749999981  -0.0000000000   0.0000000000  -0.0000000000
   0.5799999981  -0.0000000000   0.0000000000  -0.0000000000
   0.5849999980  -0.0000000000   0.0000000000  -0.0000000000
   0.5899999980  -0.0000000000   0.0000000000  -0.0000000000
   0.5949999980  -0.0000000000   0.0000000000  -0.0000000000
   0.5999999980  -0.0000000000   0.0000000000  -0.0000000000
   0.6049999980   0.0000000000   0.0000000000   0.0000000000
   0.6099999980   0.0000000000   0.0000000000   0.0000000000
   0.6149999979   0.0000000000   0.0000000000   0.0000000000
   0.6199999979   0.0000000000   0.0000000000   0.0000000000
   0.6249999979   0.0000000000   0.0000000000   0.0000000000
   0.6299999979   0.0000000000   0.0000000000   0.0000000000
   0.6349999979   0.0000000000   0.0000000000   0.0000000000
   0.6399999979   0.0000000000   0.0000000000   0.0000000000
   0.6449999978   0.0000000000   0.0000000000   0.0000000000
   0.6499999978   0.0000000000   0.0000000000   0.0000000000
   0.6549999978   0.0000000000   0.0000000000   0.0000000000
   0.6599999978   0.0000000000   0.0000000000   0.0000000000
   0.6649999978   0.0000000000  -0.0000000000   0.0000000000
   0.6699999978   0.0000000000  -0.0000000000   0.0000000000
   0.6749999977   0.0000000000  -0.0000000000   0.0000000000
   0.6799999977   0.0000000000  -0.0000000000   0.0000000000
   0.6849999977  -0.0000000000  -0.0000000000  -0.0000000000
   0.6899999977  -0.0000000000  -0.0000000000  -0.0000000000
   0.6949999977  -0.0000000000  -0.0000000000  -0.0000000000
   0.6999999976  -0.0000000000  -0.0000000000  -0.0000000000
   0.7049999976  -0.0000000000  -0.0000000000  -0.0000000000
   0.7099999976  -0.0000000000  -0.0000000000  -0.0000000000
   0.7149999976  -0.0000000000  -0.0000000000  -0.0000000000
   0.7199999976  -0.0000000000  -0.0000000000  -0.0000000000
   0.7249999976  -0.0000000000  -0.0000000000  -0.0000000000
   0.7299999975  -0.0000000000   0.0000000000  -0.0000000000
   0.7349999975   0.0000000000   0.0000000000   0.0000000000
   0.7399999975   0.0000000000   0.0000000000   0.0000000000
   0.7449999975   0.0000000000   0.0000000000   0.0000000000
   0.7499999975   0.0000000000   0.0000000000   0.0000000000
   0.7549999975   0.0000000000   0.0000000000   0.0000000000
   0.7599999974   0.0000000000   0.0000000000   0.0000000000
   0.7649999974   0.0000000000   0.0000000000   0.0000000000
   0.7699999974   0.0000000000   0.0000000000   0.0000000000
   0.7749999974   0.0000000000   0.0000000000   0.0000000000
   0.7799999974   0.0000000000   0.0000000000   0.0000000000
   0.7849999974   0.0000000000   0.0000000000   0.0000000000
   0.7899999973   0.0000000000   0.0000000000   0.0000000000
   0.7949999973   0.0000000000   0.0000000000   0.0000000000
   0.7999999973   0.0000000000   0.0000000000   0.0000000000
   0.8049999973   0.0000000000   0.0000000000   0.0000000000
   0.8099999973   0.0000000000   0.0000000000   0.0000000000
   0.8149999973   0.0000000000   0.0000000000   0.0000000000
   0.8199999972   0.0000000000   0.0000000000   0.0000000000
   0.8249999972   0.0000000000   0.0000000000   0.0000000000
   0.8299999972   0.0000000000   0.0000000000   0.0000000000
   0.8349999972   0.0000000000   0.0000000000   0.0000000000
   0.8399999972   0.0000000000   0.0000000000   0.0000000000
   0.8449999972   0.0000000000   0.0000000000   0.0000000000
   0.8499999971   0.0000000000   0.0000000000   0.0000000000
   0.8549999971   0.0000000000   0.0000000000   0.0000000000
   0.8599999971   0.0000000000   0.0000000000   0.0000000000
   0.8649999971   0.0000000000   0.0000000000   0.0000000000
   0.8699999971   0.0000000000   0.0000000000   0.0000000000
   0.8749999971   0.0000000000   0.0000000000   0.0000000000
   0.8799999970   0.0000000000   0.0000000000   0.0000000000
   0.8849999970   0.0000000000   0.0000000000   0.0000000000
   0.8899999970   0.0000000000   0.0000000000   0.0000000000
   0.8949999970   0.0000000000   0.0000000000   0.0000000000
   0.8999999970   0.0000000000   0.0000000000   0.0000000000
   0.9049999970   0.0000000000   0.0000000000   0.0000000000
   0.9099999969   0.0000000000   0.0000000000   0.0000000000
   0.9149999969   0.0000000000   0.0000000000   0.0000000000
   0.9199999969   0.0000000000   0.0000000000   0.0000000000
   0.9249999969   0.0000000000   0.0000000000   0.0000000000
   0.9299999969   0.0000000000   0.0000000000   0.0000000000
   0.9349999969   0.0000000000   0.0000000000   0.0000000000
   0.9399999968   0.0000000000   0.0000000000   0.0000000000
   0.9449999968   0.0000000000   0.0000000000   0.0000000000
   0.9499999968   0.0000000000   0.0000000000   0.0000000000
   0.9549999968   0.0000000000   0.0000000000   0.0000000000
   0.9599999968   0.0000000000   0.0000000000   0.0000000000
   0.9649999968   0.0000000000   0.0000000000   0.0000000000
   0.9699999967   0.0000000000   0.0000000000   0.0000000000
   0.9749999967   0.0000000000   0.0000000000   0.0000000000
   0.9799999967   0.0000000000   0.0000000000   0.0000000000
   0.9849999967   0.0000000000   0.0000000000   0.0000000000
   0.9899999967   0.0000000000   0.0000000000   0.0000000000
   0.9949999967   0.0000000000   0.0000000000   0.0000000000
   0.9999999966   0.0000000000   0.0000000000   0.0000000000
   1.0049999966   0.0000000000   0.0000000000   0.0000000000
   1.0099999966   0.0000000000   0.0000000000   0.0000000000
   1.0149999966   0.0000000000   0.0000000000   0.0000000000
   1.0199999966   0.0000000000   0.0000000000   0.0000000000
   1.0249999966   0.0000000000   0.0000000000   0.0000000000
   1.0299999965   0.0000000000   0.0000000000   0.0000000000
   1.0349999965   0.0000000000   0.0000000000   0.0000000000
   1.0399999965   0.0000000000   0.0000000000   0.0000000000
   1.0449999965   0.0000000000   0.0000000000   0.0000000000
   1.0499999965   0.0000000000   0.0000000000   0.0000000000
   1.0549999965   0.0000000000   0.0000000000   0.0000000000
   1.0599999964   0.0000000000   0.0000000000   0.0000000000
   1.0649999964   0.0000000000   0.0000000000   0.0000000000
   1.0699999964   0.0000000000   0.0000000000   0.0000000000
   1.0749999964   0.0000000000   0.0000000000   0.0000000000
   1.0799999964   0.0000000000   0.0000000000   0.0000000000
   1.0849999964   0.0000000000   0.0000000000   0.0000000000
   1.0899999963   0.0000000000   0.0000000000   0.0000000000
   1.0949999963   0.0000000000   0.0000000000   0.0000000000
   1.0999999963   0.0000000000   0.0000000000   0.0000000000
   1.1049999963   0.0000000000   0.0000000000   0.0000000000
   1.1099999963   0.0000000000   0.0000000000   0.0000000000
   1.1149999963   0.0000000000   0.0000000000   0.0000000000
   1.1199999962   0.0000000000   0.0000000000   0.0000000000
   1.1249999962   0.0000000000   0.0000000000   0.0000000000
   1.1299999962   0.0000000000   0.0000000000   0.0000000000
   1.1349999962   0.0000000000   0.0000000000   0.0000000000
   1.1399999962  -0.0000000000  -0.0000000000  -0.0000000000
   1.1449999962  -0.0000000000  -0.0000000000  -0.0000000000
   1.1499999961  -0.0000000000  -0.0000000000  -0.0000000000
   1.1549999961  -0.0000000000  -0.0000000000  -0.0000000000
   1.1599999961  -0.0000000000  -0.0000000000  -0.0000000000
   1.1649999961  -0.0000000000  -0.0000000000  -0.0000000000
   1.1699999961  -0.0000000000  -0.0000000000  -0.0000000000
   1.1749999961  -0.0000000000  -0.0000000000  -0.0000000000
   1.1799999960  -0.0000000000  -0.0000000000  -0.0000000000
   1.1849999960  -0.0000000000  -0.0000000000  -0.0000000000
   1.1899999960  -0.0000000000  -0.0000000000  -0.0000000000
   1.1949999960  -0.0000000000  -0.0000000000  -0.0000000000
   1.1999999960  -0.0000000000  -0.0000000000  -0.0000000000
   1.2049999960  -0.0000000000  -0.0000000000  -0.0000000000
   1.2099999959  -0.0000000000  -0.0000000000  -0.0000000000
   1.2149999959   0.0000000000   0.0000000000   0.0000000000
   1.2199999959   0.0000000000   0.0000000000   0.0000000000
   1.2249999959   0.0000000000   0.0000000000   0.0000000000
   1.2299999959   0.0000000000   0.0000000000   0.0000000000
   1.2349999959   0.0000000000   0.0000000000   0.0000000000
   1.2399999958   0.0000000000   0.0000000000   0.0000000000
   1.2449999958   0.0000000000   0.0000000000   0.0000000000
   1.2499999958   0.0000000000   0.0000000000   0.0000000000
   1.2549999958   0.0000000000   0.0000000000   0.0000000000
   1.2599999958   0.0000000000   0.0000000000   0.0000000000
   1.2649999958   0.0000000000   0.0000000000   0.0000000000
   1.2699999957   0.0000000000   0.0000000000   0.0000000000
   1.2749999957  -0.0000000000   0.0000000000  -0.0000000000
   1.2799999957  -0.0000000000  -0.0000000000  -0.0000000000
   1.2849999957  -0.0000000000  -0.0000000000  -0.0000000000
   1.2899999957  -0.0000000000  -0.0000000000  -0.0000000000
   1.2949999957  -0.0000000000  -0.0000000000  -0.0000000000
   1.2999999956  -0.0000000000  -0.0000000000  -0.0000000000
   1.3049999956  -0.0000000000  -0.0000000000  -0.0000000000
   1.3099999956  -0.0000000000  -0.0000000000  -0.0000000000
   1.3149999956  -0.0000000000  -0.0000000000  -0.0000000000
   1.3199999956  -0.0000000000  -0.0000000000  -0.0000000000
   1.3249999956  -0.0000000000  -0.0000000000  -0.0000000000
   1.3299999955  -0.0000000000  -0.0000000000  -0.0000000000
   1.3349999955   0.0000000000   0.0000000000   0.0000000000
   1.3399999955   0.0000000000   0.0000000000   0.0000000000
   1.3449999955   0.0000000000   0.0000000000   0.0000000000
   1.3499999955   0.0000000000   0.0000000000   0.0000000000
   1.3549999954   0.0000000000   0.0000000000   0.0000000000
   1.3599999954   0.0000000000   0.0000000000   0.0000000000
   1.3649999954   0.0000000000   0.0000000000   0.0000000000
   1.3699999954   0.0000000000   0.0000000000   0.0000000000
   1.3749999954   0.0000000000   0.0000000000   0.0000000000
   1.3799999954   0.0000000000   0.0000000000   0.0000000000
   1.3849999953  -0.0000000000   0.0000000000  -0.0000000000
   1.3899999953  -0.0000000000  -0.0000000000  -0.0000000000
   1.3949999953  -0.0000000000  -0.0000000000  -0.0000000000
   1.3999999953  -0.0000000000  -0.0000000000  -0.0000000000
   1.4049999953  -0.0000000000  -0.0000000000  -0.0000000000
   1.4099999953  -0.0000000000  -0.0000000000  -0.0000000000
   1.4149999952  -0.0000000000  -0.0000000000  -0.0000000000
   1.4199999952  -0.0000000000  -0.0000000000  -0.0000000000
   1.4249999952  -0.0000000000  -0.0000000000  -0.0000000000
   1.4299999952  -0.0000000000  -0.0000000000  -0.0000000000
   1.4349999952   0.0000000000  -0.0000000000   0.0000000000
   1.4399999952   0.0000000000   0.0000000000   0.0000000000
   1.4449999951   0.0000000000   0.0000000000   0.0000000000
   1.4499999951   0.0000000000   0.0000000000   0.0000000000
   1.4549999951   0.0000000000   0.0000000000   0.0000000000
   1.4599999951   0.0000000000   0.0000000000   0.0000000000
   1.4649999951   0.0000000000   0.0000000000   0.0000000000
   1.4699999951   0.0000000000   0.0000000000   0.0000000000
   1.4749999950   0.0000000000   0.0000000000   0.0000000000
   1.4799999950   0.0000000000   0.0000000000   0.0000000000
   1.4849999950  -0.0000000000  -0.0000000000  -0.0000000000
   1.4899999950  -0.0000000000  -0.0000000000  -0.0000000000
   1.4949999950  -0.0000000000  -0.0000000000  -0.0000000000
   1.4999999950  -0.0000000000  -0.0000000000  -0.0000000000
   1.5049999949  -0.0000000000  -0.0000000000  -0.0000000000
   1.5099999949  -0.0000000000  -0.0000000000  -0.0000000000
   1.5149999949  -0.0000000000  -0.0000000000  -0.0000000000
   1.5199999949  -0.0000000000  -0.0000000000  -0.0000000000
   1.5249999949   0.0000000000  -0.0000000000   0.0000000000
   1.5299999949   0.0000000000   0.0000000000   0.0000000000
   1.5349999948   0.0000000000   0.0000000000   0.0000000000
   1.5399999948   0.0000000000   0.0000000000   0.0000000000
   1.5449999948   0.0000000000   0.0000000000   0.0000000000
   1.5499999948   0.0000000000   0.0000000000   0.0000000000
   1.5549999948   0.0000000000   0.0000000000   0.0000000000
   1.5599999948   0.0000000000   0.0000000000   0.0000000000
   1.5649999947   0.0000000000   0.0000000000   0.0000000000
   1.5699999947  -0.0000000000  -0.0000000000  -0.0000000000
   1.5749999947  -0.0000000000  -0.0000000000  -0.0000000000
   1.5799999947  -0.0000000000  -0.0000000000  -0.0000000000
   1.5849999947  -0.0000000000  -0.0000000000  -0.0000000000
   1.5899999947  -0.0000000000  -0.0000000000  -0.0000000000
   1.5949999946  -0.0000000000  -0.0000000000  -0.0000000000
   1.5999999946  -0.0000000000  -0.0000000000  -0.0000000000
   1.6049999946   0.0000000000  -0.0000000000   0.0000000000
   1.6099999946   0.0000000000   0.0000000000   0.0000000000
   1.6149999946   0.0000000000   0.0000000000   0.0000000000
   1.6199999946   0.0000000001   0.0000000000   0.0000000001
   1.6249999945   0.0000000001   0.0000000000   0.0000000001
   1.6299999945   0.0000000001   0.0000000000   0.0000000001
   1.6349999945   0.0000000000   0.0000000000   0.0000000000
   1.6399999945   0.0000000000   0.0000000000   0.0000000000
   1.6449999945  -0.0000000000   0.0000000000  -0.0000000000
   1.6499999945  -0.0000000000  -0.0000000000  -0.0000000000
   1.6549999944  -0.0000000001  -0.0000000000  -0.0000000001
   1.6599999944  -0.0000000001  -0.0000000000  -0.0000000001
   1.6649999944  -0.0000000001  -0.0000000000  -0.0000000001
   1.6699999944  -0.0000000001  -0.0000000001  -0.0000000001
   1.6749999944  -0.0000000001  -0.0000000000  -0.0000000001
   1.6799999944  -0.0000000000  -0.0000000000  -0.0000000000
   1.6849999943   0.0000000000  -0.0000000000   0.0000000000
   1.6899999943   0.0000000001   0.0000000000   0.0000000001
   1.6949999943   0.0000000001   0.0000000000   0.0000000001
   1.6999999943   0.0000000001   0.0000000001   0.0000000001
   1.7049999943   0.0000000001   0.0000000001   0.0000000001
   1.7099999943   0.0000000001   0.0000000001   0.0000000001
   1.7149999942   0.0000000000   0.0000000000   0.0000000000
   1.7199999942  -0.0000000000   0.0000000000  -0.0000000000
   1.7249999942  -0.0000000001  -0.0000000000  -0.0000000001
   1.7299999942  -0.0000000001  -0.0000000001  -0.0000000001
   1.7349999942  -0.0000000002  -0.0000000001  -0.0000000002
   1.7399999942  -0.0000000002  -0.0000000001  -0.0000000002
   1.7449999941  -0.0000000001  -0.0000000001  -0.0000000001
   1.7499999941  -0.0000000001  -0.0000000001  -0.0000000001
   1.7549999941   0.0000000000  -0.0000000000   0.0000000000
   1.7599999941   0.0000000001   0.0000000000   0.0000000001
   1.7649999941   0.0000000002   0.0000000001   0.0000000002
   1.7699999941   0.0000000002   0.0000000001   0.0000000002
   1.7749999940   0.0000000002   0.0000000001   0.0000000002
   1.7799999940   0.0000000002   0.0000000001   0.0000000002
   1.7849999940   0.0000000001   0.0000000001   0.0000000001
   1.7899999940  -0.0000000000   0.0000000001  -0.0000000000
   1.7949999940  -0.0000000001  -0.0000000000  -0.0000000001
   1.7999999940  -0.0000000002  -0.0000000001  -0.0000000002
   1.8049999939  -0.0000000003  -0.0000000001  -0.0000000003
   1.8099999939  -0.0000000003  -0.0000000001  -0.0000000003
   1.8149999939  -0.0000000002  -0.0000000001  -0.0000000002
   1.8199999939  -0.0000000001  -0.0000000001  -0.0000000001
   1.8249999939   0.0000000000  -0.0000000001   0.0000000000
   1.8299999939   0.0000000001   0.0000000000   0.0000000001
   1.8349999938   0.0000000003   0.0000000001   0.0000000003
   1.8399999938   0.0000000003   0.0000000001   0.0000000003
   1.8449999938   0.0000000003   0.0000000002   0.0000000003
   1.8499999938   0.0000000002   0.0000000002   0.0000000002
   1.8549999938   0.0000000001   0.0000000001   0.0000000001
   1.8599999938  -0.0000000001   0.0000000001  -0.0000000001
   1.8649999937  -0.0000000002  -0.0000000000  -0.0000000002
   1.8699999937  -0.0000000003  -0.0000000001  -0.0000000003
   1.8749999937  -0.0000000004  -0.0000000002  -0.0000000004
   1.8799999937  -0.0000000003  -0.0000000002  -0.0000000003
   1.8849999937  -0.0000000002  -0.0000000002  -0.0000000002
   1.8899999937  -0.0000000000  -0.0000000001  -0.0000000000
   1.8949999936   0.0000000001  -0.0000000000   0.0000000001
   1.8999999936   0.0000000003   0.0000000001   0.0000000003
   1.9049999936   0.0000000004   0.0000000001   0.0000000004
   1.9099999936   0.0000000004   0.0000000002   0.0000000004
   1.9149999936   0.0000000003   0.0000000002   0.0000000003
   1.9199999936   0.0000000001   0.0000000001   0.0000000001
   1.9249999935  -0.0000000001   0.0000000001  -0.0000000001
   1.9299999935  -0.0000000003  -0.0000000000  -0.0000000003
   1.9349999935  -0.0000000004  -0.0000000001  -0.0000000004
   1.9399999935  -0.0000000004  -0.0000000002  -0.0000000004
   1.9449999935  -0.0000000003  -0.0000000002  -0.0000000003
   1.9499999935  -0.0000000002  -0.0000000002  -0.0000000002
   1.9549999934   0.0000000000  -0.0000000001   0.0000000000
   1.9599999934   0.0000000002   0.0000000000   0.0000000002
   1.9649999934   0.0000000004   0.0000000001   0.0000000004
   1.9699999934   0.0000000004   0.0000000002   0.0000000004
   1.9749999934   0.0000000004   0.0000000002   0.0000000004
   1.9799999934   0.0000000002   0.0000000002   0.0000000002
   1.9849999933   0.0000000000   0.0000000001   0.0000000000
   1.9899999933  -0.0000000002  -0.0000000000  -0.0000000002
   1.9949999933  -0.0000000004  -0.0000000001  -0.0000000004
   1.9999999933  -0.0000000005  -0.0000000002  -0.0000000005
   2.0049999933  -0.0000000004  -0.0000000002  -0.0000000004
   2.0099999933  -0.0000000003  -0.0000000002  -0.0000000003
   2.0149999932  -0.0000000000  -0.0000000001  -0.0000000000
   2.0199999932   0.0000000003   0.0000000000   0.0000000003
   2.0249999932   0.0000000005   0.0000000001   0.0000000005
   2.0299999932   0.0000000006   0.0000000002   0.0000000006
   2.0349999932   0.0000000005   0.0000000003   0.0000000005
   2.0399999931   0.0000000003   0.0000000002   0.0000000003
   2.0449999931   0.0000000000   0.0000000001   0.0000000000
   2.0499999931  -0.0000000003  -0.0000000000  -0.0000000003
   2.0549999931  -0.0000000006  -0.0000000002  -0.0000000005
   2.0599999931  -0.0000000007  -0.0000000003  -0.0000000007
   2.0649999931  -0.0000000006  -0.0000000003  -0.0000000006
   2.0699999930  -0.0000000004  -0.0000000003  -0.0000000004
   2.0749999930  -0.0000000000  -0.0000000002  -0.0000000000
   2.0799999930   0.0000000004   0.0000000000   0.0000000004
   2.0849999930   0.0000000007   0.0000000002   0.0000000007
   2.0899999930   0.0000000008   0.0000000004   0.0000000008
   2.0949999930   0.0000000007   0.0000000004   0.0000000007
   2.0999999929   0.0000000004   0.0000000004   0.0000000004
   2.1049999929  -0.0000000000   0.0000000003  -0.0000000000
   2.1099999929  -0.0000000005   0.0000000001  -0.0000000005
   2.1149999929  -0.0000000008  -0.0000000002  -0.0000000008
   2.1199999929  -0.0000000010  -0.0000000003  -0.0000000010
   2.1249999929  -0.0000000009  -0.0000000004  -0.0000000009
   2.1299999928  -0.0000000005  -0.0000000004  -0.0000000005
   2.1349999928   0.0000000000  -0.0000000003   0.0000000000
   2.1399999928   0.0000000006  -0.0000000001   0.0000000006
   2.1449999928   0.0000000011   0.0000000000   0.0000000011
   2.1499999928   0.0000000013   0.0000000002   0.0000000013
   2.1549999928   0.0000000012   0.0000000002   0.0000000012
   2.1599999927   0.0000000008   0.0000000001   0.0000000008
   2.1649999927   0.0000000002  -0.0000000001   0.0000000002
   2.1699999927  -0.0000000004  -0.0000000003  -0.0000000004
   2.1749999927  -0.0000000010  -0.0000000005  -0.0000000009
   2.1799999927  -0.0000000012  -0.0000000005  -0.0000000012
   2.1849999927  -0.0000000012  -0.0000000004  -0.0000000012
   2.1899999926  -0.0000000009  -0.0000000001  -0.0000000009
   2.1949999926  -0.0000000003   0.0000000003  -0.0000000003
   2.1999999926   0.0000000003   0.0000000008   0.0000000003
   2.2049999926   0.0000000007   0.0000000013   0.0000000007
   2.2099999926   0.0000000008   0.0000000016   0.0000000008
   2.2149999926   0.0000000006   0.0000000017   0.0000000006
   2.2199999925   0.0000000001   0.0000000014   0.0000000001
   2.2249999925  -0.0000000006   0.0000000009  -0.0000000006
   2.2299999925  -0.0000000012   0.0000000003  -0.0000000012
   2.2349999925  -0.0000000016  -0.0000000005  -0.0000000016
   2.2399999925  -0.0000000016  -0.0000000012  -0.0000000016
   2.2449999925  -0.0000000011  -0.0000000017  -0.0000000011
   2.2499999924  -0.0000000002  -0.0000000020  -0.0000000002
   2.2549999924   0.0000000008  -0.0000000020   0.0000000008
   2.2599999924   0.0000000018  -0.0000000018   0.0000000018
   2.2649999924   0.0000000025  -0.0000000014   0.0000000025
   2.2699999924   0.0000000026  -0.0000000010   0.0000000026
   2.2749999924   0.0000000021  -0.0000000007   0.0000000021
   2.2799999923   0.0000000010  -0.0000000005   0.0000000010
   2.2849999923  -0.0000000003  -0.0000000003  -0.0000000003
   2.2899999923  -0.0000000017  -0.0000000003  -0.0000000017
   2.2949999923  -0.0000000028  -0.0000000002  -0.0000000028
   2.2999999923  -0.0000000034  -0.0000000001  -0.0000000034
   2.3049999923  -0.0000000034   0.0000000002  -0.0000000034
   2.3099999922  -0.0000000030   0.0000000005  -0.0000000030
   2.3149999922  -0.0000000023   0.0000000007  -0.0000000023
   2.3199999922  -0.0000000017   0.0000000009  -0.0000000017
   2.3249999922  -0.0000000015   0.0000000008  -0.0000000015
   2.3299999922  -0.0000000018   0.0000000003  -0.0000000019
   2.3349999922  -0.0000000028  -0.0000000005  -0.0000000029
   2.3399999921  -0.0000000044  -0.0000000016  -0.0000000044
   2.3449999921  -0.0000000062  -0.0000000028  -0.0000000063
   2.3499999921  -0.0000000080  -0.0000000041  -0.0000000081
   2.3549999921  -0.0000000095  -0.0000000052  -0.0000000096
   2.3599999921  -0.0000000106  -0.0000000060  -0.0000000107
   2.3649999921  -0.0000000112  -0.0000000065  -0.0000000114
   2.3699999920  -0.0000000116  -0.0000000066  -0.0000000118
   2.3749999920  -0.0000000119  -0.0000000066  -0.0000000121
   2.3799999920  -0.0000000125  -0.0000000065  -0.0000000127
   2.3849999920  -0.0000000136  -0.0000000066  -0.0000000138
   2.3899999920  -0.0000000152  -0.0000000070  -0.0000000155
   2.3949999920  -0.0000000172  -0.0000000078  -0.0000000176
   2.3999999919  -0.0000000194  -0.0000000089  -0.0000000198
   2.4049999919  -0.0000000214  -0.0000000101  -0.0000000218
   2.4099999919  -0.0000000227  -0.0000000112  -0.0000000231
   2.4149999919  -0.0000000232  -0.0000000121  -0.0000000236
   2.4199999919  -0.0000000228  -0.0000000125  -0.0000000232
   2.4249999919  -0.0000000215  -0.0000000122  -0.0000000219
   2.4299999918  -0.0000000197  -0.0000000114  -0.0000000201
   2.4349999918  -0.0000000177  -0.0000000101  -0.0000000180
   2.4399999918  -0.0000000159  -0.0000000084  -0.0000000161
   2.4449999918  -0.0000000144  -0.0000000066  -0.0000000144
   2.4499999918  -0.0000000132  -0.0000000048  -0.0000000130
   2.4549999918  -0.0000000120  -0.0000000030  -0.0000000116
   2.4599999917  -0.0000000106  -0.0000000013  -0.0000000098
   2.4649999917  -0.0000000085   0.0000000004  -0.0000000074
   2.4699999917  -0.0000000055   0.0000000021  -0.0000000042
   2.4749999917  -0.0000000015   0.0000000040   0.0000000001
   2.4799999917   0.0000000034   0.0000000059   0.0000000050
   2.4849999917   0.0000000086   0.0000000078   0.0000000102
   2.4899999916   0.0000000138   0.0000000095   0.0000000151
   2.4949999916   0.0000000182   0.0000000109   0.0000000193
   2.4999999916   0.0000000213   0.0000000117   0.0000000226
   2.5049999916   0.0000000227   0.0000000118   0.0000000252
   2.5099999916   0.0000000218   0.0000000111   0.0000000276
   2.5149999916   0.0000000181   0.0000000094   0.0000000313
   2.5199999915   0.0000000107   0.0000000066   0.0000000382
   2.5249999915  -0.0000000022   0.0000000021   0.0000000509
   2.5299999915  -0.0000000232  -0.0000000044   0.0000000728
   2.5349999915  -0.0000000560  -0.0000000139   0.0000001083
   2.5399999915  -0.0000001060  -0.0000000273   0.0000001632
   2.5449999915  -0.0000001803  -0.0000000463   0.0000002444
   2.5499999914  -0.0000002876  -0.0000000723   0.0000003610
   2.5549999914  -0.0000004383  -0.0000001071   0.0000005241
   2.5599999914  -0.0000006448  -0.0000001526   0.0000007467
   2.5649999914  -0.0000009208  -0.0000002103   0.0000010442
   2.5699999914  -0.0000012819  -0.0000002815   0.0000014336
   2.5749999914  -0.0000017443  -0.0000003674   0.0000019330
   2.5799999913  -0.0000023251  -0.0000004680   0.0000025607
   2.5849999913  -0.0000030411  -0.0000005831   0.0000033339
   2.5899999913  -0.0000039079  -0.0000007110   0.0000042672
   2.5949999913  -0.0000049384  -0.0000008491   0.0000053713
   2.5999999913  -0.0000061413  -0.0000009930   0.0000066509
   2.6049999913  -0.0000075191  -0.0000011367   0.0000081032
   2.6099999912  -0.0000090665  -0.0000012723   0.0000097165
   2.6149999912  -0.0000107683  -0.0000013903   0.0000114687
   2.6199999912  -0.0000125980  -0.0000014800   0.0000133267
   2.6249999912  -0.0000145165  -0.0000015298   0.0000152464
   2.6299999912  -0.0000164712  -0.0000015286   0.0000171732
   2.6349999912  -0.0000183962  -0.0000014667   0.0000190439
   2.6399999911  -0.0000202133  -0.0000013375   0.0000207894
   2.6449999911  -0.0000218342  -0.0000011386   0.0000223377
   2.6499999911  -0.0000231642  -0.0000008729   0.0000236177
   2.6549999911  -0.0000241073  -0.0000005491   0.0000245628
   2.6599999911  -0.0000245742  -0.0000001816   0.0000251130
   2.6649999911  -0.0000244902   0.0000002113   0.0000252168
   2.6699999910  -0.0000238065   0.0000006099   0.0000248306
   2.6749999910  -0.0000225107   0.0000009963   0.0000239165
   2.6799999910  -0.0000206364   0.0000013595   0.0000224395
   2.6849999910  -0.0000182706   0.0000016991   0.0000203638
   2.6899999910  -0.0000155553   0.0000020295   0.0000176523
   2.6949999909  -0.0000126817   0.0000023809   0.0000142684
   2.6999999909  -0.0000098736   0.0000027970   0.0000101860
   2.7049999909  -0.0000073599   0.0000033283   0.0000054063
   2.7099999909  -0.0000053342   0.0000040187  -0.0000000143
   2.7149999909  -0.0000039047   0.0000048868  -0.0000059298
   2.7199999909  -0.0000030384   0.0000059020  -0.0000120633
   2.7249999908  -0.0000025075   0.0000069589  -0.0000179684
   2.7299999908  -0.0000018494   0.0000078530  -0.0000230008
   2.7349999908  -0.0000003527   0.0000082659  -0.0000263137
   2.7399999908   0.0000029140   0.0000077660  -0.0000268913
   2.7449999908   0.0000090168   0.0000058335  -0.0000236343
   2.7499999908   0.0000190030   0.0000019181  -0.0000155100
   2.7549999907   0.0000336729  -0.0000044661  -0.0000017725
   2.7599999907   0.0000532803  -0.0000136055   0.0000177474
   2.7649999907   0.0000771772  -0.0000254152   0.0000422979
   2.7699999907   0.0001034295  -0.0000392415   0.0000698333
   2.7749999907   0.0001284471  -0.0000536559   0.0000966530
   2.7799999907   0.0001466809  -0.0000662664   0.0001171052
   2.7849999906   0.0001504475  -0.0000735771   0.0001234147
   2.7899999906   0.0001299440  -0.0000709300   0.0001056971
   2.7949999906   0.0000735052  -0.0000525637   0.0000522133
   2.7999999906  -0.0000318600  -0.0000118154  -0.0000500989
   2.8049999906  -0.0001996421   0.0000585170  -0.0002148047
   2.8099999906  -0.0004427424   0.0001656532  -0.0004548869
   2.8149999905  -0.0007721826   0.0003161699  -0.0007814587
   2.8199999905  -0.0011957168   0.0005152435  -0.0012023732
   2.8249999905  -0.0017164787   0.0007658614  -0.0017208663
   2.8299999905  -0.0023318186   0.0010680818  -0.0023343848
   2.8349999905  -0.0030324886   0.0014184334  -0.0030337605
   2.8399999905  -0.0038023145   0.0018095445  -0.0038028710
   2.8449999904  -0.0046184585   0.0022300780  -0.0046188912
   2.8499999904  -0.0054523153   0.0026650248  -0.0054531831
   2.8549999904  -0.0062710159   0.0030963720  -0.0062727971
   2.8599999904  -0.0070394372   0.0035041201  -0.0070424862
   2.8649999904  -0.0077225445   0.0038675781  -0.0077270581
   2.8699999904  -0.0082878406   0.0041668273  -0.0082938404
   2.8749999903  -0.0087076675   0.0043842122  -0.0087150017
   2.8799999903  -0.0089611120   0.0045057055  -0.0089694770
   2.8849999903  -0.0090353051   0.0045219969  -0.0090442859
   2.8899999903  -0.0089259784   0.0044291847  -0.0089351020
   2.8949999903  -0.0086372331   0.0042289896  -0.0086460291
   2.8999999903  -0.0081805831   0.0039284701  -0.0081886422
   2.9049999902  -0.0075734316   0.0035392803  -0.0075804536
   2.9099999902  -0.0068372146   0.0030765694  -0.0068430398
   2.9149999902  -0.0059954883   0.0025576675  -0.0060001069
   2.9199999902  -0.0050722303   0.0020007286  -0.0050757688
   2.9249999902  -0.0040905788   0.0014234997  -0.0040932653
   2.9299999902  -0.0030721424   0.0008423570  -0.0030742573
   2.9349999901  -0.0020369072   0.0002717035  -0.0020387270
   2.9399999901  -0.0010036455  -0.0002762444  -0.0010053883
   2.9449999901   0.0000093680  -0.0007913201   0.0000075847
   2.9499999901   0.0009835901  -0.0012650216   0.0009817733
   2.9549999901   0.0018996707  -0.0016900167   0.0018979532
   2.9599999901   0.0027373750  -0.0020596968   0.0027359941
   2.9649999900   0.0034761171  -0.0023679183   0.0034753736
   2.9699999900   0.0040961231  -0.0026090289   0.0040963286
   2.9749999900   0.0045801125  -0.0027782089   0.0045815337
   2.9799999900   0.0049152558  -0.0028720893   0.0049180654
   2.9849999900   0.0050950833  -0.0028895333   0.0050993261
   2.9899999900   0.0051209892  -0.0028324243   0.0051265701
   2.9949999899   0.0050030096  -0.0027062785   0.0050097045
   2.9999999899   0.0047596537  -0.0025205163   0.0047671428
   3.0049999899   0.0044167095  -0.0022882723   0.0044246266
   3.0099999899   0.0040051145  -0.0020256983   0.0040131044
   3.0149999899   0.0035581392  -0.0017507977   0.0035659138
   3.0199999899   0.0031082529  -0.0014819174   0.0031156360
   3.0249999898   0.0026841013  -0.0012360840   0.0026910553
   3.0299999898   0.0023080129  -0.0010274133   0.0023146437
   3.0349999898   0.0019943695  -0.0008658125   0.0020009082
   3.0399999898   0.0017490347  -0.0007561614   0.0017558004
   3.0449999898   0.0015698671  -0.0006980826   0.0015772169
   3.0499999898   0.0014481750  -0.0006863253   0.0014564494
   3.0549999897   0.0013708335  -0.0007116947   0.0013803056
   3.0599999897   0.0013226984  -0.0007623803   0.0013335344
   3.0649999897   0.0012889416  -0.0008254866   0.0013011778
   3.0699999897   0.0012569759  -0.0008885528   0.0012705139
   3.0749999897   0.0012177445  -0.0009408648   0.0012323635
   3.0799999897   0.0011662778  -0.0009744127   0.0011816613
   3.0849999896   0.0011015540  -0.0009844117   0.0011173242
   3.0899999896   0.0010258070  -0.0009693775   0.0010415617
   3.0949999896   0.0009434933  -0.0009308099   0.0009588397
   3.0999999896   0.0008601446  -0.0008725853   0.0008747260
   3.1049999896   0.0007813064  -0.0008001810   0.0007948197
   3.1099999896   0.0007117024  -0.0007198530   0.0007239053
   3.1149999895   0.0006546888  -0.0006378702   0.0006653990
   3.1199999895   0.0006119979  -0.0005598761   0.0006210865
   3.1249999895   0.0005837211  -0.0004904167   0.0005911021
   3.1299999895   0.0005684607  -0.0004326462   0.0005740808
   3.1349999895   0.0005635881  -0.0003882014   0.0005674166
   3.1399999895   0.0005655628  -0.0003572270   0.0005675852
   3.1449999894   0.0005702964  -0.0003385307   0.0005705096
   3.1499999894   0.0005735555  -0.0003298480   0.0005719664
   3.1549999894   0.0005714002  -0.0003281920   0.0005680265
   3.1599999894   0.0005606341  -0.0003302606   0.0005555075
   3.1649999894   0.0005392146  -0.0003328587   0.0005323856
   3.1699999894   0.0005065455  -0.0003332882   0.0004980904
   3.1749999893   0.0004635671  -0.0003296462   0.0004535958
   3.1799999893   0.0004125735  -0.0003209808   0.0004012379
   3.1849999893   0.0003567347  -0.0003072681   0.0003442360
   3.1899999893   0.0002993671  -0.0002892026   0.0002859596
   3.1949999893   0.0002430679  -0.0002678348   0.0002290579
   3.1999999893   0.0001888893  -0.0002441222   0.0001746260
   3.2049999892   0.0001357465  -0.0002184905   0.0001216052
   3.2099999892   0.0000802362  -0.0001905104   0.0000665931
   3.2149999892   0.0000169614  -0.0001587772   0.0000041625
   3.2199999892  -0.0000606419  -0.0001210454  -0.0000723136
   3.2249999892  -0.0001591070  -0.0000746097  -0.0001694618
   3.2299999892  -0.0002835986  -0.0000168691  -0.0002925618
   3.2349999891  -0.0004367204   0.0000540421  -0.0004443417
   3.2399999891  -0.0006177462   0.0001386990  -0.0006241922
   3.2449999891  -0.0008224690   0.0002360381  -0.0008280008
   3.2499999891  -0.0010437333   0.0003433131  -0.0010486698
   3.2549999891  -0.0012725507   0.0004563804  -0.0012772236
   3.2599999891  -0.0014995596   0.0005702653  -0.0015042675
   3.2649999890  -0.0017164936   0.0006798907  -0.0017214620
   3.2699999890  -0.0019173136   0.0007808041  -0.0019226673
   3.2749999890  -0.0020987292   0.0008697393  -0.0021044825
   3.2799999890  -0.0022599868   0.0009448791  -0.0022660518
   3.2849999890  -0.0024019837   0.0010057642  -0.0024081942
   3.2899999890  -0.0025259464   0.0010528763  -0.0025320937
   3.2949999889  -0.0026320337   0.0010870100  -0.0026379059
   3.2999999889  -0.0027182565   0.0011086065  -0.0027236750
   3.3049999889  -0.0027800388   0.0011172347  -0.0027848853
   3.3099999889  -0.0028105840   0.0011113714  -0.0028148142
   3.3149999889  -0.0028020055   0.0010885591  -0.0028056481
   3.3199999889  -0.0027469725   0.0010459208  -0.0027501164
   3.3249999888  -0.0026404758   0.0009809133  -0.0026432480
   3.3299999888  -0.0024812670   0.0008921336  -0.0024838081
   3.3349999888  -0.0022725910   0.0007799700  -0.0022750327
   3.3399999888  -0.0020220006   0.0006469198  -0.0020244483
   3.3449999888  -0.0017402665   0.0004974759  -0.0017427899
   3.3499999888  -0.0014396309   0.0003375897  -0.0014422619
   3.3549999887  -0.0011318218   0.0001738265  -0.0011345578
   3.3599999887  -0.0008263119   0.0000124081  -0.0008291216
   3.3649999887  -0.0005292440  -0.0001416319  -0.0005320741
   3.3699999887  -0.0002432731  -0.0002849834  -0.0002460529
   3.3749999887   0.0000316673  -0.0004161674   0.0000290215
   3.3799999886   0.0002969145  -0.0005352112   0.0002944957
   3.3849999886   0.0005533639  -0.0006429970   0.0005512692
   3.3899999886   0.0007999923  -0.0007404765   0.0007983135
   3.3949999886   0.0010330491  -0.0008279768   0.0010318604
   3.3999999886   0.0012461681  -0.0009047943   0.0012455107
   3.4049999886   0.0014313965  -0.0009691937   0.0014312638
   3.4099999885   0.0015808823  -0.0010188122   0.0015812088
   3.4149999885   0.0016887682  -0.0010513560   0.0016894277
   3.4199999885   0.0017527743  -0.0010653901   0.0017535882
   3.4249999885   0.0017750202  -0.0010609923   0.0017757786
   3.4299999885   0.0017618375  -0.0010400749   0.0017623296
   3.4349999885   0.0017225898  -0.0010062658   0.0017226391
   3.4399999884   0.0016677880  -0.0009643595   0.0016672847
   3.4449999884   0.0016069788  -0.0009194675   0.0016059032
   3.4499999884   0.0015469522  -0.0008760806   0.0015453817
   3.4549999884   0.0014907266  -0.0008372840   0.0014888246
   3.4599999884   0.0014375618  -0.0008043257   0.0014355487
   3.4649999884   0.0013839708  -0.0007766443   0.0013820822
   3.4699999883   0.0013254259  -0.0007523409   0.0013238671
   3.4749999883   0.0012582705  -0.0007289569   0.0012571763
   3.4799999883   0.0011812912  -0.0007043395   0.0011806996
   3.4849999883   0.0010965057  -0.0006773560   0.0010963522
   3.4899999883   0.0010089449  -0.0006482609   0.0010090786
   3.4949999883   0.0009254926  -0.0006186218   0.0009257109
   3.4999999882   0.0008531155  -0.0005908318   0.0008532098
   3.5049999882   0.0007969886  -0.0005673570   0.0007967908
   3.5099999882   0.0007590553  -0.0005499393   0.0007584752
   3.5149999882   0.0007374384  -0.0005389893   0.0007364830
   3.5199999882   0.0007268808  -0.0005333486   0.0007256520
   3.5249999882   0.0007201029  -0.0005304956   0.0007187744
   3.5299999881   0.0007097061  -0.0005271458   0.0007084846
   3.5349999881   0.0006900937  -0.0005200805   0.0006891740
   3.5399999881   0.0006588792  -0.0005069767   0.0006584031
   3.5449999881   0.0006173927  -0.0004870071   0.0006174204
   3.5499999881   0.0005701527  -0.0004610441   0.0005706532
   3.5549999881   0.0005234625  -0.0004314117   0.0005243234
   3.5599999880   0.0004835342  -0.0004012562   0.0004845887
   3.5649999880   0.0004546782  -0.0003737114   0.0004557417
   3.5699999880   0.0004380682  -0.0003510898   0.0004389760
   3.5749999880   0.0004314290  -0.0003343234   0.0004320669
   3.5799999880   0.0004297247  -0.0003228013   0.0004300465
   3.5849999880   0.0004266420  -0.0003146419   0.0004266709
   3.5899999879   0.0004164351  -0.0003073120   0.0004162500
   3.5949999879   0.0003955995  -0.0002984101   0.0003953119
   3.5999999879   0.0003638949  -0.0002863868   0.0003636210
   3.6049999879   0.0003244275  -0.0002709979   0.0003242634
   3.6099999879   0.0002827725  -0.0002533651   0.0002827774
   3.6149999879   0.0002453949  -0.0002356329   0.0002455843
   3.6199999878   0.0002178232  -0.0002203264   0.0002181730
   3.6249999878   0.0002030987  -0.0002096001   0.0002035574
   3.6299999878   0.0002009402  -0.0002045945   0.0002014444
   3.6349999878   0.0002078529  -0.0002050849   0.0002083436
   3.6399999878   0.0002181406  -0.0002095210   0.0002185746
   3.6449999878   0.0002255222  -0.0002154411   0.0002258785
   3.6499999877   0.0002248845  -0.0002201397   0.0002251646
   3.6549999877   0.0002136736  -0.0002213956   0.0002138968
   3.6599999877   0.0001925349  -0.0002180542   0.0001927320
   3.6649999877   0.0001650375  -0.0002103017   0.0001652427
   3.6699999877   0.0001365768  -0.0001995604   0.0001368223
   3.6749999877   0.0001127881  -0.0001880430   0.0001130997
   3.6799999876   0.0000979319  -0.0001780988   0.0000983266
   3.6849999876   0.0000937117  -0.0001715435   0.0000941971
   3.6899999876   0.0000988511  -0.0001691608   0.0000994248
   3.6949999876   0.0001095307  -0.0001705138   0.0001101810
   3.6999999876   0.0001205389  -0.0001741102   0.0001212449
   3.7049999876   0.0001267867  -0.0001778647   0.0001275202
   3.7099999875   0.0001247453  -0.0001797177   0.0001254739
   3.7149999875   0.0001133966  -0.0001782297   0.0001140882
   3.7199999875   0.0000944384  -0.0001729815   0.0000950667
   3.7249999875   0.0000717085  -0.0001646716   0.0000722591
   3.7299999875   0.0000500160  -0.0001548920   0.0000504903
   3.7349999875   0.0000337337  -0.0001456542   0.0000341497
   3.7399999874   0.0000255617  -0.0001388088   0.0000259515
   3.7449999874   0.0000258123  -0.0001355267   0.0000262150
   3.7499999874   0.0000324029  -0.0001359877   0.0000328560
   3.7549999874   0.0000415371  -0.0001393576   0.0000420664
   3.7599999874   0.0000488531  -0.0001440538   0.0000494664
   3.7649999874   0.0000506965  -0.0001482112   0.0000513804
   3.7699999873   0.0000451468  -0.0001502140   0.0000458697
   3.7749999873   0.0000325135  -0.0001491375   0.0000332339
   3.7799999873   0.0000151788  -0.0001449815   0.0000158559
   3.7849999873  -0.0000031452  -0.0001386352  -0.0000025402
   3.7899999873  -0.0000185102  -0.0001315941  -0.0000179864
   3.7949999873  -0.0000278539  -0.0001255194  -0.0000273983
   3.7999999872  -0.0000298306  -0.0001217669  -0.0000294119
   3.8049999872  -0.0000251268  -0.0001210210  -0.0000247051
   3.8099999872  -0.0000161957  -0.0001231300  -0.0000157346
   3.8149999872  -0.0000065098  -0.0001271808  -0.0000059870
   3.8199999872   0.0000004385  -0.0001317806   0.0000010231
   3.8249999872   0.0000020938  -0.0001354593   0.0000027188
   3.8299999871  -0.0000025082  -0.0001370745  -0.0000018803
   3.8349999871  -0.0000125602  -0.0001361078  -0.0000119706
   3.8399999871  -0.0000257975  -0.0001327757  -0.0000252786
   3.8449999871  -0.0000391967  -0.0001279345  -0.0000387609
   3.8499999871  -0.0000498420  -0.0001228158  -0.0000494767
   3.8549999871  -0.0000557118  -0.0001186742  -0.0000553820
   3.8599999870  -0.0000561761  -0.0001164477  -0.0000558343
   3.8649999870  -0.0000520850  -0.0001165223  -0.0000516851
   3.8699999870  -0.0000454513  -0.0001186592  -0.0000449635
   3.8749999870  -0.0000388392  -0.0001220934  -0.0000382604
   3.8799999870  -0.0000346457  -0.0001257683  -0.0000340021
   3.8849999870  -0.0000344721  -0.0001286340  -0.0000338138
   3.8899999869  -0.0000387510  -0.0001299269  -0.0000381385
   3.8949999869  -0.0000467069  -0.0001293561  -0.0000461936
   3.8999999869  -0.0000566374  -0.0001271556  -0.0000562537
   3.9049999869  -0.0000664162  -0.0001239941  -0.0000661595
   3.9099999869  -0.0000740702  -0.0001207779  -0.0000739035
   3.9149999869  -0.0000782747  -0.0001184032  -0.0000781353
   3.9199999868  -0.0000786464  -0.0001175253  -0.0000784622
   3.9249999868  -0.0000757754  -0.0001184025  -0.0000754848
   3.9299999868  -0.0000710109  -0.0001208496  -0.0000705797
   3.9349999868  -0.0000660727  -0.0001243045  -0.0000655045
   3.9399999868  -0.0000626007  -0.0001279861  -0.0000619364
   3.9449999868  -0.0000617570  -0.0001310960  -0.0000610646
   3.9499999867  -0.0000639730  -0.0001330145  -0.0000633290
   3.9549999867  -0.0000688895  -0.0001334423  -0.0000683582
   3.9599999867  -0.0000754902  -0.0001324570  -0.0000751059
   3.9649999867  -0.0000823817  -0.0001304769  -0.0000821389
   3.9699999867  -0.0000881443  -0.0001281442  -0.0000879992
   3.9749999867  -0.0000916704  -0.0001261598  -0.0000915522
   3.9799999866  -0.0000924122  -0.0001251108  -0.0000922425
   3.9849999866  -0.0000904894  -0.0001253317  -0.0000902030
   3.9899999866  -0.0000866385  -0.0001268293  -0.0000862011
   3.9949999866  -0.0000820213  -0.0001292891  -0.0000814388
   3.9999999866  -0.0000779403  -0.0001321586  -0.0000772573
   4.0049999866  -0.0000755264  -0.0001347870  -0.0000748145
   4.0099999865  -0.0000754712  -0.0001365877  -0.0000748108
   4.0149999865  -0.0000778646  -0.0001371846  -0.0000773244
   4.0199999865  -0.0000821756  -0.0001365069  -0.0000817964
   4.0249999865  -0.0000873832  -0.0001348085  -0.0000871694
   4.0299999865  -0.0000922285  -0.0001326070  -0.0000921491
   4.0349999864  -0.0000955285  -0.0001305562  -0.0000955277
   4.0399999864  -0.0000964773  -0.0001292816  -0.0000964907
   4.0449999864  -0.0000948579  -0.0001292228  -0.0000948307
   4.0499999864  -0.0000911084  -0.0001305196  -0.0000910100
   4.0549999864  -0.0000862207  -0.0001329755  -0.0000860526
   4.0599999864  -0.0000814916  -0.0001361088  -0.0000812865
   4.0649999863  -0.0000781868  -0.0001392790  -0.0000780004
   4.0699999863  -0.0000772037  -0.0001418585  -0.0000771013
   4.0749999863  -0.0000788234  -0.0001434035  -0.0000788642
   4.0799999863  -0.0000826208  -0.0001437780  -0.0000828458
   4.0849999863  -0.0000875639  -0.0001431962  -0.0000879882
   4.0899999863  -0.0000922805  -0.0001421698  -0.0000928921
   4.0949999862  -0.0000954238  -0.0001413725  -0.0000961888
   4.0999999862  -0.0000960400  -0.0001414570  -0.0000969119
   4.1049999862  -0.0000938357  -0.0001428734  -0.0000947669
   4.1099999862  -0.0000892698  -0.0001457406  -0.0000902210
   4.1149999862  -0.0000834388  -0.0001498059  -0.0000843864
   4.1199999862  -0.0000777853  -0.0001545060  -0.0000787240
   4.1249999861  -0.0000737064  -0.0001591143  -0.0000746479
   4.1299999861  -0.0000721707  -0.0001629346  -0.0000731386
   4.1349999861  -0.0000734498  -0.0001654881  -0.0000744726
   4.1399999861  -0.0000770409  -0.0001666432  -0.0000781448
   4.1449999861  -0.0000818033  -0.0001666509  -0.0000830050
   4.1499999861  -0.0000862707  -0.0001660765  -0.0000875732
   4.1549999860  -0.0000890539  -0.0001656462  -0.0000904438
   4.1599999860  -0.0000892198  -0.0001660503  -0.0000906682
   4.1649999860  -0.0000865433  -0.0001677574  -0.0000880087
   4.1699999860  -0.0000815606  -0.0001708898  -0.0000829952
   4.1749999860  -0.0000754138  -0.0001751930  -0.0000767702
   4.1799999860  -0.0000695303  -0.0001801077  -0.0000707694
   4.1849999859  -0.0000652301  -0.0001849223  -0.0000663277
   4.1899999859  -0.0000633700  -0.0001889635  -0.0000643210
   4.1949999859  -0.0000641235  -0.0001917735  -0.0000649424
   4.1999999859  -0.0000669530  -0.0001932260  -0.0000676706
   4.2049999859  -0.0000707777  -0.0001935506  -0.0000714336
   4.2099999859  -0.0000742853  -0.0001932619  -0.0000749180
   4.2149999858  -0.0000762967  -0.0001930139  -0.0000769335
   4.2199999858  -0.0000760827  -0.0001934222  -0.0000767321
   4.2249999858  -0.0000735472  -0.0001949010  -0.0000741948
   4.2299999858  -0.0000692308  -0.0001975597  -0.0000698419
   4.2349999858  -0.0000641424  -0.0002011844  -0.0000646692
   4.2399999858  -0.0000594698  -0.0002053071  -0.0000598632
   4.2449999857  -0.0000562536  -0.0002093408  -0.0000564758
   4.2499999857  -0.0000551146  -0.0002127428  -0.0000551499
   4.2549999857  -0.0000561048  -0.0002151601  -0.0000559647
   4.2599999857  -0.0000587171  -0.0002165202  -0.0000584385
   4.2649999857  -0.0000620435  -0.0002170436  -0.0000616805
   4.2699999857  -0.0000650317  -0.0002171770  -0.0000646421
   4.2749999856  -0.0000667696  -0.0002174694  -0.0000663999
   4.2799999856  -0.0000667185  -0.0002184242  -0.0000663914
   4.2849999856  -0.0000648391  -0.0002203692  -0.0000645468
   4.2899999856  -0.0000615819  -0.0002233760  -0.0000612872
   4.2949999856  -0.0000577513  -0.0002272503  -0.0000573966
   4.2999999856  -0.0000542858  -0.0002315910  -0.0000538074
   4.3049999855  -0.0000520137  -0.0002359001  -0.0000513573
   4.3099999855  -0.0000514475  -0.0002397139  -0.0000505823
   4.3149999855  -0.0000526674  -0.0002427192  -0.0000515928
   4.3199999855  -0.0000553174  -0.0002448263  -0.0000540622
   4.3249999855  -0.0000587094  -0.0002461827  -0.0000573231
   4.3299999855  -0.0000620054  -0.0002471258  -0.0000605439
   4.3349999854  -0.0000644285  -0.0002480908  -0.0000629380
   4.3399999854  -0.0000654506  -0.0002494967  -0.0000639546
   4.3449999854  -0.0000649132  -0.0002516423  -0.0000634053
   4.3499999854  -0.0000630546  -0.0002546343  -0.0000614993
   4.3549999854  -0.0000604395  -0.0002583668  -0.0000587811
   4.3599999854  -0.0000578136  -0.0002625519  -0.0000559896
   4.3649999853  -0.0000559171  -0.0002667957  -0.0000538734
   4.3699999853  -0.0000553048  -0.0002706971  -0.0000530084
   4.3749999853  -0.0000562139  -0.0002739466  -0.0000536597
   4.3799999853  -0.0000585118  -0.0002764018  -0.0000557214
   4.3849999853  -0.0000617334  -0.0002781198  -0.0000587479
   4.3899999853  -0.0000652001  -0.0002793422  -0.0000620675
   4.3949999852  -0.0000681903  -0.0002804342  -0.0000649519
   4.3999999852  -0.0000701197  -0.0002817939  -0.0000667986
   4.4049999852  -0.0000706878  -0.0002837541  -0.0000672829
   4.4099999852  -0.0000699536  -0.0002865006  -0.0000664396
   4.4149999852  -0.0000683206  -0.0002900268  -0.0000646548
   4.4199999852  -0.0000664355  -0.0002941377  -0.0000625685
   4.4249999851  -0.0000650235  -0.0002985005  -0.0000609107
   4.4299999851  -0.0000647021  -0.0003027312  -0.0000603143
   4.4349999851  -0.0000658214  -0.0003064939  -0.0000611504
   4.4399999851  -0.0000683726  -0.0003095877  -0.0000634318
   4.4449999851  -0.0000719879  -0.0003119991  -0.0000668080
   4.4499999851  -0.0000760355  -0.0003139048  -0.0000706559
   4.4549999850  -0.0000797826  -0.0003156259  -0.0000742422
   4.4599999850  -0.0000825865  -0.0003175437  -0.0000769152
   4.4649999850  -0.0000840613  -0.0003200008  -0.0000782749
   4.4699999850  -0.0000841775  -0.0003232124  -0.0000782766
   4.4749999850  -0.0000832664  -0.0003272119  -0.0000772396
   4.4799999850  -0.0000819301  -0.0003318439  -0.0000757597
   4.4849999849  -0.0000808787  -0.0003368068  -0.0000745490
   4.4899999849  -0.0000807426  -0.0003417329  -0.0000742459
   4.4949999849  -0.0000819059  -0.0003462845  -0.0000752479
   4.4999999849  -0.0000844081  -0.0003502411  -0.0000776099
   4.5049999849  -0.0000879384  -0.0003535559  -0.0000810349
   4.5099999849  -0.0000919222  -0.0003563659  -0.0000849577
   4.5149999848  -0.0000956750  -0.0003589559  -0.0000886979
   4.5199999848  -0.0000985824  -0.0003616842  -0.0000916396
   4.5249999848  -0.0001002584  -0.0003648915  -0.0000933899
   4.5299999848  -0.0001006393  -0.0003688147  -0.0000938756
   4.5349999848  -0.0000999928  -0.0003735291  -0.0000933544
   4.5399999848  -0.0000988413  -0.0003789323  -0.0000923398
   4.5449999847  -0.0000978211  -0.0003847735  -0.0000914628
   4.5499999847  -0.0000975176  -0.0003907207  -0.0000913071
   4.5549999847  -0.0000983184  -0.0003964469  -0.0000922626
   4.5599999847  -0.0001003218  -0.0004017141  -0.0000944323
   4.5649999847  -0.0001033222  -0.0004064330  -0.0000976169
   4.5699999847  -0.0001068739  -0.0004106826  -0.0001013762
   4.5749999846  -0.0001104145  -0.0004146864  -0.0001051510
   4.5799999846  -0.0001134141  -0.0004187510  -0.0001084120
   4.5849999846  -0.0001155124  -0.0004231847  -0.0001107957
   4.5899999846  -0.0001166095  -0.0004282169  -0.0001121956
   4.5949999846  -0.0001168875  -0.0004339399  -0.0001127852
   4.5999999846  -0.0001167604  -0.0004402879  -0.0001129687
   4.6049999845  -0.0001167675  -0.0004470576  -0.0001132756
   4.6099999845  -0.0001174363  -0.0004539644  -0.0001142259
   4.6149999845  -0.0001191540  -0.0004607169  -0.0001162013
   4.6199999845  -0.0001220758  -0.0004670923  -0.0001193554
   4.6249999845  -0.0001260953  -0.0004729901  -0.0001235832
   4.6299999845  -0.0001308806  -0.0004784542  -0.0001285573
   4.6349999844  -0.0001359660  -0.0004836559  -0.0001338183
   4.6399999844  -0.0001408736  -0.0004888472  -0.0001388957
   4.6449999844  -0.0001452351  -0.0004942945  -0.0001434278
   4.6499999844  -0.0001488811  -0.0005002119  -0.0001472502
   4.6549999844  -0.0001518791  -0.0005067105  -0.0001504327
   4.6599999844  -0.0001545108  -0.0005137745  -0.0001532561
   4.6649999843  -0.0001571969  -0.0005212692  -0.0001561376
   4.6699999843  -0.0001603898  -0.0005289777  -0.0001595245
   4.6749999843  -0.0001644618  -0.0005366556  -0.0001637839
   4.6799999843  -0.0001696145  -0.0005440901  -0.0001691143
   4.6849999843  -0.0001758330  -0.0005511501  -0.0001755015
   4.6899999843  -0.0001828926  -0.0005578146  -0.0001827266
   4.6949999842  -0.0001904170  -0.0005641729  -0.0001904243
   4.6999999842  -0.0001979719  -0.0005703989  -0.0001981751
   4.7049999842  -0.0002051715  -0.0005767037  -0.0002056100
   4.7099999842  -0.0002117731  -0.0005832787  -0.0002125013
   4.7149999842  -0.0002177360  -0.0005902441  -0.0002188190
   4.7199999841  -0.0002232316  -0.0005976133  -0.0002247383
   4.7249999841  -0.0002286020  -0.0006052836  -0.0002305973
   4.7299999841  -0.0002342763  -0.0006130552  -0.0002368146
   4.7349999841  -0.0002406647  -0.0006206730  -0.0002437861
   4.7399999841  -0.0002480569  -0.0006278830  -0.0002517871
   4.7449999841  -0.0002565492  -0.0006344881  -0.0002609035
   4.7499999840  -0.0002660185  -0.0006403889  -0.0002710087
   4.7549999840  -0.0002761512  -0.0006456027  -0.0002817943
   4.7599999840  -0.0002865195  -0.0006502528  -0.0002928442
   4.7649999840  -0.0002966856  -0.0006545342  -0.0003037362
   4.7699999840  -0.0003063062  -0.0006586639  -0.0003141416
   4.7749999840  -0.0003152103  -0.0006628299  -0.0003238986
   4.7799999839  -0.0003234293  -0.0006671509  -0.0003330381
   4.7849999839  -0.0003311695  -0.0006716581  -0.0003417562
   4.7899999839  -0.0003387362  -0.0006763038  -0.0003503385
   4.7949999839  -0.0003464273  -0.0006809929  -0.0003590590
   4.7999999839  -0.0003544270  -0.0006856309  -0.0003680779
   4.8049999839  -0.0003627266  -0.0006901742  -0.0003773686
   4.8099999838  -0.0003710945  -0.0006946710  -0.0003866911
   4.8149999838  -0.0003791026  -0.0006992799  -0.0003956202
   4.8199999838  -0.0003862036  -0.0007042631  -0.0004036201
   4.8249999838  -0.0003918367  -0.0007099520  -0.0004101466
   4.8299999838  -0.0003955356  -0.0007166940  -0.0004147496
   4.8349999838  -0.0003970120  -0.0007247907  -0.0004171501
   4.8399999837  -0.0003961931  -0.0007344423  -0.0004172744
   4.8449999837  -0.0003932066  -0.0007457101  -0.0004152383
   4.8499999837  -0.0003883202  -0.0007585037  -0.0004112877
   4.8549999837  -0.0003818526  -0.0007725955  -0.0004057146
   4.8599999837  -0.0003740818  -0.0007876567  -0.0003987710
   4.8649999837  -0.0003651751  -0.0008033025  -0.0003906041
   4.8699999836  -0.0003551594  -0.0008191345  -0.0003812303
   4.8749999836  -0.0003439378  -0.0008347670  -0.0003705529
   4.8799999836  -0.0003313479  -0.0008498307  -0.0003584188
   4.8849999836  -0.0003172461  -0.0008639507  -0.0003446980
   4.8899999836  -0.0003015939  -0.0008767089  -0.0003293651
   4.8949999836  -0.0002845245  -0.0008875994  -0.0003125609
   4.8999999835  -0.0002663723  -0.0008959928  -0.0002946188
   4.9049999835  -0.0002476577  -0.0009011212  -0.0002760490
   4.9099999835  -0.0002290318  -0.0009020909  -0.0002574854
   4.9149999835  -0.0002111944  -0.0008979235  -0.0002396068
   4.9199999835  -0.0001948052  -0.0008876181  -0.0002230537
   4.9249999835  -0.0001804095  -0.0008702228  -0.0002083579
   4.9299999834  -0.0001683926  -0.0008449028  -0.0001958998
   4.9349999834  -0.0001589724  -0.0008109916  -0.0001859019
   4.9399999834  -0.0001522252  -0.0007680201  -0.0001784531
   4.9449999834  -0.0001481371  -0.0007157193  -0.0001735568
   4.9499999834  -0.0001466624  -0.0006540041  -0.0001711860
   4.9549999834  -0.0001477755  -0.0005829439  -0.0001713309
   4.9599999833  -0.0001515010  -0.0005027320  -0.0001740275
   4.9649999833  -0.0001579176  -0.0004136617  -0.0001793594
   4.9699999833  -0.0001671347  -0.0003161165  -0.0001874361
   4.9749999833  -0.0001792496  -0.0002105740  -0.0001983516
   4.9799999833  -0.0001942961  -0.0000976220  -0.0002121355
   4.9849999833  -0.0002121964   0.0000220222  -0.0002287081
   4.9899999832  -0.0002327287   0.0001474962  -0.0002478494
   4.9949999832  -0.0002555169   0.0002777907  -0.0002691900
   4.9999999832  -0.0002800465   0.0004117667  -0.0002922269
   5.0049999832  -0.0003057042   0.0005481939  -0.0003163622
   5.0099999832  -0.0003318352   0.0006858073  -0.0003409583
   5.0149999832  -0.0003578070   0.0008233753  -0.0003653997
   5.0199999831  -0.0003830685   0.0009597679  -0.0003891501
   5.0249999831  -0.0004071923   0.0010940159  -0.0004117931
   5.0299999831  -0.0004298921   0.0012253515  -0.0004330489
   5.0349999831  -0.0004510110   0.0013532246  -0.0004527619
   5.0399999831  -0.0004704842   0.0014772960  -0.0004708654
   5.0449999831  -0.0004882855   0.0015974116  -0.0004873285
   5.0499999830  -0.0005043697   0.0017135664  -0.0005021015
   5.0549999830  -0.0005186277   0.0018258661  -0.0005150728
   5.0599999830  -0.0005308647   0.0019344981  -0.0005260487
   5.0649999830  -0.0005408092   0.0020397129  -0.0005347635
   5.0699999830  -0.0005481497   0.0021418194  -0.0005409155
   5.0749999830  -0.0005525887   0.0022411889  -0.0005442207
   5.0799999829  -0.0005539012   0.0023382609  -0.0005444680
   5.0849999829  -0.0005519771   0.0024335431  -0.0005415596
   5.0899999829  -0.0005468370   0.0025275988  -0.0005355248
   5.0949999829  -0.0005386140   0.0026210186  -0.0005264993
   5.0999999829  -0.0005275045   0.0027143780  -0.0005146764
   5.1049999829  -0.0005136999   0.0028081861  -0.0005002396
   5.1099999828  -0.0004973167   0.0029028328  -0.0004832945
   5.1149999828  -0.0004783420   0.0029985461  -0.0004638176
   5.1199999828  -0.0004566098   0.0030953643  -0.0004416348
   5.1249999828  -0.0004318134   0.0031931297  -0.0004164361
   5.1299999828  -0.0004035506   0.0032915026  -0.0003878208
   5.1349999828  -0.0003713904   0.0033899930  -0.0003553640
   5.1399999827  -0.0003349443   0.0034880003  -0.0003186853
   5.1449999827  -0.0002939251   0.0035848556  -0.0002775045
   5.1499999827  -0.0002481784   0.0036798568  -0.0002316710
   5.1549999827  -0.0001976829   0.0037722916  -0.0001811621
   5.1599999827  -0.0001425206   0.0038614476  -0.0001260521
   5.1649999827  -0.0000828276   0.0039466105  -0.0000664647
   5.1699999826  -0.0000187408   0.0040270546  -0.0000025214
   5.1749999826   0.0000496450   0.0041020331   0.0000656982
   5.1799999826   0.0001222973   0.0041707709   0.0001381739
   5.1849999826   0.0001992385   0.0042324671   0.0002149353
   5.1899999826   0.0002805131   0.0042863056   0.0002960284
   5.1949999826   0.0003661385   0.0043314747   0.0003814672
   5.1999999825   0.0004560526   0.0043671903   0.0004711823
   5.2049999825   0.0005500712   0.0043927189   0.0005649816
   5.2099999825   0.0006478661   0.0044073949   0.0006625304
   5.2149999825   0.0007489694   0.0044106283   0.0007633579
   5.2199999825   0.0008528022   0.0044019017   0.0008668863
   5.2249999825   0.0009587209   0.0043807568   0.0009724775
   5.2299999824   0.0010660712   0.0043467742   0.0010794848
   5.2349999824   0.0011742356   0.0042995524   0.0011872993
   5.2399999824   0.0012826662   0.0042386904   0.0012953810
   5.2449999824   0.0013908960   0.0041637808   0.0014032677
   5.2499999824   0.0014985259   0.0040744154   0.0015105622
   5.2549999824   0.0016051937   0.0039702042   0.0016169006
   5.2599999823   0.0017105320   0.0038508055   0.0017219119
   5.2649999823   0.0018141253   0.0037159617   0.0018251758
   5.2699999823   0.0019154785   0.0035655337   0.0019261929
   5.2749999823   0.0020140031   0.0033995290   0.0020243719
   5.2799999823   0.0021090259   0.0032181178   0.0021190393
   5.2849999823   0.0021998184   0.0030216351   0.0022094691
   5.2899999822   0.0022856413   0.0028105709   0.0022949264
   5.2949999822   0.0023657933   0.0025855516   0.0023747159
   5.2999999822   0.0024396529   0.0023473185   0.0024482228
   5.3049999822   0.0025067043   0.0020967094   0.0025149371
   5.3099999822   0.0025665408   0.0018346470   0.0025744565
   5.3149999822   0.0026188460   0.0015621355   0.0026264666
   5.3199999821   0.0026633593   0.0012802655   0.0026707062
   5.3249999821   0.0026998356   0.0009902224   0.0027069271
   5.3299999821   0.0027280115   0.0006932932   0.0027348608
   5.3349999821   0.0027475896   0.0003908675   0.0027542035
   5.3399999821   0.0027582456   0.0000844283   0.0027646247
   5.3449999821   0.0027596579  -0.0002244693   0.0027657977
   5.3499999820   0.0027515531  -0.0005342283   0.0027574465
   5.3549999820   0.0027337551  -0.0008432462   0.0027393947
   5.3599999820   0.0027062247  -0.0011499513   0.0027116059
   5.3649999820   0.0026690801  -0.0014528334   0.0026742030
   5.3699999820   0.0026225922  -0.0017504628   0.0026274624
   5.3749999820   0.0025671571  -0.0020414983   0.0025717854
   5.3799999819   0.0025032532  -0.0023246816   0.0025076538
   5.3849999819   0.0024313945  -0.0025988247   0.0024355826
   5.3899999819   0.0023520913  -0.0028627948   0.0023560799
   5.3949999819   0.0022658265  -0.0031155026   0.0022696248
   5.3999999819   0.0021730522  -0.0033558989   0.0021766643
   5.4049999818   0.0020742028  -0.0035829824   0.0020776279
   5.4099999818   0.0019697186  -0.0037958171   0.0019729525
   5.4149999818   0.0018600718  -0.0039935560   0.0018631100
   5.4199999818   0.0017457864  -0.0041754662   0.0017486265
   5.4249999818   0.0016274468  -0.0043409483   0.0016300911
   5.4299999818   0.0015056931  -0.0044895478   0.0015081498
   5.4349999817   0.0013812054  -0.0046209549   0.0013834884
   5.4399999817   0.0012546805  -0.0047349959   0.0012568078
   5.4449999817   0.0011268065  -0.0048316170   0.0011287974
   5.4499999817   0.0009982399  -0.0049108679   0.0010001118
   5.4549999817   0.0008695888  -0.0049728873   0.0008713540
   5.4599999817   0.0007414038  -0.0050178940   0.0007430679
   5.4649999816   0.0006141783  -0.0050461852   0.0006157392
   5.4699999816   0.0004883559  -0.0050581384   0.0004898048
   5.4749999816   0.0003643443  -0.0050542173   0.0003656679
   5.4799999816   0.0002425320  -0.0050349751   0.0002437158
   5.4849999816   0.0001233046  -0.0050010557   0.0001243358
   5.4899999816   0.0000070561  -0.0049531891   0.0000079267
   5.4949999815  -0.0001058074  -0.0048921811  -0.0001050993
   5.4999999815  -0.0002148750  -0.0048188977  -0.0002143243
   5.5049999815  -0.0003197472  -0.0047342469  -0.0003193435
   5.5099999815  -0.0004200600  -0.0046391576  -0.0004197894
   5.5149999815  -0.0005155102  -0.0045345594  -0.0005153578
   5.5199999815  -0.0006058768  -0.0044213653  -0.0006058298
   5.5249999814  -0.0006910329  -0.0043004578  -0.0006910816
   5.5299999814  -0.0007709426  -0.0041726825  -0.0007710818
   5.5349999814  -0.0008456461  -0.0040388471  -0.0008458746
   5.5399999814  -0.0009152335  -0.0038997273  -0.0009155524
   5.5449999814  -0.0009798149  -0.0037560763  -0.0009802252
   5.5499999814  -0.0010394933  -0.0036086349  -0.0010399943
   5.5549999813  -0.0010943472  -0.0034581390  -0.0010949345
   5.5599999813  -0.0011444268  -0.0033053205  -0.0011450912
   5.5649999813  -0.0011897622  -0.0031509011  -0.0011904906
   5.5699999813  -0.0012303829  -0.0029955799  -0.0012311594
   5.5749999813  -0.0012663397  -0.0028400165  -0.0012671484
   5.5799999813  -0.0012977246  -0.0026848160  -0.0012985521
   5.5849999812  -0.0013246817  -0.0025305181  -0.0013255197
   5.5899999812  -0.0013474064  -0.0023775953  -0.0013482534
   5.5949999812  -0.0013661328  -0.0022264585  -0.0013669944
   5.5999999812  -0.0013811127  -0.0020774696  -0.0013820007
   5.6049999812  -0.0013925921  -0.0019309567  -0.0013935220
   5.6099999812  -0.0014007900  -0.0017872266  -0.0014017780
   5.6149999811  -0.0014058863  -0.0016465718  -0.0014069459
   5.6199999811  -0.0014080202  -0.0015092708  -0.0014091595
   5.6249999811  -0.0014072998  -0.0013755807  -0.0014085196
   5.6299999811  -0.0014038200  -0.0012457276  -0.0014051135
   5.6349999811  -0.0013976831  -0.0011198956  -0.0013990376
   5.6399999811  -0.0013890184  -0.0009982204  -0.0013904174
   5.6449999810  -0.0013779940  -0.0008807874  -0.0013794203
   5.6499999810  -0.0013648191  -0.0007676362  -0.0013662577
   5.6549999810  -0.0013497362  -0.0006587698  -0.0013511763
   5.6599999810  -0.0013330052  -0.0005541664  -0.0013344404
   5.6649999810  -0.0013148824  -0.0004537907  -0.0013163102
   5.6699999810  -0.0012956004  -0.0003576043  -0.0012970200
   5.6749999809  -0.0012753517  -0.0002655728  -0.0012767612
   5.6799999809  -0.0012542799  -0.0001776689  -0.0012556735
   5.6849999809  -0.0012324792  -0.0000938724  -0.0012338454
   5.6899999809  -0.0012100021  -0.0000141666  -0.0012113232
   5.6949999809  -0.0011868737   0.0000614676  -0.0011881269
   5.6999999809  -0.0011631087   0.0001330586  -0.0011642675
   5.7049999808  -0.0011387278   0.0002006514  -0.0011397654
   5.7099999808  -0.0011137712   0.0002643128  -0.0011146626
   5.7149999808  -0.0010883046   0.0003241338  -0.0010890289
   5.7199999808  -0.0010624186   0.0003802278  -0.0010629598
   5.7249999808  -0.0010362202   0.0004327255  -0.0010365667
   5.7299999808  -0.0010098191   0.0004817667  -0.0010099617
   5.7349999807  -0.0009833115   0.0005274916  -0.0009832412
   5.7399999807  -0.0009567668   0.0005700340  -0.0009564723
   5.7449999807  -0.0009302204   0.0006095171  -0.0009296856
   5.7499999807  -0.0009036747   0.0006460550  -0.0009028780
   5.7549999807  -0.0008771109   0.0006797569  -0.0008760247
   5.7599999807  -0.0008505063   0.0007107340  -0.0008490988
   5.7649999806  -0.0008238552   0.0007391071  -0.0008220924
   5.7699999806  -0.0007971858   0.0007650107  -0.0007950344
   5.7749999806  -0.0007705688   0.0007885945  -0.0007679994
   5.7799999806  -0.0007441145   0.0008100193  -0.0007411043
   5.7849999806  -0.0007179584   0.0008294506  -0.0007144924
   5.7899999806  -0.0006922382   0.0008470485  -0.0006883104
   5.7949999805  -0.0006670695   0.0008629592  -0.0006626819
   5.7999999805  -0.0006425258   0.0008773073  -0.0006376876
   5.8049999805  -0.0006186288   0.0008901931  -0.0006133538
   5.8099999805  -0.0005953514   0.0009016924  -0.0005896562
   5.8149999805  -0.0005726317   0.0009118620  -0.0005665338
   5.8199999805  -0.0005503949   0.0009207465  -0.0005439121
   5.8249999804  -0.0005285753   0.0009283874  -0.0005217257
   5.8299999804  -0.0005071341   0.0009348298  -0.0004999373
   5.8349999804  -0.0004860674   0.0009401279  -0.0004785462
   5.8399999804  -0.0004654039   0.0009443460  -0.0004575861
   5.8449999804  -0.0004451939   0.0009475558  -0.0004371140
   5.8499999804  -0.0004254940   0.0009498310  -0.0004171930
   5.8549999803  -0.0004063511   0.0009512399  -0.0003978760
   5.8599999803  -0.0003877919   0.0009518395  -0.0003791930
   5.8649999803  -0.0003698172   0.0009516705  -0.0003611452
   5.8699999803  -0.0003524047   0.0009507572  -0.0003437070
   5.8749999803  -0.0003355158   0.0009491097  -0.0003268333
   5.8799999803  -0.0003191053   0.0009467297  -0.0003104710
   5.8849999802  -0.0003031321   0.0009436175  -0.0002945702
   5.8899999802  -0.0002875665   0.0009397786  -0.0002790940
   5.8949999802  -0.0002723956   0.0009352280  -0.0002640246
   5.8999999802  -0.0002576246   0.0009299920  -0.0002493647
   5.9049999802  -0.0002432737   0.0009241079  -0.0002351352
   5.9099999802  -0.0002293737   0.0009176202  -0.0002213691
   5.9149999801  -0.0002159575   0.0009105769  -0.0002081019
   5.9199999801  -0.0002030510   0.0009030247  -0.0001953618
   5.9249999801  -0.0001906650   0.0008950054  -0.0001831595
   5.9299999801  -0.0001787883   0.0008865535  -0.0001714815
   5.9349999801  -0.0001673852   0.0008776955  -0.0001602877
   5.9399999801  -0.0001563990   0.0008684510  -0.0001495150
   5.9449999800  -0.0001457607   0.0008588352  -0.0001390878
   5.9499999800  -0.0001354023   0.0008488633  -0.0001289318
   5.9549999800  -0.0001252712   0.0008385555  -0.0001189902
   5.9599999800  -0.0001153436   0.0008279408  -0.0001092366
   5.9649999800  -0.0001056298   0.0008170610  -0.0000996817
   5.9699999800  -0.0000961737   0.0008059700  -0.0000903713
   5.9749999799  -0.0000870415   0.0007947317  -0.0000813753
   5.9799999799  -0.0000783059   0.0007834130  -0.0000727702
   5.9849999799  -0.0000700276   0.0007720759  -0.0000646197
   5.9899999799  -0.0000622398   0.0007607690  -0.0000569593
   5.9949999799  -0.0000549405   0.0007495213  -0.0000497871
