   0.0000000000   0.0000000000   0.0000000000   0.0000000000
   0.0050000000   0.0000000000   0.0000000000   0.0000000000
   0.0100000000   0.0000000000   0.0000000000   0.0000000000
   0.0149999999   0.0000000000   0.0000000000   0.0000000000
   0.0199999999   0.0000000000   0.0000000000   0.0000000000
   0.0249999999   0.0000000000   0.0000000000   0.0000000000
   0.0299999999   0.0000000000   0.0000000000   0.0000000000
   0.0349999999   0.0000000000   0.0000000000   0.0000000000
   0.0399999999   0.0000000000   0.0000000000   0.0000000000
   0.0449999998   0.0000000000   0.0000000000   0.0000000000
   0.0499999998   0.0000000000   0.0000000000   0.0000000000
   0.0549999998   0.0000000000   0.0000000000   0.0000000000
   0.0599999998   0.0000000000   0.0000000000   0.0000000000
   0.0649999998   0.0000000000   0.0000000000   0.0000000000
   0.0699999998   0.0000000000   0.0000000000   0.0000000000
   0.0749999997   0.0000000000   0.0000000000   0.0000000000
   0.0799999997   0.0000000000   0.0000000000   0.0000000000
   0.0849999997   0.0000000000   0.0000000000   0.0000000000
   0.0899999997   0.0000000000   0.0000000000   0.0000000000
   0.0949999997  -0.0000000000   0.0000000000  -0.0000000000
   0.0999999997  -0.0000000000   0.0000000000  -0.0000000000
   0.1049999996  -0.0000000000   0.0000000000  -0.0000000000
   0.1099999996  -0.0000000000   0.0000000000  -0.0000000000
   0.1149999996  -0.0000000000   0.0000000000  -0.0000000000
   0.1199999996  -0.0000000000   0.0000000000  -0.0000000000
   0.1249999996  -0.0000000000   0.0000000000  -0.0000000000
   0.1299999996  -0.0000000000   0.0000000000  -0.0000000000
   0.1349999995  -0.0000000000   0.0000000000  -0.0000000000
   0.1399999995  -0.0000000000   0.0000000000  -0.0000000000
   0.1449999995   0.0000000000   0.0000000000   0.0000000000
   0.1499999995   0.0000000000  -0.0000000000   0.0000000000
   0.1549999995   0.0000000000  -0.0000000000   0.0000000000
   0.1599999995   0.0000000000  -0.0000000000   0.0000000000
   0.1649999994   0.0000000000  -0.0000000000   0.0000000000
   0.1699999994   0.0000000000  -0.0000000000   0.0000000000
   0.1749999994   0.0000000000  -0.0000000000   0.0000000000
   0.1799999994   0.0000000000  -0.0000000000   0.0000000000
   0.1849999994   0.0000000000  -0.0000000000   0.0000000000
   0.1899999994   0.0000000000  -0.0000000000   0.0000000000
   0.1949999993   0.0000000000  -0.0000000000   0.0000000000
   0.1999999993   0.0000000000  -0.0000000000   0.0000000000
   0.2049999993   0.0000000000  -0.0000000000   0.0000000000
   0.2099999993   0.0000000000  -0.0000000000   0.0000000000
   0.2149999993   0.0000000000  -0.0000000000   0.0000000000
   0.2199999993   0.0000000000  -0.0000000000   0.0000000000
   0.2249999992   0.0000000000  -0.0000000000   0.0000000000
   0.2299999992   0.0000000000  -0.0000000000   0.0000000000
   0.2349999992   0.0000000000  -0.0000000000   0.0000000000
   0.2399999992   0.0000000000  -0.0000000000   0.0000000000
   0.2449999992   0.0000000000  -0.0000000000   0.0000000000
   0.2499999992   0.0000000000  -0.0000000000   0.0000000000
   0.2549999991   0.0000000000  -0.0000000000   0.0000000000
   0.2599999991   0.0000000000  -0.0000000000   0.0000000000
   0.2649999991   0.0000000000  -0.0000000000   0.0000000000
   0.2699999991   0.0000000000  -0.0000000000   0.0000000000
   0.2749999991   0.0000000000  -0.0000000000   0.0000000000
   0.2799999991   0.0000000000  -0.0000000000   0.0000000000
   0.2849999990   0.0000000000  -0.0000000000   0.0000000000
   0.2899999990   0.0000000000  -0.0000000000   0.0000000000
   0.2949999990   0.0000000000  -0.0000000000   0.0000000000
   0.2999999990   0.0000000000  -0.0000000000   0.0000000000
   0.3049999990   0.0000000000  -0.0000000000   0.0000000000
   0.3099999990   0.0000000000  -0.0000000000   0.0000000000
   0.3149999989   0.0000000000  -0.0000000000   0.0000000000
   0.3199999989   0.0000000000  -0.0000000000   0.0000000000
   0.3249999989   0.0000000000  -0.0000000000   0.0000000000
   0.3299999989   0.0000000000  -0.0000000000   0.0000000000
   0.3349999989   0.0000000000  -0.0000000000   0.0000000000
   0.3399999989   0.0000000000  -0.0000000000   0.0000000000
   0.3449999988   0.0000000000  -0.0000000000   0.0000000000
   0.3499999988   0.0000000000  -0.0000000000   0.0000000000
   0.3549999988   0.0000000000  -0.0000000000   0.0000000000
   0.3599999988   0.0000000000  -0.0000000000   0.0000000000
   0.3649999988   0.0000000000  -0.0000000000   0.0000000000
   0.3699999988   0.0000000000  -0.0000000000   0.0000000000
   0.3749999987   0.0000000000  -0.0000000000   0.0000000000
   0.3799999987   0.0000000000  -0.0000000000   0.0000000000
   0.3849999987   0.0000000000  -0.0000000000   0.0000000000
   0.3899999987   0.0000000000  -0.0000000000   0.0000000000
   0.3949999987   0.0000000000  -0.0000000000   0.0000000000
   0.3999999987   0.0000000000  -0.0000000000   0.0000000000
   0.4049999986   0.0000000000  -0.0000000000   0.0000000000
   0.4099999986   0.0000000000  -0.0000000000   0.0000000000
   0.4149999986   0.0000000000  -0.0000000000   0.0000000000
   0.4199999986   0.0000000000   0.0000000000   0.0000000000
   0.4249999986   0.0000000000   0.0000000000   0.0000000000
   0.4299999986  -0.0000000000   0.0000000000  -0.0000000000
   0.4349999985  -0.0000000000   0.0000000000  -0.0000000000
   0.4399999985  -0.0000000000   0.0000000000  -0.0000000000
   0.4449999985  -0.0000000000   0.0000000000  -0.0000000000
   0.4499999985  -0.0000000000   0.0000000000  -0.0000000000
   0.4549999985  -0.0000000000   0.0000000000  -0.0000000000
   0.4599999985  -0.0000000000   0.0000000000  -0.0000000000
   0.4649999984  -0.0000000000   0.0000000000  -0.0000000000
   0.4699999984  -0.0000000000   0.0000000000  -0.0000000000
   0.4749999984  -0.0000000000   0.0000000000  -0.0000000000
   0.4799999984  -0.0000000000   0.0000000000  -0.0000000000
   0.4849999984  -0.0000000000   0.0000000000  -0.0000000000
   0.4899999984  -0.0000000000   0.0000000000  -0.0000000000
   0.4949999983  -0.0000000000   0.0000000000  -0.0000000000
   0.4999999983  -0.0000000000   0.0000000000  -0.0000000000
   0.5049999983  -0.0000000000   0.0000000000  -0.0000000000
   0.5099999983  -0.0000000000   0.0000000000  -0.0000000000
   0.5149999983  -0.0000000000   0.0000000000  -0.0000000000
   0.5199999983  -0.0000000000   0.0000000000  -0.0000000000
   0.5249999982  -0.0000000000   0.0000000000  -0.0000000000
   0.5299999982  -0.0000000000   0.0000000000  -0.0000000000
   0.5349999982  -0.0000000000   0.0000000000  -0.0000000000
   0.5399999982  -0.0000000000   0.0000000000  -0.0000000000
   0.5449999982  -0.0000000000   0.0000000000  -0.0000000000
   0.5499999982  -0.0000000000   0.0000000000  -0.0000000000
   0.5549999981  -0.0000000000   0.0000000000  -0.0000000000
   0.5599999981  -0.0000000000   0.0000000000  -0.0000000000
   0.5649999981  -0.0000000000   0.0000000000  -0.0000000000
   0.5699999981  -0.0000000000   0.0000000000  -0.0000000000
   0.5749999981  -0.0000000000   0.0000000000  -0.0000000000
   0.5799999981  -0.0000000000   0.0000000000  -0.0000000000
   0.5849999980  -0.0000000000   0.0000000000  -0.0000000000
   0.5899999980  -0.0000000000   0.0000000000  -0.0000000000
   0.5949999980  -0.0000000000   0.0000000000  -0.0000000000
   0.5999999980  -0.0000000000   0.0000000000  -0.0000000000
   0.6049999980  -0.0000000000   0.0000000000  -0.0000000000
   0.6099999980  -0.0000000000   0.0000000000  -0.0000000000
   0.6149999979  -0.0000000000   0.0000000000  -0.0000000000
   0.6199999979  -0.0000000000   0.0000000000  -0.0000000000
   0.6249999979  -0.0000000000   0.0000000000  -0.0000000000
   0.6299999979  -0.0000000000   0.0000000000  -0.0000000000
   0.6349999979   0.0000000000   0.0000000000   0.0000000000
   0.6399999979   0.0000000000   0.0000000000   0.0000000000
   0.6449999978   0.0000000000   0.0000000000   0.0000000000
   0.6499999978   0.0000000000   0.0000000000   0.0000000000
   0.6549999978   0.0000000000   0.0000000000   0.0000000000
   0.6599999978   0.0000000000   0.0000000000   0.0000000000
   0.6649999978   0.0000000000   0.0000000000   0.0000000000
   0.6699999978   0.0000000000   0.0000000000   0.0000000000
   0.6749999977   0.0000000000   0.0000000000   0.0000000000
   0.6799999977   0.0000000000   0.0000000000   0.0000000000
   0.6849999977   0.0000000000   0.0000000000   0.0000000000
   0.6899999977   0.0000000000   0.0000000000   0.0000000000
   0.6949999977   0.0000000000  -0.0000000000   0.0000000000
   0.6999999976   0.0000000000  -0.0000000000   0.0000000000
   0.7049999976   0.0000000000  -0.0000000000   0.0000000000
   0.7099999976   0.0000000000  -0.0000000000   0.0000000000
   0.7149999976   0.0000000000  -0.0000000000   0.0000000000
   0.7199999976  -0.0000000000  -0.0000000000  -0.0000000000
   0.7249999976  -0.0000000000  -0.0000000000  -0.0000000000
   0.7299999975  -0.0000000000  -0.0000000000  -0.0000000000
   0.7349999975  -0.0000000000  -0.0000000000  -0.0000000000
   0.7399999975  -0.0000000000  -0.0000000000  -0.0000000000
   0.7449999975  -0.0000000000  -0.0000000000  -0.0000000000
   0.7499999975  -0.0000000000  -0.0000000000  -0.0000000000
   0.7549999975  -0.0000000000  -0.0000000000  -0.0000000000
   0.7599999974  -0.0000000000   0.0000000000  -0.0000000000
   0.7649999974   0.0000000000   0.0000000000   0.0000000000
   0.7699999974   0.0000000000   0.0000000000   0.0000000000
   0.7749999974   0.0000000000   0.0000000000   0.0000000000
   0.7799999974   0.0000000000   0.0000000000   0.0000000000
   0.7849999974   0.0000000000   0.0000000000   0.0000000000
   0.7899999973   0.0000000000   0.0000000000   0.0000000000
   0.7949999973   0.0000000000   0.0000000000   0.0000000000
   0.7999999973   0.0000000000   0.0000000000   0.0000000000
   0.8049999973   0.0000000000   0.0000000000   0.0000000000
   0.8099999973   0.0000000000   0.0000000000   0.0000000000
   0.8149999973   0.0000000000   0.0000000000   0.0000000000
   0.8199999972   0.0000000000   0.0000000000   0.0000000000
   0.8249999972   0.0000000000   0.0000000000   0.0000000000
   0.8299999972   0.0000000000   0.0000000000   0.0000000000
   0.8349999972   0.0000000000   0.0000000000   0.0000000000
   0.8399999972   0.0000000000   0.0000000000   0.0000000000
   0.8449999972   0.0000000000   0.0000000000   0.0000000000
   0.8499999971   0.0000000000   0.0000000000   0.0000000000
   0.8549999971   0.0000000000   0.0000000000   0.0000000000
   0.8599999971   0.0000000000   0.0000000000   0.0000000000
   0.8649999971   0.0000000000   0.0000000000   0.0000000000
   0.8699999971   0.0000000000   0.0000000000   0.0000000000
   0.8749999971   0.0000000000   0.0000000000   0.0000000000
   0.8799999970   0.0000000000   0.0000000000   0.0000000000
   0.8849999970   0.0000000000   0.0000000000   0.0000000000
   0.8899999970   0.0000000000   0.0000000000   0.0000000000
   0.8949999970   0.0000000000   0.0000000000   0.0000000000
   0.8999999970   0.0000000000   0.0000000000   0.0000000000
   0.9049999970   0.0000000000   0.0000000000   0.0000000000
   0.9099999969   0.0000000000   0.0000000000   0.0000000000
   0.9149999969   0.0000000000   0.0000000000   0.0000000000
   0.9199999969   0.0000000000   0.0000000000   0.0000000000
   0.9249999969   0.0000000000   0.0000000000   0.0000000000
   0.9299999969   0.0000000000   0.0000000000   0.0000000000
   0.9349999969   0.0000000000   0.0000000000   0.0000000000
   0.9399999968   0.0000000000   0.0000000000   0.0000000000
   0.9449999968   0.0000000000   0.0000000000   0.0000000000
   0.9499999968   0.0000000000   0.0000000000   0.0000000000
   0.9549999968   0.0000000000   0.0000000000   0.0000000000
   0.9599999968   0.0000000000   0.0000000000   0.0000000000
   0.9649999968   0.0000000000   0.0000000000   0.0000000000
   0.9699999967   0.0000000000   0.0000000000   0.0000000000
   0.9749999967   0.0000000000   0.0000000000   0.0000000000
   0.9799999967   0.0000000000   0.0000000000   0.0000000000
   0.9849999967   0.0000000000   0.0000000000   0.0000000000
   0.9899999967   0.0000000000   0.0000000000   0.0000000000
   0.9949999967   0.0000000000   0.0000000000   0.0000000000
   0.9999999966   0.0000000000   0.0000000000   0.0000000000
   1.0049999966   0.0000000000   0.0000000000   0.0000000000
   1.0099999966   0.0000000000   0.0000000000   0.0000000000
   1.0149999966   0.0000000000   0.0000000000   0.0000000000
   1.0199999966   0.0000000000   0.0000000000   0.0000000000
   1.0249999966   0.0000000000   0.0000000000   0.0000000000
   1.0299999965   0.0000000000   0.0000000000   0.0000000000
   1.0349999965   0.0000000000   0.0000000000   0.0000000000
   1.0399999965   0.0000000000   0.0000000000   0.0000000000
   1.0449999965   0.0000000000   0.0000000000   0.0000000000
   1.0499999965   0.0000000000   0.0000000000   0.0000000000
   1.0549999965   0.0000000000   0.0000000000   0.0000000000
   1.0599999964   0.0000000000   0.0000000000   0.0000000000
   1.0649999964   0.0000000000   0.0000000000   0.0000000000
   1.0699999964   0.0000000000   0.0000000000   0.0000000000
   1.0749999964   0.0000000000   0.0000000000   0.0000000000
   1.0799999964   0.0000000000   0.0000000000   0.0000000000
   1.0849999964   0.0000000000   0.0000000000   0.0000000000
   1.0899999963   0.0000000000   0.0000000000   0.0000000000
   1.0949999963   0.0000000000   0.0000000000   0.0000000000
   1.0999999963   0.0000000000   0.0000000000   0.0000000000
   1.1049999963   0.0000000000   0.0000000000   0.0000000000
   1.1099999963   0.0000000000   0.0000000000   0.0000000000
   1.1149999963   0.0000000000   0.0000000000   0.0000000000
   1.1199999962   0.0000000000   0.0000000000   0.0000000000
   1.1249999962   0.0000000000   0.0000000000   0.0000000000
   1.1299999962   0.0000000000   0.0000000000   0.0000000000
   1.1349999962   0.0000000000   0.0000000000   0.0000000000
   1.1399999962   0.0000000000   0.0000000000   0.0000000000
   1.1449999962   0.0000000000   0.0000000000   0.0000000000
   1.1499999961   0.0000000000   0.0000000000   0.0000000000
   1.1549999961   0.0000000000   0.0000000000   0.0000000000
   1.1599999961   0.0000000000   0.0000000000   0.0000000000
   1.1649999961   0.0000000000   0.0000000000   0.0000000000
   1.1699999961   0.0000000000   0.0000000000   0.0000000000
   1.1749999961   0.0000000000   0.0000000000   0.0000000000
   1.1799999960   0.0000000000   0.0000000000   0.0000000000
   1.1849999960   0.0000000000   0.0000000000   0.0000000000
   1.1899999960   0.0000000000   0.0000000000   0.0000000000
   1.1949999960   0.0000000000   0.0000000000   0.0000000000
   1.1999999960   0.0000000000   0.0000000000   0.0000000000
   1.2049999960   0.0000000000   0.0000000000   0.0000000000
   1.2099999959   0.0000000000   0.0000000000   0.0000000000
   1.2149999959   0.0000000000   0.0000000000   0.0000000000
   1.2199999959   0.0000000000   0.0000000000   0.0000000000
   1.2249999959   0.0000000000   0.0000000000   0.0000000000
   1.2299999959   0.0000000000   0.0000000000   0.0000000000
   1.2349999959  -0.0000000000  -0.0000000000  -0.0000000000
   1.2399999958  -0.0000000000  -0.0000000000  -0.0000000000
   1.2449999958  -0.0000000000  -0.0000000000  -0.0000000000
   1.2499999958  -0.0000000000  -0.0000000000  -0.0000000000
   1.2549999958  -0.0000000000  -0.0000000000  -0.0000000000
   1.2599999958  -0.0000000000  -0.0000000000  -0.0000000000
   1.2649999958  -0.0000000000  -0.0000000000  -0.0000000000
   1.2699999957  -0.0000000000  -0.0000000000  -0.0000000000
   1.2749999957  -0.0000000000  -0.0000000000  -0.0000000000
   1.2799999957  -0.0000000000  -0.0000000000  -0.0000000000
   1.2849999957  -0.0000000000  -0.0000000000  -0.0000000000
   1.2899999957  -0.0000000000  -0.0000000000  -0.0000000000
   1.2949999957  -0.0000000000  -0.0000000000  -0.0000000000
   1.2999999956  -0.0000000000  -0.0000000000  -0.0000000000
   1.3049999956  -0.0000000000  -0.0000000000  -0.0000000000
   1.3099999956  -0.0000000000  -0.0000000000  -0.0000000000
   1.3149999956   0.0000000000   0.0000000000   0.0000000000
   1.3199999956   0.0000000000   0.0000000000   0.0000000000
   1.3249999956   0.0000000000   0.0000000000   0.0000000000
   1.3299999955   0.0000000000   0.0000000000   0.0000000000
   1.3349999955   0.0000000000   0.0000000000   0.0000000000
   1.3399999955   0.0000000000   0.0000000000   0.0000000000
   1.3449999955   0.0000000000   0.0000000000   0.0000000000
   1.3499999955   0.0000000000   0.0000000000   0.0000000000
   1.3549999954   0.0000000000   0.0000000000   0.0000000000
   1.3599999954   0.0000000000   0.0000000000   0.0000000000
   1.3649999954   0.0000000000   0.0000000000   0.0000000000
   1.3699999954   0.0000000000   0.0000000000   0.0000000000
   1.3749999954   0.0000000000   0.0000000000   0.0000000000
   1.3799999954  -0.0000000000  -0.0000000000  -0.0000000000
   1.3849999953  -0.0000000000  -0.0000000000  -0.0000000000
   1.3899999953  -0.0000000000  -0.0000000000  -0.0000000000
   1.3949999953  -0.0000000000  -0.0000000000  -0.0000000000
   1.3999999953  -0.0000000000  -0.0000000000  -0.0000000000
   1.4049999953  -0.0000000000  -0.0000000000  -0.0000000000
   1.4099999953  -0.0000000000  -0.0000000000  -0.0000000000
   1.4149999952  -0.0000000000  -0.0000000000  -0.0000000000
   1.4199999952  -0.0000000000  -0.0000000000  -0.0000000000
   1.4249999952  -0.0000000000  -0.0000000000  -0.0000000000
   1.4299999952  -0.0000000000  -0.0000000000  -0.0000000000
   1.4349999952  -0.0000000000  -0.0000000000  -0.0000000000
   1.4399999952   0.0000000000   0.0000000000   0.0000000000
   1.4449999951   0.0000000000   0.0000000000   0.0000000000
   1.4499999951   0.0000000000   0.0000000000   0.0000000000
   1.4549999951   0.0000000000   0.0000000000   0.0000000000
   1.4599999951   0.0000000000   0.0000000000   0.0000000000
   1.4649999951   0.0000000000   0.0000000000   0.0000000000
   1.4699999951   0.0000000000   0.0000000000   0.0000000000
   1.4749999950   0.0000000000   0.0000000000   0.0000000000
   1.4799999950   0.0000000000   0.0000000000   0.0000000000
   1.4849999950   0.0000000000   0.0000000000   0.0000000000
   1.4899999950   0.0000000000   0.0000000000   0.0000000000
   1.4949999950  -0.0000000000  -0.0000000000  -0.0000000000
   1.4999999950  -0.0000000000  -0.0000000000  -0.0000000000
   1.5049999949  -0.0000000000  -0.0000000000  -0.0000000000
   1.5099999949  -0.0000000000  -0.0000000000  -0.0000000000
   1.5149999949  -0.0000000000  -0.0000000000  -0.0000000000
   1.5199999949  -0.0000000000  -0.0000000000  -0.0000000000
   1.5249999949  -0.0000000000  -0.0000000000  -0.0000000000
   1.5299999949  -0.0000000000  -0.0000000000  -0.0000000000
   1.5349999948  -0.0000000000  -0.0000000000  -0.0000000000
   1.5399999948  -0.0000000000  -0.0000000000  -0.0000000000
   1.5449999948   0.0000000000   0.0000000000   0.0000000000
   1.5499999948   0.0000000000   0.0000000000   0.0000000000
   1.5549999948   0.0000000000   0.0000000000   0.0000000000
   1.5599999948   0.0000000000   0.0000000000   0.0000000000
   1.5649999947   0.0000000000   0.0000000000   0.0000000000
   1.5699999947   0.0000000000   0.0000000000   0.0000000000
   1.5749999947   0.0000000000   0.0000000000   0.0000000000
   1.5799999947   0.0000000000   0.0000000000   0.0000000000
   1.5849999947   0.0000000000   0.0000000000   0.0000000000
   1.5899999947  -0.0000000000   0.0000000000  -0.0000000000
   1.5949999946  -0.0000000000  -0.0000000000  -0.0000000000
   1.5999999946  -0.0000000000  -0.0000000000  -0.0000000000
   1.6049999946  -0.0000000000  -0.0000000000  -0.0000000000
   1.6099999946  -0.0000000000  -0.0000000000  -0.0000000000
   1.6149999946  -0.0000000000  -0.0000000000  -0.0000000000
   1.6199999946  -0.0000000000  -0.0000000000  -0.0000000000
   1.6249999945  -0.0000000000  -0.0000000000  -0.0000000000
   1.6299999945  -0.0000000000  -0.0000000000  -0.0000000000
   1.6349999945   0.0000000000  -0.0000000000   0.0000000000
   1.6399999945   0.0000000000   0.0000000000   0.0000000000
   1.6449999945   0.0000000000   0.0000000000   0.0000000000
   1.6499999945   0.0000000000   0.0000000000   0.0000000000
   1.6549999944   0.0000000000   0.0000000000   0.0000000000
   1.6599999944   0.0000000000   0.0000000000   0.0000000000
   1.6649999944   0.0000000000   0.0000000000   0.0000000000
   1.6699999944   0.0000000000   0.0000000000   0.0000000000
   1.6749999944   0.0000000000   0.0000000000   0.0000000000
   1.6799999944  -0.0000000000  -0.0000000000  -0.0000000000
   1.6849999943  -0.0000000000  -0.0000000000  -0.0000000000
   1.6899999943  -0.0000000000  -0.0000000000  -0.0000000000
   1.6949999943  -0.0000000000  -0.0000000000  -0.0000000000
   1.6999999943  -0.0000000000  -0.0000000000  -0.0000000000
   1.7049999943  -0.0000000000  -0.0000000000  -0.0000000000
   1.7099999943  -0.0000000000  -0.0000000000  -0.0000000000
   1.7149999942  -0.0000000000  -0.0000000000  -0.0000000000
   1.7199999942   0.0000000000  -0.0000000000   0.0000000000
   1.7249999942   0.0000000000   0.0000000000   0.0000000000
   1.7299999942   0.0000000000   0.0000000000   0.0000000000
   1.7349999942   0.0000000000   0.0000000000   0.0000000000
   1.7399999942   0.0000000000   0.0000000000   0.0000000000
   1.7449999941   0.0000000000   0.0000000000   0.0000000000
   1.7499999941   0.0000000000   0.0000000000   0.0000000000
   1.7549999941   0.0000000000   0.0000000000   0.0000000000
   1.7599999941  -0.0000000000  -0.0000000000  -0.0000000000
   1.7649999941  -0.0000000000  -0.0000000000  -0.0000000000
   1.7699999941  -0.0000000001  -0.0000000000  -0.0000000001
   1.7749999940  -0.0000000001  -0.0000000000  -0.0000000001
   1.7799999940  -0.0000000001  -0.0000000000  -0.0000000001
   1.7849999940  -0.0000000000  -0.0000000000  -0.0000000000
   1.7899999940  -0.0000000000  -0.0000000000  -0.0000000000
   1.7949999940   0.0000000000  -0.0000000000   0.0000000000
   1.7999999940   0.0000000000   0.0000000000   0.0000000000
   1.8049999939   0.0000000001   0.0000000000   0.0000000001
   1.8099999939   0.0000000001   0.0000000000   0.0000000001
   1.8149999939   0.0000000001   0.0000000000   0.0000000001
   1.8199999939   0.0000000001   0.0000000001   0.0000000001
   1.8249999939   0.0000000001   0.0000000000   0.0000000001
   1.8299999939   0.0000000000   0.0000000000   0.0000000000
   1.8349999938  -0.0000000000   0.0000000000  -0.0000000000
   1.8399999938  -0.0000000001  -0.0000000000  -0.0000000001
   1.8449999938  -0.0000000001  -0.0000000000  -0.0000000001
   1.8499999938  -0.0000000001  -0.0000000001  -0.0000000001
   1.8549999938  -0.0000000001  -0.0000000001  -0.0000000001
   1.8599999938  -0.0000000001  -0.0000000001  -0.0000000001
   1.8649999937  -0.0000000000  -0.0000000000  -0.0000000000
   1.8699999937   0.0000000000  -0.0000000000   0.0000000000
   1.8749999937   0.0000000001   0.0000000000   0.0000000001
   1.8799999937   0.0000000001   0.0000000000   0.0000000001
   1.8849999937   0.0000000002   0.0000000001   0.0000000002
   1.8899999937   0.0000000002   0.0000000001   0.0000000002
   1.8949999936   0.0000000001   0.0000000001   0.0000000001
   1.8999999936   0.0000000001   0.0000000001   0.0000000001
   1.9049999936  -0.0000000000   0.0000000000  -0.0000000000
   1.9099999936  -0.0000000001  -0.0000000000  -0.0000000001
   1.9149999936  -0.0000000002  -0.0000000000  -0.0000000002
   1.9199999936  -0.0000000002  -0.0000000001  -0.0000000002
   1.9249999935  -0.0000000002  -0.0000000001  -0.0000000002
   1.9299999935  -0.0000000002  -0.0000000001  -0.0000000002
   1.9349999935  -0.0000000001  -0.0000000001  -0.0000000001
   1.9399999935  -0.0000000000  -0.0000000001  -0.0000000000
   1.9449999935   0.0000000001  -0.0000000000   0.0000000001
   1.9499999935   0.0000000002   0.0000000000   0.0000000002
   1.9549999934   0.0000000002   0.0000000001   0.0000000002
   1.9599999934   0.0000000002   0.0000000001   0.0000000002
   1.9649999934   0.0000000002   0.0000000001   0.0000000002
   1.9699999934   0.0000000001   0.0000000001   0.0000000001
   1.9749999934  -0.0000000000   0.0000000001  -0.0000000000
   1.9799999934  -0.0000000001  -0.0000000000  -0.0000000001
   1.9849999933  -0.0000000002  -0.0000000001  -0.0000000002
   1.9899999933  -0.0000000003  -0.0000000001  -0.0000000003
   1.9949999933  -0.0000000003  -0.0000000001  -0.0000000003
   1.9999999933  -0.0000000002  -0.0000000001  -0.0000000002
   2.0049999933  -0.0000000001  -0.0000000001  -0.0000000001
   2.0099999933   0.0000000000  -0.0000000001   0.0000000000
   2.0149999932   0.0000000002   0.0000000000   0.0000000002
   2.0199999932   0.0000000003   0.0000000001   0.0000000003
   2.0249999932   0.0000000003   0.0000000001   0.0000000003
   2.0299999932   0.0000000003   0.0000000001   0.0000000003
   2.0349999932   0.0000000002   0.0000000001   0.0000000002
   2.0399999931   0.0000000000   0.0000000001   0.0000000000
   2.0449999931  -0.0000000001   0.0000000000  -0.0000000001
   2.0499999931  -0.0000000002  -0.0000000000  -0.0000000002
   2.0549999931  -0.0000000003  -0.0000000001  -0.0000000003
   2.0599999931  -0.0000000003  -0.0000000001  -0.0000000003
   2.0649999931  -0.0000000002  -0.0000000001  -0.0000000002
   2.0699999930  -0.0000000001  -0.0000000001  -0.0000000001
   2.0749999930   0.0000000000  -0.0000000001   0.0000000000
   2.0799999930   0.0000000002   0.0000000000   0.0000000002
   2.0849999930   0.0000000003   0.0000000001   0.0000000003
   2.0899999930   0.0000000003   0.0000000001   0.0000000003
   2.0949999930   0.0000000003   0.0000000002   0.0000000003
   2.0999999929   0.0000000002   0.0000000001   0.0000000002
   2.1049999929   0.0000000000   0.0000000001   0.0000000000
   2.1099999929  -0.0000000002   0.0000000000  -0.0000000002
   2.1149999929  -0.0000000003  -0.0000000001  -0.0000000003
   2.1199999929  -0.0000000003  -0.0000000001  -0.0000000004
   2.1249999929  -0.0000000003  -0.0000000002  -0.0000000003
   2.1299999928  -0.0000000002  -0.0000000001  -0.0000000002
   2.1349999928  -0.0000000000  -0.0000000001  -0.0000000000
   2.1399999928   0.0000000001  -0.0000000000   0.0000000001
   2.1449999928   0.0000000003   0.0000000001   0.0000000003
   2.1499999928   0.0000000004   0.0000000001   0.0000000004
   2.1549999928   0.0000000004   0.0000000002   0.0000000004
   2.1599999927   0.0000000002   0.0000000002   0.0000000002
   2.1649999927   0.0000000000   0.0000000001   0.0000000001
   2.1699999927  -0.0000000002   0.0000000000  -0.0000000002
   2.1749999927  -0.0000000003  -0.0000000001  -0.0000000003
   2.1799999927  -0.0000000004  -0.0000000002  -0.0000000004
   2.1849999927  -0.0000000004  -0.0000000002  -0.0000000004
   2.1899999926  -0.0000000003  -0.0000000002  -0.0000000003
   2.1949999926  -0.0000000001  -0.0000000001  -0.0000000001
   2.1999999926   0.0000000002  -0.0000000000   0.0000000002
   2.2049999926   0.0000000004   0.0000000001   0.0000000004
   2.2099999926   0.0000000005   0.0000000002   0.0000000005
   2.2149999926   0.0000000005   0.0000000002   0.0000000005
   2.2199999925   0.0000000003   0.0000000002   0.0000000003
   2.2249999925   0.0000000001   0.0000000001   0.0000000001
   2.2299999925  -0.0000000002   0.0000000000  -0.0000000002
   2.2349999925  -0.0000000004  -0.0000000001  -0.0000000005
   2.2399999925  -0.0000000006  -0.0000000002  -0.0000000006
   2.2449999925  -0.0000000006  -0.0000000003  -0.0000000006
   2.2499999924  -0.0000000004  -0.0000000003  -0.0000000004
   2.2549999924  -0.0000000001  -0.0000000002  -0.0000000001
   2.2599999924   0.0000000002  -0.0000000000   0.0000000002
   2.2649999924   0.0000000005   0.0000000001   0.0000000005
   2.2699999924   0.0000000007   0.0000000003   0.0000000007
   2.2749999924   0.0000000006   0.0000000004   0.0000000006
   2.2799999923   0.0000000004   0.0000000004   0.0000000004
   2.2849999923   0.0000000001   0.0000000003   0.0000000001
   2.2899999923  -0.0000000003   0.0000000001  -0.0000000003
   2.2949999923  -0.0000000007  -0.0000000001  -0.0000000007
   2.2999999923  -0.0000000009  -0.0000000003  -0.0000000009
   2.3049999923  -0.0000000008  -0.0000000004  -0.0000000008
   2.3099999922  -0.0000000006  -0.0000000004  -0.0000000005
   2.3149999922  -0.0000000001  -0.0000000003  -0.0000000001
   2.3199999922   0.0000000004  -0.0000000002   0.0000000004
   2.3249999922   0.0000000008  -0.0000000000   0.0000000008
   2.3299999922   0.0000000011   0.0000000001   0.0000000011
   2.3349999922   0.0000000011   0.0000000002   0.0000000011
   2.3399999921   0.0000000008   0.0000000001   0.0000000008
   2.3449999921   0.0000000003   0.0000000000   0.0000000003
   2.3499999921  -0.0000000003  -0.0000000002  -0.0000000003
   2.3549999921  -0.0000000008  -0.0000000004  -0.0000000008
   2.3599999921  -0.0000000012  -0.0000000005  -0.0000000012
   2.3649999921  -0.0000000012  -0.0000000004  -0.0000000012
   2.3699999920  -0.0000000011  -0.0000000003  -0.0000000011
   2.3749999920  -0.0000000007   0.0000000000  -0.0000000007
   2.3799999920  -0.0000000002   0.0000000004  -0.0000000002
   2.3849999920   0.0000000001   0.0000000008   0.0000000001
   2.3899999920   0.0000000002   0.0000000010   0.0000000002
   2.3949999920   0.0000000000   0.0000000011   0.0000000000
   2.3999999919  -0.0000000005   0.0000000009  -0.0000000005
   2.4049999919  -0.0000000012   0.0000000005  -0.0000000012
   2.4099999919  -0.0000000020  -0.0000000002  -0.0000000020
   2.4149999919  -0.0000000027  -0.0000000009  -0.0000000027
   2.4199999919  -0.0000000032  -0.0000000016  -0.0000000032
   2.4249999919  -0.0000000033  -0.0000000023  -0.0000000033
   2.4299999918  -0.0000000031  -0.0000000028  -0.0000000031
   2.4349999918  -0.0000000027  -0.0000000031  -0.0000000028
   2.4399999918  -0.0000000024  -0.0000000032  -0.0000000025
   2.4449999918  -0.0000000024  -0.0000000033  -0.0000000025
   2.4499999918  -0.0000000029  -0.0000000034  -0.0000000030
   2.4549999918  -0.0000000039  -0.0000000035  -0.0000000040
   2.4599999917  -0.0000000055  -0.0000000037  -0.0000000056
   2.4649999917  -0.0000000075  -0.0000000040  -0.0000000076
   2.4699999917  -0.0000000096  -0.0000000045  -0.0000000098
   2.4749999917  -0.0000000117  -0.0000000049  -0.0000000118
   2.4799999917  -0.0000000134  -0.0000000054  -0.0000000136
   2.4849999917  -0.0000000146  -0.0000000057  -0.0000000148
   2.4899999916  -0.0000000154  -0.0000000060  -0.0000000157
   2.4949999916  -0.0000000159  -0.0000000062  -0.0000000162
   2.4999999916  -0.0000000162  -0.0000000064  -0.0000000165
   2.5049999916  -0.0000000166  -0.0000000067  -0.0000000169
   2.5099999916  -0.0000000173  -0.0000000072  -0.0000000176
   2.5149999916  -0.0000000181  -0.0000000078  -0.0000000185
   2.5199999915  -0.0000000192  -0.0000000086  -0.0000000195
   2.5249999915  -0.0000000202  -0.0000000093  -0.0000000206
   2.5299999915  -0.0000000209  -0.0000000100  -0.0000000213
   2.5349999915  -0.0000000210  -0.0000000103  -0.0000000214
   2.5399999915  -0.0000000203  -0.0000000102  -0.0000000207
   2.5449999915  -0.0000000188  -0.0000000096  -0.0000000192
   2.5499999914  -0.0000000165  -0.0000000084  -0.0000000168
   2.5549999914  -0.0000000137  -0.0000000067  -0.0000000140
   2.5599999914  -0.0000000105  -0.0000000048  -0.0000000108
   2.5649999914  -0.0000000074  -0.0000000027  -0.0000000076
   2.5699999914  -0.0000000043  -0.0000000007  -0.0000000045
   2.5749999914  -0.0000000015   0.0000000011  -0.0000000017
   2.5799999913   0.0000000011   0.0000000027   0.0000000010
   2.5849999913   0.0000000037   0.0000000040   0.0000000037
   2.5899999913   0.0000000065   0.0000000052   0.0000000065
   2.5949999913   0.0000000096   0.0000000063   0.0000000096
   2.5999999913   0.0000000129   0.0000000075   0.0000000130
   2.6049999913   0.0000000162   0.0000000087   0.0000000164
   2.6099999912   0.0000000193   0.0000000099   0.0000000196
   2.6149999912   0.0000000217   0.0000000111   0.0000000221
   2.6199999912   0.0000000231   0.0000000120   0.0000000237
   2.6249999912   0.0000000233   0.0000000125   0.0000000241
   2.6299999912   0.0000000222   0.0000000126   0.0000000233
   2.6349999912   0.0000000201   0.0000000121   0.0000000214
   2.6399999911   0.0000000171   0.0000000111   0.0000000187
   2.6449999911   0.0000000138   0.0000000098   0.0000000156
   2.6499999911   0.0000000106   0.0000000082   0.0000000126
   2.6549999911   0.0000000079   0.0000000065   0.0000000099
   2.6599999911   0.0000000058   0.0000000049   0.0000000076
   2.6649999911   0.0000000044   0.0000000033   0.0000000059
   2.6699999910   0.0000000033   0.0000000019   0.0000000045
   2.6749999910   0.0000000023   0.0000000005   0.0000000034
   2.6799999910   0.0000000008  -0.0000000010   0.0000000027
   2.6849999910  -0.0000000018  -0.0000000027   0.0000000030
   2.6899999910  -0.0000000060  -0.0000000047   0.0000000051
   2.6949999909  -0.0000000130  -0.0000000075   0.0000000109
   2.6999999909  -0.0000000244  -0.0000000112   0.0000000225
   2.7049999909  -0.0000000423  -0.0000000164   0.0000000431
   2.7099999909  -0.0000000703  -0.0000000238   0.0000000770
   2.7149999909  -0.0000001128  -0.0000000343   0.0000001291
   2.7199999909  -0.0000001761  -0.0000000491   0.0000002061
   2.7249999908  -0.0000002681  -0.0000000697   0.0000003156
   2.7299999908  -0.0000003982  -0.0000000978   0.0000004673
   2.7349999908  -0.0000005776  -0.0000001349   0.0000006722
   2.7399999908  -0.0000008189  -0.0000001826   0.0000009434
   2.7449999908  -0.0000011358  -0.0000002422   0.0000012950
   2.7499999908  -0.0000015428  -0.0000003145   0.0000017422
   2.7549999907  -0.0000020548  -0.0000003997   0.0000023005
   2.7599999907  -0.0000026860  -0.0000004971   0.0000029843
   2.7649999907  -0.0000034491  -0.0000006053   0.0000038060
   2.7699999907  -0.0000043541  -0.0000007215   0.0000047747
   2.7749999907  -0.0000054073  -0.0000008420   0.0000058943
   2.7799999907  -0.0000066089  -0.0000009619   0.0000071629
   2.7849999906  -0.0000079526  -0.0000010749   0.0000085703
   2.7899999906  -0.0000094231  -0.0000011737   0.0000100982
   2.7949999906  -0.0000109959  -0.0000012502   0.0000117183
   2.7999999906  -0.0000126362  -0.0000012957   0.0000133928
   2.8049999906  -0.0000142988  -0.0000013014   0.0000150740
   2.8099999906  -0.0000159296  -0.0000012591   0.0000167053
   2.8149999905  -0.0000174665  -0.0000011620   0.0000182230
   2.8199999905  -0.0000188419  -0.0000010052   0.0000195581
   2.8249999905  -0.0000199866  -0.0000007867   0.0000206397
   2.8299999905  -0.0000208324  -0.0000005076   0.0000213986
   2.8349999905  -0.0000213172  -0.0000001730   0.0000217716
   2.8399999905  -0.0000213886   0.0000002081   0.0000217057
   2.8449999904  -0.0000210078   0.0000006229   0.0000211627
   2.8499999904  -0.0000201531   0.0000010551   0.0000201229
   2.8549999904  -0.0000188220   0.0000014857   0.0000185883
   2.8599999904  -0.0000170327   0.0000018935   0.0000165849
   2.8649999904  -0.0000148233   0.0000022566   0.0000141626
   2.8699999904  -0.0000122503   0.0000025530   0.0000113951
   2.8749999903  -0.0000093858   0.0000027625   0.0000083762
   2.8799999903  -0.0000063134   0.0000028675   0.0000052155
   2.8849999903  -0.0000031238   0.0000028548   0.0000020320
   2.8899999903   0.0000000890   0.0000027168  -0.0000010542
   2.8949999903   0.0000032312   0.0000024534  -0.0000039313
   2.8999999903   0.0000062107   0.0000020735  -0.0000065060
   2.9049999902   0.0000089371   0.0000015968  -0.0000087135
   2.9099999902   0.0000113207   0.0000010554  -0.0000105261
   2.9149999902   0.0000132704   0.0000004943  -0.0000119599
   2.9199999902   0.0000146928  -0.0000000290  -0.0000130755
   2.9249999902   0.0000154938  -0.0000004462  -0.0000139747
   2.9299999902   0.0000155853  -0.0000006834  -0.0000147870
   2.9349999901   0.0000148983  -0.0000006691  -0.0000156494
   2.9399999901   0.0000134044  -0.0000003461  -0.0000166752
   2.9449999901   0.0000111448   0.0000003129  -0.0000179167
   2.9499999901   0.0000082652   0.0000012869  -0.0000193225
   2.9549999901   0.0000050512   0.0000024862  -0.0000206961
   2.9599999901   0.0000019577   0.0000037353  -0.0000216640
   2.9649999900  -0.0000003782   0.0000047612  -0.0000216619
   2.9699999900  -0.0000011519   0.0000051930  -0.0000199521
   2.9749999900   0.0000005533   0.0000045808  -0.0000156814
   2.9799999900   0.0000056611   0.0000024363  -0.0000079914
   2.9849999900   0.0000149385  -0.0000016963   0.0000038155
   2.9899999900   0.0000287744  -0.0000081399   0.0000200522
   2.9949999899   0.0000469070  -0.0000169536   0.0000403762
   2.9999999899   0.0000681195  -0.0000277794   0.0000634882
   3.0049999899   0.0000899320  -0.0000396773   0.0000868310
   3.0099999899   0.0001083297  -0.0000509663   0.0001063258
   3.0149999899   0.0001175735  -0.0000590949   0.0001161924
   3.0199999899   0.0001101439  -0.0000605676   0.0001089006
   3.0249999898   0.0000768634  -0.0000509521   0.0000752984
   3.0299999898   0.0000072340  -0.0000249941   0.0000049520
   3.0349999898  -0.0001099912   0.0000231461  -0.0001132862
   3.0399999898  -0.0002860111   0.0000995270  -0.0002904883
   3.0449999898  -0.0005309892   0.0002099402  -0.0005366752
   3.0499999898  -0.0008529437   0.0003593292  -0.0008597221
   3.0549999897  -0.0012566109   0.0005511568  -0.0012642382
   3.0599999897  -0.0017423983   0.0007867784  -0.0017505345
   3.0649999897  -0.0023055554   0.0010648895  -0.0023138058
   3.0699999897  -0.0029356810   0.0013811204  -0.0029436448
   3.0749999897  -0.0036166692   0.0017278437  -0.0036239873
   3.0799999897  -0.0043271543   0.0020942496  -0.0043335504
   3.0849999896  -0.0050414655   0.0024667153  -0.0050467742
   3.0899999896  -0.0057310439   0.0028294709  -0.0057352223
   3.0949999896  -0.0063662160   0.0031655237  -0.0063693368
   3.0999999896  -0.0069181648   0.0034577726  -0.0069203931
   3.1049999896  -0.0073609089   0.0036902158  -0.0073624651
   3.1099999896  -0.0076730844   0.0038491337  -0.0076742011
   3.1149999895  -0.0078393413   0.0039241258  -0.0078402201
   3.1199999895  -0.0078512075   0.0039088913  -0.0078519835
   3.1249999895  -0.0077073355   0.0038016646  -0.0077080551
   3.1299999895  -0.0074131262   0.0036052607  -0.0074137416
   3.1349999895  -0.0069798043   0.0033267285  -0.0069801864
   3.1399999895  -0.0064230934   0.0029766591  -0.0064230592
   3.1449999894  -0.0057616870   0.0025682404  -0.0057610374
   3.1499999894  -0.0050157345   0.0021161787  -0.0050142959
   3.1549999894  -0.0042055474   0.0016356226  -0.0042032083
   3.1599999894  -0.0033506810   0.0011412179  -0.0033474182
   3.1649999894  -0.0024694756   0.0006463946  -0.0024653640
   3.1699999894  -0.0015790488   0.0001629470  -0.0015742534
   3.1749999893  -0.0006956459  -0.0002990848  -0.0006903963
   3.1799999893   0.0001648198  -0.0007312758   0.0001702670
   3.1849999893   0.0009862429  -0.0011265055   0.0009916486
   3.1899999893   0.0017520259  -0.0014785908   0.0017572115
   3.1949999893   0.0024451709  -0.0017819809   0.0024500524
   3.1999999893   0.0030488538  -0.0020316183   0.0030534609
   3.2049999892   0.0035474691  -0.0022230279   0.0035519462
   3.2099999892   0.0039280319  -0.0023526452   0.0039326202
   3.2149999892   0.0041817283  -0.0024183404   0.0041867323
   3.2199999892   0.0043053509  -0.0024200391   0.0043110943
   3.2249999892   0.0043023419  -0.0023603101   0.0043091198
   3.2299999892   0.0041832060  -0.0022447791   0.0041912418
   3.2349999891   0.0039651424  -0.0020822427   0.0039745549
   3.2399999891   0.0036708629  -0.0018843988   0.0036816485
   3.2449999891   0.0033266956  -0.0016651725   0.0033387273
   3.2499999891   0.0029601964  -0.0014396830   0.0029732391
   3.2549999891   0.0025975776  -0.0012229622   0.0026113153
   3.2599999891   0.0022613031  -0.0010285890   0.0022753737
   3.2649999890   0.0019681799  -0.0008674209   0.0019822111
   3.2699999890   0.0017282007  -0.0007466032   0.0017418421
   3.2749999890   0.0015442762  -0.0006689959   0.0015572230
   3.2799999890   0.0014128555  -0.0006331013   0.0014248616
   3.2849999890   0.0013252977  -0.0006334972   0.0013361785
   3.2899999890   0.0012697494  -0.0006617096   0.0012793755
   3.2949999889   0.0012332171  -0.0007073938   0.0012415017
   3.2999999889   0.0012035178  -0.0007596525   0.0012104025
   3.3049999889   0.0011708350  -0.0008083111   0.0011762753
   3.3099999889   0.0011286951  -0.0008449836   0.0011326505
   3.3149999889   0.0010742938  -0.0008638092   0.0010767226
   3.3199999889   0.0010082138  -0.0008617964   0.0010090730
   3.3249999888   0.0009336700  -0.0008387736   0.0009329202
   3.3299999888   0.0008554781  -0.0007970045   0.0008530925
   3.3349999888   0.0007789598  -0.0007405645   0.0007749337
   3.3399999888   0.0007089698  -0.0006745955   0.0007033316
   3.3449999888   0.0006491806  -0.0006045563   0.0006420011
   3.3499999888   0.0006016865  -0.0005355631   0.0005930856
   3.3549999887   0.0005669214  -0.0004718865   0.0005570723
   3.3599999887   0.0005438314  -0.0004166358   0.0005329602
   3.3649999887   0.0005302152  -0.0003716268   0.0005185962
   3.3699999887   0.0005231395  -0.0003374118   0.0005110850
   3.3749999887   0.0005193556  -0.0003134324   0.0005071999
   3.3799999886   0.0005156685  -0.0002982548   0.0005037475
   3.3849999886   0.0005092398  -0.0002898525   0.0004978663
   3.3899999886   0.0004978223  -0.0002859035   0.0004872592
   3.3949999886   0.0004799291  -0.0002840781   0.0004703652
   3.3999999886   0.0004549377  -0.0002822944   0.0004464677
   3.4049999886   0.0004231108  -0.0002789187   0.0004157249
   3.4099999885   0.0003855143  -0.0002728907   0.0003790997
   3.4149999885   0.0003438068  -0.0002637536   0.0003381627
   3.4199999885   0.0002998975  -0.0002515803   0.0002947629
   3.4249999885   0.0002554958  -0.0002367990   0.0002505866
   3.4299999885   0.0002116142  -0.0002199424   0.0002066653
   3.4349999885   0.0001681182  -0.0002013619   0.0001629232
   3.4399999884   0.0001234325  -0.0001809656   0.0001178749
   3.4449999884   0.0000745017  -0.0001580415   0.0000685708
   3.4499999884   0.0000170637  -0.0001312175   0.0000108537
   3.4549999884  -0.0000537666  -0.0000985898  -0.0000600759
   3.4599999884  -0.0001426815  -0.0000580109  -0.0001488598
   3.4649999884  -0.0002532770  -0.0000074980  -0.0002590860
   3.4699999883  -0.0003872427   0.0000543178  -0.0003924803
   3.4749999883  -0.0005438281   0.0001277933  -0.0005483651
   3.4799999883  -0.0007197226   0.0002120201  -0.0007235250
   3.4849999883  -0.0009094011   0.0003047824  -0.0009125341
   3.4899999883  -0.0011058848   0.0004027530  -0.0011084982
   3.4949999883  -0.0013017653   0.0005018971  -0.0013040636
   3.4999999882  -0.0014902704   0.0005980086  -0.0014924736
   3.5049999882  -0.0016661306   0.0006872668  -0.0016684341
   3.5099999882  -0.0018260438   0.0007666921  -0.0018285847
   3.5149999882  -0.0019686285   0.0008344015  -0.0019714657
   3.5199999882  -0.0020938804   0.0008896073  -0.0020969902
   3.5249999882  -0.0022022755   0.0009323664  -0.0022055629
   3.5299999881  -0.0022937582   0.0009631474  -0.0022970812
   3.5349999881  -0.0023668960   0.0009823333  -0.0023700953
   3.5399999881  -0.0024184478   0.0009897939  -0.0024213767
   3.5449999881  -0.0024435002   0.0009846499  -0.0024460473
   3.5499999881  -0.0024361798   0.0009653055  -0.0024382824
   3.5549999881  -0.0023908030   0.0009297539  -0.0023924484
   3.5599999880  -0.0023031982   0.0008760954  -0.0023044160
   3.5649999880  -0.0021718793   0.0008031404  -0.0021727280
   3.5699999880  -0.0019987679   0.0007109490  -0.0019993200
   3.5749999880  -0.0017892625   0.0006011601  -0.0017895931
   3.5799999880  -0.0015516079   0.0004770166  -0.0015517886
   3.5849999880  -0.0012956915   0.0003430598  -0.0012957898
   3.5899999879  -0.0010315387   0.0002045514  -0.0010316212
   3.5949999879  -0.0007678576   0.0000667498  -0.0007679938
   3.5999999879  -0.0005109772  -0.0000657966  -0.0005112401
   3.6049999879  -0.0002644221  -0.0001897764  -0.0002648837
   3.6099999879  -0.0000292060  -0.0003033461  -0.0000299272
   3.6149999879   0.0001952609  -0.0004060232   0.0001942442
   3.6199999878   0.0004099173  -0.0004982850   0.0004086080
   3.6249999878   0.0006148069  -0.0005809928   0.0006132547
   3.6299999878   0.0008081996  -0.0006548057   0.0008065011
   3.6349999878   0.0009863376  -0.0007197455   0.0009846244
   3.6399999878   0.0011438910  -0.0007750347   0.0011423074
   3.6449999878   0.0012750165  -0.0008192506   0.0012736914
   3.6499999877   0.0013747393  -0.0008507512   0.0013737574
   3.6549999877   0.0014402835  -0.0008682504   0.0014396635
   3.6599999877   0.0014719792  -0.0008713771   0.0014716656
   3.6649999877   0.0014734792  -0.0008610507   0.0014733504
   3.6699999877   0.0014512003  -0.0008395564   0.0014510935
   3.6749999877   0.0014131103  -0.0008102787   0.0014128574
   3.6799999876   0.0013671591  -0.0007771500   0.0013666266
   3.6849999876   0.0013197528  -0.0007439449   0.0013188760
   3.6899999876   0.0012746631  -0.0007135994   0.0012734660
   3.6949999876   0.0012326481  -0.0006877288   0.0012312431
   3.6999999876   0.0011918721  -0.0006664685   0.0011904386
   3.7049999876   0.0011489953  -0.0006486750   0.0011477418
   3.7099999875   0.0011006228  -0.0006324302   0.0010997398
   3.7149999875   0.0010447036  -0.0006157097   0.0010443197
   3.7199999875   0.0009814866  -0.0005970332   0.0009816363
   3.7249999875   0.0009137617  -0.0005759192   0.0009143754
   3.7299999875   0.0008463183  -0.0005530248   0.0008472350
   3.7349999875   0.0007847679  -0.0005299351   0.0007857698
   3.7399999874   0.0007340644  -0.0005086696   0.0007349245
   3.7449999874   0.0006971385  -0.0004910465   0.0006976702
   3.7499999874   0.0006740395  -0.0004780922   0.0006741371
   3.7549999874   0.0006618367  -0.0004696662   0.0006614965
   3.7599999874   0.0006553228  -0.0004644134   0.0006546404
   3.7649999874   0.0006483385  -0.0004600643   0.0006474832
   3.7699999873   0.0006353611  -0.0004540045   0.0006345336
   3.7749999873   0.0006129227  -0.0004439586   0.0006123069
   3.7799999873   0.0005804698  -0.0004285985   0.0005801905
   3.7849999873   0.0005404276  -0.0004079097   0.0005405237
   3.7899999873   0.0004974540  -0.0003832087   0.0004978733
   3.7949999873   0.0004570922  -0.0003568078   0.0004577093
   3.7999999872   0.0004242004  -0.0003314175   0.0004248508
   3.8049999872   0.0004015950  -0.0003094488   0.0004021180
   3.8099999872   0.0003892863  -0.0002924094   0.0003895647
   3.8149999872   0.0003845140  -0.0002805555   0.0003845013
   3.8199999872   0.0003825674  -0.0002728923   0.0003822964
   3.8249999872   0.0003781521  -0.0002675184   0.0003777221
   3.8299999871   0.0003669109  -0.0002622098   0.0003664603
   3.8349999871   0.0003466693  -0.0002550784   0.0003463385
   3.8399999871   0.0003180509  -0.0002451160   0.0003179470
   3.8449999871   0.0002842934  -0.0002324715   0.0002844652
   3.8499999871   0.0002503209  -0.0002183862   0.0002507500
   3.8549999871   0.0002213416  -0.0002048093   0.0002219507
   3.8599999870   0.0002013714  -0.0001938078   0.0002020476
   3.8649999870   0.0001921040  -0.0001869413   0.0001927296
   3.8699999870   0.0001924465  -0.0001847826   0.0001929291
   3.8749999870   0.0001988461  -0.0001867215   0.0001991400
   3.8799999870   0.0002063096  -0.0001911069   0.0002064237
   3.8849999870   0.0002098186  -0.0001956860   0.0002098096
   3.8899999869   0.0002057339  -0.0001982149   0.0002056876
   3.8949999869   0.0001927908  -0.0001970667   0.0001927966
   3.8999999869   0.0001724057  -0.0001916647   0.0001725327
   3.9049999869   0.0001482159  -0.0001826204   0.0001484957
   3.9099999869   0.0001249935  -0.0001715398   0.0001254148
   3.9149999869   0.0001072524  -0.0001605567   0.0001077677
   3.9199999868   0.0000979504  -0.0001517276   0.0000984916
   3.9249999868   0.0000976560  -0.0001464610   0.0000981553
   3.9299999868   0.0001044117  -0.0001451407   0.0001048206
   3.9349999868   0.0001143233  -0.0001470465   0.0001146245
   3.9399999868   0.0001226938  -0.0001505875   0.0001229040
   3.9449999868   0.0001253709  -0.0001537762   0.0001255336
   3.9499999867   0.0001199182  -0.0001548046   0.0001200896
   3.9549999867   0.0001062781  -0.0001525546   0.0001065100
   3.9599999867   0.0000867458  -0.0001469005   0.0000870713
   3.9649999867   0.0000652750  -0.0001387221   0.0000656999
   3.9699999867   0.0000463252  -0.0001296306   0.0000468273
   3.9749999867   0.0000335888  -0.0001214930   0.0000341260
   3.9799999866   0.0000289650  -0.0001158949   0.0000294874
   3.9849999866   0.0000320657  -0.0001136973   0.0000325299
   3.9899999866   0.0000403842  -0.0001148101   0.0000407640
   3.9949999866   0.0000500613  -0.0001182441   0.0000503539
   3.9999999866   0.0000570167  -0.0001224162   0.0000572414
   4.0049999866   0.0000581127  -0.0001256174   0.0000583039
   4.0099999865   0.0000520188  -0.0001265023   0.0000522160
   4.0149999865   0.0000395378  -0.0001244622   0.0000397744
   4.0199999865   0.0000233157  -0.0001197764   0.0000236108
   4.0249999865   0.0000070358  -0.0001135055   0.0000073906
   4.0299999865  -0.0000056579  -0.0001071646  -0.0000052589
   4.0349999864  -0.0000121948  -0.0001022749  -0.0000117781
   4.0399999864  -0.0000117752  -0.0000999272  -0.0000113705
   4.0449999864  -0.0000055441  -0.0001004791  -0.0000051772
   4.0499999864   0.0000037893  -0.0001034712   0.0000041028
   4.0549999864   0.0000127623  -0.0001077772   0.0000130187
   4.0599999864   0.0000181526  -0.0001119392   0.0000183597
   4.0649999863   0.0000178696  -0.0001145880   0.0000180428
   4.0699999863   0.0000114940  -0.0001148254   0.0000116523
   4.0749999863   0.0000003290  -0.0001124627   0.0000004906
   4.0799999863  -0.0000130329  -0.0001080529  -0.0000128536
   4.0849999863  -0.0000254848  -0.0001027139  -0.0000252792
   4.0899999863  -0.0000342905  -0.0000978011  -0.0000340557
   4.0949999862  -0.0000378258  -0.0000945258  -0.0000375647
   4.0999999862  -0.0000359771  -0.0000936274  -0.0000356971
   4.1049999862  -0.0000301006  -0.0000951891  -0.0000298129
   4.1099999862  -0.0000225764  -0.0000986421  -0.0000222952
   4.1149999862  -0.0000161014  -0.0001029476  -0.0000158422
   4.1199999862  -0.0000129316  -0.0001068991  -0.0000127090
   4.1249999861  -0.0000142858  -0.0001094564  -0.0000141106
   4.1299999861  -0.0000200672  -0.0001100162  -0.0000199433
   4.1349999861  -0.0000289615  -0.0001085515  -0.0000288828
   4.1399999861  -0.0000388617  -0.0001055852  -0.0000388119
   4.1449999861  -0.0000474853  -0.0001020180  -0.0000474392
   4.1499999861  -0.0000530009  -0.0000988624  -0.0000529292
   4.1549999860  -0.0000544948  -0.0000969624  -0.0000543710
   4.1599999860  -0.0000521608  -0.0000967752  -0.0000519682
   4.1649999860  -0.0000471795  -0.0000982689  -0.0000469174
   4.1699999860  -0.0000413420  -0.0001009577  -0.0000410280
   4.1749999860  -0.0000365361  -0.0001040561  -0.0000362041
   4.1799999860  -0.0000342423  -0.0001067028  -0.0000339350
   4.1849999859  -0.0000351720  -0.0001081922  -0.0000349308
   4.1899999859  -0.0000391335  -0.0001081502  -0.0000389871
   4.1949999859  -0.0000451431  -0.0001066133  -0.0000450986
   4.1999999859  -0.0000517338  -0.0001039973  -0.0000517727
   4.2049999859  -0.0000573652  -0.0001009695  -0.0000574465
   4.2099999859  -0.0000608233  -0.0000982663  -0.0000608928
   4.2149999858  -0.0000615074  -0.0000965040  -0.0000615114
   4.2199999858  -0.0000595426  -0.0000960326  -0.0000594425
   4.2249999858  -0.0000557024  -0.0000968655  -0.0000554862
   4.2299999858  -0.0000511777  -0.0000986972  -0.0000508651
   4.2349999858  -0.0000472591  -0.0001009987  -0.0000468979
   4.2399999858  -0.0000450172  -0.0001031628  -0.0000446726
   4.2449999857  -0.0000450569  -0.0001046595  -0.0000447949
   4.2499999857  -0.0000473976  -0.0001051644  -0.0000472684
   4.2549999857  -0.0000514990  -0.0001046310  -0.0000515239
   4.2599999857  -0.0000564163  -0.0001032916  -0.0000565821
   4.2649999857  -0.0000610416  -0.0001015911  -0.0000613047
   4.2699999857  -0.0000643726  -0.0001000718  -0.0000646708
   4.2749999856  -0.0000657457  -0.0000992374  -0.0000660159
   4.2799999856  -0.0000649839  -0.0000994305  -0.0000651801
   4.2849999856  -0.0000624276  -0.0001007498  -0.0000625350
   4.2899999856  -0.0000588455  -0.0001030285  -0.0000588851
   4.2949999856  -0.0000552447  -0.0001058761  -0.0000552700
   4.2999999856  -0.0000526265  -0.0001087750  -0.0000527099
   4.3049999855  -0.0000517416  -0.0001112084  -0.0000519564
   4.3099999855  -0.0000529028  -0.0001127885  -0.0000533050
   4.3149999855  -0.0000559007  -0.0001133542  -0.0000565155
   4.3199999855  -0.0000600464  -0.0001130140  -0.0000608621
   4.3249999855  -0.0000643324  -0.0001121206  -0.0000653051
   4.3299999855  -0.0000676788  -0.0001111847  -0.0000687447
   4.3349999854  -0.0000692051  -0.0001107455  -0.0000702974
   4.3399999854  -0.0000684595  -0.0001112314  -0.0000695261
   4.3449999854  -0.0000655460  -0.0001128463  -0.0000665614
   4.3499999854  -0.0000611110  -0.0001155108  -0.0000620818
   4.3549999854  -0.0000561886  -0.0001188761  -0.0000571490
   4.3599999854  -0.0000519384  -0.0001224093  -0.0000529392
   4.3649999853  -0.0000493433  -0.0001255279  -0.0000504365
   4.3699999853  -0.0000489452  -0.0001277521  -0.0000501688
   4.3749999853  -0.0000506926  -0.0001288311  -0.0000520598
   4.3799999853  -0.0000539447  -0.0001288123  -0.0000554396
   4.3849999853  -0.0000576350  -0.0001280317  -0.0000592166
   4.3899999853  -0.0000605549  -0.0001270274  -0.0000621663
   4.3949999852  -0.0000616810  -0.0001263972  -0.0000632628
   4.3999999852  -0.0000604574  -0.0001266399  -0.0000619602
   4.4049999852  -0.0000569532  -0.0001280208  -0.0000583471
   4.4099999852  -0.0000518500  -0.0001305005  -0.0000531282
   4.4149999852  -0.0000462594  -0.0001337454  -0.0000474362
   4.4199999852  -0.0000414204  -0.0001372185  -0.0000425245
   4.4249999851  -0.0000383605  -0.0001403257  -0.0000394252
   4.4299999851  -0.0000376143  -0.0001425775  -0.0000386683
   4.4349999851  -0.0000390800  -0.0001437227  -0.0000401401
   4.4399999851  -0.0000420538  -0.0001438158  -0.0000431217
   4.4449999851  -0.0000454317  -0.0001432011  -0.0000464950
   4.4499999851  -0.0000480229  -0.0001424168  -0.0000490588
   4.4549999850  -0.0000488836  -0.0001420468  -0.0000498649
   4.4599999850  -0.0000475779  -0.0001425611  -0.0000484793
   4.4649999850  -0.0000442935  -0.0001441881  -0.0000450967
   4.4699999850  -0.0000397796  -0.0001468546  -0.0000404761
   4.4749999850  -0.0000351293  -0.0001502094  -0.0000357213
   4.4799999850  -0.0000314682  -0.0001537223  -0.0000319675
   4.4849999849  -0.0000296405  -0.0001568306  -0.0000300657
   4.4899999849  -0.0000299803  -0.0001590935  -0.0000303533
   4.4949999849  -0.0000322289  -0.0001603096  -0.0000325714
   4.4999999849  -0.0000356206  -0.0001605672  -0.0000359501
   4.5049999849  -0.0000391046  -0.0001602147  -0.0000394322
   4.5099999849  -0.0000416411  -0.0001597594  -0.0000419691
   4.5149999848  -0.0000424838  -0.0001597255  -0.0000428049
   4.5199999848  -0.0000413735  -0.0001605090  -0.0000416721
   4.5249999848  -0.0000385917  -0.0001622717  -0.0000388457
   4.5299999848  -0.0000348645  -0.0001649003  -0.0000350499
   4.5349999848  -0.0000311511  -0.0001680421  -0.0000312464
   4.5399999848  -0.0000283769  -0.0001712047  -0.0000283679
   4.5449999847  -0.0000271880  -0.0001738927  -0.0000270715
   4.5499999847  -0.0000277911  -0.0001757410  -0.0000275760
   4.5549999847  -0.0000299175  -0.0001766107  -0.0000296233
   4.5599999847  -0.0000329155  -0.0001766218  -0.0000325679
   4.5649999847  -0.0000359383  -0.0001761153  -0.0000355629
   4.5699999847  -0.0000381741  -0.0001755575  -0.0000377893
   4.5749999846  -0.0000390559  -0.0001754135  -0.0000386671
   4.5799999846  -0.0000383960  -0.0001760252  -0.0000379933
   4.5849999846  -0.0000364175  -0.0001775255  -0.0000359766
   4.5899999846  -0.0000336780  -0.0001798110  -0.0000331653
   4.5949999846  -0.0000309131  -0.0001825775  -0.0000302932
   4.5999999846  -0.0000288421  -0.0001854074  -0.0000280870
   4.6049999845  -0.0000279884  -0.0001878830  -0.0000270843
   4.6099999845  -0.0000285572  -0.0001896959  -0.0000275085
   4.6149999845  -0.0000303978  -0.0001907233  -0.0000292261
   4.6199999845  -0.0000330558  -0.0001910534  -0.0000317945
   4.6249999845  -0.0000358974  -0.0001909550  -0.0000345825
   4.6299999845  -0.0000382721  -0.0001908027  -0.0000369325
   4.6349999844  -0.0000396729  -0.0001909765  -0.0000383220
   4.6399999844  -0.0000398557  -0.0001917654  -0.0000384864
   4.6449999844  -0.0000388906  -0.0001932969  -0.0000374761
   4.6499999844  -0.0000371355  -0.0001955095  -0.0000356347
   4.6549999844  -0.0000351403  -0.0001981749  -0.0000335073
   4.6599999844  -0.0000335074  -0.0002009598  -0.0000317019
   4.6649999843  -0.0000327424  -0.0002035137  -0.0000307388
   4.6699999843  -0.0000331310  -0.0002055568  -0.0000309240
   4.6749999843  -0.0000346718  -0.0002069498  -0.0000322759
   4.6799999843  -0.0000370800  -0.0002077261  -0.0000345248
   4.6849999843  -0.0000398609  -0.0002080806  -0.0000371815
   4.6899999843  -0.0000424348  -0.0002083191  -0.0000396611
   4.6949999842  -0.0000442819  -0.0002087796  -0.0000414296
   4.6999999842  -0.0000450727  -0.0002097476  -0.0000421370
   4.7049999842  -0.0000447509  -0.0002113843  -0.0000417063
   4.7099999842  -0.0000435476  -0.0002136869  -0.0000403526
   4.7149999842  -0.0000419240  -0.0002164904  -0.0000385297
   4.7199999841  -0.0000404548  -0.0002195115  -0.0000368159
   4.7249999841  -0.0000396830  -0.0002224216  -0.0000357674
   4.7299999841  -0.0000399806  -0.0002249329  -0.0000357760
   4.7349999841  -0.0000414528  -0.0002268723  -0.0000369682
   4.7399999841  -0.0000439091  -0.0002282269  -0.0000391714
   4.7449999841  -0.0000469107  -0.0002291460  -0.0000419563
   4.7499999840  -0.0000498823  -0.0002299020  -0.0000447469
   4.7549999840  -0.0000522598  -0.0002308176  -0.0000469691
   4.7599999840  -0.0000536365  -0.0002321813  -0.0000481989
   4.7649999840  -0.0000538688  -0.0002341718  -0.0000482733
   4.7699999840  -0.0000531129  -0.0002368131  -0.0000473320
   4.7749999840  -0.0000517828  -0.0002399712  -0.0000457804
   4.7799999839  -0.0000504394  -0.0002433918  -0.0000441806
   4.7849999839  -0.0000496405  -0.0002467705  -0.0000431027
   4.7899999839  -0.0000497915  -0.0002498329  -0.0000429716
   4.7949999839  -0.0000510368  -0.0002524059  -0.0000439552
   4.7999999839  -0.0000532214  -0.0002544594  -0.0000459199
   4.8049999839  -0.0000559335  -0.0002561100  -0.0000484686
   4.8099999838  -0.0000586154  -0.0002575857  -0.0000510485
   4.8149999838  -0.0000607138  -0.0002591643  -0.0000531001
   4.8199999838  -0.0000618262  -0.0002611001  -0.0000542066
   4.8249999838  -0.0000618065  -0.0002635610  -0.0000542031
   4.8299999838  -0.0000607991  -0.0002665890  -0.0000532160
   4.8349999838  -0.0000591954  -0.0002700943  -0.0000516250
   4.8399999837  -0.0000575248  -0.0002738823  -0.0000499568
   4.8449999837  -0.0000563118  -0.0002777053  -0.0000487439
   4.8499999837  -0.0000559382  -0.0002813259  -0.0000483844
   4.8549999837  -0.0000565484  -0.0002845748  -0.0000490430
   4.8599999837  -0.0000580196  -0.0002873907  -0.0000506161
   4.8649999837  -0.0000600056  -0.0002898334  -0.0000527702
   4.8699999836  -0.0000620376  -0.0002920664  -0.0000550391
   4.8749999836  -0.0000636535  -0.0002943151  -0.0000569524
   4.8799999836  -0.0000645219  -0.0002968103  -0.0000581609
   4.8849999836  -0.0000645264  -0.0002997312  -0.0000585256
   4.8899999836  -0.0000637919  -0.0003031611  -0.0000581489
   4.8949999836  -0.0000626479  -0.0003070665  -0.0000573429
   4.8999999835  -0.0000615410  -0.0003113064  -0.0000565461
   4.9049999835  -0.0000609218  -0.0003156680  -0.0000562105
   4.9099999835  -0.0000611354  -0.0003199203  -0.0000566911
   4.9149999835  -0.0000623422  -0.0003238737  -0.0000581623
   4.9199999835  -0.0000644883  -0.0003274285  -0.0000605837
   4.9249999835  -0.0000673289  -0.0003306000  -0.0000637186
   4.9299999834  -0.0000704967  -0.0003335148  -0.0000672003
   4.9349999834  -0.0000735981  -0.0003363775  -0.0000706264
   4.9399999834  -0.0000763100  -0.0003394175  -0.0000736586
   4.9449999834  -0.0000784564  -0.0003428302  -0.0000761028
   4.9499999834  -0.0000800456  -0.0003467273  -0.0000779504
   4.9549999834  -0.0000812611  -0.0003511102  -0.0000793737
   4.9599999833  -0.0000824099  -0.0003558719  -0.0000806763
   4.9649999833  -0.0000838416  -0.0003608271  -0.0000822127
   4.9699999833  -0.0000858588  -0.0003657623  -0.0000842973
   4.9749999833  -0.0000886406  -0.0003704908  -0.0000871243
   4.9799999833  -0.0000921970  -0.0003749005  -0.0000907190
   4.9849999833  -0.0000963650  -0.0003789810  -0.0000949302
   4.9899999832  -0.0001008464  -0.0003828251  -0.0000994668
   4.9949999832  -0.0001052784  -0.0003866038  -0.0001039677
   4.9999999832  -0.0001093179  -0.0003905238  -0.0001080876
   5.0049999832  -0.0001127211  -0.0003947760  -0.0001115792
   5.0099999832  -0.0001153984  -0.0003994902  -0.0001143498
   5.0149999832  -0.0001174310  -0.0004047048  -0.0001164803
   5.0199999831  -0.0001190471  -0.0004103598  -0.0001182023
   5.0249999831  -0.0001205628  -0.0004163134  -0.0001198385
   5.0299999831  -0.0001223027  -0.0004223802  -0.0001217221
   5.0349999831  -0.0001245188  -0.0004283785  -0.0001241151
   5.0399999831  -0.0001273294  -0.0004341783  -0.0001271447
   5.0449999831  -0.0001306901  -0.0004397353  -0.0001307742
   5.0499999830  -0.0001344075  -0.0004451043  -0.0001348153
   5.0549999830  -0.0001381891  -0.0004504260  -0.0001389787
   5.0599999830  -0.0001417202  -0.0004558914  -0.0001429511
   5.0649999830  -0.0001447476  -0.0004616929  -0.0001464787
   5.0699999830  -0.0001471492  -0.0004679727  -0.0001494373
   5.0749999830  -0.0001489722  -0.0004747856  -0.0001518707
   5.0799999829  -0.0001504297  -0.0004820828  -0.0001539869
   5.0849999829  -0.0001518546  -0.0004897241  -0.0001561129
   5.0899999829  -0.0001536230  -0.0004975142  -0.0001586183
   5.0949999829  -0.0001560649  -0.0005052526  -0.0001618271
   5.0999999829  -0.0001593857  -0.0005127841  -0.0001659402
   5.1049999829  -0.0001636181  -0.0005200357  -0.0001709883
   5.1099999828  -0.0001686187  -0.0005270298  -0.0001768281
   5.1149999828  -0.0001741091  -0.0005338707  -0.0001831833
   5.1199999828  -0.0001797527  -0.0005407094  -0.0001897197
   5.1249999828  -0.0001852454  -0.0005476965  -0.0001961348
   5.1299999828  -0.0001903986  -0.0005549374  -0.0002022382
   5.1349999828  -0.0001951893  -0.0005624616  -0.0002080015
   5.1399999827  -0.0001997666  -0.0005702136  -0.0002135639
   5.1449999827  -0.0002044103  -0.0005780669  -0.0002191926
   5.1499999827  -0.0002094539  -0.0005858565  -0.0002252077
   5.1549999827  -0.0002151921  -0.0005934201  -0.0002318917
   5.1599999827  -0.0002217979  -0.0006006379  -0.0002394094
   5.1649999827  -0.0002292696  -0.0006074607  -0.0002477559
   5.1699999826  -0.0002374239  -0.0006139213  -0.0002567496
   5.1749999826  -0.0002459334  -0.0006201280  -0.0002660687
   5.1799999826  -0.0002544009  -0.0006262428  -0.0002753217
   5.1849999826  -0.0002624471  -0.0006324511  -0.0002841337
   5.1899999826  -0.0002697912  -0.0006389296  -0.0002922233
   5.1949999826  -0.0002763014  -0.0006458211  -0.0002994523
   5.1999999825  -0.0002820040  -0.0006532193  -0.0003058352
   5.2049999825  -0.0002870501  -0.0006611676  -0.0003115073
   5.2099999825  -0.0002916487  -0.0006696707  -0.0003166609
   5.2149999825  -0.0002959863  -0.0006787153  -0.0003214679
   5.2199999825  -0.0003001537  -0.0006882943  -0.0003260095
   5.2249999825  -0.0003040998  -0.0006984289  -0.0003302308
   5.2299999824  -0.0003076234  -0.0007091813  -0.0003339330
   5.2349999824  -0.0003104053  -0.0007206540  -0.0003368032
   5.2399999824  -0.0003120712  -0.0007329757  -0.0003384749
   5.2449999824  -0.0003122696  -0.0007462733  -0.0003386028
   5.2499999824  -0.0003107446  -0.0007606385  -0.0003369341
   5.2549999824  -0.0003073876  -0.0007760925  -0.0003333581
   5.2599999823  -0.0003022543  -0.0007925588  -0.0003279245
   5.2649999823  -0.0002955470  -0.0008098487  -0.0003208272
   5.2699999823  -0.0002875673  -0.0008276630  -0.0003123591
   5.2749999823  -0.0002786519  -0.0008456077  -0.0003028506
   5.2799999823  -0.0002691093  -0.0008632207  -0.0002926086
   5.2849999823  -0.0002591720  -0.0008800022  -0.0002818688
   5.2899999822  -0.0002489747  -0.0008954413  -0.0002707744
   5.2949999822  -0.0002385637  -0.0009090349  -0.0002593837
   5.2999999822  -0.0002279334  -0.0009202929  -0.0002477045
   5.3049999822  -0.0002170791  -0.0009287340  -0.0002357456
   5.3099999822  -0.0002060547  -0.0009338732  -0.0002235720
   5.3149999822  -0.0001950181  -0.0009352083  -0.0002113500
   5.3199999821  -0.0001842544  -0.0009322109  -0.0001993695
   5.3249999821  -0.0001741690  -0.0009243281  -0.0001880385
   5.3299999821  -0.0001652519  -0.0009109966  -0.0001778476
   5.3349999821  -0.0001580187  -0.0008916694  -0.0001693125
   5.3399999821  -0.0001529419  -0.0008658527  -0.0001629073
   5.3449999821  -0.0001503875  -0.0008331451  -0.0001590011
   5.3499999820  -0.0001505708  -0.0007932753  -0.0001578152
   5.3549999820  -0.0001535424  -0.0007461294  -0.0001594091
   5.3599999820  -0.0001592065  -0.0006917647  -0.0001636976
   5.3649999820  -0.0001673664  -0.0006304068  -0.0001704967
   5.3699999820  -0.0001777864  -0.0005624312  -0.0001795827
   5.3749999820  -0.0001902514  -0.0004883340  -0.0001907520
   5.3799999819  -0.0002046111  -0.0004086958  -0.0002038626
   5.3849999819  -0.0002207946  -0.0003241485  -0.0002188489
   5.3899999819  -0.0002387934  -0.0002353482  -0.0002357039
   5.3949999819  -0.0002586183  -0.0001429602  -0.0002544366
   5.3999999819  -0.0002802416  -0.0000476555  -0.0002750162
   5.4049999818  -0.0003035441   0.0000498843  -0.0002973195
   5.4099999818  -0.0003282796   0.0001489591  -0.0003210985
   5.4149999818  -0.0003540717   0.0002488473  -0.0003459771
   5.4199999818  -0.0003804408   0.0003488140  -0.0003714800
   5.4249999818  -0.0004068591   0.0004481336  -0.0003970863
   5.4299999818  -0.0004328168   0.0005461256  -0.0004222949
   5.4349999817  -0.0004578850   0.0006421991  -0.0004466853
   5.4399999817  -0.0004817601   0.0007358969  -0.0004699600
   5.4449999817  -0.0005042799   0.0008269291  -0.0004919590
   5.4499999817  -0.0005254088   0.0009151896  -0.0005126443
   5.4549999817  -0.0005451996   0.0010007503  -0.0005320613
   5.4599999817  -0.0005637401   0.0010838348  -0.0005502876
   5.4649999816  -0.0005811009   0.0011647781  -0.0005673823
   5.4699999816  -0.0005972944   0.0012439811  -0.0005833475
   5.4749999816  -0.0006122559   0.0013218695  -0.0005981113
   5.4799999816  -0.0006258470   0.0013988640  -0.0006115326
   5.4849999816  -0.0006378806   0.0014753664  -0.0006234257
   5.4899999816  -0.0006481576   0.0015517576  -0.0006335967
   5.4949999815  -0.0006565071   0.0016284053  -0.0006418807
   5.4999999815  -0.0006628167   0.0017056714  -0.0006481710
   5.5049999815  -0.0006670480   0.0017839148  -0.0006524318
   5.5099999815  -0.0006692306   0.0018634842  -0.0006546915
   5.5149999815  -0.0006694377   0.0019447012  -0.0006550175
   5.5199999815  -0.0006677474   0.0020278364  -0.0006534790
   5.5249999814  -0.0006641999   0.0021130824  -0.0006501058
   5.5299999814  -0.0006587604   0.0022005310  -0.0006448532
   5.5349999814  -0.0006512963   0.0022901572  -0.0006375813
   5.5399999814  -0.0006415751   0.0023818152  -0.0006280541
   5.5449999814  -0.0006292827   0.0024752453  -0.0006159589
   5.5499999814  -0.0006140595   0.0025700914  -0.0006009404
   5.5549999813  -0.0005955448   0.0026659263  -0.0005826445
   5.5599999813  -0.0005734205   0.0027622795  -0.0005607594
   5.5649999813  -0.0005474441   0.0028586651  -0.0005350470
   5.5699999813  -0.0005174650   0.0029546037  -0.0005053575
   5.5749999813  -0.0004834215   0.0030496359  -0.0004716260
   5.5799999813  -0.0004453200   0.0031433246  -0.0004338519
   5.5849999812  -0.0004032031   0.0032352477  -0.0003920690
   5.5899999812  -0.0003571153   0.0033249818  -0.0003463123
   5.5949999812  -0.0003070743   0.0034120827  -0.0002965915
   5.5999999812  -0.0002530556   0.0034960674  -0.0002428768
   5.6049999812  -0.0001949932   0.0035764034  -0.0001851009
   5.6099999812  -0.0001327973   0.0036525074  -0.0001231763
   5.6149999811  -0.0000663852   0.0037237547  -0.0000570252
   5.6199999811   0.0000042833   0.0037894962   0.0000133863
   5.6249999811   0.0000791731   0.0038490779   0.0000880168
   5.6299999811   0.0001581518   0.0039018576   0.0001667294
   5.6349999811   0.0002409841   0.0039472134   0.0002492870
   5.6399999811   0.0003273464   0.0039845419   0.0003353667
   5.6449999810   0.0004168551   0.0040132482   0.0004245888
   5.6499999810   0.0005091061   0.0040327306   0.0005165545
   5.6549999810   0.0006037128   0.0040423669   0.0006108830
   5.6599999810   0.0007003346   0.0040415078   0.0007072384
   5.6649999810   0.0007986868   0.0040294805   0.0008053390
   5.6699999810   0.0008985299   0.0040056055   0.0009049454
   5.6749999809   0.0009996400   0.0039692222   0.0010058308
   5.6799999809   0.0011017674   0.0039197208   0.0011077407
   5.6849999809   0.0012045955   0.0038565734   0.0012103521
   5.6899999809   0.0013077096   0.0037793606   0.0013132447
   5.6949999809   0.0014105860   0.0036877884   0.0014158906
   5.6999999809   0.0015126038   0.0035816943   0.0015176676
   5.7049999808   0.0016130758   0.0034610451   0.0016178908
   5.7099999808   0.0017112937   0.0033259265   0.0017158567
   5.7149999808   0.0018065723   0.0031765302   0.0018108874
   5.7199999808   0.0018982852   0.0030131422   0.0019023642
   5.7249999808   0.0019858833   0.0028361339   0.0019897441
   5.7299999808   0.0020688924   0.0026459592   0.0020725564
   5.7349999807   0.0021468946   0.0024431572   0.0021503828
   5.7399999807   0.0022194996   0.0022283580   0.0022228293
   5.7449999807   0.0022863162   0.0020022904   0.0022894978
   5.7499999807   0.0023469321   0.0017657866   0.0023499684
   5.7549999807   0.0024009082   0.0015197827   0.0024037945
   5.7599999807   0.0024477892   0.0012653120   0.0024505158
   5.7649999806   0.0024871272   0.0010034924   0.0024896831
   5.7699999806   0.0025185139   0.0007355074   0.0025208900
   5.7749999806   0.0025416124   0.0004625864   0.0025438047
   5.7799999806   0.0025561834   0.0001859843   0.0025581946
   5.7849999806   0.0025620996  -0.0000930339   0.0025639388
   5.7899999806   0.0025593465  -0.0003732031   0.0025610274
   5.7949999805   0.0025480099  -0.0006532628   0.0025495478
   5.7999999805   0.0025282527  -0.0009319567   0.0025296617
   5.8049999805   0.0025002876  -0.0012080310   0.0025015774
   5.8099999805   0.0024643490  -0.0014802333   0.0024655237
   5.8149999805   0.0024206716  -0.0017473142   0.0024217295
   5.8199999805   0.0023694788  -0.0020080342   0.0023704143
   5.8249999804   0.0023109845  -0.0022611758   0.0023117902
   5.8299999804   0.0022454063  -0.0025055583   0.0022460764
   5.8349999804   0.0021729880  -0.0027400573   0.0021735208
   5.8399999804   0.0020940253  -0.0029636223   0.0020944251
   5.8449999804   0.0020088880  -0.0031752947   0.0020091656
   5.8499999804   0.0019180328  -0.0033742215   0.0019182041
   5.8549999803   0.0018220015  -0.0035596644   0.0018220856
   5.8599999803   0.0017214044  -0.0037310037   0.0017214203
   5.8649999803   0.0016168913  -0.0038877376   0.0016168551
   5.8699999803   0.0015091171  -0.0040294763   0.0015090392
   5.8749999803   0.0013987086  -0.0041559348   0.0013985925
   5.8799999803   0.0012862418  -0.0042669239   0.0012860842
   5.8849999802   0.0011722337  -0.0043623437   0.0011720261
   5.8899999802   0.0010571502  -0.0044421800   0.0010568812
   5.8949999802   0.0009414269  -0.0045065040   0.0009410853
   5.8999999802   0.0008254952  -0.0045554753   0.0008250730
   5.9049999802   0.0007098068  -0.0045893458   0.0007093011
   5.9099999802   0.0005948470  -0.0046084615   0.0005942609
   5.9149999801   0.0004811341  -0.0046132608   0.0004804759
   5.9199999801   0.0003692028  -0.0046042671   0.0003684844
   5.9249999801   0.0002595767  -0.0045820751   0.0002588110
   5.9299999801   0.0001527364  -0.0045473337   0.0001519347
   5.9349999801   0.0000490907  -0.0045007270   0.0000482603
   5.9399999801  -0.0000510414  -0.0044429569  -0.0000518982
   5.9449999800  -0.0001474346  -0.0043747312  -0.0001483201
   5.9499999800  -0.0002399466  -0.0042967569  -0.0002408665
   5.9549999800  -0.0003284964  -0.0042097408  -0.0003294569
   5.9599999800  -0.0004130364  -0.0041143930  -0.0004140424
   5.9649999800  -0.0004935268  -0.0040114334  -0.0004945790
   5.9699999800  -0.0005699155  -0.0039015952  -0.0005710097
   5.9749999799  -0.0006421292  -0.0037856260  -0.0006432561
   5.9799999799  -0.0007100753  -0.0036642831  -0.0007112226
   5.9849999799  -0.0007736545  -0.0035383246  -0.0007748087
   5.9899999799  -0.0008327784  -0.0034084973  -0.0008339277
   5.9949999799  -0.0008873892  -0.0032755244  -0.0008885266
