   0.0000000000   0.0000000000   0.0000000000   0.0000000000
   0.0050000000   0.0000000000   0.0000000000   0.0000000000
   0.0100000000   0.0000000000   0.0000000000   0.0000000000
   0.0149999999   0.0000000000   0.0000000000   0.0000000000
   0.0199999999   0.0000000000   0.0000000000   0.0000000000
   0.0249999999   0.0000000000   0.0000000000   0.0000000000
   0.0299999999   0.0000000000   0.0000000000   0.0000000000
   0.0349999999   0.0000000000   0.0000000000   0.0000000000
   0.0399999999  -0.0000000000  -0.0000000000  -0.0000000000
   0.0449999998  -0.0000000000  -0.0000000000  -0.0000000000
   0.0499999998  -0.0000000000  -0.0000000000  -0.0000000000
   0.0549999998  -0.0000000000  -0.0000000000  -0.0000000000
   0.0599999998  -0.0000000000  -0.0000000000  -0.0000000000
   0.0649999998  -0.0000000000  -0.0000000000  -0.0000000000
   0.0699999998  -0.0000000000  -0.0000000000  -0.0000000000
   0.0749999997  -0.0000000000  -0.0000000000  -0.0000000000
   0.0799999997  -0.0000000000  -0.0000000000  -0.0000000000
   0.0849999997  -0.0000000000  -0.0000000000  -0.0000000000
   0.0899999997  -0.0000000000  -0.0000000000  -0.0000000000
   0.0949999997  -0.0000000000  -0.0000000000  -0.0000000000
   0.0999999997  -0.0000000000  -0.0000000000  -0.0000000000
   0.1049999996  -0.0000000000  -0.0000000000  -0.0000000000
   0.1099999996  -0.0000000000  -0.0000000000  -0.0000000000
   0.1149999996  -0.0000000000  -0.0000000000  -0.0000000000
   0.1199999996  -0.0000000000  -0.0000000000  -0.0000000000
   0.1249999996  -0.0000000000  -0.0000000000  -0.0000000000
   0.1299999996  -0.0000000000  -0.0000000000  -0.0000000000
   0.1349999995  -0.0000000000  -0.0000000000  -0.0000000000
   0.1399999995   0.0000000000   0.0000000000   0.0000000000
   0.1449999995   0.0000000000   0.0000000000   0.0000000000
   0.1499999995   0.0000000000   0.0000000000   0.0000000000
   0.1549999995   0.0000000000   0.0000000000   0.0000000000
   0.1599999995   0.0000000000   0.0000000000   0.0000000000
   0.1649999994  -0.0000000000   0.0000000000  -0.0000000000
   0.1699999994  -0.0000000000  -0.0000000000  -0.0000000000
   0.1749999994  -0.0000000000  -0.0000000000  -0.0000000000
   0.1799999994  -0.0000000000  -0.0000000000  -0.0000000000
   0.1849999994  -0.0000000000  -0.0000000000  -0.0000000000
   0.1899999994   0.0000000000  -0.0000000000   0.0000000000
   0.1949999993   0.0000000000   0.0000000000   0.0000000000
   0.1999999993   0.0000000000   0.0000000000   0.0000000000
   0.2049999993   0.0000000000   0.0000000000   0.0000000000
   0.2099999993  -0.0000000000   0.0000000000  -0.0000000000
   0.2149999993  -0.0000000000   0.0000000000  -0.0000000000
   0.2199999993  -0.0000000000  -0.0000000000  -0.0000000000
   0.2249999992  -0.0000000000  -0.0000000000  -0.0000000000
   0.2299999992   0.0000000000  -0.0000000000   0.0000000000
   0.2349999992   0.0000000000  -0.0000000000   0.0000000000
   0.2399999992   0.0000000000  -0.0000000000   0.0000000000
   0.2449999992   0.0000000000   0.0000000000   0.0000000000
   0.2499999992  -0.0000000000   0.0000000000  -0.0000000000
   0.2549999991  -0.0000000000   0.0000000000  -0.0000000000
   0.2599999991  -0.0000000000   0.0000000000  -0.0000000000
   0.2649999991  -0.0000000000   0.0000000000  -0.0000000000
   0.2699999991  -0.0000000000  -0.0000000000  -0.0000000000
   0.2749999991   0.0000000000  -0.0000000000   0.0000000000
   0.2799999991   0.0000000000  -0.0000000000   0.0000000000
   0.2849999990   0.0000000000  -0.0000000000   0.0000000000
   0.2899999990   0.0000000000   0.0000000000   0.0000000000
   0.2949999990   0.0000000000   0.0000000000   0.0000000000
   0.2999999990  -0.0000000000   0.0000000000  -0.0000000000
   0.3049999990  -0.0000000000   0.0000000000  -0.0000000000
   0.3099999990  -0.0000000000  -0.0000000000  -0.0000000000
   0.3149999989  -0.0000000000  -0.0000000000  -0.0000000000
   0.3199999989  -0.0000000000  -0.0000000000  -0.0000000000
   0.3249999989   0.0000000000  -0.0000000000   0.0000000000
   0.3299999989   0.0000000000  -0.0000000000   0.0000000000
   0.3349999989   0.0000000000   0.0000000000   0.0000000000
   0.3399999989   0.0000000000   0.0000000001   0.0000000000
   0.3449999988  -0.0000000000   0.0000000001  -0.0000000000
   0.3499999988  -0.0000000001   0.0000000001  -0.0000000001
   0.3549999988  -0.0000000001   0.0000000000  -0.0000000001
   0.3599999988   0.0000000000  -0.0000000001   0.0000000000
   0.3649999988   0.0000000003  -0.0000000002   0.0000000003
   0.3699999988   0.0000000007  -0.0000000001   0.0000000007
   0.3749999987   0.0000000011  -0.0000000000   0.0000000011
   0.3799999987   0.0000000008   0.0000000000   0.0000000008
   0.3849999987  -0.0000000010  -0.0000000004  -0.0000000010
   0.3899999987  -0.0000000050  -0.0000000019  -0.0000000050
   0.3949999987  -0.0000000108  -0.0000000045  -0.0000000108
   0.3999999987  -0.0000000159  -0.0000000069  -0.0000000159
   0.4049999986  -0.0000000143  -0.0000000054  -0.0000000143
   0.4099999986   0.0000000028   0.0000000059   0.0000000028
   0.4149999986   0.0000000448   0.0000000334   0.0000000448
   0.4199999986   0.0000001133   0.0000000784   0.0000001133
   0.4249999986   0.0000001910   0.0000001280   0.0000001910
   0.4299999986   0.0000002291   0.0000001453   0.0000002291
   0.4349999985   0.0000001408   0.0000000640   0.0000001408
   0.4399999985  -0.0000001844  -0.0000001995  -0.0000001844
   0.4449999985  -0.0000008341  -0.0000007084  -0.0000008341
   0.4499999985  -0.0000017834  -0.0000014321  -0.0000017834
   0.4549999985  -0.0000027709  -0.0000021463  -0.0000027709
   0.4599999985  -0.0000031783  -0.0000023377  -0.0000031783
   0.4649999984  -0.0000019866  -0.0000011764  -0.0000019866
   0.4699999984   0.0000020824   0.0000023557   0.0000020824
   0.4749999984   0.0000101229   0.0000090861   0.0000101229
   0.4799999984   0.0000222286   0.0000189700   0.0000222286
   0.4849999984   0.0000363429   0.0000301470   0.0000363429
   0.4899999984   0.0000470095   0.0000379390   0.0000470095
   0.4949999983   0.0000445007   0.0000341892   0.0000445007
   0.4999999983   0.0000150341   0.0000075225   0.0000150341
   0.5049999983  -0.0000570897  -0.0000548040  -0.0000570897
   0.5099999983  -0.0001846929  -0.0001628880  -0.0001846929
   0.5149999983  -0.0003699528  -0.0003177815  -0.0003699528
   0.5199999983  -0.0005941031  -0.0005030911  -0.0005941032
   0.5249999982  -0.0008060624  -0.0006757672  -0.0008060624
   0.5299999982  -0.0009125108  -0.0007580893  -0.0009125108
   0.5349999982  -0.0007727153  -0.0006334369  -0.0007727152
   0.5399999982  -0.0002015355  -0.0001485090  -0.0002015354
   0.5449999982   0.0010167651   0.0008759897   0.0010167653
   0.5499999982   0.0031031272   0.0026255989   0.0031031275
   0.5549999981   0.0062486248   0.0052647175   0.0062486252
   0.5599999981   0.0105746013   0.0089052389   0.0105746018
   0.5649999981   0.0160953952   0.0135767138   0.0160953956
   0.5699999981   0.0226921946   0.0192044117   0.0226921947
   0.5749999981   0.0301057289   0.0256010741   0.0301057286
   0.5799999981   0.0379524671   0.0324760089   0.0379524661
   0.5849999980   0.0457641855   0.0394617736   0.0457641836
   0.5899999980   0.0530452232   0.0461547821   0.0530452202
   0.5949999980   0.0593369264   0.0521627350   0.0593369226
   0.5999999980   0.0642761631   0.0571498301   0.0642761590
   0.6049999980   0.0676353909   0.0608709224   0.0676353873
   0.6099999980   0.0693357655   0.0631883002   0.0693357638
   0.6149999979   0.0694313450   0.0640689552   0.0694313466
   0.6199999979   0.0680698518   0.0635650512   0.0680698579
   0.6249999979   0.0654415747   0.0617843585   0.0654415859
   0.6299999979   0.0617309163   0.0588595303   0.0617309319
   0.6349999979   0.0570837887   0.0549245897   0.0570838064
   0.6399999979   0.0515988008   0.0501040455   0.0515988162
   0.6449999978   0.0453424980   0.0445155770   0.0453425049
   0.6499999978   0.0383812274   0.0382826734   0.0383812190
   0.6549999978   0.0308169913   0.0315504494   0.0308169617
   0.6599999978   0.0228136639   0.0244971042   0.0228136109
   0.6649999978   0.0146035327   0.0173353524   0.0146034613
   0.6699999978   0.0064710957   0.0103019423   0.0064710209
   0.6749999977  -0.0012810054   0.0036377424  -0.0012810551
   0.6799999977  -0.0083728543  -0.0024357229  -0.0083728362
   0.6849999977  -0.0145816572  -0.0077361708  -0.0145815169
   0.6899999977  -0.0197589329  -0.0121311214  -0.0197586114
   0.6949999977  -0.0238261617  -0.0155367799  -0.0238256092
   0.6999999976  -0.0267525346  -0.0179071716  -0.0267517321
   0.7049999976  -0.0285251024  -0.0192190158  -0.0285240913
   0.7099999976  -0.0291245220  -0.0194593890  -0.0291234409
   0.7149999976  -0.0285176285  -0.0186222007  -0.0285167551
   0.7199999976  -0.0266718412  -0.0167162196  -0.0266716346
   0.7249999976  -0.0235881029  -0.0137829557  -0.0235892404
   0.7299999975  -0.0193415583  -0.0099186352  -0.0193449589
   0.7349999975  -0.0141151498  -0.0052921790  -0.0141219762
   0.7399999975  -0.0082121997  -0.0001513192  -0.0082238313
   0.7449999975  -0.0020396278   0.0051882692  -0.0020575986
   0.7499999975   0.0039380477   0.0103714899   0.0039121468
   0.7549999975   0.0092650719   0.0150458112   0.0092297243
   0.7599999974   0.0135660970   0.0189086516   0.0135200135
   0.7649999974   0.0166060930   0.0217502585   0.0165483738
   0.7699999974   0.0183243090   0.0234828097   0.0182545922
   0.7749999974   0.0188345878   0.0241493679   0.0187531649
   0.7799999974   0.0183926232   0.0239107037   0.0183004999
   0.7849999974   0.0173384894   0.0230127962   0.0172373771
   0.7899999973   0.0160280539   0.0217418995   0.0159202848
   0.7949999973   0.0147686082   0.0203765430   0.0146569782
   0.7999999973   0.0137721133   0.0191461777   0.0136596682
   0.8049999973   0.0131346130   0.0182043653   0.0130244030
   0.8099999973   0.0128439241   0.0176208371   0.0127387590
   0.8149999973   0.0128111863   0.0173922550   0.0127134238
   0.8199999972   0.0129166473   0.0174671372   0.0128280446
   0.8249999972   0.0130572621   0.0177772467   0.0129789098
   0.8299999972   0.0131838779   0.0182665996   0.0131162229
   0.8349999972   0.0133189270   0.0189104807   0.0132618751
   0.8399999972   0.0135509682   0.0197201419   0.0135040452
   0.8449999972   0.0140088087   0.0207333012   0.0139713451
   0.8499999971   0.0148236220   0.0219948449   0.0147949263
   0.8549999971   0.0160908314   0.0235349480   0.0160703169
   0.8599999971   0.0178434262   0.0253522686   0.0178306668
   0.8649999971   0.0200446775   0.0274077866   0.0200393827
   0.8699999971   0.0226019083   0.0296309313   0.0226038242
   0.8749999971   0.0253959824   0.0319351958   0.0254047415
   0.8799999970   0.0283158310   0.0342370143   0.0283307862
   0.8849999970   0.0312855250   0.0364704641   0.0313056076
   0.8899999970   0.0342739185   0.0385918054   0.0342975575
   0.8949999970   0.0372829998   0.0405714679   0.0373081295
   0.8999999970   0.0403187467   0.0423755930   0.0403429131
   0.9049999970   0.0433547993   0.0439430430   0.0433753556
   0.9099999969   0.0463022416   0.0451655973   0.0463166075
   0.9149999969   0.0489970916   0.0458782525   0.0490030338
   0.9199999969   0.0512112381   0.0458634792   0.0512071272
   0.9249999969   0.0526846185   0.0448690719   0.0526696180
   0.9299999969   0.0531692324   0.0426353264   0.0531433868
   0.9349999969   0.0524717148   0.0389249878   0.0524359223
   0.9399999968   0.0504820011   0.0335493615   0.0504378744
   0.9449999968   0.0471807149   0.0263860074   0.0471303545
   0.9499999968   0.0426253671   0.0173866413   0.0425710841
   0.9549999968   0.0369225195   0.0065770305   0.0368665522
   0.9599999968   0.0301972167  -0.0059473045   0.0301414836
   0.9649999968   0.0225708824  -0.0200254747   0.0225168057
   0.9699999967   0.0141547593  -0.0354329214   0.0141031783
   0.9749999967   0.0050595705  -0.0518799752   0.0050107472
   0.9799999967  -0.0045841700  -0.0690091736  -0.0046304635
   0.9849999967  -0.0146046085  -0.0863947591  -0.0146489467
   0.9899999967  -0.0247753957  -0.1035479945  -0.0248185295
   0.9949999967  -0.0348173199  -0.1199308454  -0.0348600103
   0.9999999966  -0.0444158471  -0.1349786256  -0.0444587279
   1.0049999966  -0.0532503779  -0.1481300514  -0.0532938652
   1.0099999966  -0.0610275371  -0.1588614315  -0.0610717924
   1.0149999966  -0.0675101439  -0.1667208496  -0.0675550880
   1.0199999966  -0.0725355730  -0.1713582762  -0.0725809416
   1.0249999966  -0.0760209881  -0.1725483945  -0.0760664124
   1.0299999965  -0.0779568975  -0.1702042157  -0.0780019949
   1.0349999965  -0.0783933275  -0.1643809171  -0.0784377843
   1.0399999965  -0.0774238682  -0.1552704976  -0.0774675044
   1.0449999965  -0.0751719721  -0.1431886518  -0.0752147795
   1.0499999965  -0.0717818384  -0.1285557001  -0.0718239904
   1.0549999965  -0.0674139370  -0.1118735294  -0.0674557731
   1.0599999964  -0.0622435431  -0.0937003857  -0.0622855340
   1.0649999964  -0.0564599798  -0.0746251022  -0.0565026835
   1.0699999964  -0.0502645727  -0.0552420188  -0.0503085872
   1.0749999964  -0.0438662023  -0.0361275130  -0.0439121259
   1.0799999964  -0.0374743454  -0.0178187711  -0.0375227453
   1.0849999964  -0.0312902308  -0.0007952319  -0.0313416243
   1.0899999963  -0.0254970915   0.0145369581  -0.0255519367
   1.0949999963  -0.0202505477   0.0278571258  -0.0203092412
   1.0999999963  -0.0156700869   0.0389384837  -0.0157329666
   1.1049999963  -0.0118325660   0.0476523315  -0.0118999144
   1.1099999963  -0.0087686348   0.0539676707  -0.0088406840
   1.1149999963  -0.0064628871   0.0579460711  -0.0065398246
   1.1199999962  -0.0048582137   0.0597319826  -0.0049401887
   1.1249999962  -0.0038642103   0.0595391404  -0.0039513408
   1.1299999962  -0.0033686704   0.0576341634  -0.0034610496
   1.1349999962  -0.0032504134   0.0543187810  -0.0033481095
   1.1399999962  -0.0033912544   0.0499122455  -0.0034943032
   1.1449999962  -0.0036850683   0.0447353554  -0.0037934512
   1.1499999961  -0.0040426480   0.0390971212  -0.0041562581
   1.1549999961  -0.0043922416   0.0332845487  -0.0045108394
   1.1599999961  -0.0046768807   0.0275554112  -0.0048000472
   1.1649999961  -0.0048504695   0.0221333834  -0.0049775672
   1.1699999961  -0.0048747823   0.0172046455  -0.0050049337
   1.1749999961  -0.0047189394   0.0129151041  -0.0048510306
   1.1799999960  -0.0043617966   0.0093677090  -0.0044945072
   1.1849999960  -0.0037963969   0.0066198669  -0.0039282500
   1.1899999960  -0.0030346516   0.0046815139  -0.0031640701
   1.1949999960  -0.0021100950   0.0035148083  -0.0022354472
   1.1999999960  -0.0010770074   0.0030365225  -0.0011966228
   1.2049999960  -0.0000052687   0.0031239561  -0.0001174095
   1.2099999959   0.0010283860   0.0036246311   0.0009256041
   1.2149999959   0.0019509286   0.0043692847   0.0018596635
   1.2199999959   0.0027030851   0.0051869525   0.0026259295
   1.2249999959   0.0032467035   0.0059204248   0.0031868586
   1.2299999959   0.0035680572   0.0064401822   0.0035294951
   1.2349999959   0.0036768131   0.0066551182   0.0036644014
   1.2399999958   0.0036014524   0.0065188536   0.0036210218
   1.2449999958   0.0033826340   0.0060311123   0.0034409746
   1.2499999958   0.0030661633   0.0052343021   0.0031709437
   1.2549999958   0.0026969274   0.0042059992   0.0028565377
   1.2599999958   0.0023145568   0.0030484055   0.0025378810
   1.2649999958   0.0019509478   0.0018760345   0.0022470738
   1.2699999957   0.0016293201   0.0008029140   0.0020071975
   1.2749999957   0.0013643109  -0.0000694674   0.0018323644
   1.2799999957   0.0011626664  -0.0006623770   0.0017283736
   1.2849999957   0.0010242758  -0.0009273106   0.0016937185
   1.2899999957   0.0009434558  -0.0008500706   0.0017208551
   1.2949999957   0.0009104518  -0.0004511280   0.0017977010
   1.2999999956   0.0009130644   0.0002176697   0.0019092781
   1.3049999956   0.0009382218   0.0010795811   0.0020393249
   1.3099999956   0.0009732742   0.0020418320   0.0021716577
   1.3149999956   0.0010068565   0.0030058017   0.0022911328
   1.3199999956   0.0010293328   0.0038773930   0.0023842210
   1.3249999956   0.0010330188   0.0045764987   0.0024393896
   1.3299999955   0.0010124742   0.0050446570   0.0024475780
   1.3349999955   0.0009650925   0.0052502280   0.0024029837
   1.3399999955   0.0008919920   0.0051906863   0.0023041500
   1.3449999955   0.0007989235   0.0048918795   0.0021550584
   1.3499999955   0.0006966903   0.0044043484   0.0019657046
   1.3549999954   0.0006005544   0.0037970517   0.0017516232
   1.3599999954   0.0005283348   0.0031490953   0.0015320551
   1.3649999954   0.0004973215   0.0025403234   0.0013268785
   1.3699999954   0.0005206022   0.0020418360   0.0011528980
   1.3749999954   0.0006037262   0.0017076109   0.0010204189
   1.3799999954   0.0007426760   0.0015683513   0.0009310810
   1.3849999953   0.0009238333   0.0016284388   0.0008776455
   1.3899999953   0.0011260952   0.0018664454   0.0008458930
   1.3949999953   0.0013246850   0.0022391209   0.0008181858
   1.3999999953   0.0014957250   0.0026882208   0.0007777674
   1.4049999953   0.0016204486   0.0031490896   0.0007126831
   1.4099999953   0.0016880761   0.0035596606   0.0006183592
   1.4149999952   0.0016968058   0.0038685252   0.0004983043
   1.4199999952   0.0016529149   0.0040409555   0.0003629417
   1.4249999952   0.0015684448   0.0040621700   0.0002270678
   1.4299999952   0.0014582239   0.0039376253   0.0001067029
   1.4349999952   0.0013369968   0.0036905829   0.0000161183
   1.4399999952   0.0012172271   0.0033575708  -0.0000343791
   1.4449999951   0.0011078328   0.0029825768  -0.0000396452
   1.4499999951   0.0010138139   0.0026108668   0.0000000854
   1.4549999951   0.0009365494   0.0022832518   0.0000797342
   1.4599999951   0.0008744894   0.0020314621   0.0001903803
   1.4649999951   0.0008240271   0.0018750761   0.0003204983
   1.4699999951   0.0007804323   0.0018202235   0.0004572924
   1.4749999950   0.0007387921   0.0018600618   0.0005880495
   1.4799999950   0.0006949129   0.0019768178   0.0007014380
   1.4849999950   0.0006460912   0.0021450149   0.0007886360
   1.4899999950   0.0005916149   0.0023353738   0.0008441252
   1.4949999950   0.0005328556   0.0025188168   0.0008659946
   1.4999999950   0.0004728885   0.0026700260   0.0008556777
   1.5049999949   0.0004157076   0.0027701172   0.0008171879
   1.5099999949   0.0003652480   0.0028081697   0.0007560694
   1.5149999949   0.0003245089   0.0027815615   0.0006783676
   1.5199999949   0.0002950513   0.0026952582   0.0005899056
   1.5249999949   0.0002770101   0.0025603333   0.0004960257
   1.5299999949   0.0002695661   0.0023920517   0.0004017552
   1.5349999948   0.0002716385   0.0022078161   0.0003121707
   1.5399999948   0.0002824678   0.0020251980   0.0002326459
   1.5449999948   0.0003018043   0.0018601815   0.0001687068
   1.5499999948   0.0003295852   0.0017256889   0.0001253951
   1.5549999948   0.0003652146   0.0016304360   0.0001062656
   1.5599999948   0.0004067529   0.0015781822   0.0001123450
   1.5649999947   0.0004504018   0.0015674646   0.0001414524
   1.5699999947   0.0004905915   0.0015919011   0.0001882062
   1.5749999947   0.0005207664   0.0016410985   0.0002448225
   1.5799999947   0.0005347099   0.0017021060   0.0003025482
   1.5849999947   0.0005280295   0.0017612341   0.0003533454
   1.5899999947   0.0004993481   0.0018059644   0.0003913576
   1.5949999946   0.0004508243   0.0018266322   0.0004137579
   1.5999999946   0.0003878347   0.0018175954   0.0004207888
   1.6049999946   0.0003179125   0.0017777107   0.0004150584
   1.6099999946   0.0002492526   0.0017100837   0.0004003787
   1.6149999946   0.0001891928   0.0016212016   0.0003805315
   1.6199999946   0.0001430408   0.0015196684   0.0003583156
   1.6249999945   0.0001134693   0.0014148042   0.0003350837
   1.6299999945   0.0001005073   0.0013153485   0.0003107909
   1.6349999945   0.0001020007   0.0012284435   0.0002844263
   1.6399999945   0.0001143302   0.0011589860   0.0002546206
   1.6449999945   0.0001331855   0.0011093598   0.0002202379
   1.6499999945   0.0001542617   0.0010795053   0.0001808329
   1.6549999944   0.0001738250   0.0010672573   0.0001369382
   1.6599999944   0.0001891433   0.0010688734   0.0000901987
   1.6649999944   0.0001987851   0.0010796734   0.0000433749
   1.6699999944   0.0002027569   0.0010947090   0.0000002068
   1.6749999944   0.0002024265   0.0011093802  -0.0000349019
   1.6799999944   0.0002001806   0.0011199159  -0.0000574142
   1.6849999943   0.0001988227   0.0011236534  -0.0000633934
   1.6899999943   0.0002008041   0.0011190856  -0.0000503382
   1.6949999943   0.0002074660   0.0011056977  -0.0000179384
   1.6999999943   0.0002185112   0.0010836667   0.0000314697
   1.7049999943   0.0002318873   0.0010535335   0.0000929279
   1.7099999943   0.0002441567   0.0010159620   0.0001594301
   1.7149999942   0.0002512771   0.0009716656   0.0002229591
   1.7199999942   0.0002495843   0.0009215139   0.0002757594
   1.7249999942   0.0002366941   0.0008667638   0.0003115424
   1.7299999942   0.0002120685   0.0008092970   0.0003263426
   1.7349999942   0.0001770989   0.0007517366   0.0003188536
   1.7399999942   0.0001347196   0.0006973416   0.0002902336
   1.7449999941   0.0000887127   0.0006496547   0.0002435277
   1.7499999941   0.0000429469   0.0006119627   0.0001829408
   1.7549999941   0.0000007864   0.0005866960   0.0001131977
   1.7599999941  -0.0000351888   0.0005749270   0.0000391412
   1.7649999941  -0.0000631454   0.0005760993  -0.0000344135
   1.7699999941  -0.0000817575   0.0005880582  -0.0001026683
   1.7749999940  -0.0000899497   0.0006073699  -0.0001608394
   1.7799999940  -0.0000867859   0.0006298436  -0.0002043117
   1.7849999940  -0.0000715883   0.0006511307  -0.0002290147
   1.7899999940  -0.0000442518   0.0006672804  -0.0002319731
   1.7949999940  -0.0000056315   0.0006751631  -0.0002118915
   1.7999999940   0.0000421632   0.0006727257  -0.0001695957
   1.8049999939   0.0000957007   0.0006590882  -0.0001081867
   1.8099999939   0.0001504429   0.0006345156  -0.0000328430
   1.8149999939   0.0002012052   0.0006003013   0.0000496905
   1.8199999939   0.0002427552   0.0005585876   0.0001318192
   1.8249999939   0.0002704223   0.0005121346   0.0002058819
   1.8299999939   0.0002806139   0.0004640415   0.0002648850
   1.8349999938   0.0002711908   0.0004174394   0.0003031230
   1.8399999938   0.0002417019   0.0003751815   0.0003166679
   1.8449999938   0.0001934995   0.0003395782   0.0003037346
   1.8499999938   0.0001297500   0.0003122180   0.0002649161
   1.8549999938   0.0000553181   0.0002939003   0.0002032574
   1.8599999938  -0.0000235183   0.0002846780   0.0001241067
   1.8649999937  -0.0000995678   0.0002839746   0.0000346914
   1.8699999937  -0.0001654392   0.0002907257  -0.0000565907
   1.8749999937  -0.0002144031   0.0003034951  -0.0001411020
   1.8799999937  -0.0002412651   0.0003205399  -0.0002109798
   1.8849999937  -0.0002430774   0.0003398342  -0.0002600503
   1.8899999937  -0.0002195300   0.0003590907  -0.0002844710
   1.8949999936  -0.0001729348   0.0003758329  -0.0002829895
   1.8999999936  -0.0001078156   0.0003875611  -0.0002568090
   1.9049999936  -0.0000302166   0.0003920193  -0.0002091498
   1.9099999936   0.0000530942   0.0003875263  -0.0001446585
   1.9149999936   0.0001353517   0.0003732992  -0.0000688262
   1.9199999936   0.0002103281   0.0003496782   0.0000124696
   1.9249999935   0.0002726398   0.0003181786   0.0000932694
   1.9299999935   0.0003178770   0.0002813354   0.0001677256
   1.9349999935   0.0003426598   0.0002423593   0.0002302812
   1.9399999935   0.0003447207   0.0002046729   0.0002759238
   1.9449999935   0.0003230696   0.0001714242   0.0003005551
   1.9499999935   0.0002782268   0.0001450776   0.0003014488
   1.9549999934   0.0002124442   0.0001271498   0.0002777026
   1.9599999934   0.0001298086   0.0001181229   0.0002305623
   1.9649999934   0.0000361301   0.0001175175   0.0001635079
   1.9699999934  -0.0000614252   0.0001240793   0.0000820470
   1.9749999934  -0.0001549345   0.0001360254  -0.0000067727
   1.9799999934  -0.0002364681   0.0001512974  -0.0000950572
   1.9849999933  -0.0002988754   0.0001677924  -0.0001748576
   1.9899999933  -0.0003364989   0.0001835554  -0.0002389487
   1.9949999933  -0.0003457352   0.0001969301  -0.0002815116
   1.9999999933  -0.0003253999   0.0002066662  -0.0002986666
   2.0049999933  -0.0002768829   0.0002119766  -0.0002888316
   2.0099999933  -0.0002040932   0.0002125394  -0.0002528919
   2.0149999932  -0.0001131936   0.0002084422  -0.0001941630
   2.0199999932  -0.0000121227   0.0002000811  -0.0001181292
   2.0249999932   0.0000900874   0.0001880402  -0.0000319487
   2.0299999932   0.0001841607   0.0001729859   0.0000562553
   2.0349999932   0.0002615177   0.0001556076   0.0001382497
   2.0399999931   0.0003151874   0.0001366177   0.0002065852
   2.0449999931   0.0003405535   0.0001168023   0.0002553893
   2.0499999931   0.0003358113   0.0000970845   0.0002809333
   2.0549999931   0.0003020629   0.0000785574   0.0002818870
   2.0599999931   0.0002430513   0.0000624452   0.0002592491
   2.0649999931   0.0001646096   0.0000499781   0.0002160105
   2.0699999930   0.0000739503   0.0000421999   0.0001566580
   2.0749999930  -0.0000210696   0.0000397547   0.0000866383
   2.0799999930  -0.0001126041   0.0000427159   0.0000118737
   2.0849999930  -0.0001933455   0.0000505108  -0.0000616313
   2.0899999930  -0.0002569316   0.0000619715  -0.0001281086
   2.0949999930  -0.0002982783   0.0000755020  -0.0001823183
   2.0999999929  -0.0003138815   0.0000893235  -0.0002198612
   2.1049999929  -0.0003021036   0.0001017360  -0.0002375278
   2.1099999929  -0.0002634135   0.0001113385  -0.0002336491
   2.1149999929  -0.0002005125   0.0001171670  -0.0002083777
   2.1199999929  -0.0001182691   0.0001187391  -0.0001638095
   2.1249999929  -0.0000234091   0.0001160194  -0.0001038800
   2.1299999928   0.0000760422   0.0001093390  -0.0000340157
   2.1349999928   0.0001715084   0.0000993025   0.0000394198
   2.1399999928   0.0002546979   0.0000867054   0.0001097985
   2.1449999928   0.0003184083   0.0000724707   0.0001709104
   2.1499999928   0.0003571900   0.0000575952   0.0002175577
   2.1549999928   0.0003678033   0.0000430939   0.0002459939
   2.1599999927   0.0003494434   0.0000299335   0.0002541858
   2.1649999927   0.0003037482   0.0000189555   0.0002419063
   2.1699999927   0.0002346195   0.0000108037   0.0002106845
   2.1749999927   0.0001478886   0.0000058716   0.0001636372
   2.1799999927   0.0000508493   0.0000042855   0.0001051937
   2.1849999927  -0.0000483284   0.0000059238   0.0000407189
   2.1899999926  -0.0001412801   0.0000104631  -0.0000239576
   2.1949999926  -0.0002201835   0.0000174287  -0.0000830811
   2.1999999926  -0.0002784812   0.0000262327  -0.0001315281
   2.2049999926  -0.0003115000   0.0000361881  -0.0001653091
   2.2099999926  -0.0003168789   0.0000465066  -0.0001819385
   2.2149999926  -0.0002947389   0.0000563009  -0.0001806160
   2.2199999925  -0.0002475732   0.0000646144  -0.0001621944
   2.2249999925  -0.0001798894   0.0000704983  -0.0001289597
   2.2299999925  -0.0000976785   0.0000731324  -0.0000842814
   2.2349999925  -0.0000078054   0.0000719708  -0.0000322126
   2.2399999925   0.0000825876   0.0000668728   0.0000228907
   2.2449999925   0.0001666073   0.0000581780   0.0000766898
   2.2499999924   0.0002380407   0.0000466976   0.0001251137
   2.2549999924   0.0002917041   0.0000336135   0.0001645622
   2.2599999924   0.0003237315   0.0000203034   0.0001920922
   2.2649999924   0.0003318190   0.0000081325   0.0002056063
   2.2699999924   0.0003154179  -0.0000017441   0.0002040401
   2.2749999924   0.0002758468  -0.0000085272   0.0001875161
   2.2799999923   0.0002162774  -0.0000118457   0.0001574199
   2.2849999923   0.0001415581  -0.0000117523   0.0001163544
   2.2899999923   0.0000578616  -0.0000086585   0.0000679531
   2.2949999923  -0.0000278224  -0.0000032337   0.0000165611
   2.2999999923  -0.0001082961   0.0000037094  -0.0000331762
   2.3049999923  -0.0001767946   0.0000113216  -0.0000767615
   2.3099999922  -0.0002275839   0.0000188082  -0.0001102734
   2.3149999922  -0.0002564598   0.0000254995  -0.0001307282
   2.3199999922  -0.0002611061   0.0000308975  -0.0001363483
   2.3249999922  -0.0002412928   0.0000346984  -0.0001267230
   2.3299999922  -0.0001989034   0.0000367882  -0.0001028546
   2.3349999922  -0.0001377870   0.0000372129  -0.0000670856
   2.3399999921  -0.0000634365   0.0000361270  -0.0000228989
   2.3449999921   0.0000174981   0.0000337360   0.0000254061
   2.3499999921   0.0000978299   0.0000302458   0.0000731470
   2.3549999921   0.0001705330   0.0000258380   0.0001157596
   2.3599999921   0.0002294372   0.0000206776   0.0001493025
   2.3649999921   0.0002698263   0.0000149502   0.0001708896
   2.3699999920   0.0002888546   0.0000089132   0.0001789758
   2.3749999920   0.0002857265   0.0000029347   0.0001734525
   2.3799999920   0.0002616291  -0.0000025021   0.0001555450
   2.3849999920   0.0002194553  -0.0000068440   0.0001275505
   2.3899999920   0.0001633896  -0.0000095585   0.0000924837
   2.3949999920   0.0000984415  -0.0000102490   0.0000537077
   2.3999999919   0.0000299990  -0.0000087613   0.0000146149
   2.4049999919  -0.0000365566  -0.0000052471  -0.0000216127
   2.4099999919  -0.0000961695  -0.0000001603  -0.0000521635
   2.4149999919  -0.0001443794   0.0000058154  -0.0000747086
   2.4199999919  -0.0001775736   0.0000118923  -0.0000875016
   2.4249999919  -0.0001932312   0.0000173224  -0.0000894894
   2.4299999918  -0.0001901505   0.0000215222  -0.0000804323
   2.4349999918  -0.0001686186   0.0000241477  -0.0000610028
   2.4399999918  -0.0001304750   0.0000251082  -0.0000328206
   2.4449999918  -0.0000790210   0.0000245241   0.0000016193
   2.4499999918  -0.0000187592   0.0000226533   0.0000391435
   2.4549999918   0.0000450217   0.0000198118   0.0000762105
   2.4599999917   0.0001067625   0.0000163126   0.0001092906
   2.4649999917   0.0001611774   0.0000124335   0.0001352539
   2.4699999917   0.0002037506   0.0000084123   0.0001517055
   2.4749999917   0.0002311276   0.0000044581   0.0001572195
   2.4799999917   0.0002413678   0.0000007639   0.0001514529
   2.4849999917   0.0002340536  -0.0000024880   0.0001351394
   2.4899999916   0.0002102663  -0.0000051306   0.0001099846
   2.4949999916   0.0001724491  -0.0000070241   0.0000784833
   2.4999999916   0.0001241726  -0.0000080650   0.0000436828
   2.5049999916   0.0000698186  -0.0000081928   0.0000089039
   2.5099999916   0.0000141950  -0.0000073898  -0.0000225640
   2.5149999916  -0.0000378923  -0.0000056826  -0.0000477752
   2.5199999915  -0.0000820753  -0.0000031483  -0.0000644203
   2.5249999915  -0.0001148187   0.0000000708  -0.0000710591
   2.5299999915  -0.0001337221   0.0000037502  -0.0000672603
   2.5349999915  -0.0001376907   0.0000075727  -0.0000536190
   2.5399999915  -0.0001269560   0.0000111376  -0.0000316501
   2.5449999915  -0.0001029579   0.0000139987  -0.0000035777
   2.5499999914  -0.0000681245   0.0000157290   0.0000279368
   2.5549999914  -0.0000255971   0.0000160016   0.0000600774
   2.5599999914   0.0000210542   0.0000146662   0.0000901246
   2.5649999914   0.0000680949   0.0000117983   0.0001156482
   2.5699999914   0.0001118624   0.0000077042   0.0001346430
   2.5749999914   0.0001489830   0.0000028760   0.0001456196
   2.5799999913   0.0001765826  -0.0000020932   0.0001476760
   2.5849999913   0.0001924966  -0.0000066137   0.0001405607
   2.5899999913   0.0001954659  -0.0000101980   0.0001247273
   2.5949999913   0.0001852917  -0.0000125296   0.0001013606
   2.5999999913   0.0001629095  -0.0000134909   0.0000723466
   2.6049999913   0.0001303498  -0.0000131493   0.0000401626
   2.6099999912   0.0000905731  -0.0000117140   0.0000076796
   2.6149999912   0.0000471897  -0.0000094796  -0.0000221072
   2.6199999912   0.0000041013  -0.0000067728  -0.0000463847
   2.6249999912  -0.0000348830  -0.0000039119  -0.0000628185
   2.6299999912  -0.0000664053  -0.0000011810  -0.0000697937
   2.6349999912  -0.0000878507   0.0000011850  -0.0000665715
   2.6399999911  -0.0000975499   0.0000030110  -0.0000533487
   2.6449999911  -0.0000948888   0.0000041914  -0.0000312260
   2.6499999911  -0.0000803307   0.0000046965  -0.0000021029
   2.6549999911  -0.0000553602   0.0000045729   0.0000314847
   2.6599999911  -0.0000223542   0.0000039313   0.0000665702
   2.6649999911   0.0000156183   0.0000029218   0.0000999977
   2.6699999910   0.0000550635   0.0000016994   0.0001286928
   2.6749999910   0.0000923855   0.0000003925   0.0001499475
   2.6799999910   0.0001242367  -0.0000009171   0.0001616965
   2.6849999910   0.0001478537  -0.0000021939   0.0001627492
   2.6899999910   0.0001613334  -0.0000034271   0.0001529380
   2.6949999909   0.0001638027  -0.0000045983   0.0001331521
   2.6999999909   0.0001554606  -0.0000056517   0.0001052449
   2.7049999909   0.0001374911  -0.0000064802   0.0000718241
   2.7099999909   0.0001118731  -0.0000069385   0.0000359622
   2.7149999909   0.0000811303  -0.0000068786   0.0000008742
   2.7199999909   0.0000480664  -0.0000061989  -0.0000303891
   2.7249999908   0.0000155207  -0.0000048882  -0.0000551946
   2.7299999908  -0.0000138373  -0.0000030484  -0.0000715112
   2.7349999908  -0.0000376750  -0.0000008872  -0.0000780269
   2.7399999908  -0.0000541346   0.0000013186  -0.0000742109
   2.7449999908  -0.0000619515   0.0000032784  -0.0000603351
   2.7499999908  -0.0000605534   0.0000047439  -0.0000374601
   2.7549999907  -0.0000501271   0.0000055522  -0.0000073808
   2.7599999907  -0.0000316335   0.0000056437   0.0000274800
   2.7649999907  -0.0000067490   0.0000050559   0.0000642402
   2.7699999907   0.0000222725   0.0000038984   0.0000997888
   2.7749999907   0.0000528104   0.0000023220   0.0001310596
   2.7799999907   0.0000821329   0.0000004913   0.0001553176
   2.7849999906   0.0001076613  -0.0000014341   0.0001704196
   2.7899999906   0.0001272066  -0.0000033078   0.0001750127
   2.7949999906   0.0001391517  -0.0000050006   0.0001686491
   2.7999999906   0.0001425678  -0.0000064045   0.0001518114
   2.8049999906   0.0001372663  -0.0000074392   0.0001258564
   2.8099999906   0.0001237961  -0.0000080614   0.0000928968
   2.8149999905   0.0001033955  -0.0000082703   0.0000556350
   2.8199999905   0.0000779002  -0.0000081055   0.0000171618
   2.8249999905   0.0000496076  -0.0000076353  -0.0000192742
   2.8299999905   0.0000210918  -0.0000069365  -0.0000505239
   2.8349999905  -0.0000050259  -0.0000060736  -0.0000738096
   2.8399999905  -0.0000263333  -0.0000050872  -0.0000869921
   2.8449999904  -0.0000408815  -0.0000039957  -0.0000887998
   2.8499999904  -0.0000473965  -0.0000028141  -0.0000789828
   2.8549999904  -0.0000454115  -0.0000015808  -0.0000583606
   2.8599999904  -0.0000352955  -0.0000003817  -0.0000287465
   2.8649999904  -0.0000181768   0.0000006410   0.0000072431
   2.8699999904   0.0000042196   0.0000013031   0.0000464655
   2.8749999903   0.0000297841   0.0000014167   0.0000855691
   2.8799999903   0.0000562442   0.0000008410   0.0001213041
   2.8849999903   0.0000813627  -0.0000004690   0.0001507880
   2.8899999903   0.0001030967  -0.0000024325   0.0001717065
   2.8949999903   0.0001197162  -0.0000048442   0.0001824481
   2.8999999903   0.0001298953  -0.0000074061   0.0001821827
   2.9049999902   0.0001327888  -0.0000097839   0.0001708988
   2.9099999902   0.0001280996  -0.0000116704   0.0001494071
   2.9149999902   0.0001161289  -0.0000128411   0.0001193067
   2.9199999902   0.0000977944  -0.0000131868   0.0000829031
   2.9249999902   0.0000745945  -0.0000127209   0.0000430659
   2.9299999902   0.0000485064  -0.0000115617   0.0000030213
   2.9349999901   0.0000218193  -0.0000099014  -0.0000339104
   2.9399999901  -0.0000030792  -0.0000079696  -0.0000646056
   2.9449999901  -0.0000239350  -0.0000060010  -0.0000864227
   2.9499999901  -0.0000388436  -0.0000042094  -0.0000974425
   2.9549999901  -0.0000464225  -0.0000027690  -0.0000966377
   2.9599999901  -0.0000459275  -0.0000017997  -0.0000839556
   2.9649999900  -0.0000373063  -0.0000013565  -0.0000603157
   2.9699999900  -0.0000211987  -0.0000014235  -0.0000275318
   2.9749999900   0.0000011122  -0.0000019169   0.0000118274
   2.9799999900   0.0000277905  -0.0000026983   0.0000546285
   2.9849999900   0.0000565827  -0.0000036016   0.0000974073
   2.9899999900   0.0000849970  -0.0000044662   0.0001366400
   2.9949999899   0.0001105233  -0.0000051704   0.0001690404
   2.9999999899   0.0001308787  -0.0000056525   0.0001918611
   3.0049999899   0.0001442506  -0.0000059149   0.0002031673
   3.0099999899   0.0001495006  -0.0000060055   0.0002020432
   3.0149999899   0.0001462938  -0.0000059845   0.0001886969
   3.0199999899   0.0001351278  -0.0000058877   0.0001644414
   3.0249999898   0.0001172573  -0.0000056984   0.0001315518
   3.0299999898   0.0000945295  -0.0000053416   0.0000930213
   3.0349999898   0.0000691648  -0.0000047023   0.0000522563
   3.0399999898   0.0000435223  -0.0000036635   0.0000127563
   3.0449999898   0.0000198868  -0.0000021511  -0.0000221801
   3.0499999898   0.0000002962  -0.0000001707  -0.0000496983
   3.0549999897  -0.0000135835   0.0000021774  -0.0000675699
   3.0599999897  -0.0000205456   0.0000047096  -0.0000743210
   3.0649999897  -0.0000199049   0.0000071940  -0.0000693144
   3.0699999897  -0.0000115440   0.0000093968  -0.0000527927
   3.0749999897   0.0000040591   0.0000111277  -0.0000258810
   3.0799999897   0.0000258322   0.0000122691   0.0000094643
   3.0849999896   0.0000521560   0.0000127866   0.0000505705
   3.0899999896   0.0000809683   0.0000127180   0.0000942364
   3.0949999896   0.0001099269   0.0000121521   0.0001369844
   3.0999999896   0.0001366165   0.0000112034   0.0001753571
   3.1049999896   0.0001587724   0.0000099922   0.0002062213
   3.1099999896   0.0001744914   0.0000086327   0.0002270437
   3.1149999895   0.0001824000   0.0000072278   0.0002361043
   3.1199999895   0.0001817644   0.0000058659   0.0002326286
   3.1249999895   0.0001725376   0.0000046171   0.0002168326
   3.1299999895   0.0001553500   0.0000035269   0.0001898903
   3.1349999895   0.0001314552   0.0000026096   0.0001538336
   3.1399999895   0.0001026376   0.0000018466   0.0001113991
   3.1449999894   0.0000710883   0.0000011918   0.0000658298
   3.1499999894   0.0000392466   0.0000005861   0.0000206359
   3.1549999894   0.0000096105  -0.0000000249  -0.0000206774
   3.1599999894  -0.0000154784  -0.0000006748  -0.0000549005
   3.1649999894  -0.0000340547  -0.0000013709  -0.0000794052
   3.1699999894  -0.0000447280  -0.0000021011  -0.0000923910
   3.1749999893  -0.0000468274  -0.0000028527  -0.0000930571
   3.1799999893  -0.0000404671  -0.0000036346  -0.0000816738
   3.1849999893  -0.0000265202  -0.0000044936  -0.0000595395
   3.1899999893  -0.0000065072  -0.0000055151  -0.0000288329
   3.1949999893   0.0000175778  -0.0000068054   0.0000076130
   3.1999999893   0.0000434713  -0.0000084585   0.0000465808
   3.2049999892   0.0000688441  -0.0000105184   0.0000847438
   3.2099999892   0.0000914806  -0.0000129486   0.0001189205
   3.2149999892   0.0001094269  -0.0000156223   0.0001462945
   3.2199999892   0.0001211081  -0.0000183358   0.0001645970
   3.2249999892   0.0001254257  -0.0000208439   0.0001722555
   3.2299999892   0.0001218377  -0.0000229069   0.0001685099
   3.2349999891   0.0001104215  -0.0000243352   0.0001534903
   3.2399999891   0.0000919046  -0.0000250193   0.0001282414
   3.2449999891   0.0000676483  -0.0000249401   0.0000946786
   3.2499999891   0.0000395682  -0.0000241574   0.0000554610
   3.2549999891   0.0000099873  -0.0000227864   0.0000137842
   3.2599999891  -0.0000185662  -0.0000209691  -0.0000268922
   3.2649999890  -0.0000435943  -0.0000188518  -0.0000631524
   3.2699999890  -0.0000628635  -0.0000165709  -0.0000919279
   3.2749999890  -0.0000746086  -0.0000142484  -0.0001107616
   3.2799999890  -0.0000776816  -0.0000119911  -0.0001180049
   3.2849999890  -0.0000716368  -0.0000098903  -0.0001129372
   3.2899999890  -0.0000567548  -0.0000080178  -0.0000958049
   3.2949999889  -0.0000340117  -0.0000064193  -0.0000677922
   3.2999999889  -0.0000050065  -0.0000051092  -0.0000309295
   3.3049999889   0.0000281501  -0.0000040715   0.0000120505
   3.3099999889   0.0000629813  -0.0000032680   0.0000579070
   3.3149999889   0.0000968262  -0.0000026548   0.0001031313
   3.3199999889   0.0001270513  -0.0000021994   0.0001442240
   3.3249999888   0.0001512794  -0.0000018923   0.0001779897
   3.3299999888   0.0001676107  -0.0000017481   0.0002018214
   3.3349999888   0.0001748082  -0.0000017933   0.0002139384
   3.3399999888   0.0001724170  -0.0000020457   0.0002135440
   3.3449999888   0.0001607980  -0.0000024932   0.0002008832
   3.3499999888   0.0001410741  -0.0000030816   0.0001771929
   3.3549999887   0.0001149993  -0.0000037173   0.0001445596
   3.3599999887   0.0000847774  -0.0000042865   0.0001057099
   3.3649999887   0.0000528599  -0.0000046841   0.0000637674
   3.3699999887   0.0000217485  -0.0000048439   0.0000220047
   3.3749999887  -0.0000061821  -0.0000047584  -0.0000163926
   3.3799999886  -0.0000288364  -0.0000044820  -0.0000485384
   3.3849999886  -0.0000445289  -0.0000041162  -0.0000720356
   3.3899999886  -0.0000520951  -0.0000037822  -0.0000851418
   3.3949999886  -0.0000509830  -0.0000035904  -0.0000869034
   3.3999999886  -0.0000413143  -0.0000036167  -0.0000772476
   3.4049999886  -0.0000239010  -0.0000038917  -0.0000570122
   3.4099999885  -0.0000002035  -0.0000044030  -0.0000279002
   3.4149999885   0.0000277789  -0.0000051081   0.0000076504
   3.4199999885   0.0000576773  -0.0000059492   0.0000466719
   3.4249999885   0.0000869661  -0.0000068639   0.0000859271
   3.4299999885   0.0001131900  -0.0000077895   0.0001221922
   3.4349999885   0.0001341777  -0.0000086606   0.0001525289
   3.4399999884   0.0001482163  -0.0000094055   0.0001745173
   3.4449999884   0.0001541755  -0.0000099465   0.0001864329
   3.4499999884   0.0001515766  -0.0000102068   0.0001873606
   3.4549999884   0.0001406151  -0.0000101241   0.0001772494
   3.4599999884   0.0001221409  -0.0000096659   0.0001569107
   3.4649999884   0.0000976019  -0.0000088403   0.0001279645
   3.4699999883   0.0000689506  -0.0000076970   0.0000927304
   3.4749999883   0.0000385103  -0.0000063177   0.0000540639
   3.4799999883   0.0000087994  -0.0000047980   0.0000151366
   3.4849999883  -0.0000176771  -0.0000032277  -0.0000208259
   3.4899999883  -0.0000386537  -0.0000016779  -0.0000508275
   3.4949999883  -0.0000523197  -0.0000001976  -0.0000723744
   3.4999999882  -0.0000574947   0.0000011774  -0.0000837025
   3.5049999882  -0.0000537372   0.0000024096  -0.0000839280
   3.5099999882  -0.0000413732   0.0000034467  -0.0000731065
   3.5149999882  -0.0000214447   0.0000042165  -0.0000521973
   3.5199999882   0.0000044074   0.0000046352  -0.0000229491
   3.5249999882   0.0000341018   0.0000046261   0.0000122701
   3.5299999881   0.0000652947   0.0000041440   0.0000506739
   3.5349999881   0.0000955571   0.0000031945   0.0000892692
   3.5399999881   0.0001225432   0.0000018425   0.0001250670
   3.5449999881   0.0001441467   0.0000002052   0.0001552876
   3.5499999881   0.0001586465  -0.0000015682   0.0001775567
   3.5549999881   0.0001648383  -0.0000033229   0.0001900868
   3.5599999880   0.0001621429  -0.0000049231   0.0001918302
   3.5649999880   0.0001506775  -0.0000062684   0.0001825859
   3.5699999880   0.0001312728  -0.0000072977   0.0001630395
   3.5749999880   0.0001054233  -0.0000079849   0.0001347236
   3.5799999880   0.0000751690  -0.0000083281   0.0000998939
   3.5849999880   0.0000429194  -0.0000083417   0.0000613344
   3.5899999879   0.0000112417  -0.0000080520   0.0000221144
   3.5949999879  -0.0000173605  -0.0000074986  -0.0000146731
   3.5999999879  -0.0000406521  -0.0000067372  -0.0000461617
   3.6049999879  -0.0000568352  -0.0000058399  -0.0000699294
   3.6099999879  -0.0000646751  -0.0000048895  -0.0000841714
   3.6149999879  -0.0000635796  -0.0000039681  -0.0000878223
   3.6199999878  -0.0000536375  -0.0000031425  -0.0000806294
   3.6249999878  -0.0000356150  -0.0000024524  -0.0000631743
   3.6299999878  -0.0000109122  -0.0000019067  -0.0000368410
   3.6349999878   0.0000185282  -0.0000014896  -0.0000037244
   3.6399999878   0.0000503603  -0.0000011752   0.0000335237
   3.6449999878   0.0000820200  -0.0000009448   0.0000719054
   3.6499999877   0.0001109443  -0.0000007994   0.0001083313
   3.6549999877   0.0001348001  -0.0000007620   0.0001398910
   3.6599999877   0.0001516959  -0.0000008673   0.0001641083
   3.6649999877   0.0001603463  -0.0000011437   0.0001791502
   3.6699999877   0.0001601704  -0.0000015931   0.0001839638
   3.6749999877   0.0001513146  -0.0000021777   0.0001783334
   3.6799999876   0.0001346074  -0.0000028198   0.0001628603
   3.6849999876   0.0001114600  -0.0000034158   0.0001388789
   3.6899999876   0.0000837336  -0.0000038611   0.0001083297
   3.6949999876   0.0000535911  -0.0000040759   0.0000736051
   3.6999999876   0.0000233432  -0.0000040258   0.0000373784
   3.7049999876  -0.0000047061  -0.0000037288   0.0000024219
   3.7099999875  -0.0000284138  -0.0000032478  -0.0000285832
   3.7149999875  -0.0000459514  -0.0000026727  -0.0000532428
   3.7199999875  -0.0000559487  -0.0000020978  -0.0000696387
   3.7249999875  -0.0000576164  -0.0000016028  -0.0000764941
   3.7299999875  -0.0000508274  -0.0000012426  -0.0000732943
   3.7349999875  -0.0000361438  -0.0000010451  -0.0000603422
   3.7399999874  -0.0000147760  -0.0000010166  -0.0000387374
   3.7449999874   0.0000115211  -0.0000011491  -0.0000102775
   3.7499999874   0.0000406046  -0.0000014246   0.0000227041
   3.7549999874   0.0000701315  -0.0000018160   0.0000575431
   3.7599999874   0.0000977545  -0.0000022853   0.0000914673
   3.7649999874   0.0001213062  -0.0000027824   0.0001218149
   3.7699999873   0.0001389579  -0.0000032480   0.0001462321
   3.7749999873   0.0001493484  -0.0000036221   0.0001628417
   3.7799999873   0.0001516784  -0.0000038556   0.0001703772
   3.7849999873   0.0001457719  -0.0000039226   0.0001682786
   3.7899999873   0.0001320995  -0.0000038254   0.0001567440
   3.7949999873   0.0001117567  -0.0000035927   0.0001367279
   3.7999999872   0.0000863924  -0.0000032677   0.0001098773
   3.8049999872   0.0000580821  -0.0000028928   0.0000784038
   3.8099999872   0.0000291542  -0.0000024947   0.0000448972
   3.8149999872   0.0000019833  -0.0000020779   0.0000120966
   3.8199999872  -0.0000212245  -0.0000016281  -0.0000173532
   3.8249999872  -0.0000386279  -0.0000011256  -0.0000411315
   3.8299999871  -0.0000489023  -0.0000005624  -0.0000574299
   3.8349999871  -0.0000513337   0.0000000427  -0.0000650825
   3.8399999871  -0.0000458507   0.0000006392  -0.0000636298
   3.8449999871  -0.0000329999   0.0000011516  -0.0000533240
   3.8499999871  -0.0000138795   0.0000014976  -0.0000350830
   3.8549999871   0.0000099574   0.0000016099  -0.0000104078
   3.8599999870   0.0000366178   0.0000014565   0.0000187285
   3.8649999870   0.0000639986   0.0000010498   0.0000500180
   3.8699999870   0.0000899309   0.0000004446   0.0000809772
   3.8749999870   0.0001123345  -0.0000002762   0.0001091283
   3.8799999870   0.0001293799  -0.0000010209   0.0001321922
   3.8849999870   0.0001396435  -0.0000017083   0.0001482801
   3.8899999869   0.0001422385  -0.0000022795   0.0001560611
   3.8949999869   0.0001369033  -0.0000027011   0.0001548848
   3.8999999869   0.0001240318  -0.0000029609   0.0001448408
   3.9049999869   0.0001046392  -0.0000030600   0.0001267457
   3.9099999869   0.0000802680  -0.0000030054   0.0001020624
   3.9149999869   0.0000528480  -0.0000028075   0.0000727634
   3.9199999868   0.0000245292  -0.0000024817   0.0000411595
   3.9249999868  -0.0000024928  -0.0000020514   0.0000097106
   3.9299999868  -0.0000261433  -0.0000015508  -0.0000191609
   3.9349999868  -0.0000446191  -0.0000010223  -0.0000432473
   3.9399999868  -0.0000565155  -0.0000005094  -0.0000607134
   3.9449999868  -0.0000609290  -0.0000000482  -0.0000702320
   3.9499999867  -0.0000575308   0.0000003407  -0.0000710890
   3.9549999867  -0.0000466023   0.0000006537  -0.0000632490
   3.9599999867  -0.0000290267   0.0000009002  -0.0000473699
   3.9649999867  -0.0000062274   0.0000010924  -0.0000247589
   3.9699999867   0.0000199456   0.0000012342   0.0000027339
   3.9749999867   0.0000473752   0.0000013150   0.0000328755
   3.9799999866   0.0000738636   0.0000013110   0.0000632471
   3.9849999866   0.0000973254   0.0000011948   0.0000914549
   3.9899999866   0.0001159622   0.0000009506   0.0001153285
   3.9949999866   0.0001283996   0.0000005883   0.0001330877
   3.9999999866   0.0001337793   0.0000001516   0.0001434648
   4.0049999866   0.0001318009  -0.0000002861   0.0001457784
   4.0099999865   0.0001227230  -0.0000006346   0.0001399631
   4.0149999865   0.0001073300  -0.0000008082   0.0001265616
   4.0199999865   0.0000868712  -0.0000007459   0.0001066817
   4.0249999865   0.0000629765  -0.0000004253   0.0000819233
   4.0299999865   0.0000375479   0.0000001346   0.0000542708
   4.0349999864   0.0000126266   0.0000008814   0.0000259530
   4.0399999864  -0.0000097604   0.0000017454  -0.0000007266
   4.0449999864  -0.0000277653   0.0000026568  -0.0000235782
   4.0499999864  -0.0000398804   0.0000035596  -0.0000407138
   4.0549999864  -0.0000450742   0.0000044170  -0.0000507145
   4.0599999864  -0.0000428852   0.0000052097  -0.0000527537
   4.0649999863  -0.0000334613   0.0000059288  -0.0000466639
   4.0699999863  -0.0000175388   0.0000065688  -0.0000329388
   4.0749999863   0.0000036302   0.0000071235  -0.0000126775
   4.0799999863   0.0000283911   0.0000075860   0.0000125189
   4.0849999863   0.0000548254   0.0000079538   0.0000406830
   4.0899999863   0.0000808992   0.0000082325   0.0000696342
   4.0949999862   0.0001046124   0.0000084379   0.0000971400
   4.0999999862   0.0001241414   0.0000085934   0.0001210768
   4.1049999862   0.0001379716   0.0000087230   0.0001395859
   4.1099999862   0.0001450124   0.0000088443   0.0001512155
   4.1149999862   0.0001446895   0.0000089630   0.0001550408
   4.1199999862   0.0001370002   0.0000090733   0.0001507470
   4.1249999861   0.0001225250   0.0000091638   0.0001386638
   4.1299999861   0.0001023849   0.0000092266   0.0001197422
   4.1349999861   0.0000781474   0.0000092647   0.0000954718
   4.1399999861   0.0000516891   0.0000092950   0.0000677474
   4.1449999861   0.0000250298   0.0000093439   0.0000387010
   4.1499999861   0.0000001620   0.0000094369   0.0000105205
   4.1549999860  -0.0000211088   0.0000095857  -0.0000147256
   4.1599999860  -0.0000372953   0.0000097786  -0.0000352396
   4.1649999860  -0.0000473252   0.0000099782  -0.0000496159
   4.1699999860  -0.0000506023   0.0000101280  -0.0000569267
   4.1749999860  -0.0000470353   0.0000101661  -0.0000567759
   4.1799999860  -0.0000370363   0.0000100416  -0.0000493212
   4.1849999859  -0.0000214925   0.0000097273  -0.0000352640
   4.1899999859  -0.0000017073   0.0000092256  -0.0000158052
   4.1949999859   0.0000206891   0.0000085649   0.0000074380
   4.1999999859   0.0000438608   0.0000077893   0.0000325523
   4.2049999859   0.0000659121   0.0000069455   0.0000574817
   4.2099999859   0.0000850473   0.0000060726   0.0000802007
   4.2149999858   0.0000997256   0.0000051975   0.0000988875
   4.2199999858   0.0001087943   0.0000043370   0.0001120796
   4.2249999858   0.0001115823   0.0000035043   0.0001187907
   4.2299999858   0.0001079458   0.0000027157   0.0001185802
   4.2349999858   0.0000982650   0.0000019944   0.0001115720
   4.2399999858   0.0000833963   0.0000013683   0.0000984256
   4.2449999857   0.0000645921   0.0000008643   0.0000802706
   4.2499999857   0.0000433975   0.0000004995   0.0000586122
   4.2549999857   0.0000215333   0.0000002760   0.0000352168
   4.2599999857   0.0000007703   0.0000001796   0.0000119831
   4.2649999857  -0.0000171993   0.0000001842  -0.0000091971
   4.2699999857  -0.0000308909   0.0000002601  -0.0000265843
   4.2749999856  -0.0000391473   0.0000003825  -0.0000387307
   4.2799999856  -0.0000412393   0.0000005361  -0.0000446050
   4.2849999856  -0.0000369353   0.0000007146  -0.0000436854
   4.2899999856  -0.0000265269   0.0000009161  -0.0000360073
   4.2949999856  -0.0000108058   0.0000011355  -0.0000221602
   4.2999999856   0.0000090079   0.0000013593  -0.0000032301
   4.3049999855   0.0000313768   0.0000015651   0.0000193022
   4.3099999855   0.0000545817   0.0000017273   0.0000436937
   4.3149999855   0.0000768655   0.0000018255   0.0000680861
   4.3199999855   0.0000965703   0.0000018547   0.0000906510
   4.3249999855   0.0001122564   0.0000018299   0.0001097228
   4.3299999855   0.0001227997   0.0000017848   0.0001239137
   4.3349999854   0.0001274645   0.0000017631   0.0001322067
   4.3399999854   0.0001259533   0.0000018058   0.0001340266
   4.3449999854   0.0001184299   0.0000019388   0.0001292856
   4.3499999854   0.0001055158   0.0000021650   0.0001183978
   4.3549999854   0.0000882524   0.0000024640   0.0001022582
   4.3599999854   0.0000680284   0.0000027985   0.0000821800
   4.3649999853   0.0000464724   0.0000031255   0.0000597929
   4.3699999853   0.0000253191   0.0000034066   0.0000369075
   4.3749999853   0.0000062615   0.0000036154   0.0000153612
   4.3799999853  -0.0000091935   0.0000037389  -0.0000031390
   4.3849999853  -0.0000198493   0.0000037732  -0.0000171561
   4.3899999853  -0.0000249108   0.0000037184  -0.0000256336
   4.3949999852  -0.0000240359   0.0000035731  -0.0000279669
   4.3999999852  -0.0000173474   0.0000033331  -0.0000240350
   4.4049999852  -0.0000054095   0.0000029945  -0.0000141954
   4.4099999852   0.0000108237   0.0000025586   0.0000007517
   4.4149999852   0.0000300824   0.0000020368   0.0000196261
   4.4199999852   0.0000508725   0.0000014523   0.0000409535
   4.4249999851   0.0000715835   0.0000008373   0.0000630715
   4.4299999851   0.0000906071   0.0000002269   0.0000842536
   4.4349999851   0.0001064628  -0.0000003485   0.0001028451
   4.4399999851   0.0001179200  -0.0000008678   0.0001173990
   4.4449999851   0.0001241039  -0.0000013211   0.0001267998
   4.4499999851   0.0001245720  -0.0000017053   0.0001303586
   4.4549999850   0.0001193508  -0.0000020187   0.0001278685
   4.4599999850   0.0001089269  -0.0000022543   0.0001196128
   4.4649999850   0.0000941952  -0.0000023977   0.0001063281
   4.4699999850   0.0000763722  -0.0000024291   0.0000891283
   4.4749999850   0.0000568871  -0.0000023305   0.0000694028
   4.4799999850   0.0000372646  -0.0000020938   0.0000487018
   4.4849999849   0.0000190092  -0.0000017277   0.0000286182
   4.4899999849   0.0000034986  -0.0000012597   0.0000106744
   4.4949999849  -0.0000081096  -0.0000007320  -0.0000037821
   4.4999999849  -0.0000149578  -0.0000001934  -0.0000136727
   4.5049999849  -0.0000165498   0.0000003109  -0.0000182671
   4.5099999849  -0.0000127923   0.0000007471  -0.0000172420
   4.5149999848  -0.0000040092   0.0000010963  -0.0000107141
   4.5199999848   0.0000090765   0.0000013525   0.0000007623
   4.5249999848   0.0000253960   0.0000015167   0.0000162355
   4.5299999848   0.0000436214   0.0000015910   0.0000344342
   4.5349999848   0.0000622780   0.0000015749   0.0000538769
   4.5399999848   0.0000798706   0.0000014658   0.0000729987
   4.5449999847   0.0000950087   0.0000012632   0.0000902830
   4.5499999847   0.0001065174   0.0000009749   0.0001043826
   4.5549999847   0.0001135245   0.0000006204   0.0001142209
   4.5599999847   0.0001155190   0.0000002312   0.0001190656
   4.5649999847   0.0001123797  -0.0000001545   0.0001185757
   4.5699999847   0.0001043778  -0.0000005003   0.0001128196
   4.5749999846   0.0000921535  -0.0000007805   0.0001022685
   4.5799999846   0.0000766705  -0.0000009850   0.0000877626
   4.5849999846   0.0000591474  -0.0000011205   0.0000704528
   4.5899999846   0.0000409686  -0.0000012042   0.0000517150
   4.5949999846   0.0000235766  -0.0000012561   0.0000330430
   4.5999999846   0.0000083536  -0.0000012907   0.0000159252
   4.6049999845  -0.0000034957  -0.0000013120   0.0000017178
   4.6099999845  -0.0000110495  -0.0000013146  -0.0000084721
   4.6149999845  -0.0000137467  -0.0000012892  -0.0000138796
   4.6199999845  -0.0000114296  -0.0000012297  -0.0000141402
   4.6249999845  -0.0000043481  -0.0000011401  -0.0000093091
   4.6299999845   0.0000068735  -0.0000010362   0.0000001572
   4.6349999844   0.0000212989  -0.0000009425   0.0000134510
   4.6399999844   0.0000377614  -0.0000008849   0.0000294858
   4.6449999844   0.0000549565  -0.0000008818   0.0000469827
   4.6499999844   0.0000715379  -0.0000009380   0.0000645651
   4.6549999844   0.0000862132  -0.0000010419   0.0000808564
   4.6599999844   0.0000978351  -0.0000011696   0.0000945781
   4.6649999843   0.0001054865  -0.0000012917   0.0001046456
   4.6699999843   0.0001085531  -0.0000013817   0.0001102539
   4.6749999843   0.0001067780  -0.0000014224   0.0001109477
   4.6799999843   0.0001002894  -0.0000014086   0.0001066647
   4.6849999843   0.0000895954  -0.0000013456   0.0000977456
   4.6899999843   0.0000755449  -0.0000012444   0.0000849069
   4.6949999842   0.0000592547  -0.0000011174   0.0000691785
   4.6999999842   0.0000420128  -0.0000009752   0.0000518128
   4.7049999842   0.0000251693  -0.0000008259   0.0000341767
   4.7099999842   0.0000100254  -0.0000006772   0.0000176395
   4.7149999842  -0.0000022664  -0.0000005386   0.0000034664
   4.7199999841  -0.0000107860  -0.0000004224  -0.0000072740
   4.7249999841  -0.0000149076  -0.0000003426  -0.0000137833
   4.7299999841  -0.0000143409  -0.0000003109  -0.0000155876
   4.7349999841  -0.0000091492  -0.0000003330  -0.0000125702
   4.7399999841   0.0000002529  -0.0000004051  -0.0000049826
   4.7449999841   0.0000131273  -0.0000005145   0.0000065709
   4.7499999840   0.0000284628  -0.0000006431   0.0000211740
   4.7549999840   0.0000450517  -0.0000007734   0.0000376675
   4.7599999840   0.0000615845  -0.0000008943   0.0000547419
   4.7649999840   0.0000767596  -0.0000010045   0.0000710471
   4.7699999840   0.0000893921  -0.0000011111   0.0000853060
   4.7749999840   0.0000985138  -0.0000012251   0.0000964211
   4.7799999839   0.0001034491  -0.0000013543   0.0001035616
   4.7849999839   0.0001038629  -0.0000014965   0.0001062221
   4.7899999839   0.0000997755  -0.0000016373   0.0001042507
   4.7949999839   0.0000915486  -0.0000017523   0.0000978483
   4.7999999839   0.0000798470  -0.0000018131   0.0000875414
   4.8049999839   0.0000655821  -0.0000017964   0.0000741373
   4.8099999838   0.0000498439  -0.0000016912   0.0000586635
   4.8149999838   0.0000338233  -0.0000015025   0.0000422951
   4.8199999838   0.0000187296  -0.0000012499   0.0000262730
   4.8249999838   0.0000057029  -0.0000009622   0.0000118145
   4.8299999838  -0.0000042716  -0.0000006698   0.0000000204
   4.8349999838  -0.0000104426  -0.0000003980  -0.0000082131
   4.8399999837  -0.0000123568  -0.0000001634  -0.0000122706
   4.8449999837  -0.0000098988   0.0000000259  -0.0000118703
   4.8499999837  -0.0000033020   0.0000001672  -0.0000070876
   4.8549999837   0.0000068731   0.0000002596   0.0000016535
   4.8599999837   0.0000197897   0.0000003007   0.0000136219
   4.8649999837   0.0000344081   0.0000002872   0.0000278450
   4.8699999836   0.0000495732   0.0000002171   0.0000431911
   4.8749999836   0.0000641059   0.0000000932   0.0000584609
   4.8799999836   0.0000768923  -0.0000000748   0.0000724774
   4.8849999836   0.0000869637  -0.0000002696   0.0000841718
   4.8899999836   0.0000935650  -0.0000004704   0.0000926602
   4.8949999836   0.0000962089  -0.0000006568   0.0000973074
   4.8999999835   0.0000947134  -0.0000008147   0.0000977766
   4.9049999835   0.0000892190  -0.0000009390   0.0000940575
   4.9099999835   0.0000801814  -0.0000010325   0.0000864719
   4.9149999835   0.0000683382  -0.0000011029   0.0000756496
   4.9199999835   0.0000546498  -0.0000011567   0.0000624778
   4.9249999835   0.0000402181  -0.0000011950   0.0000480242
   4.9299999834   0.0000261915  -0.0000012116   0.0000334448
   4.9349999834   0.0000136669  -0.0000011952   0.0000198843
   4.9399999834   0.0000035994  -0.0000011343   0.0000083822
   4.9449999834  -0.0000032703  -0.0000010237  -0.0000002071
   4.9499999834  -0.0000064670  -0.0000008685  -0.0000052737
   4.9549999834  -0.0000058062  -0.0000006855  -0.0000064881
   4.9599999833  -0.0000013982  -0.0000004995  -0.0000038161
   4.9649999833   0.0000063686  -0.0000003374   0.0000024864
   4.9699999833   0.0000168595  -0.0000002202   0.0000118952
   4.9749999833   0.0000292404  -0.0000001587   0.0000236563
   4.9799999833   0.0000425365  -0.0000001510   0.0000368382
   4.9849999833   0.0000557028  -0.0000001857   0.0000503995
   4.9899999832   0.0000677030  -0.0000002461   0.0000632681
   4.9949999832   0.0000775921  -0.0000003167   0.0000744268
   4.9999999832   0.0000845946  -0.0000003868   0.0000829979
   5.0049999832   0.0000881704  -0.0000004517   0.0000883180
   5.0099999832   0.0000880602  -0.0000005110   0.0000899925
   5.0149999832   0.0000843046  -0.0000005658   0.0000879261
   5.0199999831   0.0000772355  -0.0000006155   0.0000823238
   5.0249999831   0.0000674426  -0.0000006570   0.0000736669
   5.0299999831   0.0000557193  -0.0000006853   0.0000626671
   5.0349999831   0.0000429962  -0.0000006967   0.0000502054
   5.0399999831   0.0000302680  -0.0000006909   0.0000372624
   5.0449999831   0.0000185192  -0.0000006721   0.0000248445
   5.0499999830   0.0000086520  -0.0000006476   0.0000139107
   5.0549999830   0.0000014204  -0.0000006251   0.0000053012
   5.0599999830  -0.0000026272  -0.0000006087  -0.0000003262
   5.0649999830  -0.0000031924  -0.0000005965  -0.0000025493
   5.0699999830  -0.0000002537  -0.0000005811  -0.0000012176
   5.0749999830   0.0000059286  -0.0000005525   0.0000035326
   5.0799999829   0.0000148333  -0.0000005023   0.0000112895
   5.0849999829   0.0000257218  -0.0000004291   0.0000214014
   5.0899999829   0.0000377031  -0.0000003396   0.0000330352
   5.0949999829   0.0000498112  -0.0000002483   0.0000452494
   5.0999999829   0.0000610865  -0.0000001724   0.0000570741
   5.1049999829   0.0000706516  -0.0000001261   0.0000675879
   5.1099999828   0.0000777773  -0.0000001148   0.0000759868
   5.1149999828   0.0000819309  -0.0000001325   0.0000816392
   5.1199999828   0.0000828104  -0.0000001629   0.0000841272
   5.1249999828   0.0000803606  -0.0000001841   0.0000832721
   5.1299999828   0.0000747755  -0.0000001757   0.0000791465
   5.1349999828   0.0000664851  -0.0000001243   0.0000720704
   5.1399999827   0.0000561271  -0.0000000278   0.0000625921
   5.1449999827   0.0000445027   0.0000001050   0.0000514503
   5.1499999827   0.0000325178   0.0000002576   0.0000395204
   5.1549999827   0.0000211120   0.0000004112   0.0000277447
   5.1599999827   0.0000111810   0.0000005498   0.0000170550
   5.1649999827   0.0000035012   0.0000006633   0.0000082927
   5.1699999826  -0.0000013364   0.0000007480   0.0000021383
   5.1749999826  -0.0000029734   0.0000008053  -0.0000009445
   5.1799999826  -0.0000013109   0.0000008389  -0.0000007424
   5.1849999826   0.0000034891   0.0000008531   0.0000026962
   5.1899999826   0.0000110227   0.0000008517   0.0000090722
   5.1949999826   0.0000206812   0.0000008387   0.0000178651
   5.1999999825   0.0000317010   0.0000008197   0.0000283763
   5.2049999825   0.0000432223   0.0000008024   0.0000397833
   5.2099999825   0.0000543531   0.0000007959   0.0000512004
   5.2149999825   0.0000642344   0.0000008086   0.0000617448
   5.2199999825   0.0000721061   0.0000008454   0.0000706032
   5.2249999825   0.0000773661   0.0000009055   0.0000770962
   5.2299999824   0.0000796197   0.0000009825   0.0000807335
   5.2349999824   0.0000787140   0.0000010660   0.0000812559
   5.2399999824   0.0000747500   0.0000011456   0.0000786560
   5.2449999824   0.0000680738   0.0000012150   0.0000731772
   5.2499999824   0.0000592437   0.0000012747   0.0000652890
   5.2549999824   0.0000489802   0.0000013321   0.0000556435
   5.2599999823   0.0000381036   0.0000013985   0.0000450179
   5.2649999823   0.0000274665   0.0000014844   0.0000342501
   5.2699999823   0.0000178889   0.0000015942   0.0000241745
   5.2749999823   0.0000100991   0.0000017235   0.0000155618
   5.2799999823   0.0000046841   0.0000018583   0.0000090656
   5.2849999823   0.0000020506   0.0000019791   0.0000051788
   5.2899999822   0.0000023974   0.0000020657   0.0000041981
   5.2949999822   0.0000057000   0.0000021034   0.0000062018
   5.2999999822   0.0000117094   0.0000020868   0.0000110402
   5.3049999822   0.0000199673   0.0000020210   0.0000183429
   5.3099999822   0.0000298382   0.0000019189   0.0000275448
   5.3149999822   0.0000405583   0.0000017975   0.0000379294
   5.3199999821   0.0000512974   0.0000016726   0.0000486875
   5.3249999821   0.0000612284   0.0000015553   0.0000589855
   5.3299999821   0.0000695954   0.0000014516   0.0000680351
   5.3349999821   0.0000757760   0.0000013630   0.0000751573
   5.3399999821   0.0000793281   0.0000012896   0.0000798343
   5.3449999821   0.0000800200   0.0000012318   0.0000817458
   5.3499999820   0.0000778430   0.0000011924   0.0000807875
   5.3549999820   0.0000730059   0.0000011751   0.0000770734
   5.3599999820   0.0000659154   0.0000011832   0.0000709235
   5.3649999820   0.0000571441   0.0000012171   0.0000628377
   5.3699999820   0.0000473876   0.0000012738   0.0000534594
   5.3749999820   0.0000374140   0.0000013471   0.0000435280
   5.3799999819   0.0000280059   0.0000014293   0.0000338241
   5.3849999819   0.0000199001   0.0000015141   0.0000251082
   5.3899999819   0.0000137284   0.0000015979   0.0000180597
   5.3949999819   0.0000099651   0.0000016797   0.0000132211
   5.3999999819   0.0000088879   0.0000017593   0.0000109527
   5.4049999818   0.0000105570   0.0000018352   0.0000114051
   5.4099999818   0.0000148126   0.0000019015   0.0000145103
   5.4149999818   0.0000212939   0.0000019485   0.0000199930
   5.4199999818   0.0000294727   0.0000019640   0.0000273984
   5.4249999818   0.0000387002   0.0000019373   0.0000361329
   5.4299999818   0.0000482591   0.0000018634   0.0000455123
   5.4349999817   0.0000574177   0.0000017464   0.0000548137
   5.4399999817   0.0000654824   0.0000015999   0.0000633275
   5.4449999817   0.0000718466   0.0000014443   0.0000704074
   5.4499999817   0.0000760337   0.0000013020   0.0000755171
   5.4549999817   0.0000777325   0.0000011922   0.0000782702
   5.4599999817   0.0000768228   0.0000011259   0.0000784621
   5.4649999816   0.0000733875   0.0000011042   0.0000760888
   5.4699999816   0.0000677090   0.0000011199   0.0000713499
   5.4749999816   0.0000602477   0.0000011608   0.0000646338
   5.4799999816   0.0000516044   0.0000012144   0.0000564853
   5.4849999816   0.0000424693   0.0000012714   0.0000475586
   5.4899999816   0.0000335631   0.0000013275   0.0000385604
   5.4949999815   0.0000255766   0.0000013829   0.0000301911
   5.4999999815   0.0000191155   0.0000014402   0.0000230877
   5.5049999815   0.0000146550   0.0000015015   0.0000177763
   5.5099999815   0.0000125070   0.0000015666   0.0000146350
   5.5149999815   0.0000128007   0.0000016328   0.0000138699
   5.5199999815   0.0000154772   0.0000016953   0.0000155029
   5.5249999814   0.0000202957   0.0000017491   0.0000193728
   5.5299999814   0.0000268529   0.0000017907   0.0000251474
   5.5349999814   0.0000346122   0.0000018183   0.0000323485
   5.5399999814   0.0000429443   0.0000018317   0.0000403871
   5.5449999814   0.0000511756   0.0000018306   0.0000486092
   5.5499999814   0.0000586419   0.0000018144   0.0000563482
   5.5549999813   0.0000647426   0.0000017815   0.0000629798
   5.5599999813   0.0000689901   0.0000017305   0.0000679726
   5.5649999813   0.0000710478   0.0000016621   0.0000709307
   5.5699999813   0.0000707554   0.0000015806   0.0000716231
   5.5749999813   0.0000681365   0.0000014950   0.0000699969
   5.5799999813   0.0000633913   0.0000014177   0.0000661762
   5.5849999812   0.0000568763   0.0000013623   0.0000604468
   5.5899999812   0.0000490726   0.0000013397   0.0000532309
   5.5949999812   0.0000405492   0.0000013557   0.0000450538
   5.5999999812   0.0000319207   0.0000014086   0.0000365056
   5.6049999812   0.0000238032   0.0000014900   0.0000281986
   5.6099999812   0.0000167698   0.0000015873   0.0000207227
   5.6149999811   0.0000113074   0.0000016867   0.0000146011
   5.6199999811   0.0000077773   0.0000017774   0.0000102475
   5.6249999811   0.0000063840   0.0000018535   0.0000079312
   5.6299999811   0.0000071564   0.0000019142   0.0000077526
   5.6349999811   0.0000099429   0.0000019622   0.0000096330
   5.6399999811   0.0000144244   0.0000020016   0.0000133219
   5.6449999810   0.0000201419   0.0000020351   0.0000184194
   5.6499999810   0.0000265368   0.0000020626   0.0000244126
   5.6549999810   0.0000329992   0.0000020821   0.0000307199
   5.6599999810   0.0000389178   0.0000020904   0.0000367394
   5.6649999810   0.0000437273   0.0000020857   0.0000418955
   5.6699999810   0.0000469504   0.0000020691   0.0000456819
   5.6749999809   0.0000482305   0.0000020447   0.0000476964
   5.6799999809   0.0000473563   0.0000020185   0.0000476695
   5.6849999809   0.0000442764   0.0000019966   0.0000454829
   5.6899999809   0.0000391033   0.0000019830   0.0000411795
   5.6949999809   0.0000321061   0.0000019789   0.0000349614
   5.6999999809   0.0000236922   0.0000019824   0.0000271763
   5.7049999808   0.0000143759   0.0000019907   0.0000182915
   5.7099999808   0.0000047382   0.0000020016   0.0000088566
   5.7149999808  -0.0000046208   0.0000020153  -0.0000005415
   5.7199999808  -0.0000131311   0.0000020345  -0.0000093274
   5.7249999808  -0.0000202987   0.0000020634  -0.0000169834
   5.7299999808  -0.0000257435   0.0000021049  -0.0000230898
   5.7349999807  -0.0000292256   0.0000021588  -0.0000273541
   5.7399999807  -0.0000306592   0.0000022206  -0.0000296292
   5.7449999807  -0.0000301134   0.0000022817  -0.0000299186
   5.7499999807  -0.0000278018   0.0000023323  -0.0000283718
   5.7549999807  -0.0000240638   0.0000023642  -0.0000252697
   5.7599999807  -0.0000193369   0.0000023738  -0.0000210018
   5.7649999806  -0.0000141241   0.0000023631  -0.0000160371
   5.7699999806  -0.0000089556   0.0000023392  -0.0000108884
   5.7749999806  -0.0000043474   0.0000023115  -0.0000060720
   5.7799999806  -0.0000007594   0.0000022881  -0.0000020659
   5.7849999806   0.0000014438   0.0000022730   0.0000007315
   5.7899999806   0.0000020255   0.0000022651   0.0000020364
   5.7949999805   0.0000008991   0.0000022591   0.0000017058
   5.7999999805  -0.0000018638   0.0000022480  -0.0000002499
   5.8049999805  -0.0000060388   0.0000022264  -0.0000036678
   5.8099999805  -0.0000112684   0.0000021925  -0.0000082475
   5.8149999805  -0.0000170919   0.0000021486  -0.0000135764
   5.8199999805  -0.0000229834   0.0000021003  -0.0000191645
   5.8249999804  -0.0000283919   0.0000020535  -0.0000244818
   5.8299999804  -0.0000327827   0.0000020125  -0.0000289982
   5.8349999804  -0.0000356756   0.0000019787  -0.0000322215
   5.8399999804  -0.0000366788   0.0000019502  -0.0000337321
   5.8449999804  -0.0000355170   0.0000019234  -0.0000332137
   5.8499999804  -0.0000320520   0.0000018946  -0.0000304768
   5.8549999803  -0.0000262942   0.0000018615  -0.0000254748
   5.8599999803  -0.0000184037   0.0000018231  -0.0000183090
   5.8649999803  -0.0000086794   0.0000017791  -0.0000092226
   5.8699999803   0.0000024632   0.0000017288   0.0000014173
   5.8749999803   0.0000145246   0.0000016697   0.0000131486
   5.8799999803   0.0000269608   0.0000015983   0.0000254510
   5.8849999802   0.0000392253   0.0000015108   0.0000377867
   5.8899999802   0.0000508108   0.0000014055   0.0000496409
   5.8949999802   0.0000612847   0.0000012842   0.0000605588
   5.8999999802   0.0000703174   0.0000011528   0.0000701752
   5.9049999802   0.0000777011   0.0000010203   0.0000782363
   5.9099999802   0.0000833592   0.0000008963   0.0000846126
   5.9149999801   0.0000873459   0.0000007881   0.0000893028
   5.9199999801   0.0000898386   0.0000006983   0.0000924300
   5.9249999801   0.0000911202   0.0000006240   0.0000942291
   5.9299999801   0.0000915556   0.0000005577   0.0000950257
   5.9349999801   0.0000915596   0.0000004903   0.0000952083
   5.9399999801   0.0000915612   0.0000004137   0.0000951937
   5.9449999800   0.0000919642   0.0000003234   0.0000953884
   5.9499999800   0.0000931095   0.0000002195   0.0000961508
   5.9549999800   0.0000952419   0.0000001057   0.0000977568
   5.9599999800   0.0000984869  -0.0000000123   0.0001003729
   5.9649999800   0.0001028373  -0.0000001292   0.0001040410
   5.9699999800   0.0001081541  -0.0000002424   0.0001086743
   5.9749999799   0.0001141775  -0.0000003516   0.0001140648
   5.9799999799   0.0001205485  -0.0000004591   0.0001199012
   5.9849999799   0.0001268371  -0.0000005676   0.0001257929
   5.9899999799   0.0001325749  -0.0000006790   0.0001312999
   5.9949999799   0.0001372887  -0.0000007932   0.0001359643
