   0.0000000000   0.0000000000   0.0000000000   0.0000000000
   0.0050000000   0.0000000000   0.0000000000   0.0000000000
   0.0100000000   0.0000000000   0.0000000000   0.0000000000
   0.0149999999   0.0000000000   0.0000000000   0.0000000000
   0.0199999999   0.0000000000   0.0000000000   0.0000000000
   0.0249999999   0.0000000000   0.0000000000   0.0000000000
   0.0299999999   0.0000000000   0.0000000000   0.0000000000
   0.0349999999   0.0000000000   0.0000000000   0.0000000000
   0.0399999999   0.0000000000   0.0000000000   0.0000000000
   0.0449999998   0.0000000000   0.0000000000   0.0000000000
   0.0499999998   0.0000000000   0.0000000000   0.0000000000
   0.0549999998   0.0000000000   0.0000000000   0.0000000000
   0.0599999998   0.0000000000   0.0000000000   0.0000000000
   0.0649999998   0.0000000000   0.0000000000   0.0000000000
   0.0699999998   0.0000000000   0.0000000000   0.0000000000
   0.0749999997  -0.0000000000   0.0000000000  -0.0000000000
   0.0799999997  -0.0000000000   0.0000000000  -0.0000000000
   0.0849999997  -0.0000000000   0.0000000000  -0.0000000000
   0.0899999997  -0.0000000000   0.0000000000  -0.0000000000
   0.0949999997  -0.0000000000   0.0000000000  -0.0000000000
   0.0999999997  -0.0000000000   0.0000000000  -0.0000000000
   0.1049999996  -0.0000000000   0.0000000000  -0.0000000000
   0.1099999996  -0.0000000000   0.0000000000  -0.0000000000
   0.1149999996  -0.0000000000   0.0000000000  -0.0000000000
   0.1199999996   0.0000000000   0.0000000000   0.0000000000
   0.1249999996   0.0000000000  -0.0000000000   0.0000000000
   0.1299999996   0.0000000000  -0.0000000000   0.0000000000
   0.1349999995   0.0000000000  -0.0000000000   0.0000000000
   0.1399999995   0.0000000000  -0.0000000000   0.0000000000
   0.1449999995   0.0000000000  -0.0000000000   0.0000000000
   0.1499999995   0.0000000000  -0.0000000000   0.0000000000
   0.1549999995   0.0000000000  -0.0000000000   0.0000000000
   0.1599999995   0.0000000000  -0.0000000000   0.0000000000
   0.1649999994   0.0000000000  -0.0000000000   0.0000000000
   0.1699999994   0.0000000000  -0.0000000000   0.0000000000
   0.1749999994   0.0000000000  -0.0000000000   0.0000000000
   0.1799999994   0.0000000000  -0.0000000000   0.0000000000
   0.1849999994   0.0000000000  -0.0000000000   0.0000000000
   0.1899999994   0.0000000000  -0.0000000000   0.0000000000
   0.1949999993   0.0000000000  -0.0000000000   0.0000000000
   0.1999999993   0.0000000000  -0.0000000000   0.0000000000
   0.2049999993   0.0000000000  -0.0000000000   0.0000000000
   0.2099999993   0.0000000000  -0.0000000000   0.0000000000
   0.2149999993   0.0000000000  -0.0000000000   0.0000000000
   0.2199999993   0.0000000000  -0.0000000000   0.0000000000
   0.2249999992   0.0000000000  -0.0000000000   0.0000000000
   0.2299999992   0.0000000000  -0.0000000000   0.0000000000
   0.2349999992   0.0000000000  -0.0000000000   0.0000000000
   0.2399999992   0.0000000000  -0.0000000000   0.0000000000
   0.2449999992   0.0000000000  -0.0000000000   0.0000000000
   0.2499999992   0.0000000000  -0.0000000000   0.0000000000
   0.2549999991   0.0000000000  -0.0000000000   0.0000000000
   0.2599999991   0.0000000000  -0.0000000000   0.0000000000
   0.2649999991   0.0000000000  -0.0000000000   0.0000000000
   0.2699999991   0.0000000000  -0.0000000000   0.0000000000
   0.2749999991   0.0000000000  -0.0000000000   0.0000000000
   0.2799999991   0.0000000000  -0.0000000000   0.0000000000
   0.2849999990   0.0000000000  -0.0000000000   0.0000000000
   0.2899999990   0.0000000000  -0.0000000000   0.0000000000
   0.2949999990   0.0000000000  -0.0000000000   0.0000000000
   0.2999999990   0.0000000000  -0.0000000000   0.0000000000
   0.3049999990   0.0000000000  -0.0000000000   0.0000000000
   0.3099999990   0.0000000000  -0.0000000000   0.0000000000
   0.3149999989   0.0000000000  -0.0000000000   0.0000000000
   0.3199999989   0.0000000000  -0.0000000000   0.0000000000
   0.3249999989   0.0000000000  -0.0000000000   0.0000000000
   0.3299999989   0.0000000000  -0.0000000000   0.0000000000
   0.3349999989   0.0000000000  -0.0000000000   0.0000000000
   0.3399999989   0.0000000000  -0.0000000000   0.0000000000
   0.3449999988   0.0000000000  -0.0000000000   0.0000000000
   0.3499999988   0.0000000000  -0.0000000000   0.0000000000
   0.3549999988   0.0000000000  -0.0000000000   0.0000000000
   0.3599999988   0.0000000000  -0.0000000000   0.0000000000
   0.3649999988   0.0000000000  -0.0000000000   0.0000000000
   0.3699999988   0.0000000000  -0.0000000000   0.0000000000
   0.3749999987   0.0000000000   0.0000000000   0.0000000000
   0.3799999987   0.0000000000   0.0000000000   0.0000000000
   0.3849999987  -0.0000000000   0.0000000000  -0.0000000000
   0.3899999987  -0.0000000000   0.0000000000  -0.0000000000
   0.3949999987  -0.0000000000   0.0000000000  -0.0000000000
   0.3999999987  -0.0000000000   0.0000000000  -0.0000000000
   0.4049999986  -0.0000000000   0.0000000000  -0.0000000000
   0.4099999986  -0.0000000000   0.0000000000  -0.0000000000
   0.4149999986  -0.0000000000   0.0000000000  -0.0000000000
   0.4199999986  -0.0000000000   0.0000000000  -0.0000000000
   0.4249999986  -0.0000000000   0.0000000000  -0.0000000000
   0.4299999986  -0.0000000000   0.0000000000  -0.0000000000
   0.4349999985  -0.0000000000   0.0000000000  -0.0000000000
   0.4399999985  -0.0000000000   0.0000000000  -0.0000000000
   0.4449999985  -0.0000000000   0.0000000000  -0.0000000000
   0.4499999985  -0.0000000000   0.0000000000  -0.0000000000
   0.4549999985  -0.0000000000   0.0000000000  -0.0000000000
   0.4599999985  -0.0000000000   0.0000000000  -0.0000000000
   0.4649999984  -0.0000000000   0.0000000000  -0.0000000000
   0.4699999984  -0.0000000000   0.0000000000  -0.0000000000
   0.4749999984  -0.0000000000   0.0000000000  -0.0000000000
   0.4799999984  -0.0000000000   0.0000000000  -0.0000000000
   0.4849999984  -0.0000000000   0.0000000000  -0.0000000000
   0.4899999984  -0.0000000000   0.0000000000  -0.0000000000
   0.4949999983  -0.0000000000   0.0000000000  -0.0000000000
   0.4999999983  -0.0000000000   0.0000000000  -0.0000000000
   0.5049999983  -0.0000000000   0.0000000000  -0.0000000000
   0.5099999983  -0.0000000000   0.0000000000  -0.0000000000
   0.5149999983  -0.0000000000   0.0000000000  -0.0000000000
   0.5199999983  -0.0000000000   0.0000000000  -0.0000000000
   0.5249999982  -0.0000000000   0.0000000000  -0.0000000000
   0.5299999982  -0.0000000000   0.0000000000  -0.0000000000
   0.5349999982  -0.0000000000   0.0000000000  -0.0000000000
   0.5399999982  -0.0000000000   0.0000000000  -0.0000000000
   0.5449999982  -0.0000000000   0.0000000000  -0.0000000000
   0.5499999982  -0.0000000000   0.0000000000  -0.0000000000
   0.5549999981  -0.0000000000   0.0000000000  -0.0000000000
   0.5599999981   0.0000000000   0.0000000000  -0.0000000000
   0.5649999981   0.0000000000   0.0000000000   0.0000000000
   0.5699999981   0.0000000000   0.0000000000   0.0000000000
   0.5749999981   0.0000000000   0.0000000000   0.0000000000
   0.5799999981   0.0000000000   0.0000000000   0.0000000000
   0.5849999980   0.0000000000   0.0000000000   0.0000000000
   0.5899999980   0.0000000000   0.0000000000   0.0000000000
   0.5949999980   0.0000000000   0.0000000000   0.0000000000
   0.5999999980   0.0000000000   0.0000000000   0.0000000000
   0.6049999980   0.0000000000   0.0000000000   0.0000000000
   0.6099999980   0.0000000000   0.0000000000   0.0000000000
   0.6149999979   0.0000000000   0.0000000000   0.0000000000
   0.6199999979   0.0000000000  -0.0000000000   0.0000000000
   0.6249999979   0.0000000000  -0.0000000000   0.0000000000
   0.6299999979   0.0000000000  -0.0000000000   0.0000000000
   0.6349999979  -0.0000000000  -0.0000000000   0.0000000000
   0.6399999979  -0.0000000000  -0.0000000000  -0.0000000000
   0.6449999978  -0.0000000000  -0.0000000000  -0.0000000000
   0.6499999978  -0.0000000000  -0.0000000000  -0.0000000000
   0.6549999978  -0.0000000000  -0.0000000000  -0.0000000000
   0.6599999978  -0.0000000000  -0.0000000000  -0.0000000000
   0.6649999978  -0.0000000000  -0.0000000000  -0.0000000000
   0.6699999978  -0.0000000000  -0.0000000000  -0.0000000000
   0.6749999977  -0.0000000000  -0.0000000000  -0.0000000000
   0.6799999977  -0.0000000000   0.0000000000  -0.0000000000
   0.6849999977  -0.0000000000   0.0000000000  -0.0000000000
   0.6899999977   0.0000000000   0.0000000000   0.0000000000
   0.6949999977   0.0000000000   0.0000000000   0.0000000000
   0.6999999976   0.0000000000   0.0000000000   0.0000000000
   0.7049999976   0.0000000000   0.0000000000   0.0000000000
   0.7099999976   0.0000000000   0.0000000000   0.0000000000
   0.7149999976   0.0000000000   0.0000000000   0.0000000000
   0.7199999976   0.0000000000   0.0000000000   0.0000000000
   0.7249999976   0.0000000000   0.0000000000   0.0000000000
   0.7299999975   0.0000000000   0.0000000000   0.0000000000
   0.7349999975   0.0000000000   0.0000000000   0.0000000000
   0.7399999975   0.0000000000   0.0000000000   0.0000000000
   0.7449999975   0.0000000000   0.0000000000   0.0000000000
   0.7499999975   0.0000000000   0.0000000000   0.0000000000
   0.7549999975   0.0000000000   0.0000000000   0.0000000000
   0.7599999974   0.0000000000   0.0000000000   0.0000000000
   0.7649999974   0.0000000000   0.0000000000   0.0000000000
   0.7699999974   0.0000000000   0.0000000000   0.0000000000
   0.7749999974   0.0000000000   0.0000000000   0.0000000000
   0.7799999974   0.0000000000   0.0000000000   0.0000000000
   0.7849999974   0.0000000000   0.0000000000   0.0000000000
   0.7899999973   0.0000000000   0.0000000000   0.0000000000
   0.7949999973   0.0000000000   0.0000000000   0.0000000000
   0.7999999973   0.0000000000   0.0000000000   0.0000000000
   0.8049999973   0.0000000000   0.0000000000   0.0000000000
   0.8099999973   0.0000000000   0.0000000000   0.0000000000
   0.8149999973   0.0000000000   0.0000000000   0.0000000000
   0.8199999972   0.0000000000   0.0000000000   0.0000000000
   0.8249999972   0.0000000000   0.0000000000   0.0000000000
   0.8299999972   0.0000000000   0.0000000000   0.0000000000
   0.8349999972   0.0000000000   0.0000000000   0.0000000000
   0.8399999972   0.0000000000   0.0000000000   0.0000000000
   0.8449999972   0.0000000000   0.0000000000   0.0000000000
   0.8499999971   0.0000000000   0.0000000000   0.0000000000
   0.8549999971   0.0000000000   0.0000000000   0.0000000000
   0.8599999971   0.0000000000   0.0000000000   0.0000000000
   0.8649999971   0.0000000000   0.0000000000   0.0000000000
   0.8699999971   0.0000000000   0.0000000000   0.0000000000
   0.8749999971   0.0000000000   0.0000000000   0.0000000000
   0.8799999970   0.0000000000   0.0000000000   0.0000000000
   0.8849999970   0.0000000000   0.0000000000   0.0000000000
   0.8899999970   0.0000000000   0.0000000000   0.0000000000
   0.8949999970   0.0000000000   0.0000000000   0.0000000000
   0.8999999970   0.0000000000   0.0000000000   0.0000000000
   0.9049999970   0.0000000000   0.0000000000   0.0000000000
   0.9099999969   0.0000000000   0.0000000000   0.0000000000
   0.9149999969   0.0000000000   0.0000000000   0.0000000000
   0.9199999969   0.0000000000   0.0000000000   0.0000000000
   0.9249999969   0.0000000000   0.0000000000   0.0000000000
   0.9299999969   0.0000000000   0.0000000000   0.0000000000
   0.9349999969   0.0000000000   0.0000000000   0.0000000000
   0.9399999968   0.0000000000   0.0000000000   0.0000000000
   0.9449999968   0.0000000000   0.0000000000   0.0000000000
   0.9499999968   0.0000000000   0.0000000000   0.0000000000
   0.9549999968   0.0000000000   0.0000000000   0.0000000000
   0.9599999968   0.0000000000   0.0000000000   0.0000000000
   0.9649999968   0.0000000000   0.0000000000   0.0000000000
   0.9699999967   0.0000000000   0.0000000000   0.0000000000
   0.9749999967   0.0000000000   0.0000000000   0.0000000000
   0.9799999967   0.0000000000   0.0000000000   0.0000000000
   0.9849999967   0.0000000000   0.0000000000   0.0000000000
   0.9899999967  -0.0000000000   0.0000000000   0.0000000000
   0.9949999967  -0.0000000000  -0.0000000000  -0.0000000000
   0.9999999966  -0.0000000000  -0.0000000000  -0.0000000000
   1.0049999966  -0.0000000000  -0.0000000000  -0.0000000000
   1.0099999966  -0.0000000000  -0.0000000000  -0.0000000000
   1.0149999966  -0.0000000000  -0.0000000000  -0.0000000000
   1.0199999966  -0.0000000000  -0.0000000000  -0.0000000000
   1.0249999966  -0.0000000000  -0.0000000000  -0.0000000000
   1.0299999965  -0.0000000000  -0.0000000000  -0.0000000000
   1.0349999965  -0.0000000000  -0.0000000000  -0.0000000000
   1.0399999965  -0.0000000000  -0.0000000000  -0.0000000000
   1.0449999965  -0.0000000000  -0.0000000000  -0.0000000000
   1.0499999965  -0.0000000000  -0.0000000000  -0.0000000000
   1.0549999965  -0.0000000000  -0.0000000000  -0.0000000000
   1.0599999964  -0.0000000000  -0.0000000000  -0.0000000000
   1.0649999964   0.0000000000  -0.0000000000  -0.0000000000
   1.0699999964   0.0000000000   0.0000000000   0.0000000000
   1.0749999964   0.0000000000   0.0000000000   0.0000000000
   1.0799999964   0.0000000000   0.0000000000   0.0000000000
   1.0849999964   0.0000000000   0.0000000000   0.0000000000
   1.0899999963   0.0000000000   0.0000000000   0.0000000000
   1.0949999963   0.0000000000   0.0000000000   0.0000000000
   1.0999999963   0.0000000000   0.0000000000   0.0000000000
   1.1049999963   0.0000000000   0.0000000000   0.0000000000
   1.1099999963   0.0000000000   0.0000000000   0.0000000000
   1.1149999963   0.0000000000   0.0000000000   0.0000000000
   1.1199999962   0.0000000000   0.0000000000   0.0000000000
   1.1249999962  -0.0000000000   0.0000000000   0.0000000000
   1.1299999962  -0.0000000000  -0.0000000000  -0.0000000000
   1.1349999962  -0.0000000000  -0.0000000000  -0.0000000000
   1.1399999962  -0.0000000000  -0.0000000000  -0.0000000000
   1.1449999962  -0.0000000000  -0.0000000000  -0.0000000000
   1.1499999961  -0.0000000000  -0.0000000000  -0.0000000000
   1.1549999961  -0.0000000000  -0.0000000000  -0.0000000000
   1.1599999961  -0.0000000000  -0.0000000000  -0.0000000000
   1.1649999961  -0.0000000000  -0.0000000000  -0.0000000000
   1.1699999961  -0.0000000000  -0.0000000000  -0.0000000000
   1.1749999961  -0.0000000000  -0.0000000000  -0.0000000000
   1.1799999960   0.0000000000  -0.0000000000  -0.0000000000
   1.1849999960   0.0000000000   0.0000000000   0.0000000000
   1.1899999960   0.0000000000   0.0000000000   0.0000000000
   1.1949999960   0.0000000000   0.0000000000   0.0000000000
   1.1999999960   0.0000000000   0.0000000000   0.0000000000
   1.2049999960   0.0000000000   0.0000000000   0.0000000000
   1.2099999959   0.0000000000   0.0000000000   0.0000000000
   1.2149999959   0.0000000000   0.0000000000   0.0000000000
   1.2199999959   0.0000000000   0.0000000000   0.0000000000
   1.2249999959   0.0000000000   0.0000000000   0.0000000000
   1.2299999959  -0.0000000000   0.0000000000   0.0000000000
   1.2349999959  -0.0000000000  -0.0000000000  -0.0000000000
   1.2399999958  -0.0000000000  -0.0000000000  -0.0000000000
   1.2449999958  -0.0000000000  -0.0000000000  -0.0000000000
   1.2499999958  -0.0000000000  -0.0000000000  -0.0000000000
   1.2549999958  -0.0000000000  -0.0000000000  -0.0000000000
   1.2599999958  -0.0000000000  -0.0000000000  -0.0000000000
   1.2649999958  -0.0000000000  -0.0000000000  -0.0000000000
   1.2699999957  -0.0000000000  -0.0000000000  -0.0000000000
   1.2749999957  -0.0000000000  -0.0000000000  -0.0000000000
   1.2799999957   0.0000000000  -0.0000000000  -0.0000000000
   1.2849999957   0.0000000000   0.0000000000   0.0000000000
   1.2899999957   0.0000000000   0.0000000000   0.0000000000
   1.2949999957   0.0000000000   0.0000000000   0.0000000000
   1.2999999956   0.0000000000   0.0000000000   0.0000000000
   1.3049999956   0.0000000000   0.0000000000   0.0000000000
   1.3099999956   0.0000000000   0.0000000000   0.0000000000
   1.3149999956   0.0000000000   0.0000000000   0.0000000000
   1.3199999956   0.0000000000   0.0000000000   0.0000000000
   1.3249999956  -0.0000000000   0.0000000000   0.0000000000
   1.3299999955  -0.0000000000  -0.0000000000  -0.0000000000
   1.3349999955  -0.0000000000  -0.0000000000  -0.0000000000
   1.3399999955  -0.0000000000  -0.0000000000  -0.0000000000
   1.3449999955  -0.0000000000  -0.0000000000  -0.0000000000
   1.3499999955  -0.0000000000  -0.0000000000  -0.0000000000
   1.3549999954  -0.0000000000  -0.0000000000  -0.0000000000
   1.3599999954  -0.0000000000  -0.0000000000  -0.0000000000
   1.3649999954  -0.0000000000  -0.0000000000  -0.0000000000
   1.3699999954   0.0000000000  -0.0000000000   0.0000000000
   1.3749999954   0.0000000000   0.0000000000   0.0000000000
   1.3799999954   0.0000000000   0.0000000000   0.0000000000
   1.3849999953   0.0000000000   0.0000000000   0.0000000000
   1.3899999953   0.0000000000   0.0000000000   0.0000000000
   1.3949999953   0.0000000000   0.0000000000   0.0000000000
   1.3999999953   0.0000000000   0.0000000000   0.0000000000
   1.4049999953   0.0000000000   0.0000000000   0.0000000000
   1.4099999953  -0.0000000000   0.0000000000  -0.0000000000
   1.4149999952  -0.0000000000  -0.0000000000  -0.0000000000
   1.4199999952  -0.0000000000  -0.0000000000  -0.0000000000
   1.4249999952  -0.0000000000  -0.0000000000  -0.0000000000
   1.4299999952  -0.0000000000  -0.0000000000  -0.0000000000
   1.4349999952  -0.0000000000  -0.0000000000  -0.0000000000
   1.4399999952  -0.0000000000  -0.0000000000  -0.0000000000
   1.4449999951   0.0000000000  -0.0000000000  -0.0000000000
   1.4499999951   0.0000000000  -0.0000000000   0.0000000000
   1.4549999951   0.0000000000   0.0000000000   0.0000000000
   1.4599999951   0.0000000000   0.0000000000   0.0000000000
   1.4649999951   0.0000000000   0.0000000000   0.0000000000
   1.4699999951   0.0000000000   0.0000000000   0.0000000000
   1.4749999950   0.0000000000   0.0000000000   0.0000000000
   1.4799999950   0.0000000000   0.0000000000   0.0000000000
   1.4849999950  -0.0000000000   0.0000000000   0.0000000000
   1.4899999950  -0.0000000000  -0.0000000000  -0.0000000000
   1.4949999950  -0.0000000000  -0.0000000000  -0.0000000000
   1.4999999950  -0.0000000000  -0.0000000000  -0.0000000000
   1.5049999949  -0.0000000000  -0.0000000000  -0.0000000000
   1.5099999949  -0.0000000000  -0.0000000000  -0.0000000000
   1.5149999949  -0.0000000000  -0.0000000000  -0.0000000000
   1.5199999949   0.0000000000  -0.0000000000  -0.0000000000
   1.5249999949   0.0000000000  -0.0000000000   0.0000000000
   1.5299999949   0.0000000000   0.0000000000   0.0000000000
   1.5349999948   0.0000000000   0.0000000000   0.0000000000
   1.5399999948   0.0000000000   0.0000000000   0.0000000000
   1.5449999948   0.0000000000   0.0000000000   0.0000000000
   1.5499999948   0.0000000000   0.0000000000   0.0000000000
   1.5549999948  -0.0000000000   0.0000000000   0.0000000000
   1.5599999948  -0.0000000000   0.0000000000   0.0000000000
   1.5649999947  -0.0000000000  -0.0000000000  -0.0000000000
   1.5699999947  -0.0000000000  -0.0000000000  -0.0000000000
   1.5749999947  -0.0000000000  -0.0000000000  -0.0000000000
   1.5799999947  -0.0000000000  -0.0000000000  -0.0000000000
   1.5849999947  -0.0000000000  -0.0000000000  -0.0000000000
   1.5899999947  -0.0000000000  -0.0000000000  -0.0000000000
   1.5949999946  -0.0000000000  -0.0000000000  -0.0000000000
   1.5999999946   0.0000000000  -0.0000000000   0.0000000000
   1.6049999946   0.0000000000   0.0000000000   0.0000000000
   1.6099999946   0.0000000000   0.0000000000   0.0000000000
   1.6149999946   0.0000000000   0.0000000000   0.0000000000
   1.6199999946   0.0000000000   0.0000000000   0.0000000000
   1.6249999945   0.0000000000  -0.0000000000   0.0000000000
   1.6299999945   0.0000000000  -0.0000000000  -0.0000000000
   1.6349999945   0.0000000001  -0.0000000000  -0.0000000000
   1.6399999945   0.0000000001  -0.0000000000  -0.0000000000
   1.6449999945   0.0000000001  -0.0000000000  -0.0000000000
   1.6499999945   0.0000000001  -0.0000000000  -0.0000000000
   1.6549999944   0.0000000000  -0.0000000000  -0.0000000000
   1.6599999944  -0.0000000000   0.0000000000   0.0000000000
   1.6649999944  -0.0000000001   0.0000000000   0.0000000000
   1.6699999944  -0.0000000002   0.0000000000   0.0000000001
   1.6749999944  -0.0000000003   0.0000000001   0.0000000001
   1.6799999944  -0.0000000005   0.0000000001   0.0000000002
   1.6849999943  -0.0000000006   0.0000000002   0.0000000003
   1.6899999943  -0.0000000006   0.0000000002   0.0000000003
   1.6949999943  -0.0000000006   0.0000000003   0.0000000003
   1.6999999943  -0.0000000005   0.0000000003   0.0000000003
   1.7049999943  -0.0000000002   0.0000000002   0.0000000002
   1.7099999943   0.0000000001   0.0000000001  -0.0000000001
   1.7149999942   0.0000000006  -0.0000000001  -0.0000000004
   1.7199999942   0.0000000012  -0.0000000004  -0.0000000008
   1.7249999942   0.0000000019  -0.0000000007  -0.0000000013
   1.7299999942   0.0000000026  -0.0000000011  -0.0000000017
   1.7349999942   0.0000000031  -0.0000000014  -0.0000000021
   1.7399999942   0.0000000035  -0.0000000016  -0.0000000022
   1.7449999941   0.0000000035  -0.0000000017  -0.0000000021
   1.7499999941   0.0000000031  -0.0000000016  -0.0000000016
   1.7549999941   0.0000000021  -0.0000000012  -0.0000000008
   1.7599999941   0.0000000006  -0.0000000006   0.0000000005
   1.7649999941  -0.0000000015   0.0000000004   0.0000000020
   1.7699999941  -0.0000000039   0.0000000015   0.0000000036
   1.7749999940  -0.0000000065   0.0000000028   0.0000000053
   1.7799999940  -0.0000000090   0.0000000040   0.0000000066
   1.7849999940  -0.0000000109   0.0000000050   0.0000000074
   1.7899999940  -0.0000000119   0.0000000056   0.0000000074
   1.7949999940  -0.0000000116   0.0000000056   0.0000000065
   1.7999999940  -0.0000000097   0.0000000050   0.0000000046
   1.8049999939  -0.0000000064   0.0000000037   0.0000000018
   1.8099999939  -0.0000000016   0.0000000016  -0.0000000017
   1.8149999939   0.0000000041  -0.0000000009  -0.0000000055
   1.8199999939   0.0000000101  -0.0000000038  -0.0000000093
   1.8249999939   0.0000000157  -0.0000000066  -0.0000000124
   1.8299999939   0.0000000200  -0.0000000091  -0.0000000144
   1.8349999938   0.0000000222  -0.0000000107  -0.0000000148
   1.8399999938   0.0000000218  -0.0000000112  -0.0000000133
   1.8449999938   0.0000000185  -0.0000000104  -0.0000000101
   1.8499999938   0.0000000127  -0.0000000083  -0.0000000053
   1.8549999938   0.0000000048  -0.0000000049   0.0000000006
   1.8599999938  -0.0000000040  -0.0000000007   0.0000000067
   1.8649999937  -0.0000000127   0.0000000039   0.0000000122
   1.8699999937  -0.0000000198   0.0000000082   0.0000000162
   1.8749999937  -0.0000000242   0.0000000116   0.0000000181
   1.8799999937  -0.0000000250   0.0000000135   0.0000000173
   1.8849999937  -0.0000000221   0.0000000135   0.0000000138
   1.8899999937  -0.0000000158   0.0000000117   0.0000000082
   1.8949999936  -0.0000000069   0.0000000081   0.0000000012
   1.8999999936   0.0000000030   0.0000000033  -0.0000000061
   1.9049999936   0.0000000123  -0.0000000019  -0.0000000122
   1.9099999936   0.0000000193  -0.0000000067  -0.0000000161
   1.9149999936   0.0000000226  -0.0000000102  -0.0000000169
   1.9199999936   0.0000000215  -0.0000000119  -0.0000000143
   1.9249999935   0.0000000160  -0.0000000112  -0.0000000086
   1.9299999935   0.0000000070  -0.0000000084  -0.0000000009
   1.9349999935  -0.0000000040  -0.0000000039   0.0000000075
   1.9399999935  -0.0000000150   0.0000000015   0.0000000150
   1.9449999935  -0.0000000238   0.0000000067   0.0000000198
   1.9499999935  -0.0000000284   0.0000000107   0.0000000209
   1.9549999934  -0.0000000279   0.0000000127   0.0000000178
   1.9599999934  -0.0000000219   0.0000000120   0.0000000108
   1.9649999934  -0.0000000112   0.0000000088   0.0000000011
   1.9699999934   0.0000000024   0.0000000036  -0.0000000095
   1.9749999934   0.0000000165  -0.0000000028  -0.0000000190
   1.9799999934   0.0000000285  -0.0000000090  -0.0000000255
   1.9849999933   0.0000000362  -0.0000000140  -0.0000000276
   1.9899999933   0.0000000379  -0.0000000167  -0.0000000248
   1.9949999933   0.0000000331  -0.0000000165  -0.0000000175
   1.9999999933   0.0000000228  -0.0000000135  -0.0000000071
   2.0049999933   0.0000000086  -0.0000000080   0.0000000043
   2.0099999933  -0.0000000069  -0.0000000013   0.0000000147
   2.0149999932  -0.0000000208   0.0000000056   0.0000000220
   2.0199999932  -0.0000000308   0.0000000114   0.0000000249
   2.0249999932  -0.0000000351   0.0000000150   0.0000000232
   2.0299999932  -0.0000000332   0.0000000161   0.0000000175
   2.0349999932  -0.0000000260   0.0000000146   0.0000000093
   2.0399999931  -0.0000000152   0.0000000111   0.0000000007
   2.0449999931  -0.0000000032   0.0000000063  -0.0000000066
   2.0499999931   0.0000000078   0.0000000013  -0.0000000112
   2.0549999931   0.0000000156  -0.0000000031  -0.0000000124
   2.0599999931   0.0000000194  -0.0000000061  -0.0000000106
   2.0649999931   0.0000000191  -0.0000000077  -0.0000000070
   2.0699999930   0.0000000157  -0.0000000079  -0.0000000030
   2.0749999930   0.0000000108  -0.0000000073  -0.0000000002
   2.0799999930   0.0000000059  -0.0000000063   0.0000000005
   2.0849999930   0.0000000024  -0.0000000055  -0.0000000010
   2.0899999930   0.0000000008  -0.0000000049  -0.0000000038
   2.0949999930   0.0000000006  -0.0000000045  -0.0000000067
   2.0999999929   0.0000000009  -0.0000000039  -0.0000000080
   2.1049999929   0.0000000004  -0.0000000025  -0.0000000064
   2.1099999929  -0.0000000020  -0.0000000001  -0.0000000014
   2.1149999929  -0.0000000066   0.0000000033   0.0000000061
   2.1199999929  -0.0000000126   0.0000000073   0.0000000144
   2.1249999929  -0.0000000185   0.0000000110   0.0000000211
   2.1299999928  -0.0000000223   0.0000000136   0.0000000239
   2.1349999928  -0.0000000221   0.0000000139   0.0000000212
   2.1399999928  -0.0000000171   0.0000000115   0.0000000128
   2.1449999928  -0.0000000078   0.0000000067   0.0000000007
   2.1499999928   0.0000000034   0.0000000003  -0.0000000118
   2.1549999928   0.0000000126  -0.0000000058  -0.0000000203
   2.1599999927   0.0000000151  -0.0000000094  -0.0000000200
   2.1649999927   0.0000000067  -0.0000000082  -0.0000000075
   2.1699999927  -0.0000000159  -0.0000000004   0.0000000192
   2.1749999927  -0.0000000539   0.0000000150   0.0000000596
   2.1799999927  -0.0000001063   0.0000000380   0.0000001118
   2.1849999927  -0.0000001708   0.0000000677   0.0000001728
   2.1899999926  -0.0000002446   0.0000001031   0.0000002405
   2.1949999926  -0.0000003264   0.0000001435   0.0000003151
   2.1999999926  -0.0000004180   0.0000001892   0.0000004010
   2.2049999926  -0.0000005254   0.0000002427   0.0000005067
   2.2099999926  -0.0000006594   0.0000003084   0.0000006452
   2.2149999926  -0.0000008344   0.0000003929   0.0000008326
   2.2199999925  -0.0000010673   0.0000005040   0.0000010859
   2.2249999925  -0.0000013745   0.0000006502   0.0000014209
   2.2299999925  -0.0000017697   0.0000008392   0.0000018498
   2.2349999925  -0.0000022622   0.0000010772   0.0000023806
   2.2399999925  -0.0000028554   0.0000013675   0.0000030160
   2.2449999925  -0.0000035474   0.0000017113   0.0000037549
   2.2499999924  -0.0000043324   0.0000021070   0.0000045938
   2.2549999924  -0.0000052029   0.0000025517   0.0000055288
   2.2599999924  -0.0000061517   0.0000030415   0.0000065569
   2.2649999924  -0.0000071732   0.0000035726   0.0000076755
   2.2699999924  -0.0000082632   0.0000041410   0.0000088818
   2.2749999924  -0.0000094174   0.0000047426   0.0000101691
   2.2799999923  -0.0000106278   0.0000053716   0.0000115231
   2.2849999923  -0.0000118790   0.0000060188   0.0000129183
   2.2899999923  -0.0000131446   0.0000066703   0.0000143152
   2.2949999923  -0.0000143846   0.0000073059   0.0000156603
   2.2999999923  -0.0000155452   0.0000078987   0.0000168885
   2.3049999923  -0.0000165617   0.0000084153   0.0000179288
   2.3099999922  -0.0000173623   0.0000088180   0.0000187119
   2.3149999922  -0.0000178752   0.0000090669   0.0000191784
   2.3199999922  -0.0000180345   0.0000091237   0.0000192863
   2.3249999922  -0.0000177871   0.0000089547   0.0000190157
   2.3299999922  -0.0000170971   0.0000085343   0.0000183683
   2.3349999922  -0.0000159497   0.0000078475   0.0000173638
   2.3399999921  -0.0000143531   0.0000068925   0.0000160308
   2.3449999921  -0.0000123414   0.0000056832   0.0000143952
   2.3499999921  -0.0000099769   0.0000042506   0.0000124676
   2.3549999921  -0.0000073536   0.0000026462   0.0000102333
   2.3599999921  -0.0000046007   0.0000009435   0.0000076462
   2.3649999921  -0.0000018840  -0.0000007605   0.0000046313
   2.3699999920   0.0000005984  -0.0000023469   0.0000010957
   2.3749999920   0.0000026290  -0.0000036812  -0.0000030488
   2.3799999920   0.0000039963  -0.0000046254  -0.0000078525
   2.3849999920   0.0000045337  -0.0000050585  -0.0000132839
   2.3899999920   0.0000041721  -0.0000049050  -0.0000191783
   2.3949999920   0.0000029991  -0.0000041689  -0.0000251850
   2.3999999919   0.0000013178  -0.0000029710  -0.0000307181
   2.4049999919  -0.0000003100  -0.0000015808  -0.0000349253
   2.4099999919  -0.0000010506  -0.0000004363  -0.0000366870
   2.4149999919   0.0000001675  -0.0000001404  -0.0000346627
   2.4199999919   0.0000045579  -0.0000014246  -0.0000274035
   2.4249999919   0.0000133075  -0.0000050708  -0.0000135440
   2.4299999918   0.0000273350  -0.0000117876   0.0000079149
   2.4349999918   0.0000469808  -0.0000220386   0.0000372360
   2.4399999918   0.0000716496  -0.0000358322   0.0000735013
   2.4449999918   0.0000994351  -0.0000524851   0.0001141286
   2.4499999918   0.0001267697  -0.0000703825   0.0001543979
   2.4549999918   0.0001481476  -0.0000867637   0.0001870566
   2.4599999917   0.0001559777  -0.0000975684   0.0002020784
   2.4649999917   0.0001406170  -0.0000973787   0.0001866586
   2.4699999917   0.0000906307  -0.0000794924   0.0001255129
   2.4749999917  -0.0000066917  -0.0000361551   0.0000015298
   2.4799999917  -0.0001645597   0.0000410329  -0.0002032080
   2.4849999917  -0.0003956638   0.0001605358  -0.0005060627
   2.4899999916  -0.0007109741   0.0003301491  -0.0009222133
   2.4949999916  -0.0011184400   0.0005561570  -0.0014628852
   2.4999999916  -0.0016217094   0.0008424471  -0.0021335962
   2.5049999916  -0.0022189994   0.0011896662  -0.0029326067
   2.5099999916  -0.0029022628   0.0015945120  -0.0038497644
   2.5149999916  -0.0036567779   0.0020492579  -0.0048659189
   2.5199999915  -0.0044612637   0.0025415967  -0.0059530382
   2.5249999915  -0.0052885751   0.0030548673  -0.0070751004
   2.5299999915  -0.0061069727   0.0035686928  -0.0081897517
   2.5349999915  -0.0068818974   0.0040600170  -0.0092506418
   2.5399999915  -0.0075781130   0.0045044786  -0.0102102621
   2.5449999915  -0.0081620310   0.0048780199  -0.0110230471
   2.5499999914  -0.0086039952   0.0051585894  -0.0116484522
   2.5549999914  -0.0088803013   0.0053277774  -0.0120537120
   2.5599999914  -0.0089747445   0.0053722217  -0.0122160031
   2.5649999914  -0.0088795441   0.0052846353  -0.0121237979
   2.5699999914  -0.0085955623   0.0050643491  -0.0117772807
   2.5749999914  -0.0081318219   0.0047173112  -0.0111878080
   2.5799999913  -0.0075044110   0.0042555492  -0.0103765075
   2.5849999913  -0.0067349368   0.0036961617  -0.0093722138
   2.5899999913  -0.0058487377   0.0030599593  -0.0082090156
   2.5949999913  -0.0048730834   0.0023699162  -0.0069237279
   2.5999999913  -0.0038355736   0.0016496051  -0.0055535962
   2.6049999913  -0.0027629004   0.0009217847  -0.0041344871
   2.6099999912  -0.0016800663   0.0002072763  -0.0026997233
   2.6149999912  -0.0006100674  -0.0004757851  -0.0012796097
   2.6199999912   0.0004260336  -0.0011122974   0.0000984325
   2.6249999912   0.0014087831  -0.0016901718   0.0014093111
   2.6299999912   0.0023199436  -0.0022000359   0.0026295506
   2.6349999912   0.0031422185  -0.0026347861   0.0037367109
   2.6399999911   0.0038592535  -0.0029891272   0.0047091934
   2.6449999911   0.0044560130  -0.0032592300   0.0055266110
   2.6499999911   0.0049195492  -0.0034425991   0.0061707767
   2.6549999911   0.0052400913  -0.0035381945   0.0066272260
   2.6599999911   0.0054123013  -0.0035467865   0.0068870598
   2.6649999911   0.0054364841  -0.0034714679   0.0069487908
   2.6699999910   0.0053195123  -0.0033181985   0.0068198325
   2.6749999910   0.0050752437  -0.0030962324   0.0065172855
   2.6799999910   0.0047242626  -0.0028182813   0.0060677555
   2.6849999910   0.0042928664  -0.0025002951   0.0055060746
   2.6899999910   0.0038113310  -0.0021607967   0.0048729601
   2.6949999909   0.0033115981  -0.0018197787   0.0042118208
   2.6999999909   0.0028246335  -0.0014972456   0.0035650655
   2.7049999909   0.0023777684  -0.0012115541   0.0029703663
   2.7099999909   0.0019923607  -0.0009777543   0.0024573607
   2.7149999909   0.0016820877  -0.0008061519   0.0020452299
   2.7199999909   0.0014521003  -0.0007013023   0.0017414798
   2.7249999908   0.0012991611  -0.0006615932   0.0015420851
   2.7299999908   0.0012127443  -0.0006795030   0.0014329661
   2.7349999908   0.0011769468  -0.0007425257   0.0013925836
   2.7399999908   0.0011729393  -0.0008346622   0.0013952784
   2.7449999908   0.0011816134  -0.0009382919   0.0014148889
   2.7499999908   0.0011860608  -0.0010361884   0.0014281514
   2.7549999907   0.0011735501  -0.0011134168   0.0014174335
   2.7599999907   0.0011367566  -0.0011588717   0.0013724659
   2.7649999907   0.0010741169  -0.0011662686   0.0012908940
   2.7699999907   0.0009893187  -0.0011344799   0.0011776503
   2.7749999907   0.0008900667  -0.0010672063   0.0010433234
   2.7799999907   0.0007863642  -0.0009720649   0.0009018357
   2.7849999906   0.0006886136  -0.0008592547   0.0007678285
   2.7899999906   0.0006058415  -0.0007400114   0.0006541736
   2.7949999906   0.0005443159  -0.0006250788   0.0005699841
   2.7999999906   0.0005067378  -0.0005234062   0.0005193976
   2.8049999906   0.0004920837  -0.0004412305   0.0005012618
   2.8099999906   0.0004960657  -0.0003816322   0.0005097055
   2.8149999905   0.0005120754  -0.0003445778   0.0005354301
   2.8199999905   0.0005324143  -0.0003273853   0.0005674546
   2.8249999905   0.0005495792  -0.0003254930   0.0005949875
   2.8299999905   0.0005573859  -0.0003333802   0.0006090992
   2.8349999905   0.0005517577  -0.0003454793   0.0006039259
   2.8399999905   0.0005310775  -0.0003569399   0.0005772320
   2.8449999904   0.0004960821  -0.0003641461   0.0005302801
   2.8499999904   0.0004493566  -0.0003649372   0.0004670818
   2.8549999904   0.0003945475  -0.0003585386   0.0003932060
   2.8599999904   0.0003354496  -0.0003452554   0.0003143872
   2.8649999904   0.0002751338  -0.0003260158   0.0002351961
   2.8699999904   0.0002152601  -0.0003018669   0.0001580098
   2.8749999903   0.0001556826  -0.0002735223   0.0000824478
   2.8799999903   0.0000943979  -0.0002410435   0.0000053507
   2.8849999903   0.0000278302  -0.0002037052  -0.0000787223
   2.8899999903  -0.0000486083  -0.0001600575  -0.0001765898
   2.8949999903  -0.0001397802  -0.0001081638  -0.0002953127
   2.8999999903  -0.0002500343  -0.0000459641  -0.0004410290
   2.9049999902  -0.0003824859   0.0000283075  -0.0006179491
   2.9099999902  -0.0005384744   0.0001157233  -0.0008276623
   2.9149999902  -0.0007172697   0.0002163502  -0.0010688359
   2.9199999902  -0.0009160562   0.0003290731  -0.0013373210
   2.9249999902  -0.0011301794   0.0004515790  -0.0016266057
   2.9299999902  -0.0013535991   0.0005804976  -0.0019285102
   2.9349999901  -0.0015794663   0.0007116702  -0.0022339878
   2.9399999901  -0.0018007255   0.0008405007  -0.0025338982
   2.9449999901  -0.0020106528   0.0009623303  -0.0028196402
   2.9499999901  -0.0022032545   0.0010727829  -0.0030835725
   2.9549999901  -0.0023734883   0.0011680336  -0.0033191984
   2.9599999901  -0.0025173005   0.0012449733  -0.0035211364
   2.9649999900  -0.0026315123   0.0013012639  -0.0036849381
   2.9699999900  -0.0027136105   0.0013352960  -0.0038068332
   2.9749999900  -0.0027615163   0.0013460811  -0.0038834903
   2.9799999900  -0.0027734022   0.0013331158  -0.0039118670
   2.9849999900  -0.0027476105   0.0012962609  -0.0038891992
   2.9899999900  -0.0026827049   0.0012356640  -0.0038131463
   2.9949999899  -0.0025776490   0.0011517489  -0.0036820725
   2.9999999899  -0.0024320825   0.0010452684  -0.0034954179
   3.0049999899  -0.0022466348   0.0009174091  -0.0032540887
   3.0099999899  -0.0020232127   0.0007699167  -0.0029607891
   3.0149999899  -0.0017651947   0.0006052074  -0.0026202262
   3.0199999899  -0.0014774825   0.0004264286  -0.0022391308
   3.0249999898  -0.0011663859   0.0002374431  -0.0018260738
   3.0299999898  -0.0008393415   0.0000427215  -0.0013910800
   3.0349999898  -0.0005044999  -0.0001528552  -0.0009450811
   3.0399999898  -0.0001702315  -0.0003442624  -0.0004992689
   3.0449999898   0.0001553837  -0.0005266383  -0.0000644263
   3.0499999898   0.0004650188  -0.0006955902   0.0003496831
   3.0549999897   0.0007524620  -0.0008474609   0.0007347975
   3.0599999897   0.0010128435  -0.0009795220   0.0010844649
   3.0649999897   0.0012427158  -0.0010900737   0.0013941547
   3.0699999897   0.0014400003  -0.0011784431   0.0016611839
   3.0749999897   0.0016038290  -0.0012448899   0.0018844945
   3.0799999897   0.0017343247  -0.0012904429   0.0020643376
   3.0849999896   0.0018323652  -0.0013166960   0.0022019283
   3.0899999896   0.0018993714  -0.0013255978   0.0022991315
   3.0949999896   0.0019371483  -0.0013192662   0.0023582253
   3.0999999896   0.0019477925  -0.0012998484   0.0023817684
   3.1049999896   0.0019336630  -0.0012694381   0.0023725704
   3.1099999896   0.0018973960  -0.0012300482   0.0023337438
   3.1149999895   0.0018419381  -0.0011836243   0.0022687958
   3.1199999895   0.0017705647  -0.0011320799   0.0021817123
   3.1249999895   0.0016868571  -0.0010773276   0.0020769841
   3.1299999895   0.0015946184  -0.0010212865   0.0019595422
   3.1349999895   0.0014977239  -0.0009658502   0.0018345834
   3.1399999895   0.0013999172  -0.0009128115   0.0017072969
   3.1449999894   0.0013045762  -0.0008637530   0.0015825222
   3.1499999894   0.0012144850  -0.0008199196   0.0014643902
   3.1549999894   0.0011316502  -0.0007820994   0.0013560074
   3.1599999894   0.0010571957  -0.0007505385   0.0012592426
   3.1649999894   0.0009913610  -0.0007249121   0.0011746586
   3.1699999894   0.0009336055  -0.0007043658   0.0011016106
   3.1749999893   0.0008828082  -0.0006876278   0.0010385002
   3.1799999893   0.0008375282  -0.0006731791   0.0009831454
   3.1849999893   0.0007962815  -0.0006594563   0.0009332045
   3.1899999893   0.0007577874  -0.0006450565   0.0008865784
   3.1949999893   0.0007211391  -0.0006289099   0.0008417194
   3.1999999893   0.0006858736  -0.0006103927   0.0007977963
   3.2049999892   0.0006519344  -0.0005893618   0.0007546895
   3.2099999892   0.0006195441  -0.0005661117   0.0007128316
   3.2149999892   0.0005890249  -0.0005412634   0.0006729369
   3.2199999892   0.0005606138  -0.0005156128   0.0006356907
   3.2249999892   0.0005343193  -0.0004899698   0.0006014735
   3.2299999892   0.0005098573  -0.0004650203   0.0005701871
   3.2349999891   0.0004866792  -0.0004412376   0.0005412230
   3.2399999891   0.0004640846  -0.0004188552   0.0005135792
   3.2449999891   0.0004413873  -0.0003979000   0.0004860926
   3.2499999891   0.0004180900  -0.0003782706   0.0004577282
   3.2549999891   0.0003940200  -0.0003598362   0.0004278501
   3.2599999891   0.0003693900  -0.0003425268   0.0003964036
   3.2649999890   0.0003447652  -0.0003263924   0.0003639620
   3.2699999890   0.0003209443  -0.0003116148   0.0003316228
   3.2749999890   0.0002987834  -0.0002984717   0.0003007767
   3.2799999890   0.0002790062  -0.0002872628   0.0002728042
   3.2849999890   0.0002620478  -0.0002782197   0.0002487708
   3.2899999890   0.0002479673  -0.0002714231   0.0002291940
   3.2949999889   0.0002364502  -0.0002667504   0.0002139337
   3.2999999889   0.0002268930  -0.0002638660   0.0002022297
   3.3049999889   0.0002185457  -0.0002622587   0.0001928734
   3.3099999889   0.0002106741  -0.0002613165   0.0001844690
   3.3149999889   0.0002026997  -0.0002604221   0.0001757226
   3.3199999889   0.0001942870  -0.0002590468   0.0001656919
   3.3249999888   0.0001853637  -0.0002568240   0.0001539440
   3.3299999888   0.0001760776  -0.0002535882   0.0001405934
   3.3349999888   0.0001667109  -0.0002493750   0.0001262194
   3.3399999888   0.0001575812  -0.0002443867   0.0001116932
   3.3449999888   0.0001489572  -0.0002389332   0.0000979584
   3.3499999888   0.0001410067  -0.0002333654   0.0000858162
   3.3549999887   0.0001337832  -0.0002280114   0.0000757613
   3.3599999887   0.0001272434  -0.0002231292   0.0000678943
   3.3649999887   0.0001212791  -0.0002188777   0.0000619223
   3.3699999887   0.0001157487  -0.0002153084   0.0000572358
   3.3749999887   0.0001104959  -0.0002123741   0.0000530399
   3.3799999886   0.0001053557  -0.0002099486   0.0000485104
   3.3849999886   0.0001001548  -0.0002078558   0.0000429443
   3.3899999886   0.0000947175  -0.0002059026   0.0000358823
   3.3949999886   0.0000888882  -0.0002039136   0.0000271844
   3.3999999886   0.0000825703  -0.0002017648   0.0000170515
   3.4049999886   0.0000757729  -0.0001994111   0.0000059896
   3.4099999885   0.0000686473  -0.0001969021  -0.0000052785
   3.4149999885   0.0000614920  -0.0001943807  -0.0000159407
   3.4199999885   0.0000547134  -0.0001920594  -0.0000252476
   3.4249999885   0.0000487402  -0.0001901767  -0.0000326610
   3.4299999885   0.0000439100  -0.0001889377  -0.0000379729
   3.4349999885   0.0000403577  -0.0001884537  -0.0000413665
   3.4399999884   0.0000379444  -0.0001886950  -0.0000433988
   3.4449999884   0.0000362565  -0.0001894746  -0.0000448984
   3.4499999884   0.0000346876  -0.0001904700  -0.0000467927
   3.4549999884   0.0000325899  -0.0001912866  -0.0000498957
   3.4599999884   0.0000294575  -0.0001915491  -0.0000547058
   3.4649999884   0.0000250876  -0.0001909994  -0.0000612652
   3.4699999883   0.0000196676  -0.0001895757  -0.0000691237
   3.4749999883   0.0000137515  -0.0001874468  -0.0000774269
   3.4799999883   0.0000081222  -0.0001849877  -0.0000851186
   3.4849999883   0.0000035710  -0.0001826963  -0.0000912109
   3.4899999883   0.0000006544  -0.0001810703  -0.0000950573
   3.4949999883  -0.0000004980  -0.0001804739  -0.0000965521
   3.4999999882  -0.0000002604  -0.0001810312  -0.0000961973
   3.5049999882   0.0000005582  -0.0001825789  -0.0000950066
   3.5099999882   0.0000009211  -0.0001846943  -0.0000942636
   3.5149999882  -0.0000001457  -0.0001867962  -0.0000951901
   3.5199999882  -0.0000032625  -0.0001882949  -0.0000986127
   3.5249999882  -0.0000084920  -0.0001887504  -0.0001047187
   3.5299999881  -0.0000152892  -0.0001879961  -0.0001129756
   3.5349999881  -0.0000226268  -0.0001861917  -0.0001222428
   3.5399999881  -0.0000292688  -0.0001837882  -0.0001310544
   3.5449999881  -0.0000341127  -0.0001814124  -0.0001379985
   3.5499999881  -0.0000365041  -0.0001797018  -0.0001420928
   3.5549999881  -0.0000364263  -0.0001791354  -0.0001430511
   3.5599999880  -0.0000345068  -0.0001799076  -0.0001413631
   3.5649999880  -0.0000318360  -0.0001818818  -0.0001381644
   3.5699999880  -0.0000296486  -0.0001846352  -0.0001349292
   3.5749999880  -0.0000289646  -0.0001875834  -0.0001330714
   3.5799999880  -0.0000302965  -0.0001901462  -0.0001335659
   3.5849999880  -0.0000335136  -0.0001919083  -0.0001366965
   3.5899999879  -0.0000379027  -0.0001927270  -0.0001420019
   3.5949999879  -0.0000424084  -0.0001927579  -0.0001484315
   3.5999999879  -0.0000459745  -0.0001923917  -0.0001546637
   3.6049999879  -0.0000478816  -0.0001921248  -0.0001594930
   3.6099999879  -0.0000479741  -0.0001924033  -0.0001621721
   3.6149999879  -0.0000467042  -0.0001934880  -0.0001626113
   3.6199999878  -0.0000449822  -0.0001953818  -0.0001613800
   3.6249999878  -0.0000438794  -0.0001978389  -0.0001595164
   3.6299999878  -0.0000442805  -0.0002004513  -0.0001582065
   3.6349999878  -0.0000465977  -0.0002027826  -0.0001584314
   3.6399999878  -0.0000506375  -0.0002045076  -0.0001606881
   3.6449999878  -0.0000556628  -0.0002055126  -0.0001648635
   3.6499999877  -0.0000606302  -0.0002059266  -0.0001702940
   3.6549999877  -0.0000645230  -0.0002060760  -0.0001759835
   3.6599999877  -0.0000666733  -0.0002063788  -0.0001809075
   3.6649999877  -0.0000669655  -0.0002072139  -0.0001843078
   3.6699999877  -0.0000658566  -0.0002088072  -0.0001858892
   3.6749999877  -0.0000642081  -0.0002111713  -0.0001858628
   3.6799999876  -0.0000629832  -0.0002141146  -0.0001848344
   3.6849999876  -0.0000629147  -0.0002173151  -0.0001835798
   3.6899999876  -0.0000642511  -0.0002204319  -0.0001827881
   3.6949999876  -0.0000666698  -0.0002232167  -0.0001828545
   3.6999999876  -0.0000693849  -0.0002255872  -0.0001837868
   3.7049999876  -0.0000714176  -0.0002276410  -0.0001852482
   3.7099999875  -0.0000719368  -0.0002296053  -0.0001867128
   3.7149999875  -0.0000705567  -0.0002317439  -0.0001876726
   3.7199999875  -0.0000674889  -0.0002342527  -0.0001878238
   3.7249999875  -0.0000634948  -0.0002371830  -0.0001871661
   3.7299999875  -0.0000596488  -0.0002404179  -0.0001859854
   3.7349999875  -0.0000569894  -0.0002437111  -0.0001847314
   3.7399999874  -0.0000561716  -0.0002467745  -0.0001838368
   3.7449999874  -0.0000572378  -0.0002493833  -0.0001835480
   3.7499999874  -0.0000595883  -0.0002514624  -0.0001838291
   3.7549999874  -0.0000621650  -0.0002531216  -0.0001843760
   3.7599999874  -0.0000637955  -0.0002546268  -0.0001847369
   3.7649999874  -0.0000635862  -0.0002563135  -0.0001844951
   3.7699999873  -0.0000612368  -0.0002584726  -0.0001834498
   3.7749999873  -0.0000571699  -0.0002612454  -0.0001817242
   3.7799999873  -0.0000524264  -0.0002645667  -0.0001797596
   3.7849999873  -0.0000483555  -0.0002681752  -0.0001781889
   3.7899999873  -0.0000461916  -0.0002716934  -0.0001776287
   3.7949999873  -0.0000466535  -0.0002747514  -0.0001784577
   3.7999999872  -0.0000496940  -0.0002771159  -0.0001806593
   3.8049999872  -0.0000544855  -0.0002787809  -0.0001837863
   3.8099999872  -0.0000596500  -0.0002799900  -0.0001870676
   3.8149999872  -0.0000636693  -0.0002811774  -0.0001896308
   3.8199999872  -0.0000653477  -0.0002828453  -0.0001907727
   3.8249999872  -0.0000641839  -0.0002854135  -0.0001901931
   3.8299999871  -0.0000605353  -0.0002890882  -0.0001881121
   3.8349999871  -0.0000555201  -0.0002937909  -0.0001852305
   3.8399999871  -0.0000506849  -0.0002991735  -0.0001825370
   3.8449999871  -0.0000475388  -0.0003047150  -0.0001810184
   3.8499999871  -0.0000470965  -0.0003098728  -0.0001813589
   3.8549999871  -0.0000495715  -0.0003142431  -0.0001837231
   3.8599999870  -0.0000543131  -0.0003176811  -0.0001876909
   3.8649999870  -0.0000600066  -0.0003203445  -0.0001923686
   3.8699999870  -0.0000650754  -0.0003226454  -0.0001966456
   3.8749999870  -0.0000681597  -0.0003251259  -0.0001995213
   3.8799999870  -0.0000685268  -0.0003282937  -0.0002004041
   3.8849999870  -0.0000662871  -0.0003324680  -0.0001992924
   3.8899999869  -0.0000623530  -0.0003376817  -0.0001967821
   3.8949999869  -0.0000581546  -0.0003436691  -0.0001938965
   3.8999999869  -0.0000552021  -0.0003499432  -0.0001917911
   3.9049999869  -0.0000546298  -0.0003559390  -0.0001914172
   3.9099999869  -0.0000568584  -0.0003611790  -0.0001932467
   3.9149999869  -0.0000614767  -0.0003654134  -0.0001971363
   3.9199999868  -0.0000673748  -0.0003686924  -0.0002023700
   3.9249999868  -0.0000730825  -0.0003713506  -0.0002078659
   3.9299999868  -0.0000772097  -0.0003739096  -0.0002124843
   3.9349999868  -0.0000788526  -0.0003769266  -0.0002153468
   3.9399999868  -0.0000778485  -0.0003808359  -0.0002160754
   3.9449999868  -0.0000748038  -0.0003858270  -0.0002148843
   3.9499999867  -0.0000708967  -0.0003917949  -0.0002125032
   3.9549999867  -0.0000675161  -0.0003983743  -0.0002099595
   3.9599999867  -0.0000658506  -0.0004050456  -0.0002082850
   3.9649999867  -0.0000665481  -0.0004112823  -0.0002082319
   3.9699999867  -0.0000695446  -0.0004166945  -0.0002100793
   3.9749999867  -0.0000741053  -0.0004211301  -0.0002135778
   3.9799999866  -0.0000790589  -0.0004247073  -0.0002180429
   3.9849999866  -0.0000831486  -0.0004277701  -0.0002225630
   3.9899999866  -0.0000853940  -0.0004307852  -0.0002262591
   3.9949999866  -0.0000853588  -0.0004342094  -0.0002285227
   3.9999999866  -0.0000832516  -0.0004383672  -0.0002291657
   4.0049999866  -0.0000798387  -0.0004433715  -0.0002284497
   4.0099999865  -0.0000762045  -0.0004491070  -0.0002269924
   4.0149999865  -0.0000734338  -0.0004552769  -0.0002255844
   4.0199999865  -0.0000723136  -0.0004614977  -0.0002249736
   4.0249999865  -0.0000731368  -0.0004674106  -0.0002256757
   4.0299999865  -0.0000756575  -0.0004727806  -0.0002278601
   4.0349999864  -0.0000792038  -0.0004775539  -0.0002313359
   4.0399999864  -0.0000829049  -0.0004818630  -0.0002356340
   4.0449999864  -0.0000859622  -0.0004859794  -0.0002401549
   4.0499999864  -0.0000878846  -0.0004902324  -0.0002443386
   4.0549999864  -0.0000886242  -0.0004949169  -0.0002478097
   4.0599999864  -0.0000885797  -0.0005002178  -0.0002504612
   4.0649999863  -0.0000884740  -0.0005061690  -0.0002524623
   4.0699999863  -0.0000891491  -0.0005126564  -0.0002541928
   4.0749999863  -0.0000913384  -0.0005194609  -0.0002561299
   4.0799999863  -0.0000954818  -0.0005263265  -0.0002587203
   4.0849999863  -0.0001016300  -0.0005330323  -0.0002622720
   4.0899999863  -0.0001094582  -0.0005394508  -0.0002668933
   4.0949999862  -0.0001183768  -0.0005455751  -0.0002724896
   4.0999999862  -0.0001277011  -0.0005515127  -0.0002788148
   4.1049999862  -0.0001368272  -0.0005574481  -0.0002855607
   4.1099999862  -0.0001453659  -0.0005635873  -0.0002924577
   4.1149999862  -0.0001531984  -0.0005701007  -0.0002993639
   4.1199999862  -0.0001604431  -0.0005770775  -0.0003063194
   4.1249999861  -0.0001673492  -0.0005845053  -0.0003135579
   4.1299999861  -0.0001741499  -0.0005922756  -0.0003214761
   4.1349999861  -0.0001809205  -0.0006002134  -0.0003305706
   4.1399999861  -0.0001874808  -0.0006081200  -0.0003413615
   4.1449999861  -0.0001933704  -0.0006158181  -0.0003543181
   4.1499999861  -0.0001979031  -0.0006231857  -0.0003698040
   4.1549999860  -0.0002002872  -0.0006301720  -0.0003880487
   4.1599999860  -0.0001997816  -0.0006367913  -0.0004091447
   4.1649999860  -0.0001958506  -0.0006430983  -0.0004330649
   4.1699999860  -0.0001882844  -0.0006491531  -0.0004596859
   4.1749999860  -0.0001772609  -0.0006549854  -0.0004888051
   4.1799999860  -0.0001633453  -0.0006605686  -0.0005201395
   4.1849999859  -0.0001474394  -0.0006658113  -0.0005533007
   4.1899999859  -0.0001307046  -0.0006705685  -0.0005877467
   4.1949999859  -0.0001144922  -0.0006746692  -0.0006227180
   4.1999999859  -0.0001003068  -0.0006779542  -0.0006571699
   4.2049999859  -0.0000898192  -0.0006803133  -0.0006897138
   4.2099999859  -0.0000849298  -0.0006817115  -0.0007185804
   4.2149999858  -0.0000878660  -0.0006821996  -0.0007416110
   4.2199999858  -0.0001012834  -0.0006819038  -0.0007562791
   4.2249999858  -0.0001283402  -0.0006810016  -0.0007597386
   4.2299999858  -0.0001727114  -0.0006796887  -0.0007488896
   4.2349999858  -0.0002385272  -0.0006781488  -0.0007204537
   4.2399999858  -0.0003302324  -0.0006765356  -0.0006710518
   4.2449999857  -0.0004523823  -0.0006749716  -0.0005972803
   4.2499999857  -0.0006094018  -0.0006735643  -0.0004957897
   4.2549999857  -0.0008053420  -0.0006724337  -0.0003633701
   4.2599999857  -0.0010436632  -0.0006717408  -0.0001970532
   4.2649999857  -0.0013270651  -0.0006717059   0.0000057622
   4.2699999857  -0.0016573681  -0.0006726084   0.0002471609
   4.2749999856  -0.0020354343  -0.0006747635   0.0005285405
   4.2799999856  -0.0024611076  -0.0006784790   0.0008504328
   4.2849999856  -0.0029331477  -0.0006840017   0.0012123343
   4.2899999856  -0.0034491387  -0.0006914655   0.0016125637
   4.2949999856  -0.0040053664  -0.0007008525   0.0020481636
   4.2999999856  -0.0045966749  -0.0007119772   0.0025148566
   4.3049999855  -0.0052163292  -0.0007244946   0.0030070566
   4.3099999855  -0.0058559208  -0.0007379268   0.0035179297
   4.3149999855  -0.0065053543  -0.0007517004   0.0040394932
   4.3199999855  -0.0071529451  -0.0007651783   0.0045627403
   4.3249999855  -0.0077856391  -0.0007776788   0.0050777821
   4.3299999855  -0.0083893483  -0.0007884749   0.0055740059
   4.3349999854  -0.0089493754  -0.0007967742   0.0060402555
   4.3399999854  -0.0094508852  -0.0008016907   0.0064650456
   4.3449999854  -0.0098793832  -0.0008022173   0.0068368232
   4.3499999854  -0.0102211647  -0.0007972153   0.0071442833
   4.3549999854  -0.0104637128  -0.0007854286   0.0073767362
   4.3599999854  -0.0105960430  -0.0007655271   0.0075245116
   4.3649999853  -0.0106090058  -0.0007361749   0.0075793730
   4.3699999853  -0.0104955652  -0.0006961122   0.0075349071
   4.3749999853  -0.0102510725  -0.0006442375   0.0073868546
   4.3799999853  -0.0098735380  -0.0005796731   0.0071333540
   4.3849999853  -0.0093638923  -0.0005018060   0.0067750807
   4.3899999853  -0.0087262081  -0.0004102981   0.0063152820
   4.3949999852  -0.0079678429  -0.0003050701   0.0057597182
   4.3999999852  -0.0070994606  -0.0001862688   0.0051165289
   4.4049999852  -0.0061348993  -0.0000542309   0.0043960457
   4.4099999852  -0.0050908685   0.0000905438   0.0036105666
   4.4149999852  -0.0039864840   0.0002474014   0.0027740990
   4.4199999852  -0.0028426702   0.0004155235   0.0019020665
   4.4249999851  -0.0016814739   0.0005939029   0.0010109707
   4.4299999851  -0.0005253450   0.0007813166   0.0001179952
   4.4349999851   0.0006035699   0.0009763104  -0.0007594521
   4.4399999851   0.0016840821   0.0011772074  -0.0016042545
   4.4449999851   0.0026965442   0.0013821462  -0.0024001386
   4.4499999851   0.0036233575   0.0015891512  -0.0031322327
   4.4549999850   0.0044494100   0.0017962235  -0.0037875895
   4.4599999850   0.0051624530   0.0020014409  -0.0043556331
   4.4649999850   0.0057534218   0.0022030497  -0.0048284946
   4.4699999850   0.0062166955   0.0023995342  -0.0052012142
   4.4749999850   0.0065502773   0.0025896548  -0.0054718008
   4.4799999850   0.0067558710   0.0027724530  -0.0056411595
   4.4849999849   0.0068388268   0.0029472299  -0.0057129035
   4.4899999849   0.0068079320   0.0031135073  -0.0056930792
   4.4949999849   0.0066750406   0.0032709865  -0.0055898290
   4.4999999849   0.0064545493   0.0034195143  -0.0054130164
   4.5049999849   0.0061627475   0.0035590634  -0.0051738264
   4.5099999849   0.0058170850   0.0036897279  -0.0048843527
   4.5149999848   0.0054354091   0.0038117292  -0.0045571732
   4.5199999848   0.0050352233   0.0039254221  -0.0042049165
   4.5249999848   0.0046330146   0.0040312935  -0.0038398242
   4.5299999848   0.0042436836   0.0041299434  -0.0034733183
   4.5349999848   0.0038800953   0.0042220465  -0.0031155902
   4.5399999848   0.0035527574   0.0043082933  -0.0027752349
   4.5449999847   0.0032696195   0.0043893189  -0.0024589541
   4.5499999847   0.0030359815   0.0044656287  -0.0021713567
   4.5549999847   0.0028544999   0.0045375304  -0.0019148730
   4.5599999847   0.0027252801   0.0046050855  -0.0016897979
   4.5649999847   0.0026460500   0.0046680843  -0.0014944585
   4.5699999847   0.0026124115   0.0047260501  -0.0013254946
   4.5749999846   0.0026181695   0.0047782680  -0.0011782252
   4.5799999846   0.0026557352   0.0048238337  -0.0010470699
   4.5849999846   0.0027165934   0.0048617131  -0.0009259846
   4.5899999846   0.0027918179   0.0048908009  -0.0008088803
   4.5949999846   0.0028726068   0.0049099716  -0.0006899938
   4.5999999846   0.0029508051   0.0049181152  -0.0005641931
   4.6049999845   0.0030193743   0.0049141564  -0.0004272098
   4.6099999845   0.0030727726   0.0048970612  -0.0002758015
   4.6149999845   0.0031072138   0.0048658356  -0.0001078522
   4.6199999845   0.0031207854   0.0048195254   0.0000775769
   4.6249999845   0.0031134218   0.0047572249   0.0002802379
   4.6299999845   0.0030867434   0.0046780986   0.0004987236
   4.6349999844   0.0030437878   0.0045814172   0.0007305345
   4.6399999844   0.0029886674   0.0044666043   0.0009721929
   4.6449999844   0.0029261912   0.0043332840   0.0012194097
   4.6499999844   0.0028614861   0.0041813214   0.0014673097
   4.6549999844   0.0027996437   0.0040108454   0.0017107098
   4.6599999844   0.0027454093   0.0038222472   0.0019444350
   4.6649999843   0.0027029179   0.0036161544   0.0021636461
   4.6699999843   0.0026754776   0.0033933834   0.0023641486
   4.6749999843   0.0026653929   0.0031548804   0.0025426465
   4.6799999843   0.0026738305   0.0029016635   0.0026969154
   4.6849999843   0.0027007277   0.0026347758   0.0028258754
   4.6899999843   0.0027447561   0.0023552588   0.0029295633
   4.6949999842   0.0028033527   0.0020641507   0.0030090144
   4.6999999842   0.0028728323   0.0017625033   0.0030660782
   4.7049999842   0.0029485883   0.0014514130   0.0031031980
   4.7099999842   0.0030253765   0.0011320529   0.0031231824
   4.7149999842   0.0030976639   0.0008056953   0.0031289922
   4.7199999841   0.0031600128   0.0004737195   0.0031235560
   4.7249999841   0.0032074604   0.0001375984   0.0031096179
   4.7299999841   0.0032358543  -0.0002011288   0.0030896135
   4.7349999841   0.0032421094  -0.0005408934   0.0030655686
   4.7399999841   0.0032243647  -0.0008801331   0.0030390125
   4.7449999841   0.0031820325  -0.0012173178   0.0030109084
   4.7499999840   0.0031157479  -0.0015509613   0.0029816029
   4.7549999840   0.0030272386  -0.0018796166   0.0029508067
   4.7599999840   0.0029191385  -0.0022018594   0.0029176152
   4.7649999840   0.0027947722  -0.0025162672   0.0028805787
   4.7699999840   0.0026579267  -0.0028214022   0.0028378237
   4.7749999840   0.0025126271  -0.0031158048   0.0027872184
   4.7799999839   0.0023629196  -0.0033980036   0.0027265706
   4.7849999839   0.0022126654  -0.0036665419   0.0026538365
   4.7899999839   0.0020653471  -0.0039200172   0.0025673196
   4.7949999839   0.0019238910  -0.0041571281   0.0024658392
   4.7999999839   0.0017905135  -0.0043767210   0.0023488530
   4.8049999839   0.0016666029  -0.0045778286   0.0022165234
   4.8099999838   0.0015526508  -0.0047596950   0.0020697250
   4.8149999838   0.0014482420  -0.0049217843   0.0019099978
   4.8199999838   0.0013521142  -0.0050637732   0.0017394522
   4.8249999838   0.0012622838  -0.0051855300   0.0015606393
   4.8299999838   0.0011762340  -0.0052870868   0.0013763974
   4.8349999838   0.0010911484  -0.0053686101   0.0011896901
   4.8399999837   0.0010041698  -0.0054303761   0.0010034463
   4.8449999837   0.0009126605  -0.0054727550   0.0008204142
   4.8499999837   0.0008144397  -0.0054962059   0.0006430368
   4.8549999837   0.0007079746  -0.0055012797   0.0004733538
   4.8599999837   0.0005925103  -0.0054886274   0.0003129323
   4.8649999837   0.0004681264  -0.0054590055   0.0001628256
   4.8699999836   0.0003357207  -0.0054132756   0.0000235595
   4.8749999836   0.0001969259  -0.0053523925  -0.0001048578
   4.8799999836   0.0000539735  -0.0052773803  -0.0002229014
   4.8849999836  -0.0000904776  -0.0051892994  -0.0003314729
   4.8899999836  -0.0002335269  -0.0050892104  -0.0004318203
   4.8949999836  -0.0003722178  -0.0049781410  -0.0005254356
   4.8999999835  -0.0005037082  -0.0048570637  -0.0006139336
   4.9049999835  -0.0006254208  -0.0047268881  -0.0006989168
   4.9099999835  -0.0007351718  -0.0045884684  -0.0007818379
   4.9149999835  -0.0008312773  -0.0044426237  -0.0008638733
   4.9199999835  -0.0009126423  -0.0042901640  -0.0009458188
   4.9249999835  -0.0009788264  -0.0041319140  -0.0010280233
   4.9299999834  -0.0010300848  -0.0039687287  -0.0011103652
   4.9349999834  -0.0010673720  -0.0038014951  -0.0011922758
   4.9399999834  -0.0010923003  -0.0036311206  -0.0012728032
   4.9449999834  -0.0011070445  -0.0034585101  -0.0013507082
   4.9499999834  -0.0011141917  -0.0032845392  -0.0014245796
   4.9549999834  -0.0011165458  -0.0031100289  -0.0014929535
   4.9599999833  -0.0011169022  -0.0029357293  -0.0015544279
   4.9649999833  -0.0011178205  -0.0027623137  -0.0016077631
   4.9699999833  -0.0011214208  -0.0025903841  -0.0016519644
   4.9749999833  -0.0011292286  -0.0024204843  -0.0016863448
   4.9799999833  -0.0011420875  -0.0022531141  -0.0017105691
   4.9849999833  -0.0011601416  -0.0020887416  -0.0017246778
   4.9899999832  -0.0011828865  -0.0019278070  -0.0017290909
   4.9949999832  -0.0012092691  -0.0017707181  -0.0017245895
   4.9999999832  -0.0012378206  -0.0016178395  -0.0017122744
   5.0049999832  -0.0012668007  -0.0014694775  -0.0016935014
   5.0099999832  -0.0012943379  -0.0013258672  -0.0016697978
   5.0149999832  -0.0013185587  -0.0011871652  -0.0016427636
   5.0199999831  -0.0013377023  -0.0010534508  -0.0016139688
   5.0249999831  -0.0013502232  -0.0009247350  -0.0015848539
   5.0299999831  -0.0013548838  -0.0008009776  -0.0015566435
   5.0349999831  -0.0013508381  -0.0006821059  -0.0015302796
   5.0399999831  -0.0013377017  -0.0005680345  -0.0015063785
   5.0449999831  -0.0013156006  -0.0004586807  -0.0014852115
   5.0499999830  -0.0012851888  -0.0003539739  -0.0014667103
   5.0549999830  -0.0012476271  -0.0002538591  -0.0014504920
   5.0599999830  -0.0012045169  -0.0001582948  -0.0014359042
   5.0649999830  -0.0011577924  -0.0000672468  -0.0014220863
   5.0699999830  -0.0011095779   0.0000193193  -0.0014080436
   5.0749999830  -0.0010620254   0.0001014456  -0.0013927332
   5.0799999829  -0.0010171471   0.0001791872  -0.0013751524
   5.0849999829  -0.0009766617   0.0002526145  -0.0013544264
   5.0899999829  -0.0009418680   0.0003218131  -0.0013298844
   5.0949999829  -0.0009135571   0.0003868803  -0.0013011176
   5.0999999829  -0.0008919704   0.0004479209  -0.0012680127
   5.1049999829  -0.0008768043   0.0005050429  -0.0012307585
   5.1099999828  -0.0008672600   0.0005583548  -0.0011898262
   5.1149999828  -0.0008621319   0.0006079650  -0.0011459280
   5.1199999828  -0.0008599245   0.0006539849  -0.0010999594
   5.1249999828  -0.0008589866   0.0006965344  -0.0010529335
   5.1299999828  -0.0008576487   0.0007357477  -0.0010059114
   5.1349999828  -0.0008543508   0.0007717787  -0.0009599339
   5.1399999827  -0.0008477510   0.0008048029  -0.0009159564
   5.1449999827  -0.0008368062   0.0008350149  -0.0008747898
   5.1499999827  -0.0008208246   0.0008626205  -0.0008370488
   5.1549999827  -0.0007994911   0.0008878252  -0.0008031111
   5.1599999827  -0.0007728695   0.0009108207  -0.0007730923
   5.1649999827  -0.0007413881   0.0009317732  -0.0007468394
   5.1699999826  -0.0007058120   0.0009508159  -0.0007239474
   5.1749999826  -0.0006672019   0.0009680466  -0.0007037975
   5.1799999826  -0.0006268585   0.0009835328  -0.0006856156
   5.1849999826  -0.0005862489   0.0009973202  -0.0006685426
   5.1899999826  -0.0005469131   0.0010094444  -0.0006517096
   5.1949999826  -0.0005103518   0.0010199408  -0.0006343090
   5.1999999825  -0.0004779034   0.0010288515  -0.0006156539
   5.2049999825  -0.0004506233   0.0010362270  -0.0005952216
   5.2099999825  -0.0004291800   0.0010421232  -0.0005726806
   5.2149999825  -0.0004137864   0.0010465965  -0.0005479029
   5.2199999825  -0.0004041770   0.0010496981  -0.0005209629
   5.2249999825  -0.0003996368   0.0010514708  -0.0004921281
   5.2299999824  -0.0003990792   0.0010519498  -0.0004618397
   5.2349999824  -0.0004011600   0.0010511676  -0.0004306861
   5.2399999824  -0.0004044118   0.0010491609  -0.0003993655
   5.2449999824  -0.0004073786   0.0010459784  -0.0003686386
   5.2499999824  -0.0004087349   0.0010416871  -0.0003392724
   5.2549999824  -0.0004073776   0.0010363740  -0.0003119771
   5.2599999823  -0.0004024859   0.0010301441  -0.0002873443
   5.2649999823  -0.0003935512   0.0010231139  -0.0002657926
   5.2699999823  -0.0003803823   0.0010154033  -0.0002475283
   5.2749999823  -0.0003630934   0.0010071262  -0.0002325280
   5.2799999823  -0.0003420808   0.0009983834  -0.0002205442
   5.2849999823  -0.0003179920   0.0009892574  -0.0002111344
   5.2899999822  -0.0002916867   0.0009798111  -0.0002037072
   5.2949999822  -0.0002641895   0.0009700890  -0.0001975801
   5.2999999822  -0.0002366309   0.0009601210  -0.0001920410
   5.3049999822  -0.0002101757   0.0009499271  -0.0001864059
   5.3099999822  -0.0001859434   0.0009395225  -0.0001800697
   5.3149999822  -0.0001649221   0.0009289218  -0.0001725457
   5.3199999821  -0.0001478869   0.0009181427  -0.0001634931
   5.3249999821  -0.0001353305   0.0009072070  -0.0001527331
   5.3299999821  -0.0001274141   0.0008961408  -0.0001402535
   5.3349999821  -0.0001239475   0.0008849716  -0.0001262031
   5.3399999821  -0.0001244002   0.0008737258  -0.0001108753
   5.3449999821  -0.0001279450   0.0008624239  -0.0000946833
   5.3499999820  -0.0001335313   0.0008510778  -0.0000781280
   5.3549999820  -0.0001399788   0.0008396888  -0.0000617596
   5.3599999820  -0.0001460847   0.0008282484  -0.0000461381
   5.3649999820  -0.0001507312   0.0008167419  -0.0000317932
   5.3699999820  -0.0001529819   0.0008051533  -0.0000191877
   5.3749999820  -0.0001521575   0.0007934720  -0.0000086851
   5.3799999819  -0.0001478807   0.0007816972  -0.0000005233
   5.3849999819  -0.0001400897   0.0007698410   0.0000052049
   5.3899999819  -0.0001290191   0.0007579265   0.0000085632
   5.3949999819  -0.0001151553   0.0007459837   0.0000097739
   5.3999999819  -0.0000991750   0.0007340412   0.0000092077
   5.4049999818  -0.0000818776   0.0007221185   0.0000073599
   5.4099999818  -0.0000641192   0.0007102196   0.0000048131
   5.4149999818  -0.0000467552   0.0006983302   0.0000021862
   5.4199999818  -0.0000305933   0.0006864201   0.0000000768
   5.4249999818  -0.0000163533   0.0006744503  -0.0000009970
   5.4299999818  -0.0000046329   0.0006623832  -0.0000006477
   5.4349999817   0.0000041265   0.0006501932   0.0000013467
   5.4399999817   0.0000096721   0.0006378755   0.0000050291
   5.4449999817   0.0000119693   0.0006254497   0.0000102711
   5.4499999817   0.0000112208   0.0006129582   0.0000168001
   5.4549999817   0.0000078685   0.0006004589   0.0000242396
   5.4599999817   0.0000025715   0.0005880149   0.0000321539
   5.4649999816  -0.0000038420   0.0005756834   0.0000400898
   5.4699999816  -0.0000104471   0.0005635083   0.0000476116
   5.4749999816  -0.0000163097   0.0005515160   0.0000543254
   5.4799999816  -0.0000205781   0.0005397182   0.0000598964
   5.4849999816  -0.0000225664   0.0005281180   0.0000640609
   5.4899999816  -0.0000218171   0.0005167188   0.0000666363
   5.4949999815  -0.0000181370   0.0005055317   0.0000675313
   5.4999999815  -0.0000116035   0.0004945795   0.0000667554
   5.5049999815  -0.0000025438   0.0004838967   0.0000644263
   5.5099999815   0.0000085075   0.0004735237   0.0000607700
   5.5149999815   0.0000208643   0.0004634991   0.0000561128
   5.5199999815   0.0000337528   0.0004538507   0.0000508611
   5.5249999814   0.0000463751   0.0004445891   0.0000454721
   5.5299999814   0.0000579703   0.0004357044   0.0000404156
   5.5349999814   0.0000678677   0.0004271674   0.0000361340
   5.5399999814   0.0000755298   0.0004189337   0.0000330025
   5.5449999814   0.0000805849   0.0004109507   0.0000312963
   5.5499999814   0.0000828450   0.0004031643   0.0000311670
   5.5549999813   0.0000823114   0.0003955249   0.0000326307
   5.5599999813   0.0000791673   0.0003879923   0.0000355679
   5.5649999813   0.0000737591   0.0003805379   0.0000397368
   5.5699999813   0.0000665697   0.0003731461   0.0000447966
   5.5749999813   0.0000581855   0.0003658133   0.0000503404
   5.5799999813   0.0000492597   0.0003585458   0.0000559341
   5.5849999812   0.0000404725   0.0003513555   0.0000611561
   5.5899999812   0.0000324881   0.0003442558   0.0000656360
   5.5949999812   0.0000259111   0.0003372562   0.0000690843
   5.5999999812   0.0000212405   0.0003303580   0.0000713127
   5.6049999812   0.0000188279   0.0003235534   0.0000722411
   5.6099999812   0.0000188417   0.0003168269   0.0000718924
   5.6149999811   0.0000212453   0.0003101598   0.0000703778
   5.6199999811   0.0000257939   0.0003035381   0.0000678758
   5.6249999811   0.0000320525   0.0002969584   0.0000646102
   5.6299999811   0.0000394371   0.0002904331   0.0000608307
   5.6349999811   0.0000472735   0.0002839899   0.0000567969
   5.6399999811   0.0000548668   0.0002776670   0.0000527668
   5.6449999810   0.0000615716   0.0002715048   0.0000489878
   5.6499999810   0.0000668541   0.0002655358   0.0000456868
   5.6549999810   0.0000703364   0.0002597767   0.0000430581
   5.6599999810   0.0000718200   0.0002542247   0.0000412479
   5.6649999810   0.0000712881   0.0002488593   0.0000403371
   5.6699999810   0.0000688888   0.0002436496   0.0000403248
   5.6749999809   0.0000649064   0.0002385635   0.0000411188
   5.6799999809   0.0000597267   0.0002335777   0.0000425344
   5.6849999809   0.0000538005   0.0002286838   0.0000443069
   5.6899999809   0.0000476108   0.0002238900   0.0000461158
   5.6949999809   0.0000416432   0.0002192175   0.0000476190
   5.6999999809   0.0000363585   0.0002146942   0.0000484919
   5.7049999808   0.0000321682   0.0002103458   0.0000484649
   5.7099999808   0.0000294091   0.0002061889   0.0000473545
   5.7149999808   0.0000283190   0.0002022263   0.0000450816
   5.7199999808   0.0000290155   0.0001984454   0.0000416777
   5.7249999808   0.0000314796   0.0001948204   0.0000372772
   5.7299999808   0.0000355487   0.0001913161   0.0000320995
   5.7349999807   0.0000409216   0.0001878923   0.0000264251
   5.7399999807   0.0000471771   0.0001845090   0.0000205680
   5.7449999807   0.0000538060   0.0001811304   0.0000148493
   5.7499999807   0.0000602536   0.0001777276   0.0000095730
   5.7549999807   0.0000659687   0.0001742803   0.0000050061
   5.7599999807   0.0000704543   0.0001707768   0.0000013630
   5.7649999806   0.0000733142   0.0001672125  -0.0000012054
   5.7699999806   0.0000742909   0.0001635871  -0.0000026187
   5.7749999806   0.0000732906   0.0001599012  -0.0000028688
   5.7799999806   0.0000703924   0.0001561527  -0.0000020183
   5.7849999806   0.0000658411   0.0001523344  -0.0000001952
   5.7899999806   0.0000600228   0.0001484336   0.0000024160
   5.7949999805   0.0000534279   0.0001444346   0.0000055842
   5.7999999805   0.0000466040   0.0001403229   0.0000090450
   5.8049999805   0.0000401049   0.0001360910   0.0000125138
   5.8099999805   0.0000344418   0.0001317433   0.0000157031
   5.8149999805   0.0000300423   0.0001272995   0.0000183402
   5.8199999805   0.0000272208   0.0001227946   0.0000201891
   5.8249999804   0.0000261630   0.0001182750   0.0000210723
   5.8299999804   0.0000269223   0.0001137926   0.0000208922
   5.8349999804   0.0000294266   0.0001093975   0.0000196472
   5.8399999804   0.0000334917   0.0001051309   0.0000174390
   5.8449999804   0.0000388370   0.0001010208   0.0000144685
   5.8499999804   0.0000451038   0.0000970808   0.0000110175
   5.8549999803   0.0000518739   0.0000933130   0.0000074192
   5.8599999803   0.0000586915   0.0000897123   0.0000040211
   5.8649999803   0.0000650898   0.0000862730   0.0000011456
   5.8699999803   0.0000706232   0.0000829946  -0.0000009447
   5.8749999803   0.0000749040   0.0000798856  -0.0000020721
   5.8799999803   0.0000776398   0.0000769636  -0.0000021558
   5.8849999802   0.0000786667   0.0000742538  -0.0000012120
   5.8899999802   0.0000779718   0.0000717832   0.0000006568
   5.8949999802   0.0000757000   0.0000695750   0.0000032785
   5.8999999802   0.0000721429   0.0000676425   0.0000064306
   5.9049999802   0.0000677103   0.0000659852   0.0000098589
   5.9099999802   0.0000628883   0.0000645869   0.0000132944
   5.9149999801   0.0000581894   0.0000634182   0.0000164683
   5.9199999801   0.0000541028   0.0000624399   0.0000191271
   5.9249999801   0.0000510487   0.0000616090   0.0000210473
   5.9299999801   0.0000493437   0.0000608837   0.0000220508
   5.9349999801   0.0000491769   0.0000602281   0.0000220196
   5.9399999801   0.0000505992   0.0000596136   0.0000209074
   5.9449999800   0.0000535240   0.0000590188   0.0000187470
   5.9499999800   0.0000577390   0.0000584270   0.0000156505
   5.9549999800   0.0000629269   0.0000578234   0.0000118027
   5.9599999800   0.0000686931   0.0000571919   0.0000074472
   5.9649999800   0.0000745991   0.0000565135   0.0000028683
   5.9699999800   0.0000801987   0.0000557656  -0.0000016319
   5.9749999799   0.0000850728   0.0000549230  -0.0000057566
   5.9799999799   0.0000888620   0.0000539605  -0.0000092377
   5.9849999799   0.0000912916   0.0000528551  -0.0000118576
   5.9899999799   0.0000921895   0.0000515900  -0.0000134675
   5.9949999799   0.0000914942   0.0000501569  -0.0000140008
