   0.0000000000   0.0000000000   0.0000000000   0.0000000000
   0.0050000000   0.0000000000   0.0000000000   0.0000000000
   0.0100000000   0.0000000000   0.0000000000   0.0000000000
   0.0149999999   0.0000000000   0.0000000000   0.0000000000
   0.0199999999   0.0000000000   0.0000000000   0.0000000000
   0.0249999999   0.0000000000   0.0000000000   0.0000000000
   0.0299999999   0.0000000000   0.0000000000   0.0000000000
   0.0349999999   0.0000000000   0.0000000000   0.0000000000
   0.0399999999   0.0000000000   0.0000000000   0.0000000000
   0.0449999998   0.0000000000   0.0000000000   0.0000000000
   0.0499999998  -0.0000000000  -0.0000000000  -0.0000000000
   0.0549999998  -0.0000000000  -0.0000000000  -0.0000000000
   0.0599999998  -0.0000000000  -0.0000000000  -0.0000000000
   0.0649999998  -0.0000000000  -0.0000000000  -0.0000000000
   0.0699999998  -0.0000000000  -0.0000000000  -0.0000000000
   0.0749999997  -0.0000000000  -0.0000000000  -0.0000000000
   0.0799999997  -0.0000000000  -0.0000000000  -0.0000000000
   0.0849999997  -0.0000000000  -0.0000000000  -0.0000000000
   0.0899999997  -0.0000000000  -0.0000000000  -0.0000000000
   0.0949999997  -0.0000000000  -0.0000000000  -0.0000000000
   0.0999999997  -0.0000000000  -0.0000000000  -0.0000000000
   0.1049999996  -0.0000000000  -0.0000000000  -0.0000000000
   0.1099999996  -0.0000000000  -0.0000000000  -0.0000000000
   0.1149999996  -0.0000000000  -0.0000000000  -0.0000000000
   0.1199999996  -0.0000000000  -0.0000000000  -0.0000000000
   0.1249999996  -0.0000000000  -0.0000000000  -0.0000000000
   0.1299999996  -0.0000000000  -0.0000000000  -0.0000000000
   0.1349999995  -0.0000000000  -0.0000000000  -0.0000000000
   0.1399999995  -0.0000000000  -0.0000000000  -0.0000000000
   0.1449999995  -0.0000000000  -0.0000000000  -0.0000000000
   0.1499999995  -0.0000000000  -0.0000000000  -0.0000000000
   0.1549999995  -0.0000000000  -0.0000000000  -0.0000000000
   0.1599999995  -0.0000000000  -0.0000000000  -0.0000000000
   0.1649999994  -0.0000000000  -0.0000000000  -0.0000000000
   0.1699999994  -0.0000000000  -0.0000000000  -0.0000000000
   0.1749999994  -0.0000000000  -0.0000000000  -0.0000000000
   0.1799999994  -0.0000000000  -0.0000000000  -0.0000000000
   0.1849999994  -0.0000000000   0.0000000000  -0.0000000000
   0.1899999994   0.0000000000   0.0000000000   0.0000000000
   0.1949999993   0.0000000000   0.0000000000   0.0000000000
   0.1999999993   0.0000000000   0.0000000000   0.0000000000
   0.2049999993   0.0000000000   0.0000000000   0.0000000000
   0.2099999993   0.0000000000   0.0000000000   0.0000000000
   0.2149999993   0.0000000000   0.0000000000   0.0000000000
   0.2199999993   0.0000000000   0.0000000000   0.0000000000
   0.2249999992   0.0000000000   0.0000000000   0.0000000000
   0.2299999992   0.0000000000  -0.0000000000   0.0000000000
   0.2349999992   0.0000000000  -0.0000000000   0.0000000000
   0.2399999992   0.0000000000  -0.0000000000   0.0000000000
   0.2449999992   0.0000000000  -0.0000000000   0.0000000000
   0.2499999992   0.0000000000  -0.0000000000   0.0000000000
   0.2549999991   0.0000000000  -0.0000000000   0.0000000000
   0.2599999991  -0.0000000000   0.0000000000  -0.0000000000
   0.2649999991  -0.0000000000   0.0000000000  -0.0000000000
   0.2699999991  -0.0000000000   0.0000000000  -0.0000000000
   0.2749999991  -0.0000000000   0.0000000000  -0.0000000000
   0.2799999991  -0.0000000000   0.0000000000  -0.0000000000
   0.2849999990  -0.0000000000   0.0000000000  -0.0000000000
   0.2899999990  -0.0000000000   0.0000000000  -0.0000000000
   0.2949999990   0.0000000000  -0.0000000000   0.0000000000
   0.2999999990   0.0000000000  -0.0000000000   0.0000000000
   0.3049999990   0.0000000000  -0.0000000000   0.0000000000
   0.3099999990   0.0000000000  -0.0000000000   0.0000000000
   0.3149999989   0.0000000000  -0.0000000000   0.0000000000
   0.3199999989   0.0000000000  -0.0000000000   0.0000000000
   0.3249999989  -0.0000000000   0.0000000000  -0.0000000000
   0.3299999989  -0.0000000000   0.0000000000  -0.0000000000
   0.3349999989  -0.0000000000   0.0000000000  -0.0000000000
   0.3399999989  -0.0000000000   0.0000000000  -0.0000000000
   0.3449999988  -0.0000000000   0.0000000000  -0.0000000000
   0.3499999988  -0.0000000000   0.0000000000  -0.0000000000
   0.3549999988   0.0000000000  -0.0000000000   0.0000000000
   0.3599999988   0.0000000000  -0.0000000000   0.0000000000
   0.3649999988   0.0000000000  -0.0000000000   0.0000000000
   0.3699999988   0.0000000000  -0.0000000000   0.0000000000
   0.3749999987   0.0000000000  -0.0000000000   0.0000000000
   0.3799999987   0.0000000000  -0.0000000000   0.0000000000
   0.3849999987  -0.0000000000   0.0000000000  -0.0000000000
   0.3899999987  -0.0000000000   0.0000000000  -0.0000000000
   0.3949999987  -0.0000000000   0.0000000000  -0.0000000000
   0.3999999987  -0.0000000000   0.0000000000  -0.0000000000
   0.4049999986  -0.0000000000   0.0000000000  -0.0000000000
   0.4099999986  -0.0000000000   0.0000000000  -0.0000000000
   0.4149999986   0.0000000000  -0.0000000000   0.0000000000
   0.4199999986   0.0000000000  -0.0000000000   0.0000000000
   0.4249999986   0.0000000000  -0.0000000000   0.0000000000
   0.4299999986   0.0000000000  -0.0000000000   0.0000000000
   0.4349999985   0.0000000000  -0.0000000000   0.0000000000
   0.4399999985   0.0000000000  -0.0000000000   0.0000000000
   0.4449999985  -0.0000000000   0.0000000000  -0.0000000000
   0.4499999985  -0.0000000000   0.0000000000  -0.0000000000
   0.4549999985  -0.0000000001   0.0000000000  -0.0000000001
   0.4599999985  -0.0000000001   0.0000000001  -0.0000000001
   0.4649999984  -0.0000000001   0.0000000001  -0.0000000001
   0.4699999984  -0.0000000000   0.0000000000  -0.0000000000
   0.4749999984   0.0000000000  -0.0000000000   0.0000000000
   0.4799999984   0.0000000001  -0.0000000001   0.0000000001
   0.4849999984   0.0000000002  -0.0000000001   0.0000000002
   0.4899999984   0.0000000002  -0.0000000001   0.0000000002
   0.4949999983   0.0000000002  -0.0000000001   0.0000000002
   0.4999999983   0.0000000001  -0.0000000000   0.0000000001
   0.5049999983  -0.0000000002  -0.0000000000  -0.0000000002
   0.5099999983  -0.0000000004  -0.0000000000  -0.0000000004
   0.5149999983  -0.0000000007  -0.0000000001  -0.0000000007
   0.5199999983  -0.0000000008  -0.0000000002  -0.0000000008
   0.5249999982  -0.0000000006  -0.0000000003  -0.0000000006
   0.5299999982  -0.0000000002  -0.0000000002  -0.0000000002
   0.5349999982   0.0000000004   0.0000000003   0.0000000004
   0.5399999982   0.0000000011   0.0000000012   0.0000000011
   0.5449999982   0.0000000018   0.0000000024   0.0000000019
   0.5499999982   0.0000000024   0.0000000036   0.0000000024
   0.5549999981   0.0000000027   0.0000000041   0.0000000027
   0.5599999981   0.0000000025   0.0000000032   0.0000000025
   0.5649999981   0.0000000017   0.0000000000   0.0000000017
   0.5699999981  -0.0000000001  -0.0000000057  -0.0000000002
   0.5749999981  -0.0000000035  -0.0000000134  -0.0000000035
   0.5799999981  -0.0000000089  -0.0000000218  -0.0000000090
   0.5849999980  -0.0000000165  -0.0000000282  -0.0000000166
   0.5899999980  -0.0000000251  -0.0000000293  -0.0000000253
   0.5949999980  -0.0000000314  -0.0000000210  -0.0000000315
   0.5999999980  -0.0000000288   0.0000000001  -0.0000000287
   0.6049999980  -0.0000000081   0.0000000362  -0.0000000078
   0.6099999980   0.0000000399   0.0000000870   0.0000000405
   0.6149999979   0.0000001192   0.0000001466   0.0000001200
   0.6199999979   0.0000002196   0.0000002017   0.0000002204
   0.6249999979   0.0000003065   0.0000002273   0.0000003071
   0.6299999979   0.0000003143   0.0000001853   0.0000003144
   0.6349999979   0.0000001493   0.0000000268   0.0000001487
   0.6399999979  -0.0000002885  -0.0000002960  -0.0000002899
   0.6449999978  -0.0000010568  -0.0000008049  -0.0000010589
   0.6499999978  -0.0000020959  -0.0000014548  -0.0000020982
   0.6549999978  -0.0000031360  -0.0000020817  -0.0000031379
   0.6599999978  -0.0000036194  -0.0000023551  -0.0000036200
   0.6649999978  -0.0000026847  -0.0000017630  -0.0000026834
   0.6699999978   0.0000007197   0.0000003314   0.0000007229
   0.6749999977   0.0000075267   0.0000045188   0.0000075314
   0.6799999977   0.0000180086   0.0000110271   0.0000180133
   0.6849999977   0.0000310231   0.0000192654   0.0000310259
   0.6899999977   0.0000431732   0.0000272933   0.0000431722
   0.6949999977   0.0000481307   0.0000313581   0.0000481246
   0.6999999976   0.0000364997   0.0000257282   0.0000364889
   0.7049999976  -0.0000033201   0.0000031067  -0.0000033328
   0.7099999976  -0.0000828234  -0.0000440804  -0.0000828330
   0.7149999976  -0.0002093501  -0.0001213085  -0.0002093496
   0.7199999976  -0.0003803224  -0.0002284567  -0.0003803045
   0.7249999976  -0.0005762671  -0.0003554328  -0.0005762264
   0.7299999975  -0.0007536746  -0.0004775098  -0.0007536103
   0.7349999975  -0.0008392666  -0.0005512925  -0.0008391863
   0.7399999975  -0.0007275688  -0.0005124789  -0.0007274903
   0.7449999975  -0.0002836537  -0.0002766162  -0.0002836074
   0.7499999975   0.0006475778   0.0002561715   0.0006475497
   0.7549999975   0.0022252073   0.0011920417   0.0022250533
   0.7599999974   0.0045902208   0.0026302289   0.0045898863
   0.7649999974   0.0078401084   0.0046470572   0.0078395460
   0.7699999974   0.0120040632   0.0072793419   0.0120032474
   0.7749999974   0.0170234890   0.0105099680   0.0170224348
   0.7799999974   0.0227424145   0.0142585879   0.0227411999
   0.7849999974   0.0289112518   0.0183799318   0.0289100412
   0.7899999973   0.0352051909   0.0226711713   0.0352042573
   0.7949999973   0.0412557552   0.0268882619   0.0412554950
   0.7999999973   0.0466912034   0.0307694820   0.0466921406
   0.8049999973   0.0511792411   0.0340628579   0.0511820160
   0.8099999973   0.0544645071   0.0365531717   0.0544698471
   0.8149999973   0.0563939086   0.0380840891   0.0564025821
   0.8199999972   0.0569251089   0.0385717108   0.0569378672
   0.8249999972   0.0561169180   0.0380074525   0.0561344334
   0.8299999972   0.0541042403   0.0364502636   0.0541270511
   0.8349999972   0.0510636499   0.0340103407   0.0510921236
   0.8399999972   0.0471777109   0.0308281716   0.0472120336
   0.8449999972   0.0426062485   0.0270535357   0.0426464434
   0.8499999971   0.0374708183   0.0228287862   0.0375167883
   0.8549999971   0.0318550649   0.0182794034   0.0319066496
   0.8599999971   0.0258194180   0.0135127830   0.0258764473
   0.8649999971   0.0194247667   0.0086240259   0.0194870969
   0.8699999971   0.0127574358   0.0037057129   0.0128249540
   0.8749999971   0.0059475970  -0.0011422494   0.0060201905
   0.8799999970  -0.0008247438  -0.0058064044  -0.0007472462
   0.8849999970  -0.0073384081  -0.0101595798  -0.0072563078
   0.8899999970  -0.0133523758  -0.0140673104  -0.0132661656
   0.8949999970  -0.0186342530  -0.0173993795  -0.0185446462
   0.8999999970  -0.0229884900  -0.0200435212  -0.0228964020
   0.9049999970  -0.0262773466  -0.0219177719  -0.0261838248
   0.9099999969  -0.0284300749  -0.0229785011  -0.0283361897
   0.9149999969  -0.0294395617  -0.0232225704  -0.0293462818
   0.9199999969  -0.0293495290  -0.0226839191  -0.0292576115
   0.9249999969  -0.0282380870  -0.0214265168  -0.0281480120
   0.9299999969  -0.0262040826  -0.0195365277  -0.0261160488
   0.9349999969  -0.0233610505  -0.0171163832  -0.0232750342
   0.9399999968  -0.0198401889  -0.0142823064  -0.0197560485
   0.9449999968  -0.0157997643  -0.0111650689  -0.0157173591
   0.9499999968  -0.0114350989  -0.0079119935  -0.0113543850
   0.9549999968  -0.0069819985  -0.0046871176  -0.0069030720
   0.9599999968  -0.0027077479  -0.0016664351  -0.0026308192
   0.9649999968   0.0011126013   0.0009736316   0.0011872950
   0.9699999967   0.0042320100   0.0030742222   0.0043043274
   0.9749999967   0.0064719600   0.0045157485   0.0065419720
   0.9799999967   0.0077574316   0.0052386325   0.0078254909
   0.9849999967   0.0081360613   0.0052576223   0.0082027933
   0.9899999967   0.0077742920   0.0046650144   0.0078405014
   0.9949999967   0.0069288804   0.0036203590   0.0069953909
   0.9999999966   0.0058986117   0.0023273860   0.0059660810
   1.0049999966   0.0049666389   0.0010021343   0.0050354016
   1.0099999966   0.0043468369  -0.0001613221   0.0044168230
   1.0149999966   0.0041469850  -0.0010202891   0.0042177440
   1.0199999966   0.0043575002  -0.0015017205   0.0044283301
   1.0249999966   0.0048679335  -0.0016056502   0.0049380842
   1.0299999965   0.0055062770  -0.0013936648   0.0055751735
   1.0349999965   0.0060903305  -0.0009658749   0.0061577539
   1.0399999965   0.0064775335  -0.0004324948   0.0065437070
   1.0449999965   0.0066005496   0.0001128344   0.0066661034
   1.0499999965   0.0064801942   0.0006116917   0.0065460159
   1.0549999965   0.0062137470   0.0010476598   0.0062807590
   1.0599999964   0.0059434406   0.0014407705   0.0060123673
   1.0649999964   0.0058150788   0.0018324570   0.0058862710
   1.0699999964   0.0059389150   0.0022662449   0.0060122823
   1.0749999964   0.0063636185   0.0027702252   0.0064386915
   1.0799999964   0.0070698721   0.0033464372   0.0071459762
   1.0849999964   0.0079842047   0.0039699456   0.0080606955
   1.0899999963   0.0090078251   0.0045973635   0.0090843152
   1.0949999963   0.0100511337   0.0051817283   0.0101276415
   1.0999999963   0.0110633602   0.0056888130   0.0111403323
   1.1049999963   0.0120486293   0.0061096542   0.0121268253
   1.1099999963   0.0130640635   0.0064653405   0.0131443308
   1.1149999963   0.0142009384   0.0068025213   0.0142839392
   1.1199999962   0.0155548315   0.0071809185   0.0156408010
   1.1249999962   0.0171937306   0.0076564928   0.0172823394
   1.1299999962   0.0191333840   0.0082651481   0.0192237514
   1.1349999962   0.0213267868   0.0090116021   0.0214176507
   1.1399999962   0.0236703842   0.0098664441   0.0237603899
   1.1449999962   0.0260246659   0.0107719495   0.0261127029
   1.1499999961   0.0282427766   0.0116547052   0.0283282739
   1.1549999961   0.0301987361   0.0124412599   0.0302818399
   1.1599999961   0.0318073874   0.0130723715   0.0318889703
   1.1649999961   0.0330310101   0.0135121226   0.0331125083
   1.1699999961   0.0338717488   0.0137499146   0.0339548681
   1.1749999961   0.0343532915   0.0137955820   0.0344396564
   1.1799999960   0.0344983105   0.0136698644   0.0345891483
   1.1849999960   0.0343091686   0.0133936854   0.0344051059
   1.1899999960   0.0337580713   0.0129797776   0.0338590927
   1.1949999960   0.0327897048   0.0124292277   0.0328952771
   1.1999999960   0.0313354496   0.0117338382   0.0314447699
   1.2049999960   0.0293347287   0.0108833598   0.0294470247
   1.2099999959   0.0267569873   0.0098751806   0.0268717822
   1.2149999959   0.0236177527   0.0087233723   0.0237350231
   1.2199999959   0.0199841299   0.0074642262   0.0201043147
   1.2249999959   0.0159682752   0.0061564423   0.0160921376
   1.2299999959   0.0117108534   0.0048756293   0.0118392383
   1.2349999959   0.0073591883   0.0037042914   0.0074927480
   1.2399999958   0.0030460025   0.0027196149   0.0031849685
   1.2449999958  -0.0011259307   0.0019818359  -0.0009818646
   1.2499999958  -0.0050899646   0.0015256970  -0.0049416170
   1.2549999958  -0.0088121618   0.0013565906  -0.0086607035
   1.2599999958  -0.0122805957   0.0014517237  -0.0121273028
   1.2649999958  -0.0154915300   0.0017653726  -0.0153375177
   1.2699999957  -0.0184371204   0.0022363768  -0.0182831308
   1.2749999957  -0.0210983739   0.0027956722  -0.0209446730
   1.2799999957  -0.0234451687   0.0033719701  -0.0232915753
   1.2849999957  -0.0254428242   0.0038945223  -0.0252888571
   1.2899999957  -0.0270627163   0.0042930249  -0.0269078122
   1.2949999957  -0.0282933183   0.0044957423  -0.0281370557
   1.2999999956  -0.0291480674   0.0044275900  -0.0289903338
   1.3049999956  -0.0296675310   0.0040099703  -0.0295085893
   1.3099999956  -0.0299150917   0.0031636322  -0.0297555337
   1.3149999956  -0.0299672333   0.0018148618  -0.0298078423
   1.3199999956  -0.0299009579  -0.0000957648  -0.0297425321
   1.3249999956  -0.0297815136  -0.0026037004  -0.0296247118
   1.3299999955  -0.0296533367  -0.0057118450  -0.0294986049
   1.3349999955  -0.0295360672  -0.0093849058  -0.0293836817
   1.3399999955  -0.0294260435  -0.0135478740  -0.0292762740
   1.3449999955  -0.0293022600  -0.0180888580  -0.0291556200
   1.3499999955  -0.0291347771  -0.0228656210  -0.0289923061
   1.3549999954  -0.0288932398  -0.0277145547  -0.0287567447
   1.3599999954  -0.0285534913  -0.0324606268  -0.0284256827
   1.3649999954  -0.0281010907  -0.0369270392  -0.0279855707
   1.3699999954  -0.0275315555  -0.0409437861  -0.0274326421
   1.3749999954  -0.0268480350  -0.0443548129  -0.0267704460
   1.3799999954  -0.0260576601  -0.0470238663  -0.0260061070
   1.3849999953  -0.0251679244  -0.0488393053  -0.0251466822
   1.3899999953  -0.0241841773  -0.0497181207  -0.0241967000
   1.3949999953  -0.0231088196  -0.0496092531  -0.0231574580
   1.3999999953  -0.0219422517  -0.0484961313  -0.0220281043
   1.4049999953  -0.0206851831  -0.0463982345  -0.0208080841
   1.4099999953  -0.0193416397  -0.0433714479  -0.0195002605
   1.4149999952  -0.0179219054  -0.0395070178  -0.0181139264
   1.4199999952  -0.0164446729  -0.0349289581  -0.0166669767
   1.4249999952  -0.0149378147  -0.0297898156  -0.0151866577
   1.4299999952  -0.0134374023  -0.0242647422  -0.0137085371
   1.4349999952  -0.0119848919  -0.0185439130  -0.0122736375
   1.4399999952  -0.0106227502  -0.0128234885  -0.0109240267
   1.4449999951  -0.0093891703  -0.0072955662  -0.0096975340
   1.4499999951  -0.0083128453  -0.0021378591  -0.0086225617
   1.4549999951  -0.0074089057   0.0024959200  -0.0077140954
   1.4599999951  -0.0066770083   0.0064838973  -0.0069718782
   1.4649999951  -0.0061021427   0.0097411702  -0.0063812947
   1.4699999951  -0.0056580880   0.0122216832  -0.0059168699
   1.4749999950  -0.0053127520   0.0139168361  -0.0055475998
   1.4799999950  -0.0050340965   0.0148513765  -0.0052428079
   1.4849999950  -0.0047951608   0.0150775444  -0.0049770486
   1.4899999950  -0.0045769534   0.0146685997  -0.0047328457
   1.4949999950  -0.0043686185   0.0137127154  -0.0045007000
   1.4999999950  -0.0041651186   0.0123078424  -0.0042766354
   1.5049999949  -0.0039634324   0.0105576704  -0.0040583061
   1.5099999949  -0.0037587006   0.0085683882  -0.0038411108
   1.5149999949  -0.0035417164   0.0064457247  -0.0036157102
   1.5199999949  -0.0032986626   0.0042917784  -0.0033678380
   1.5249999949  -0.0030132172   0.0022013871  -0.0030805084
   1.5299999949  -0.0026703544   0.0002581433  -0.0027379240
   1.5349999948  -0.0022606118  -0.0014695101  -0.0023298359
   1.5399999948  -0.0017834622  -0.0029314831  -0.0018549830
   1.5449999948  -0.0012487385  -0.0040979358  -0.0013225554
   1.5499999948  -0.0006756811  -0.0049594677  -0.0007512561
   1.5549999948  -0.0000898956  -0.0055255156  -0.0001662591
   1.5599999948   0.0004809199  -0.0058212125   0.0004050660
   1.5649999947   0.0010113603  -0.0058832135   0.0009375361
   1.5699999947   0.0014817901  -0.0057551126   0.0014116188
   1.5749999947   0.0018802685  -0.0054830517   0.0018153381
   1.5799999947   0.0022027849  -0.0051119778   0.0021444899
   1.5849999947   0.0024521107  -0.0046828127   0.0024014844
   1.5899999947   0.0026358440  -0.0042306031   0.0025934004
   1.5949999946   0.0027642656  -0.0037835675   0.0027298761
   1.5999999946   0.0028484802  -0.0033628657   0.0028213122
   1.6049999946   0.0028990928  -0.0029828846   0.0028776309
   1.6099999946   0.0029254459  -0.0026518411   0.0029076062
   1.6149999946   0.0029353159  -0.0023725381   0.0029186494
   1.6199999946   0.0029349231  -0.0021431525   0.0029168866
   1.6249999945   0.0029291386  -0.0019579850   0.0029073994
   1.6299999945   0.0029218085  -0.0018081557   0.0028945383
   1.6349999945   0.0029161281  -0.0016822795   0.0028822413
   1.6399999945   0.0029149694  -0.0015671996   0.0028742673
   1.6449999945   0.0029210364  -0.0014488690   0.0028742332
   1.6499999945   0.0029367177  -0.0013134549   0.0028853429
   1.6549999944   0.0029635736  -0.0011486705   0.0029097677
   1.6599999944   0.0030015318  -0.0009452469   0.0029477680
   1.6649999944   0.0030480199  -0.0006983503   0.0029967963
   1.6699999944   0.0030973828  -0.0004086697   0.0030509323
   1.6749999944   0.0031409443  -0.0000828872   0.0031010007
   1.6799999944   0.0031679374   0.0002666966   0.0031355843
   1.6849999943   0.0031672808   0.0006234567   0.0031428926
   1.6899999943   0.0031298857   0.0009685412   0.0031131515
   1.6949999943   0.0030509378   0.0012834531   0.0030409500
   1.6999999943   0.0029315177   0.0015526620   0.0029268995
   1.7049999943   0.0027790382   0.0017657523   0.0027780879
   1.7099999943   0.0026062725   0.0019187004   0.0026071065
   1.7149999942   0.0024291323   0.0020140592   0.0024298205
   1.7199999942   0.0022637150   0.0020600733   0.0022624063
   1.7249999942   0.0021233446   0.0020689739   0.0021183874
   1.7299999942   0.0020163265   0.0020548606   0.0020063868
   1.7349999942   0.0019449165   0.0020316198   0.0019290915
   1.7399999942   0.0019056479   0.0020112548   0.0018835680
   1.7449999941   0.0018907879   0.0020028497   0.0018626923
   1.7499999941   0.0018904178   0.0020121976   0.0018571873
   1.7549999941   0.0018945371   0.0020419658   0.0018576698
   1.7599999941   0.0018946852   0.0020921800   0.0018562041
   1.7649999941   0.0018848041   0.0021608013   0.0018470985
   1.7699999941   0.0018613417   0.0022442329   0.0018269525
   1.7749999940   0.0018228164   0.0023376938   0.0017941870
   1.7799999940   0.0017691666   0.0024354892   0.0017483875
   1.7849999940   0.0017011818   0.0025312634   0.0016897596
   1.7899999940   0.0016201828   0.0026183304   0.0016188646
   1.7949999940   0.0015279703   0.0026901358   0.0015366450
   1.7999999940   0.0014269328   0.0027408472   0.0014446244
   1.8049999939   0.0013201656   0.0027660056   0.0013451190
   1.8099999939   0.0012114720   0.0027631356   0.0012413222
   1.8149999939   0.0011051989   0.0027321995   0.0011372012
   1.8199999939   0.0010059256   0.0026758022   0.0010372192
   1.8249999939   0.0009180734   0.0025990881   0.0009459459
   1.8299999939   0.0008454983   0.0025093157   0.0008676196
   1.8349999938   0.0007911014   0.0024151387   0.0008057038
   1.8399999938   0.0007564642   0.0023256601   0.0007624522
   1.8449999938   0.0007415120   0.0022493570   0.0007384985
   1.8499999938   0.0007442415   0.0021930083   0.0007325163
   1.8549999938   0.0007605962   0.0021607684   0.0007410419
   1.8599999938   0.0007846077   0.0021535428   0.0007585819
   1.8649999937   0.0008089069   0.0021687893   0.0007781082
   1.8699999937   0.0008256323   0.0022008250   0.0007919649
   1.8749999937   0.0008276415   0.0022416266   0.0007930874
   1.8799999937   0.0008098023   0.0022820238   0.0007763034
   1.8849999937   0.0007700560   0.0023130879   0.0007394051
   1.8899999937   0.0007099522   0.0023274681   0.0006836910
   1.8949999936   0.0006344570   0.0023204228   0.0006137814
   1.8999999936   0.0005510262   0.0022903558   0.0005367027
   1.9049999936   0.0004681332   0.0022387780   0.0004604351
   1.9099999936   0.0003936065   0.0021697440   0.0003922818
   1.9149999936   0.0003331879   0.0020889347   0.0003374679
   1.9199999936   0.0002896543   0.0020026186   0.0002983141
   1.9249999935   0.0002626841   0.0019167305   0.0002741531
   1.9299999935   0.0002494283   0.0018362337   0.0002619461
   1.9349999935   0.0002455578   0.0017648315   0.0002573603
   1.9399999935   0.0002464495   0.0017049772   0.0002559649
   1.9449999935   0.0002481794   0.0016580582   0.0002542108
   1.9499999935   0.0002480977   0.0016246044   0.0002499695
   1.9549999934   0.0002449250   0.0016044060   0.0002425750
   1.9599999934   0.0002384647   0.0015965026   0.0002324701
   1.9649999934   0.0002291285   0.0015990834   0.0002206623
   1.9699999934   0.0002174839   0.0016093959   0.0002082073
   1.9749999934   0.0002039713   0.0016237696   0.0001958738
   1.9799999934   0.0001888323   0.0016378302   0.0001840379
   1.9849999933   0.0001721966   0.0016469097   0.0001727562
   1.9899999933   0.0001542184   0.0016465968   0.0001619100
   1.9949999933   0.0001351628   0.0016333210   0.0001513178
   1.9999999933   0.0001153957   0.0016048580   0.0001407647
   2.0049999933   0.0000952977   0.0015606649   0.0001299656
   2.0099999933   0.0000751714   0.0015019984   0.0001185241
   2.0149999932   0.0000552137   0.0014318119   0.0001059553
   2.0199999932   0.0000355873   0.0013544611   0.0000918023
   2.0249999932   0.0000165634   0.0012752577   0.0000758194
   2.0299999932  -0.0000013406   0.0011999115   0.0000581427
   2.0349999932  -0.0000173177   0.0011338998   0.0000393622
   2.0399999931  -0.0000303765   0.0010818121   0.0000204408
   2.0449999931  -0.0000395816   0.0010467339   0.0000024901
   2.0499999931  -0.0000443497   0.0010297590  -0.0000135152
   2.0549999931  -0.0000446778   0.0010297276  -0.0000269709
   2.0599999931  -0.0000412007   0.0010432766  -0.0000377216
   2.0649999931  -0.0000350308   0.0010652415  -0.0000459428
   2.0699999930  -0.0000274263   0.0010893784  -0.0000518723
   2.0749999930  -0.0000194079   0.0011092984  -0.0000555076
   2.0799999930  -0.0000114770   0.0011194438  -0.0000564165
   2.0849999930  -0.0000035575   0.0011159166  -0.0000537708
   2.0899999930   0.0000047971   0.0010969941  -0.0000466353
   2.0949999930   0.0000139949   0.0010632403  -0.0000344345
   2.0999999929   0.0000239438   0.0010172176  -0.0000174444
   2.1049999929   0.0000337146   0.0009628915   0.0000028792
   2.1099999929   0.0000414786   0.0009048842   0.0000238784
   2.1149999929   0.0000447748   0.0008477461   0.0000420327
   2.1199999929   0.0000410543   0.0007953795   0.0000535964
   2.1249999929   0.0000283529   0.0007506882   0.0000553774
   2.1299999928   0.0000059003   0.0007154521   0.0000454521
   2.1349999928  -0.0000255075   0.0006903744   0.0000236366
   2.1399999928  -0.0000634737   0.0006752237  -0.0000083974
   2.1449999928  -0.0001043056   0.0006690019  -0.0000473702
   2.1499999928  -0.0001435744   0.0006701024  -0.0000889228
   2.1549999928  -0.0001767909   0.0006764553  -0.0001282912
   2.1599999927  -0.0002000531   0.0006856794  -0.0001609805
   2.1649999927  -0.0002105581   0.0006952638  -0.0001833301
   2.1699999927  -0.0002069233   0.0007027833  -0.0001929087
   2.1749999927  -0.0001893142   0.0007061291  -0.0001887302
   2.1799999927  -0.0001594014   0.0007037159  -0.0001713069
   2.1849999927  -0.0001201787   0.0006946271  -0.0001425629
   2.1899999926  -0.0000756629   0.0006786695  -0.0001056210
   2.1949999926  -0.0000304854   0.0006563392  -0.0000644673
   2.1999999926   0.0000106041   0.0006287177  -0.0000235083
   2.2049999926   0.0000432844   0.0005973329   0.0000129466
   2.2099999926   0.0000641894   0.0005640100   0.0000412072
   2.2149999926   0.0000713236   0.0005307246   0.0000586419
   2.2199999925   0.0000642801   0.0004994516   0.0000639441
   2.2249999925   0.0000442082   0.0004719955   0.0000571738
   2.2299999925   0.0000135401   0.0004497993   0.0000395750
   2.2349999925  -0.0000244540   0.0004337482   0.0000132366
   2.2399999925  -0.0000661635   0.0004240112  -0.0000192983
   2.2449999925  -0.0001080660   0.0004199747  -0.0000553603
   2.2499999924  -0.0001470005   0.0004203119  -0.0000923437
   2.2549999924  -0.0001802638   0.0004232038  -0.0001277478
   2.2599999924  -0.0002055805   0.0004266764  -0.0001591255
   2.2649999924  -0.0002210440   0.0004289795  -0.0001840389
   2.2699999924  -0.0002251264   0.0004289081  -0.0002001206
   2.2749999924  -0.0002168187   0.0004259783  -0.0002052937
   2.2799999923  -0.0001958904   0.0004204072  -0.0001981315
   2.2849999923  -0.0001631865   0.0004129082  -0.0001782658
   2.2899999923  -0.0001208430   0.0004043677  -0.0001467106
   2.2949999923  -0.0000723011   0.0003955066  -0.0001059743
   2.2999999923  -0.0000220561   0.0003866332  -0.0000598862
   2.3049999923   0.0000248472   0.0003775593  -0.0000131452
   2.3099999922   0.0000634812   0.0003676985   0.0000293225
   2.3149999922   0.0000897233   0.0003563068   0.0000630557
   2.3199999922   0.0001008185   0.0003427832   0.0000846532
   2.3249999922   0.0000957105   0.0003269348   0.0000921612
   2.3299999922   0.0000750988   0.0003091296   0.0000852073
   2.3349999922   0.0000412500   0.0002902982   0.0000649017
   2.3399999921  -0.0000023595   0.0002717944   0.0000335748
   2.3449999921  -0.0000514804   0.0002551595  -0.0000055642
   2.3499999921  -0.0001015275   0.0002418534  -0.0000487803
   2.3549999921  -0.0001479782   0.0002330103  -0.0000921414
   2.3599999921  -0.0001867192   0.0002292592  -0.0001318170
   2.3649999921  -0.0002143503   0.0002306242  -0.0001643585
   2.3699999920  -0.0002284497   0.0002365032  -0.0001869667
   2.3749999920  -0.0002277863   0.0002457172  -0.0001977314
   2.3799999920  -0.0002124468   0.0002566234  -0.0001958112
   2.3849999920  -0.0001838393   0.0002672883  -0.0001815097
   2.3899999920  -0.0001445500   0.0002757164  -0.0001562199
   2.3949999920  -0.0000980580   0.0002801183  -0.0001222376
   2.3999999919  -0.0000483533   0.0002791839  -0.0000824807
   2.4049999919   0.0000004732   0.0002723098  -0.0000401735
   2.4099999919   0.0000445930   0.0002597278   0.0000014367
   2.4149999919   0.0000807069   0.0002424906   0.0000392901
   2.4199999919   0.0001062003   0.0002223033   0.0000706425
   2.4249999919   0.0001192152   0.0002012299   0.0000931449
   2.4299999918   0.0001186880   0.0001813390   0.0001049229
   2.4349999918   0.0001044030   0.0001643695   0.0001047014
   2.4399999918   0.0000770778   0.0001514931   0.0000919857
   2.4449999918   0.0000384611   0.0001432194   0.0000672677
   2.4499999918  -0.0000086186   0.0001394447   0.0000321862
   2.4549999918  -0.0000603233   0.0001396058  -0.0000104404
   2.4599999917  -0.0001120506   0.0001428770  -0.0000567729
   2.4649999917  -0.0001588594   0.0001483451  -0.0001023155
   2.4699999917  -0.0001960283   0.0001551203  -0.0001424409
   2.4749999917  -0.0002196500   0.0001623751  -0.0001729812
   2.4799999917  -0.0002271431   0.0001693316  -0.0001907659
   2.4849999917  -0.0002175825   0.0001752381  -0.0001940038
   2.4899999916  -0.0001917895   0.0001793719  -0.0001824464
   2.4949999916  -0.0001521825   0.0001810864  -0.0001573280
   2.4999999916  -0.0001024431   0.0001798957  -0.0001211284
   2.5049999916  -0.0000470756   0.0001755694  -0.0000772314
   2.5099999916   0.0000090568   0.0001682009  -0.0000295526
   2.5149999916   0.0000611617   0.0001582203   0.0000178130
   2.5199999915   0.0001048862   0.0001463450   0.0000609019
   2.5249999915   0.0001366255   0.0001334779   0.0000961582
   2.5299999915   0.0001537785   0.0001205838   0.0001206847
   2.5349999915   0.0001549542   0.0001085735   0.0001324720
   2.5399999915   0.0001401112   0.0000982189   0.0001305887
   2.5449999915   0.0001106008   0.0000901040   0.0001152968
   2.5499999914   0.0000690825   0.0000846052   0.0000880572
   2.5549999914   0.0000192945   0.0000818825   0.0000514011
   2.5599999914  -0.0000343030   0.0000818723   0.0000086752
   2.5649999914  -0.0000869699   0.0000842779  -0.0000363039
   2.5699999914  -0.0001341433   0.0000885704  -0.0000796269
   2.5749999914  -0.0001718449   0.0000940172  -0.0001176408
   2.5799999913  -0.0001969873   0.0000997536  -0.0001472259
   2.5849999913  -0.0002075615   0.0001048945  -0.0001659865
   2.5899999913  -0.0002027179   0.0001086717  -0.0001723666
   2.5949999913  -0.0001827721   0.0001105587  -0.0001657183
   2.5999999913  -0.0001491650   0.0001103500  -0.0001463492
   2.6049999913  -0.0001043930   0.0001081653  -0.0001155510
   2.6099999912  -0.0000518961   0.0001043760  -0.0000755935
   2.6149999912   0.0000041200   0.0000994748  -0.0000296440
   2.6199999912   0.0000589598   0.0000939317   0.0000184214
   2.6249999912   0.0001078190   0.0000880809   0.0000643349
   2.6299999912   0.0001462483   0.0000820759   0.0001038603
   2.6349999912   0.0001706424   0.0000759223   0.0001332693
   2.6399999911   0.0001786727   0.0000695700   0.0001497880
   2.6449999911   0.0001695822   0.0000630276   0.0001519315
   2.6499999911   0.0001442846   0.0000564526   0.0001396644
   2.6549999911   0.0001052499   0.0000501824   0.0001143653
   2.6599999911   0.0000562043   0.0000446957   0.0000786160
   2.6649999911   0.0000017050   0.0000405158   0.0000358710
   2.6699999910  -0.0000533350   0.0000380886  -0.0000099274
   2.6749999910  -0.0001041036   0.0000376754  -0.0000547255
   2.6799999910  -0.0001462844   0.0000392868  -0.0000946905
   2.6849999910  -0.0001763708   0.0000426744  -0.0001264852
   2.6899999910  -0.0001919008   0.0000473715  -0.0001474895
   2.6949999909  -0.0001916207   0.0000527643  -0.0001559784
   2.6999999909  -0.0001755779   0.0000581729  -0.0001512559
   2.7049999909  -0.0001451338   0.0000629247  -0.0001337299
   2.7099999909  -0.0001028765   0.0000664153  -0.0001049066
   2.7149999909  -0.0000524209   0.0000681594  -0.0000672802
   2.7199999909   0.0000019037   0.0000678376  -0.0000241151
   2.7249999908   0.0000554516   0.0000653400   0.0000208638
   2.7299999908   0.0001036977   0.0000607990   0.0000638304
   2.7349999908   0.0001426528   0.0000545986   0.0001012159
   2.7399999908   0.0001692038   0.0000473452   0.0001300132
   2.7449999908   0.0001813415   0.0000397940   0.0001479983
   2.7499999908   0.0001782691   0.0000327373   0.0001538582
   2.7549999907   0.0001604023   0.0000268780   0.0001472375
   2.7599999907   0.0001292924   0.0000227172   0.0001287290
   2.7649999907   0.0000874947   0.0000204862   0.0000998253
   2.7699999907   0.0000383977   0.0000201402   0.0000628387
   2.7749999907  -0.0000139893   0.0000214120   0.0000207794
   2.7799999907  -0.0000653012   0.0000239061  -0.0000228273
   2.7849999906  -0.0001111415   0.0000272002  -0.0000641982
   2.7899999906  -0.0001474574   0.0000309229  -0.0000996202
   2.7949999906  -0.0001709333   0.0000347856  -0.0001258199
   2.7999999906  -0.0001793501   0.0000385677  -0.0001403234
   2.8049999906  -0.0001718499   0.0000420704  -0.0001417456
   2.8099999906  -0.0001490540   0.0000450679  -0.0001299534
   2.8149999905  -0.0001130066   0.0000472828  -0.0001060734
   2.8199999905  -0.0000669526   0.0000484021  -0.0000723448
   2.8249999905  -0.0000149858   0.0000481326  -0.0000318506
   2.8299999905   0.0000383722   0.0000462765   0.0000118217
   2.8349999905   0.0000886016   0.0000428018   0.0000549334
   2.8399999905   0.0001315707   0.0000378807   0.0000939185
   2.8449999904   0.0001638505   0.0000318821   0.0001256536
   2.8499999904   0.0001829481   0.0000253213   0.0001476675
   2.8549999904   0.0001874620   0.0000187809   0.0001582969
   2.8599999904   0.0001771675   0.0000128269   0.0001567946
   2.8649999904   0.0001530309   0.0000079384   0.0001433884
   2.8699999904   0.0001171478   0.0000044647   0.0001192799
   2.8749999903   0.0000725935   0.0000026061   0.0000865689
   2.8799999903   0.0000231811   0.0000024133   0.0000480912
   2.8849999903  -0.0000268605   0.0000037931   0.0000071763
   2.8899999903  -0.0000732635   0.0000065167  -0.0000326547
   2.8949999903  -0.0001121060   0.0000102303  -0.0000680136
   2.8999999903  -0.0001401588   0.0000144774  -0.0000959461
   2.9049999902  -0.0001551510   0.0000187385  -0.0001141755
   2.9099999902  -0.0001559306   0.0000224912  -0.0001212636
   2.9149999902  -0.0001425172   0.0000252837  -0.0001166878
   2.9199999902  -0.0001160596   0.0000268045  -0.0001008464
   2.9249999902  -0.0000787214   0.0000269294  -0.0000750079
   2.9299999902  -0.0000335124   0.0000257311  -0.0000412201
   2.9349999901   0.0000159221   0.0000234453  -0.0000021808
   2.9399999901   0.0000655532   0.0000204039   0.0000389340
   2.9449999901   0.0001112627   0.0000169550   0.0000786941
   2.9499999901   0.0001491731   0.0000133935   0.0001136898
   2.9549999901   0.0001759951   0.0000099235   0.0001408434
   2.9599999901   0.0001893553   0.0000066593   0.0001577225
   2.9649999900   0.0001880570   0.0000036584   0.0001628099
   2.9699999900   0.0001722303   0.0000009694   0.0001556820
   2.9749999900   0.0001433369  -0.0000013282   0.0001370625
   2.9799999900   0.0001040247  -0.0000031090   0.0001087391
   2.9849999900   0.0000578520  -0.0000042195   0.0000733587
   2.9899999900   0.0000089225  -0.0000045207   0.0000341381
   2.9949999899  -0.0000385138  -0.0000039400  -0.0000054624
   2.9999999899  -0.0000804434  -0.0000025119  -0.0000420587
   3.0049999899  -0.0001134186  -0.0000003930  -0.0000726211
   3.0099999899  -0.0001348116   0.0000021553  -0.0000946961
   3.0149999899  -0.0001429887   0.0000048090  -0.0001065685
   3.0199999899  -0.0001374072   0.0000072351  -0.0001073670
   3.0249999898  -0.0001186394   0.0000091406  -0.0000971174
   3.0299999898  -0.0000883233   0.0000103053  -0.0000767401
   3.0349999898  -0.0000490382   0.0000105945  -0.0000479858
   3.0399999898  -0.0000041023   0.0000099564  -0.0000133019
   3.0449999898   0.0000427013   0.0000084137   0.0000243692
   3.0499999898   0.0000874504   0.0000060559   0.0000618475
   3.0549999897   0.0001264313   0.0000030370   0.0000960014
   3.0599999897   0.0001564669  -0.0000004253   0.0001240293
   3.0649999897   0.0001751868  -0.0000040572   0.0001436995
   3.0699999897   0.0001812111  -0.0000075486   0.0001535242
   3.0749999897   0.0001742330  -0.0000105887   0.0001528538
   3.0799999897   0.0001550057  -0.0000129106   0.0001418942
   3.0849999896   0.0001252481  -0.0000143339   0.0001216613
   3.0899999896   0.0000874901  -0.0000147915   0.0000938869
   3.0949999896   0.0000448751  -0.0000143310   0.0000608893
   3.0999999896   0.0000009313  -0.0000130892   0.0000254130
   3.1049999896  -0.0000406841  -0.0000112494  -0.0000095627
   3.1099999896  -0.0000764608  -0.0000089950  -0.0000410471
   3.1149999895  -0.0001033217  -0.0000064766  -0.0000662841
   3.1199999895  -0.0001188964  -0.0000038026  -0.0000830047
   3.1249999895  -0.0001217538  -0.0000010530  -0.0000896541
   3.1299999895  -0.0001115556   0.0000016911  -0.0000855593
   3.1349999895  -0.0000891054   0.0000043193  -0.0000710072
   3.1399999895  -0.0000562768   0.0000066784  -0.0000472164
   3.1449999894  -0.0000158278   0.0000085847  -0.0000162046
   3.1499999894   0.0000288726   0.0000098577   0.0000194255
   3.1549999894   0.0000741679   0.0000103676   0.0000567477
   3.1599999894   0.0001164442   0.0000100791   0.0000927844
   3.1649999894   0.0001524300   0.0000090763   0.0001247564
   3.1699999894   0.0001794446   0.0000075604   0.0001502916
   3.1749999893   0.0001955808   0.0000058194   0.0001675837
   3.1799999893   0.0001998240   0.0000041806   0.0001755046
   3.1849999893   0.0001921086   0.0000029560   0.0001736705
   3.1899999893   0.0001733149   0.0000023973   0.0001624659
   3.1949999893   0.0001452029   0.0000026658   0.0001430184
   3.1999999893   0.0001102816   0.0000038214   0.0001171203
   3.2049999892   0.0000716125   0.0000058252   0.0000870915
   3.2099999892   0.0000325576   0.0000085503   0.0000555880
   3.2149999892  -0.0000035092   0.0000117951   0.0000253715
   3.2199999892  -0.0000334985   0.0000152983  -0.0000009369
   3.2249999892  -0.0000548757   0.0000187564  -0.0000210886
   3.2299999892  -0.0000658746   0.0000218489  -0.0000333989
   3.2349999891  -0.0000656342   0.0000242707  -0.0000368777
   3.2399999891  -0.0000542500   0.0000257713  -0.0000312936
   3.2449999891  -0.0000327437   0.0000261920  -0.0000171729
   3.2499999891  -0.0000029646   0.0000254909   0.0000042565
   3.2549999891   0.0000325635   0.0000237474   0.0000311640
   3.2599999891   0.0000708368   0.0000211421   0.0000612535
   3.2649999890   0.0001085976   0.0000179145   0.0000919298
   3.2699999890   0.0001425839   0.0000143127   0.0001204953
   3.2749999890   0.0001697922   0.0000105464   0.0001443679
   3.2799999890   0.0001877362   0.0000067590   0.0001613082
   3.2849999890   0.0001946782   0.0000030242   0.0001696331
   3.2899999890   0.0001898046  -0.0000006345   0.0001683898
   3.2949999889   0.0001733180  -0.0000042104   0.0001574618
   3.2999999889   0.0001464294  -0.0000076822   0.0001375882
   3.3049999889   0.0001112443  -0.0000109952   0.0001102902
   3.3099999889   0.0000705592  -0.0000140622   0.0000777149
   3.3149999889   0.0000275935  -0.0000167835   0.0000424202
   3.3199999889  -0.0000143062  -0.0000190747   0.0000071332
   3.3249999888  -0.0000519549  -0.0000208944  -0.0000254891
   3.3299999888  -0.0000825830  -0.0000222575  -0.0000530708
   3.3349999888  -0.0001040373  -0.0000232330  -0.0000736877
   3.3399999888  -0.0001149222  -0.0000239261  -0.0000859915
   3.3449999888  -0.0001146819  -0.0000244528  -0.0000892891
   3.3499999888  -0.0001036236  -0.0000249158  -0.0000835795
   3.3549999887  -0.0000828838  -0.0000253879  -0.0000695473
   3.3599999887  -0.0000543376  -0.0000259073  -0.0000485096
   3.3649999887  -0.0000204505  -0.0000264799  -0.0000223148
   3.3699999887   0.0000159214  -0.0000270861   0.0000068065
   3.3749999887   0.0000517697  -0.0000276858   0.0000364290
   3.3799999886   0.0000841900  -0.0000282201   0.0000641421
   3.3849999886   0.0001106293  -0.0000286111   0.0000877582
   3.3899999886   0.0001290972  -0.0000287630   0.0001054957
   3.3949999886   0.0001383200  -0.0000285698   0.0001161175
   3.3999999886   0.0001378246  -0.0000279303   0.0001190139
   3.4049999886   0.0001279500  -0.0000267692   0.0001142277
   3.4099999885   0.0001097952  -0.0000250572   0.0001024275
   3.4149999885   0.0000851130  -0.0000228240   0.0000848389
   3.4199999885   0.0000561649  -0.0000201580   0.0000631425
   3.4249999885   0.0000255434  -0.0000171920   0.0000393446
   3.4299999885  -0.0000040256  -0.0000140785   0.0000156258
   3.4349999885  -0.0000298969  -0.0000109632  -0.0000058294
   3.4399999884  -0.0000497223  -0.0000079654  -0.0000230139
   3.4449999884  -0.0000616551  -0.0000051719  -0.0000342764
   3.4499999884  -0.0000645216  -0.0000026455  -0.0000384798
   3.4549999884  -0.0000579384  -0.0000004426  -0.0000351159
   3.4599999884  -0.0000423561   0.0000013682  -0.0000243615
   3.4649999884  -0.0000190211   0.0000026965  -0.0000070622
   3.4699999883   0.0000101418   0.0000034365   0.0000153526
   3.4749999883   0.0000427132   0.0000034874   0.0000410123
   3.4799999883   0.0000760019   0.0000027837   0.0000677849
   3.4849999883   0.0001072838   0.0000013244   0.0000934699
   3.4899999883   0.0001340282  -0.0000008095   0.0001159821
   3.4949999883   0.0001540946  -0.0000034558   0.0001335133
   3.4999999882   0.0001658891  -0.0000063896   0.0001446614
   3.5049999882   0.0001684745  -0.0000093571   0.0001485264
   3.5099999882   0.0001616339  -0.0000121116   0.0001447714
   3.5149999882   0.0001458856  -0.0000144467   0.0001336487
   3.5199999882   0.0001224483  -0.0000162171   0.0001159879
   3.5249999882   0.0000931544  -0.0000173456   0.0000931414
   3.5299999881   0.0000603115  -0.0000178202   0.0000668867
   3.5349999881   0.0000265197  -0.0000176841   0.0000392864
   3.5399999881  -0.0000055432  -0.0000170239   0.0000125177
   3.5449999881  -0.0000333477  -0.0000159578  -0.0000113128
   3.5499999881  -0.0000547262  -0.0000146242  -0.0000303488
   3.5549999881  -0.0000680517  -0.0000131689  -0.0000431384
   3.5599999880  -0.0000723635  -0.0000117295  -0.0000487468
   3.5649999880  -0.0000674321  -0.0000104181  -0.0000468205
   3.5699999880  -0.0000537612  -0.0000093054  -0.0000376009
   3.5749999880  -0.0000325333  -0.0000084117  -0.0000218933
   3.5799999880  -0.0000055077  -0.0000077084  -0.0000009972
   3.5849999880   0.0000251195  -0.0000071313   0.0000233949
   3.5899999879   0.0000568845  -0.0000066038   0.0000493252
   3.5949999879   0.0000872459  -0.0000060631   0.0000747193
   3.5999999879   0.0001137853  -0.0000054815   0.0000975499
   3.6049999879   0.0001344059  -0.0000048749   0.0001160047
   3.6099999879   0.0001475116  -0.0000042977   0.0001286442
   3.6149999879   0.0001521468  -0.0000038231   0.0001345309
   3.6199999878   0.0001480814  -0.0000035186   0.0001333142
   3.6249999878   0.0001358253  -0.0000034225   0.0001252566
   3.6299999878   0.0001165726  -0.0000035315   0.0001111986
   3.6349999878   0.0000920798  -0.0000038023   0.0000924667
   3.6399999878   0.0000644959  -0.0000041663   0.0000707393
   3.6449999878   0.0000361658  -0.0000045520   0.0000478875
   3.6499999877   0.0000094279  -0.0000049066   0.0000258118
   3.6549999877  -0.0000135730  -0.0000052098   0.0000062893
   3.6599999877  -0.0000310462  -0.0000054763  -0.0000091573
   3.6649999877  -0.0000416795  -0.0000057464  -0.0000193644
   3.6699999877  -0.0000447264  -0.0000060707  -0.0000236034
   3.6749999877  -0.0000400520  -0.0000064930  -0.0000216271
   3.6799999876  -0.0000281375  -0.0000070385  -0.0000136852
   3.6849999876  -0.0000100412  -0.0000077099  -0.0000005043
   3.6899999876   0.0000126848  -0.0000084894   0.0000167668
   3.6949999876   0.0000381203  -0.0000093445   0.0000366502
   3.6999999876   0.0000641358  -0.0000102342   0.0000574620
   3.7049999876   0.0000885726  -0.0000111127   0.0000774567
   3.7099999875   0.0001094264  -0.0000119295   0.0000949778
   3.7149999875   0.0001250143  -0.0000126298   0.0001085979
   3.7199999875   0.0001341101  -0.0000131562   0.0001172342
   3.7249999875   0.0001360356  -0.0000134545   0.0001202292
   3.7299999875   0.0001307031  -0.0000134824   0.0001173927
   3.7349999875   0.0001186090  -0.0000132196   0.0001090055
   3.7399999874   0.0001007857  -0.0000126736   0.0000957891
   3.7449999874   0.0000787161  -0.0000118808   0.0000788465
   3.7499999874   0.0000542173  -0.0000108990   0.0000595776
   3.7549999874   0.0000293020  -0.0000097955   0.0000395739
   3.7599999874   0.0000060205  -0.0000086339   0.0000204948
   3.7649999874  -0.0000137040  -0.0000074654   0.0000039328
   3.7699999873  -0.0000282378  -0.0000063272  -0.0000087221
   3.7749999873  -0.0000363800  -0.0000052482  -0.0000164080
   3.7799999873  -0.0000374708  -0.0000042593  -0.0000184890
   3.7849999873  -0.0000314518  -0.0000034038  -0.0000148146
   3.7899999873  -0.0000188690  -0.0000027403  -0.0000057309
   3.7949999873  -0.0000008181  -0.0000023374   0.0000079571
   3.7999999872   0.0000211605  -0.0000022594   0.0000250669
   3.8049999872   0.0000452233  -0.0000025477   0.0000441505
   3.8099999872   0.0000693855  -0.0000032037   0.0000636243
   3.8149999872   0.0000916856  -0.0000041797   0.0000819014
   3.8199999872   0.0001103403  -0.0000053810   0.0000975156
   3.8249999872   0.0001238781  -0.0000066800   0.0001092309
   3.8299999871   0.0001312468  -0.0000079378   0.0001161302
   3.8349999871   0.0001318908  -0.0000090270   0.0001176822
   3.8399999871   0.0001257918  -0.0000098511   0.0001137822
   3.8449999871   0.0001134731  -0.0000103544   0.0001047633
   3.8499999871   0.0000959609  -0.0000105234   0.0000913751
   3.8549999871   0.0000747054  -0.0000103793   0.0000747273
   3.8599999870   0.0000514630  -0.0000099680   0.0000562000
   3.8649999870   0.0000281494  -0.0000093493   0.0000373281
   3.8699999870   0.0000066771  -0.0000085885   0.0000196692
   3.8749999870  -0.0000112058  -0.0000077513   0.0000046704
   3.8799999870  -0.0000240607  -0.0000068997  -0.0000064519
   3.8849999870  -0.0000308728  -0.0000060884  -0.0000128099
   3.8899999869  -0.0000311250  -0.0000053601  -0.0000139089
   3.8949999869  -0.0000248306  -0.0000047406  -0.0000096794
   3.8999999869  -0.0000125227  -0.0000042357  -0.0000004747
   3.9049999869   0.0000047936  -0.0000038319   0.0000129614
   3.9099999869   0.0000257226  -0.0000035026   0.0000295531
   3.9149999869   0.0000485862  -0.0000032181   0.0000479751
   3.9199999868   0.0000715544  -0.0000029576   0.0000667535
   3.9249999868   0.0000927891  -0.0000027179   0.0000843821
   3.9299999868   0.0001105933  -0.0000025160   0.0000994447
   3.9349999868   0.0001235522  -0.0000023841   0.0001107352
   3.9399999868   0.0001306527  -0.0000023573   0.0001173615
   3.9449999868   0.0001313690  -0.0000024594   0.0001188225
   3.9499999867   0.0001257032  -0.0000026909   0.0001150479
   3.9549999867   0.0001141773  -0.0000030240   0.0001063970
   3.9599999867   0.0000977779  -0.0000034072   0.0000936171
   3.9649999867   0.0000778617  -0.0000037766   0.0000777689
   3.9699999867   0.0000560342  -0.0000040723   0.0000601291
   3.9749999867   0.0000340147  -0.0000042525   0.0000420817
   3.9799999866   0.0000134999  -0.0000043021   0.0000250090
   3.9849999866  -0.0000039633  -0.0000042335   0.0000101885
   3.9899999866  -0.0000170901  -0.0000040799  -0.0000012977
   3.9949999866  -0.0000249486  -0.0000038842  -0.0000086388
   3.9999999866  -0.0000270266  -0.0000036884  -0.0000113527
   4.0049999866  -0.0000232686  -0.0000035259  -0.0000093221
   4.0099999865  -0.0000140810  -0.0000034186  -0.0000028049
   4.0149999865  -0.0000003005  -0.0000033779   0.0000075845
   4.0199999865   0.0000168726  -0.0000034082   0.0000209235
   4.0249999865   0.0000359733  -0.0000035097   0.0000360578
   4.0299999865   0.0000553948  -0.0000036784   0.0000516990
   4.0349999864   0.0000735230  -0.0000039051   0.0000665339
   4.0399999864   0.0000888705  -0.0000041725   0.0000793340
   4.0449999864   0.0001001959  -0.0000044548   0.0000890548
   4.0499999864   0.0001065999  -0.0000047192   0.0000949162
   4.0549999864   0.0001075901  -0.0000049309   0.0000964589
   4.0599999864   0.0001031130  -0.0000050599   0.0000935745
   4.0649999863   0.0000935531  -0.0000050870   0.0000865092
   4.0699999863   0.0000796995  -0.0000050068   0.0000758436
   4.0749999863   0.0000626843  -0.0000048261   0.0000624481
   4.0799999863   0.0000438954  -0.0000045594   0.0000474167
   4.0849999863   0.0000248671  -0.0000042223   0.0000319826
   4.0899999863   0.0000071573  -0.0000038263   0.0000174180
   4.0949999862  -0.0000077814  -0.0000033777   0.0000049291
   4.0999999862  -0.0000187242  -0.0000028796  -0.0000044485
   4.1049999862  -0.0000247786  -0.0000023381  -0.0000099387
   4.1099999862  -0.0000254587  -0.0000017672  -0.0000110913
   4.1149999862  -0.0000207219  -0.0000011911  -0.0000078163
   4.1199999862  -0.0000109652  -0.0000006417  -0.0000003847
   4.1249999861   0.0000030179  -0.0000001508   0.0000106038
   4.1299999861   0.0000201122   0.0000002601   0.0000242799
   4.1349999861   0.0000389790   0.0000005886   0.0000395823
   4.1399999861   0.0000581664   0.0000008560   0.0000553456
   4.1449999861   0.0000762233   0.0000011046   0.0000703915
   4.1499999861   0.0000918095   0.0000013896   0.0000836164
   4.1549999860   0.0001037940   0.0000017661   0.0000940719
   4.1599999860   0.0001113388   0.0000022776   0.0001010339
   4.1649999860   0.0001139607   0.0000029468   0.0001040562
   4.1699999860   0.0001115676   0.0000037732   0.0001030048
   4.1749999860   0.0001044648   0.0000047361   0.0000980679
   4.1799999860   0.0000933279   0.0000058013   0.0000897398
   4.1849999859   0.0000791454   0.0000069290   0.0000787777
   4.1899999859   0.0000631319   0.0000080794   0.0000661348
   4.1949999859   0.0000466239   0.0000092162   0.0000528767
   4.1999999859   0.0000309652   0.0000103066   0.0000400891
   4.2049999859   0.0000173960   0.0000113211   0.0000287872
   4.2099999859   0.0000069542   0.0000122324   0.0000198347
   4.2149999858   0.0000003964   0.0000130170   0.0000138782
   4.2199999858  -0.0000018551   0.0000136574   0.0000113022
   4.2249999858   0.0000002614   0.0000141452   0.0000122047
   4.2299999858   0.0000064475   0.0000144815   0.0000163939
   4.2349999858   0.0000160721   0.0000146761   0.0000234062
   4.2399999858   0.0000282233   0.0000147429   0.0000325439
   4.2449999857   0.0000417820   0.0000146947   0.0000429316
   4.2499999857   0.0000555139   0.0000145381   0.0000535882
   4.2549999857   0.0000681730   0.0000142721   0.0000635104
   4.2599999857   0.0000786074   0.0000138899   0.0000717602
   4.2649999857   0.0000858596   0.0000133849   0.0000775480
   4.2699999857   0.0000892482   0.0000127579   0.0000803019
   4.2749999856   0.0000884249   0.0000120221   0.0000797165
   4.2799999856   0.0000834000   0.0000112061   0.0000757756
   4.2849999856   0.0000745357   0.0000103500   0.0000687480
   4.2899999856   0.0000625095   0.0000094985   0.0000591588
   4.2949999856   0.0000482532   0.0000086918   0.0000477414
   4.2999999856   0.0000328747   0.0000079568   0.0000353747
   4.3049999855   0.0000175701   0.0000073029   0.0000230142
   4.3099999855   0.0000035315   0.0000067222   0.0000116190
   4.3149999855  -0.0000081429   0.0000061941   0.0000020803
   4.3199999855  -0.0000165310   0.0000056926  -0.0000048445
   4.3249999855  -0.0000209582   0.0000051934  -0.0000085904
   4.3299999855  -0.0000210513   0.0000046788  -0.0000088304
   4.3349999854  -0.0000167704   0.0000041397  -0.0000055042
   4.3399999854  -0.0000084149   0.0000035744   0.0000011733
   4.3449999854   0.0000033988   0.0000029873   0.0000107270
   4.3499999854   0.0000177867   0.0000023864   0.0000224597
   4.3549999854   0.0000336699   0.0000017834   0.0000355090
   4.3599999854   0.0000498638   0.0000011942   0.0000489190
   4.3649999853   0.0000651743   0.0000006402   0.0000617179
   4.3699999853   0.0000784924   0.0000001477   0.0000729954
   4.3749999853   0.0000888801  -0.0000002538   0.0000819720
   4.3799999853   0.0000956390  -0.0000005365   0.0000880564
   4.3849999853   0.0000983603  -0.0000006786   0.0000908866
   4.3899999853   0.0000969520  -0.0000006690   0.0000903545
   4.3949999852   0.0000916434  -0.0000005082   0.0000866123
   4.3999999852   0.0000829650  -0.0000002077   0.0000800596
   4.4049999852   0.0000717069   0.0000002148   0.0000713125
   4.4099999852   0.0000588557   0.0000007396   0.0000611547
   4.4149999852   0.0000455140   0.0000013483   0.0000504738
   4.4199999852   0.0000328100   0.0000020255   0.0000401879
   4.4249999851   0.0000218028   0.0000027560   0.0000311672
   4.4299999851   0.0000133952   0.0000035208   0.0000241619
   4.4349999851   0.0000082599   0.0000042938   0.0000197398
   4.4399999851   0.0000067885   0.0000050395   0.0000182433
   4.4449999851   0.0000090660   0.0000057149   0.0000197676
   4.4499999851   0.0000148722   0.0000062748   0.0000241603
   4.4549999850   0.0000237084   0.0000066792   0.0000310421
   4.4599999850   0.0000348435   0.0000068997   0.0000398436
   4.4649999850   0.0000473774   0.0000069239   0.0000498543
   4.4699999850   0.0000603126   0.0000067562   0.0000602801
   4.4749999850   0.0000726327   0.0000064140   0.0000703042
   4.4799999850   0.0000833800   0.0000059223   0.0000791496
   4.4849999849   0.0000917295   0.0000053080   0.0000861389
   4.4899999849   0.0000970532   0.0000045956   0.0000907469
   4.4949999849   0.0000989696   0.0000038070   0.0000926429
   4.4999999849   0.0000973748   0.0000029626   0.0000917179
   4.5049999849   0.0000924497   0.0000020845   0.0000880930
   4.5099999849   0.0000846436   0.0000011988   0.0000821084
   4.5149999848   0.0000746346   0.0000003360   0.0000742926
   4.5199999848   0.0000632711  -0.0000004711   0.0000653166
   4.5249999848   0.0000515000  -0.0000011917   0.0000559361
   4.5299999848   0.0000402884  -0.0000018015   0.0000469288
   4.5349999848   0.0000305460  -0.0000022851   0.0000390320
   4.5399999848   0.0000230547  -0.0000026373   0.0000328851
   4.5449999847   0.0000184090  -0.0000028606   0.0000289813
   4.5499999847   0.0000169713  -0.0000029624   0.0000276305
   4.5549999847   0.0000188448  -0.0000029519   0.0000289355
   4.5599999847   0.0000238654  -0.0000028382   0.0000327836
   4.5649999847   0.0000316143  -0.0000026314   0.0000388539
   4.5699999847   0.0000414498  -0.0000023439   0.0000466421
   4.5749999846   0.0000525595  -0.0000019930   0.0000555003
   4.5799999846   0.0000640268  -0.0000016020   0.0000646910
   4.5849999846   0.0000749076  -0.0000011982   0.0000734495
   4.5899999846   0.0000843102  -0.0000008100   0.0000810496
   4.5949999846   0.0000914696  -0.0000004615   0.0000868649
   4.5999999846   0.0000958099  -0.0000001684   0.0000904208
   4.6049999845   0.0000969890   0.0000000643   0.0000914309
   4.6099999845   0.0000949217   0.0000002415   0.0000898164
   4.6149999845   0.0000897818   0.0000003751   0.0000857079
   4.6199999845   0.0000819837   0.0000004781   0.0000794307
   4.6249999845   0.0000721463   0.0000005603   0.0000714765
   4.6299999845   0.0000610436   0.0000006249   0.0000624644
   4.6349999844   0.0000495446   0.0000006675   0.0000530931
   4.6399999844   0.0000385467   0.0000006779   0.0000440886
   4.6449999844   0.0000289069   0.0000006432   0.0000361485
   4.6499999844   0.0000213743   0.0000005514   0.0000298880
   4.6549999844   0.0000165312   0.0000003940   0.0000257902
   4.6599999844   0.0000147446   0.0000001676   0.0000241665
   4.6649999843   0.0000161367  -0.0000001265   0.0000251299
   4.6699999843   0.0000205746  -0.0000004817   0.0000285860
   4.6749999843   0.0000276830  -0.0000008875   0.0000342412
   4.6799999843   0.0000368764  -0.0000013287   0.0000416288
   4.6849999843   0.0000474090  -0.0000017862   0.0000501486
   4.6899999843   0.0000584370  -0.0000022369   0.0000591172
   4.6949999842   0.0000690865  -0.0000026558   0.0000678233
   4.6999999842   0.0000785216  -0.0000030185   0.0000755827
   4.7049999842   0.0000860088  -0.0000033053   0.0000817905
   4.7099999842   0.0000909715  -0.0000035043   0.0000859662
   4.7149999842   0.0000930331  -0.0000036140   0.0000877889
   4.7199999841   0.0000920439  -0.0000036429   0.0000871212
   4.7249999841   0.0000880928  -0.0000036065   0.0000840197
   4.7299999841   0.0000814992  -0.0000035230   0.0000787301
   4.7349999841   0.0000727870  -0.0000034084   0.0000716678
   4.7399999841   0.0000626419  -0.0000032723   0.0000633839
   4.7449999841   0.0000518549  -0.0000031178   0.0000545194
   4.7499999840   0.0000412571  -0.0000029422   0.0000457520
   4.7549999840   0.0000316516  -0.0000027419   0.0000377406
   4.7599999840   0.0000237500  -0.0000025166   0.0000310724
   4.7649999840   0.0000181178  -0.0000022723   0.0000262181
   4.7699999840   0.0000151339  -0.0000020230   0.0000234990
   4.7749999840   0.0000149661  -0.0000017878   0.0000230661
   4.7799999839   0.0000175638  -0.0000015880   0.0000248944
   4.7849999839   0.0000226669  -0.0000014418   0.0000287888
   4.7899999839   0.0000298294  -0.0000013612   0.0000344020
   4.7949999839   0.0000384548  -0.0000013508   0.0000412628
   4.7999999839   0.0000478432  -0.0000014084   0.0000488116
   4.8049999839   0.0000572444  -0.0000015271   0.0000564433
   4.8099999838   0.0000659161  -0.0000016988   0.0000635538
   4.8149999838   0.0000731815  -0.0000019152   0.0000695866
   4.8199999838   0.0000784827  -0.0000021688   0.0000740768
   4.8249999838   0.0000814245  -0.0000024516   0.0000766883
   4.8299999838   0.0000818049  -0.0000027534   0.0000772393
   4.8349999838   0.0000796284  -0.0000030614   0.0000757152
   4.8399999837   0.0000751031  -0.0000033595   0.0000722666
   4.8449999837   0.0000686197  -0.0000036306   0.0000671940
   4.8499999837   0.0000607174  -0.0000038589   0.0000609208
   4.8549999837   0.0000520383  -0.0000040326   0.0000539570
   4.8599999837   0.0000432755  -0.0000041453   0.0000468582
   4.8649999837   0.0000351185  -0.0000041969   0.0000401820
   4.8699999836   0.0000282002  -0.0000041916   0.0000344447
   4.8749999836   0.0000230475  -0.0000041365   0.0000300820
   4.8799999836   0.0000200409  -0.0000040396   0.0000274147
   4.8849999836   0.0000193844  -0.0000039087   0.0000266233
   4.8899999836   0.0000210896  -0.0000037519   0.0000277333
   4.8949999836   0.0000249747  -0.0000035780   0.0000306133
   4.8999999835   0.0000306804  -0.0000033981   0.0000349864
   4.9049999835   0.0000377017  -0.0000032251   0.0000404548
   4.9099999835   0.0000454313  -0.0000030728   0.0000465349
   4.9149999835   0.0000532125  -0.0000029532   0.0000527006
   4.9199999835   0.0000603952  -0.0000028743   0.0000584281
   4.9249999835   0.0000663894  -0.0000028373   0.0000632402
   4.9299999834   0.0000707125  -0.0000028363   0.0000667445
   4.9349999834   0.0000730258  -0.0000028599   0.0000686626
   4.9399999834   0.0000731584  -0.0000028943   0.0000688500
   4.9449999834   0.0000711172  -0.0000029270   0.0000673040
   4.9499999834   0.0000670840  -0.0000029500   0.0000641618
   4.9549999834   0.0000613987  -0.0000029619   0.0000596880
   4.9599999833   0.0000545318  -0.0000029672   0.0000542531
   4.9649999833   0.0000470465  -0.0000029743   0.0000483038
   4.9699999833   0.0000395533  -0.0000029928   0.0000423271
   4.9749999833   0.0000326606  -0.0000030307   0.0000368109
   4.9799999833   0.0000269250  -0.0000030926   0.0000322035
   4.9849999833   0.0000228053  -0.0000031796   0.0000288761
   4.9899999832   0.0000206248  -0.0000032892   0.0000270925
   4.9949999832   0.0000205461  -0.0000034169   0.0000269870
   4.9999999832   0.0000225590  -0.0000035563   0.0000285556
   5.0049999832   0.0000264842  -0.0000036996   0.0000316577
   5.0099999832   0.0000319903  -0.0000038374   0.0000360303
   5.0149999832   0.0000386224  -0.0000039585   0.0000413107
   5.0199999831   0.0000458404  -0.0000040511   0.0000470672
   5.0249999831   0.0000530621  -0.0000041038   0.0000528334
   5.0299999831   0.0000597092  -0.0000041083   0.0000581448
   5.0349999831   0.0000652519  -0.0000040619   0.0000625750
   5.0399999831   0.0000692502  -0.0000039687   0.0000657686
   5.0449999831   0.0000713889  -0.0000038396   0.0000674698
   5.0499999830   0.0000715021  -0.0000036900   0.0000675428
   5.0549999830   0.0000695870  -0.0000035370   0.0000659835
   5.0599999830   0.0000658037  -0.0000033952   0.0000629194
   5.0649999830   0.0000604620  -0.0000032740   0.0000585998
   5.0699999830   0.0000539945  -0.0000031763   0.0000533734
   5.0749999830   0.0000469208  -0.0000030995   0.0000476597
   5.0799999829   0.0000398041  -0.0000030379   0.0000419131
   5.0849999829   0.0000332053  -0.0000029857   0.0000365864
   5.0899999829   0.0000276393  -0.0000029399   0.0000320948
   5.0949999829   0.0000235358  -0.0000029017   0.0000287848
   5.0999999829   0.0000212073  -0.0000028764   0.0000269087
   5.1049999829   0.0000208275  -0.0000028711   0.0000266075
   5.1099999828   0.0000224190  -0.0000028929   0.0000279009
   5.1149999828   0.0000258524  -0.0000029462   0.0000306866
   5.1199999828   0.0000308565  -0.0000030318   0.0000347474
   5.1249999828   0.0000370383  -0.0000031463   0.0000397675
   5.1299999828   0.0000439127  -0.0000032829   0.0000453556
   5.1349999828   0.0000509404  -0.0000034329   0.0000510753
   5.1399999827   0.0000575704  -0.0000035861   0.0000564788
   5.1449999827   0.0000632838  -0.0000037321   0.0000611438
   5.1499999827   0.0000676357  -0.0000038599   0.0000647067
   5.1549999827   0.0000702911  -0.0000039590   0.0000668927
   5.1599999827   0.0000710507  -0.0000040191   0.0000675371
   5.1649999827   0.0000698662  -0.0000040318   0.0000665978
   5.1699999826   0.0000668420  -0.0000039916   0.0000641570
   5.1749999826   0.0000622259  -0.0000038975   0.0000604136
   5.1799999826   0.0000563876  -0.0000037536   0.0000556665
   5.1849999826   0.0000497898  -0.0000035688   0.0000502907
   5.1899999826   0.0000429510  -0.0000033552   0.0000447078
   5.1949999826   0.0000364059  -0.0000031258   0.0000393536
   5.1999999825   0.0000306628  -0.0000028930   0.0000346443
   5.2049999825   0.0000261645  -0.0000026664   0.0000309434
   5.2099999825   0.0000232528  -0.0000024533   0.0000285329
   5.2149999825   0.0000221415  -0.0000022590   0.0000275910
   5.2199999825   0.0000228995  -0.0000020887   0.0000281774
   5.2249999825   0.0000254466  -0.0000019482   0.0000302296
   5.2299999824   0.0000295613  -0.0000018443   0.0000335694
   5.2349999824   0.0000349013  -0.0000017841   0.0000379193
   5.2399999824   0.0000410327  -0.0000017724   0.0000429269
   5.2449999824   0.0000474672  -0.0000018097   0.0000481950
   5.2499999824   0.0000537011  -0.0000018905   0.0000533136
   5.2549999824   0.0000592554  -0.0000020028   0.0000578925
   5.2599999823   0.0000637118  -0.0000021298   0.0000615903
   5.2649999823   0.0000667435  -0.0000022522   0.0000641393
   5.2699999823   0.0000681385  -0.0000023517   0.0000653643
   5.2749999823   0.0000678143  -0.0000024143   0.0000651944
   5.2799999823   0.0000658229  -0.0000024315   0.0000636680
   5.2849999823   0.0000623460  -0.0000024013   0.0000609286
   5.2899999822   0.0000576803  -0.0000023266   0.0000572137
   5.2949999822   0.0000522132  -0.0000022136   0.0000528354
   5.2999999822   0.0000463917  -0.0000020699   0.0000481558
   5.3049999822   0.0000406867  -0.0000019032   0.0000435569
   5.3099999822   0.0000355542  -0.0000017205   0.0000394103
   5.3149999822   0.0000313998  -0.0000015285   0.0000360471
   5.3199999821   0.0000285468  -0.0000013339   0.0000337325
   5.3249999821   0.0000272126  -0.0000011434   0.0000326459
   5.3299999821   0.0000274931  -0.0000009639   0.0000328688
   5.3349999821   0.0000293579  -0.0000008016   0.0000343803
   5.3399999821   0.0000326547  -0.0000006616   0.0000370610
   5.3449999821   0.0000371226  -0.0000005475   0.0000407029
   5.3499999820   0.0000424135  -0.0000004619   0.0000450267
   5.3549999820   0.0000481193  -0.0000004065   0.0000497036
   5.3599999820   0.0000538037  -0.0000003835   0.0000543806
   5.3649999820   0.0000590366  -0.0000003955   0.0000587084
   5.3699999820   0.0000634276  -0.0000004449   0.0000623683
   5.3749999820   0.0000666570  -0.0000005329   0.0000650984
   5.3799999819   0.0000685011  -0.0000006573   0.0000667139
   5.3849999819   0.0000688498  -0.0000008114   0.0000671219
   5.3899999819   0.0000677138  -0.0000009832   0.0000663276
   5.3949999819   0.0000652223  -0.0000011565   0.0000644327
   5.3999999819   0.0000616105  -0.0000013131   0.0000616249
   5.4049999818   0.0000571992  -0.0000014361   0.0000581615
   5.4099999818   0.0000523671  -0.0000015131   0.0000543469
   5.4149999818   0.0000475204  -0.0000015381   0.0000505082
   5.4199999818   0.0000430603  -0.0000015127   0.0000469686
   5.4249999818   0.0000393523  -0.0000014445   0.0000440234
   5.4299999818   0.0000366981  -0.0000013451   0.0000419167
   5.4349999817   0.0000353126  -0.0000012272   0.0000408236
   5.4399999817   0.0000353081  -0.0000011025   0.0000408366
   5.4449999817   0.0000366853  -0.0000009799   0.0000419585
   5.4499999817   0.0000393337  -0.0000008655   0.0000441023
   5.4549999817   0.0000430409  -0.0000007629   0.0000470985
   5.4599999817   0.0000475103  -0.0000006743   0.0000507090
   5.4649999816   0.0000523853  -0.0000006012   0.0000546468
   5.4699999816   0.0000572795  -0.0000005448   0.0000586006
   5.4749999816   0.0000618085  -0.0000005058   0.0000622604
   5.4799999816   0.0000656211  -0.0000004844   0.0000653427
   5.4849999816   0.0000684269  -0.0000004802   0.0000676137
   5.4899999816   0.0000700193  -0.0000004920   0.0000689066
   5.4949999815   0.0000702900  -0.0000005183   0.0000691341
   5.4999999815   0.0000692365  -0.0000005577   0.0000682943
   5.5049999815   0.0000669608  -0.0000006087   0.0000664694
   5.5099999815   0.0000636606  -0.0000006696   0.0000638186
   5.5149999815   0.0000596126  -0.0000007376   0.0000605652
   5.5199999815   0.0000551506  -0.0000008087   0.0000569785
   5.5249999814   0.0000506386  -0.0000008764   0.0000533523
   5.5299999814   0.0000464414  -0.0000009331   0.0000499811
   5.5349999814   0.0000428950  -0.0000009706   0.0000471360
   5.5399999814   0.0000402797  -0.0000009818   0.0000450426
   5.5449999814   0.0000387977  -0.0000009626   0.0000438632
   5.5499999814   0.0000385577  -0.0000009130   0.0000436838
   5.5549999813   0.0000395670  -0.0000008373   0.0000445085
   5.5599999813   0.0000417330  -0.0000007429   0.0000462607
   5.5649999813   0.0000448723  -0.0000006392   0.0000487905
   5.5699999813   0.0000487265  -0.0000005350   0.0000518885
   5.5749999813   0.0000529838  -0.0000004368   0.0000553025
   5.5799999813   0.0000573036  -0.0000003485   0.0000587581
   5.5849999812   0.0000613427  -0.0000002709   0.0000619793
   5.5899999812   0.0000647817  -0.0000002030   0.0000647094
   5.5949999812   0.0000673492  -0.0000001432   0.0000667307
   5.5999999812   0.0000688426  -0.0000000903   0.0000678811
   5.6049999812   0.0000691437  -0.0000000445   0.0000680665
   5.6099999812   0.0000682286  -0.0000000065   0.0000672693
   5.6149999811   0.0000661696   0.0000000226   0.0000655497
   5.6199999811   0.0000631296   0.0000000421   0.0000630410
   5.6249999811   0.0000593485   0.0000000526   0.0000599392
   5.6299999811   0.0000551240   0.0000000559   0.0000564869
   5.6349999811   0.0000507866   0.0000000545   0.0000529526
   5.6399999811   0.0000466732   0.0000000513   0.0000496096
   5.6449999810   0.0000430996   0.0000000487   0.0000467133
   5.6499999810   0.0000403361   0.0000000486   0.0000444814
   5.6549999810   0.0000385864   0.0000000522   0.0000430773
   5.6599999810   0.0000379726   0.0000000608   0.0000425975
   5.6649999810   0.0000385259   0.0000000761   0.0000430648
   5.6699999810   0.0000401852   0.0000001003   0.0000444268
   5.6749999809   0.0000428014   0.0000001361   0.0000465599
   5.6799999809   0.0000461494   0.0000001853   0.0000492789
   5.6849999809   0.0000499463   0.0000002485   0.0000523515
   5.6899999809   0.0000538732   0.0000003244   0.0000555169
   5.6949999809   0.0000576013   0.0000004093   0.0000585068
   5.6999999809   0.0000608187   0.0000004981   0.0000610672
   5.7049999808   0.0000632547   0.0000005855   0.0000629786
   5.7099999808   0.0000647020   0.0000006673   0.0000640741
   5.7149999808   0.0000650321   0.0000007415   0.0000642515
   5.7199999808   0.0000642041   0.0000008087   0.0000634808
   5.7249999808   0.0000622669   0.0000008714   0.0000618045
   5.7299999808   0.0000593531   0.0000009327   0.0000593333
   5.7349999807   0.0000556678   0.0000009951   0.0000562361
   5.7399999807   0.0000514712   0.0000010591   0.0000527257
   5.7449999807   0.0000470583   0.0000011231   0.0000490424
   5.7499999807   0.0000427355   0.0000011833   0.0000454349
   5.7549999807   0.0000387976   0.0000012359   0.0000421420
   5.7599999807   0.0000355042   0.0000012777   0.0000393733
   5.7649999806   0.0000330602   0.0000013075   0.0000372935
   5.7699999806   0.0000315998   0.0000013265   0.0000360095
   5.7749999806   0.0000311753   0.0000013381   0.0000355615
   5.7799999806   0.0000317537   0.0000013466   0.0000359200
   5.7849999806   0.0000332196   0.0000013564   0.0000369882
   5.7899999806   0.0000353841   0.0000013711   0.0000386100
   5.7949999805   0.0000380010   0.0000013931   0.0000405826
   5.7999999805   0.0000407862   0.0000014237   0.0000426727
   5.8049999805   0.0000434400   0.0000014633   0.0000446351
   5.8099999805   0.0000456707   0.0000015118   0.0000462312
   5.8149999805   0.0000472166   0.0000015684   0.0000472478
   5.8199999805   0.0000478658   0.0000016321   0.0000475122
   5.8249999804   0.0000474723   0.0000017006   0.0000469060
   5.8299999804   0.0000459662   0.0000017714   0.0000453731
   5.8349999804   0.0000433595   0.0000018413   0.0000429244
   5.8399999804   0.0000397445   0.0000019081   0.0000396367
   5.8449999804   0.0000352867   0.0000019706   0.0000356469
   5.8499999804   0.0000302115   0.0000020296   0.0000311408
   5.8549999803   0.0000247865   0.0000020871   0.0000263390
   5.8599999803   0.0000192998   0.0000021461   0.0000214787
   5.8649999803   0.0000140375   0.0000022088   0.0000167950
   5.8699999803   0.0000092610   0.0000022753   0.0000125029
   5.8749999803   0.0000051875   0.0000023430   0.0000087803
   5.8799999803   0.0000019737   0.0000024069   0.0000057558
   5.8849999802  -0.0000002943   0.0000024606   0.0000035000
   5.8899999802  -0.0000016064   0.0000024979   0.0000020217
   5.8949999802  -0.0000020263   0.0000025150   0.0000012696
   5.8999999802  -0.0000016855   0.0000025116   0.0000011377
   5.9049999802  -0.0000007709   0.0000024908   0.0000014754
   5.9099999802   0.0000004910   0.0000024589   0.0000021002
   5.9149999801   0.0000018529   0.0000024233   0.0000028130
   5.9199999801   0.0000030670   0.0000023913   0.0000034153
   5.9249999801   0.0000039061   0.0000023684   0.0000037250
   5.9299999801   0.0000041820   0.0000023575   0.0000035929
   5.9349999801   0.0000037625   0.0000023591   0.0000029155
   5.9399999801   0.0000025821   0.0000023714   0.0000016442
   5.9449999800   0.0000006490   0.0000023916  -0.0000002092
   5.9499999800  -0.0000019555   0.0000024163  -0.0000025729
   5.9549999800  -0.0000050823   0.0000024421  -0.0000053200
   5.9599999800  -0.0000085260   0.0000024658  -0.0000082781
   5.9649999800  -0.0000120408   0.0000024849  -0.0000112415
   5.9699999800  -0.0000153580   0.0000024969  -0.0000139872
   5.9749999799  -0.0000182066   0.0000025004  -0.0000162903
   5.9799999799  -0.0000203324   0.0000024946  -0.0000179402
   5.9849999799  -0.0000215160   0.0000024793  -0.0000187553
   5.9899999799  -0.0000215886   0.0000024556  -0.0000185954
   5.9949999799  -0.0000204431   0.0000024246  -0.0000173712
