   0.0000000000   0.0000000000   0.0000000000   0.0000000000
   0.0050000000   0.0000000000   0.0000000000   0.0000000000
   0.0100000000   0.0000000000   0.0000000000   0.0000000000
   0.0149999999   0.0000000000   0.0000000000   0.0000000000
   0.0199999999   0.0000000000   0.0000000000   0.0000000000
   0.0249999999   0.0000000000   0.0000000000   0.0000000000
   0.0299999999   0.0000000000   0.0000000000   0.0000000000
   0.0349999999   0.0000000000   0.0000000000   0.0000000000
   0.0399999999   0.0000000000   0.0000000000   0.0000000000
   0.0449999998   0.0000000000   0.0000000000   0.0000000000
   0.0499999998   0.0000000000   0.0000000000   0.0000000000
   0.0549999998   0.0000000000   0.0000000000   0.0000000000
   0.0599999998   0.0000000000   0.0000000000   0.0000000000
   0.0649999998   0.0000000000   0.0000000000   0.0000000000
   0.0699999998   0.0000000000   0.0000000000   0.0000000000
   0.0749999997  -0.0000000000   0.0000000000  -0.0000000000
   0.0799999997  -0.0000000000   0.0000000000  -0.0000000000
   0.0849999997  -0.0000000000   0.0000000000  -0.0000000000
   0.0899999997  -0.0000000000   0.0000000000  -0.0000000000
   0.0949999997  -0.0000000000   0.0000000000  -0.0000000000
   0.0999999997  -0.0000000000   0.0000000000  -0.0000000000
   0.1049999996  -0.0000000000   0.0000000000  -0.0000000000
   0.1099999996  -0.0000000000   0.0000000000  -0.0000000000
   0.1149999996  -0.0000000000   0.0000000000  -0.0000000000
   0.1199999996   0.0000000000   0.0000000000   0.0000000000
   0.1249999996   0.0000000000  -0.0000000000   0.0000000000
   0.1299999996   0.0000000000  -0.0000000000   0.0000000000
   0.1349999995   0.0000000000  -0.0000000000   0.0000000000
   0.1399999995   0.0000000000  -0.0000000000   0.0000000000
   0.1449999995   0.0000000000  -0.0000000000   0.0000000000
   0.1499999995   0.0000000000  -0.0000000000   0.0000000000
   0.1549999995   0.0000000000  -0.0000000000   0.0000000000
   0.1599999995   0.0000000000  -0.0000000000   0.0000000000
   0.1649999994   0.0000000000  -0.0000000000   0.0000000000
   0.1699999994   0.0000000000  -0.0000000000   0.0000000000
   0.1749999994   0.0000000000  -0.0000000000   0.0000000000
   0.1799999994   0.0000000000  -0.0000000000   0.0000000000
   0.1849999994   0.0000000000  -0.0000000000   0.0000000000
   0.1899999994   0.0000000000  -0.0000000000   0.0000000000
   0.1949999993   0.0000000000  -0.0000000000   0.0000000000
   0.1999999993   0.0000000000  -0.0000000000   0.0000000000
   0.2049999993   0.0000000000  -0.0000000000   0.0000000000
   0.2099999993   0.0000000000  -0.0000000000   0.0000000000
   0.2149999993   0.0000000000  -0.0000000000   0.0000000000
   0.2199999993   0.0000000000  -0.0000000000   0.0000000000
   0.2249999992   0.0000000000  -0.0000000000   0.0000000000
   0.2299999992   0.0000000000  -0.0000000000   0.0000000000
   0.2349999992   0.0000000000  -0.0000000000   0.0000000000
   0.2399999992   0.0000000000  -0.0000000000   0.0000000000
   0.2449999992   0.0000000000  -0.0000000000   0.0000000000
   0.2499999992   0.0000000000  -0.0000000000   0.0000000000
   0.2549999991   0.0000000000  -0.0000000000   0.0000000000
   0.2599999991   0.0000000000  -0.0000000000   0.0000000000
   0.2649999991   0.0000000000  -0.0000000000   0.0000000000
   0.2699999991   0.0000000000  -0.0000000000   0.0000000000
   0.2749999991   0.0000000000  -0.0000000000   0.0000000000
   0.2799999991   0.0000000000  -0.0000000000   0.0000000000
   0.2849999990   0.0000000000  -0.0000000000   0.0000000000
   0.2899999990   0.0000000000  -0.0000000000   0.0000000000
   0.2949999990   0.0000000000  -0.0000000000   0.0000000000
   0.2999999990   0.0000000000  -0.0000000000   0.0000000000
   0.3049999990   0.0000000000  -0.0000000000   0.0000000000
   0.3099999990   0.0000000000  -0.0000000000   0.0000000000
   0.3149999989   0.0000000000  -0.0000000000   0.0000000000
   0.3199999989   0.0000000000  -0.0000000000   0.0000000000
   0.3249999989   0.0000000000  -0.0000000000   0.0000000000
   0.3299999989   0.0000000000  -0.0000000000   0.0000000000
   0.3349999989   0.0000000000  -0.0000000000   0.0000000000
   0.3399999989   0.0000000000  -0.0000000000   0.0000000000
   0.3449999988   0.0000000000  -0.0000000000   0.0000000000
   0.3499999988   0.0000000000  -0.0000000000   0.0000000000
   0.3549999988   0.0000000000  -0.0000000000   0.0000000000
   0.3599999988   0.0000000000  -0.0000000000   0.0000000000
   0.3649999988   0.0000000000  -0.0000000000   0.0000000000
   0.3699999988   0.0000000000  -0.0000000000   0.0000000000
   0.3749999987   0.0000000000   0.0000000000   0.0000000000
   0.3799999987   0.0000000000   0.0000000000   0.0000000000
   0.3849999987  -0.0000000000   0.0000000000  -0.0000000000
   0.3899999987  -0.0000000000   0.0000000000  -0.0000000000
   0.3949999987  -0.0000000000   0.0000000000  -0.0000000000
   0.3999999987  -0.0000000000   0.0000000000  -0.0000000000
   0.4049999986  -0.0000000000   0.0000000000  -0.0000000000
   0.4099999986  -0.0000000000   0.0000000000  -0.0000000000
   0.4149999986  -0.0000000000   0.0000000000  -0.0000000000
   0.4199999986  -0.0000000000   0.0000000000  -0.0000000000
   0.4249999986  -0.0000000000   0.0000000000  -0.0000000000
   0.4299999986  -0.0000000000   0.0000000000  -0.0000000000
   0.4349999985  -0.0000000000   0.0000000000  -0.0000000000
   0.4399999985  -0.0000000000   0.0000000000  -0.0000000000
   0.4449999985  -0.0000000000   0.0000000000  -0.0000000000
   0.4499999985  -0.0000000000   0.0000000000  -0.0000000000
   0.4549999985  -0.0000000000   0.0000000000  -0.0000000000
   0.4599999985  -0.0000000000   0.0000000000  -0.0000000000
   0.4649999984  -0.0000000000   0.0000000000  -0.0000000000
   0.4699999984  -0.0000000000   0.0000000000  -0.0000000000
   0.4749999984  -0.0000000000   0.0000000000  -0.0000000000
   0.4799999984  -0.0000000000   0.0000000000  -0.0000000000
   0.4849999984  -0.0000000000   0.0000000000  -0.0000000000
   0.4899999984  -0.0000000000   0.0000000000  -0.0000000000
   0.4949999983  -0.0000000000   0.0000000000  -0.0000000000
   0.4999999983  -0.0000000000   0.0000000000  -0.0000000000
   0.5049999983  -0.0000000000   0.0000000000  -0.0000000000
   0.5099999983  -0.0000000000   0.0000000000  -0.0000000000
   0.5149999983  -0.0000000000   0.0000000000  -0.0000000000
   0.5199999983  -0.0000000000   0.0000000000  -0.0000000000
   0.5249999982  -0.0000000000   0.0000000000  -0.0000000000
   0.5299999982  -0.0000000000   0.0000000000  -0.0000000000
   0.5349999982  -0.0000000000   0.0000000000  -0.0000000000
   0.5399999982  -0.0000000000   0.0000000000  -0.0000000000
   0.5449999982  -0.0000000000   0.0000000000  -0.0000000000
   0.5499999982  -0.0000000000   0.0000000000  -0.0000000000
   0.5549999981  -0.0000000000   0.0000000000  -0.0000000000
   0.5599999981  -0.0000000000   0.0000000000   0.0000000000
   0.5649999981   0.0000000000   0.0000000000   0.0000000000
   0.5699999981   0.0000000000   0.0000000000   0.0000000000
   0.5749999981   0.0000000000   0.0000000000   0.0000000000
   0.5799999981   0.0000000000   0.0000000000   0.0000000000
   0.5849999980   0.0000000000   0.0000000000   0.0000000000
   0.5899999980   0.0000000000   0.0000000000   0.0000000000
   0.5949999980   0.0000000000   0.0000000000   0.0000000000
   0.5999999980   0.0000000000   0.0000000000   0.0000000000
   0.6049999980   0.0000000000   0.0000000000   0.0000000000
   0.6099999980   0.0000000000   0.0000000000   0.0000000000
   0.6149999979   0.0000000000   0.0000000000   0.0000000000
   0.6199999979   0.0000000000  -0.0000000000   0.0000000000
   0.6249999979   0.0000000000  -0.0000000000   0.0000000000
   0.6299999979   0.0000000000  -0.0000000000   0.0000000000
   0.6349999979   0.0000000000  -0.0000000000  -0.0000000000
   0.6399999979  -0.0000000000  -0.0000000000  -0.0000000000
   0.6449999978  -0.0000000000  -0.0000000000  -0.0000000000
   0.6499999978  -0.0000000000  -0.0000000000  -0.0000000000
   0.6549999978  -0.0000000000  -0.0000000000  -0.0000000000
   0.6599999978  -0.0000000000  -0.0000000000  -0.0000000000
   0.6649999978  -0.0000000000  -0.0000000000  -0.0000000000
   0.6699999978  -0.0000000000  -0.0000000000  -0.0000000000
   0.6749999977  -0.0000000000  -0.0000000000  -0.0000000000
   0.6799999977  -0.0000000000   0.0000000000  -0.0000000000
   0.6849999977  -0.0000000000   0.0000000000  -0.0000000000
   0.6899999977   0.0000000000   0.0000000000   0.0000000000
   0.6949999977   0.0000000000   0.0000000000   0.0000000000
   0.6999999976   0.0000000000   0.0000000000   0.0000000000
   0.7049999976   0.0000000000   0.0000000000   0.0000000000
   0.7099999976   0.0000000000   0.0000000000   0.0000000000
   0.7149999976   0.0000000000   0.0000000000   0.0000000000
   0.7199999976   0.0000000000   0.0000000000   0.0000000000
   0.7249999976   0.0000000000   0.0000000000   0.0000000000
   0.7299999975   0.0000000000   0.0000000000   0.0000000000
   0.7349999975   0.0000000000   0.0000000000   0.0000000000
   0.7399999975   0.0000000000   0.0000000000   0.0000000000
   0.7449999975   0.0000000000   0.0000000000   0.0000000000
   0.7499999975   0.0000000000   0.0000000000   0.0000000000
   0.7549999975   0.0000000000   0.0000000000   0.0000000000
   0.7599999974   0.0000000000   0.0000000000   0.0000000000
   0.7649999974   0.0000000000   0.0000000000   0.0000000000
   0.7699999974   0.0000000000   0.0000000000   0.0000000000
   0.7749999974   0.0000000000   0.0000000000   0.0000000000
   0.7799999974   0.0000000000   0.0000000000   0.0000000000
   0.7849999974   0.0000000000   0.0000000000   0.0000000000
   0.7899999973   0.0000000000   0.0000000000   0.0000000000
   0.7949999973   0.0000000000   0.0000000000   0.0000000000
   0.7999999973   0.0000000000   0.0000000000   0.0000000000
   0.8049999973   0.0000000000   0.0000000000   0.0000000000
   0.8099999973   0.0000000000   0.0000000000   0.0000000000
   0.8149999973   0.0000000000   0.0000000000   0.0000000000
   0.8199999972   0.0000000000   0.0000000000   0.0000000000
   0.8249999972   0.0000000000   0.0000000000   0.0000000000
   0.8299999972   0.0000000000   0.0000000000   0.0000000000
   0.8349999972   0.0000000000   0.0000000000   0.0000000000
   0.8399999972   0.0000000000   0.0000000000   0.0000000000
   0.8449999972   0.0000000000   0.0000000000   0.0000000000
   0.8499999971   0.0000000000   0.0000000000   0.0000000000
   0.8549999971   0.0000000000   0.0000000000   0.0000000000
   0.8599999971   0.0000000000   0.0000000000   0.0000000000
   0.8649999971   0.0000000000   0.0000000000   0.0000000000
   0.8699999971   0.0000000000   0.0000000000   0.0000000000
   0.8749999971   0.0000000000   0.0000000000   0.0000000000
   0.8799999970   0.0000000000   0.0000000000   0.0000000000
   0.8849999970   0.0000000000   0.0000000000   0.0000000000
   0.8899999970   0.0000000000   0.0000000000   0.0000000000
   0.8949999970   0.0000000000   0.0000000000   0.0000000000
   0.8999999970   0.0000000000   0.0000000000   0.0000000000
   0.9049999970   0.0000000000   0.0000000000   0.0000000000
   0.9099999969   0.0000000000   0.0000000000   0.0000000000
   0.9149999969   0.0000000000   0.0000000000   0.0000000000
   0.9199999969   0.0000000000   0.0000000000   0.0000000000
   0.9249999969   0.0000000000   0.0000000000   0.0000000000
   0.9299999969   0.0000000000   0.0000000000   0.0000000000
   0.9349999969   0.0000000000   0.0000000000   0.0000000000
   0.9399999968   0.0000000000   0.0000000000   0.0000000000
   0.9449999968   0.0000000000   0.0000000000   0.0000000000
   0.9499999968   0.0000000000   0.0000000000   0.0000000000
   0.9549999968   0.0000000000   0.0000000000   0.0000000000
   0.9599999968   0.0000000000   0.0000000000   0.0000000000
   0.9649999968   0.0000000000   0.0000000000   0.0000000000
   0.9699999967   0.0000000000   0.0000000000   0.0000000000
   0.9749999967   0.0000000000   0.0000000000   0.0000000000
   0.9799999967   0.0000000000   0.0000000000   0.0000000000
   0.9849999967   0.0000000000   0.0000000000   0.0000000000
   0.9899999967   0.0000000000   0.0000000000  -0.0000000000
   0.9949999967  -0.0000000000  -0.0000000000  -0.0000000000
   0.9999999966  -0.0000000000  -0.0000000000  -0.0000000000
   1.0049999966  -0.0000000000  -0.0000000000  -0.0000000000
   1.0099999966  -0.0000000000  -0.0000000000  -0.0000000000
   1.0149999966  -0.0000000000  -0.0000000000  -0.0000000000
   1.0199999966  -0.0000000000  -0.0000000000  -0.0000000000
   1.0249999966  -0.0000000000  -0.0000000000  -0.0000000000
   1.0299999965  -0.0000000000  -0.0000000000  -0.0000000000
   1.0349999965  -0.0000000000  -0.0000000000  -0.0000000000
   1.0399999965  -0.0000000000  -0.0000000000  -0.0000000000
   1.0449999965  -0.0000000000  -0.0000000000  -0.0000000000
   1.0499999965  -0.0000000000  -0.0000000000  -0.0000000000
   1.0549999965  -0.0000000000  -0.0000000000  -0.0000000000
   1.0599999964  -0.0000000000  -0.0000000000  -0.0000000000
   1.0649999964  -0.0000000000  -0.0000000000   0.0000000000
   1.0699999964   0.0000000000   0.0000000000   0.0000000000
   1.0749999964   0.0000000000   0.0000000000   0.0000000000
   1.0799999964   0.0000000000   0.0000000000   0.0000000000
   1.0849999964   0.0000000000   0.0000000000   0.0000000000
   1.0899999963   0.0000000000   0.0000000000   0.0000000000
   1.0949999963   0.0000000000   0.0000000000   0.0000000000
   1.0999999963   0.0000000000   0.0000000000   0.0000000000
   1.1049999963   0.0000000000   0.0000000000   0.0000000000
   1.1099999963   0.0000000000   0.0000000000   0.0000000000
   1.1149999963   0.0000000000   0.0000000000   0.0000000000
   1.1199999962   0.0000000000   0.0000000000   0.0000000000
   1.1249999962   0.0000000000   0.0000000000  -0.0000000000
   1.1299999962  -0.0000000000  -0.0000000000  -0.0000000000
   1.1349999962  -0.0000000000  -0.0000000000  -0.0000000000
   1.1399999962  -0.0000000000  -0.0000000000  -0.0000000000
   1.1449999962  -0.0000000000  -0.0000000000  -0.0000000000
   1.1499999961  -0.0000000000  -0.0000000000  -0.0000000000
   1.1549999961  -0.0000000000  -0.0000000000  -0.0000000000
   1.1599999961  -0.0000000000  -0.0000000000  -0.0000000000
   1.1649999961  -0.0000000000  -0.0000000000  -0.0000000000
   1.1699999961  -0.0000000000  -0.0000000000  -0.0000000000
   1.1749999961  -0.0000000000  -0.0000000000  -0.0000000000
   1.1799999960  -0.0000000000  -0.0000000000   0.0000000000
   1.1849999960   0.0000000000   0.0000000000   0.0000000000
   1.1899999960   0.0000000000   0.0000000000   0.0000000000
   1.1949999960   0.0000000000   0.0000000000   0.0000000000
   1.1999999960   0.0000000000   0.0000000000   0.0000000000
   1.2049999960   0.0000000000   0.0000000000   0.0000000000
   1.2099999959   0.0000000000   0.0000000000   0.0000000000
   1.2149999959   0.0000000000   0.0000000000   0.0000000000
   1.2199999959   0.0000000000   0.0000000000   0.0000000000
   1.2249999959   0.0000000000   0.0000000000   0.0000000000
   1.2299999959   0.0000000000   0.0000000000  -0.0000000000
   1.2349999959  -0.0000000000  -0.0000000000  -0.0000000000
   1.2399999958  -0.0000000000  -0.0000000000  -0.0000000000
   1.2449999958  -0.0000000000  -0.0000000000  -0.0000000000
   1.2499999958  -0.0000000000  -0.0000000000  -0.0000000000
   1.2549999958  -0.0000000000  -0.0000000000  -0.0000000000
   1.2599999958  -0.0000000000  -0.0000000000  -0.0000000000
   1.2649999958  -0.0000000000  -0.0000000000  -0.0000000000
   1.2699999957  -0.0000000000  -0.0000000000  -0.0000000000
   1.2749999957  -0.0000000000  -0.0000000000  -0.0000000000
   1.2799999957  -0.0000000000  -0.0000000000   0.0000000000
   1.2849999957   0.0000000000   0.0000000000   0.0000000000
   1.2899999957   0.0000000000   0.0000000000   0.0000000000
   1.2949999957   0.0000000000   0.0000000000   0.0000000000
   1.2999999956   0.0000000000   0.0000000000   0.0000000000
   1.3049999956   0.0000000000   0.0000000000   0.0000000000
   1.3099999956   0.0000000000   0.0000000000   0.0000000000
   1.3149999956   0.0000000000   0.0000000000   0.0000000000
   1.3199999956   0.0000000000   0.0000000000   0.0000000000
   1.3249999956   0.0000000000   0.0000000000  -0.0000000000
   1.3299999955  -0.0000000000  -0.0000000000  -0.0000000000
   1.3349999955  -0.0000000000  -0.0000000000  -0.0000000000
   1.3399999955  -0.0000000000  -0.0000000000  -0.0000000000
   1.3449999955  -0.0000000000  -0.0000000000  -0.0000000000
   1.3499999955  -0.0000000000  -0.0000000000  -0.0000000000
   1.3549999954  -0.0000000000  -0.0000000000  -0.0000000000
   1.3599999954  -0.0000000000  -0.0000000000  -0.0000000000
   1.3649999954  -0.0000000000  -0.0000000000  -0.0000000000
   1.3699999954   0.0000000000  -0.0000000000   0.0000000000
   1.3749999954   0.0000000000   0.0000000000   0.0000000000
   1.3799999954   0.0000000000   0.0000000000   0.0000000000
   1.3849999953   0.0000000000   0.0000000000   0.0000000000
   1.3899999953   0.0000000000   0.0000000000   0.0000000000
   1.3949999953   0.0000000000   0.0000000000   0.0000000000
   1.3999999953   0.0000000000   0.0000000000   0.0000000000
   1.4049999953   0.0000000000   0.0000000000   0.0000000000
   1.4099999953  -0.0000000000   0.0000000000  -0.0000000000
   1.4149999952  -0.0000000000  -0.0000000000  -0.0000000000
   1.4199999952  -0.0000000000  -0.0000000000  -0.0000000000
   1.4249999952  -0.0000000000  -0.0000000000  -0.0000000000
   1.4299999952  -0.0000000000  -0.0000000000  -0.0000000000
   1.4349999952  -0.0000000000  -0.0000000000  -0.0000000000
   1.4399999952  -0.0000000000  -0.0000000000  -0.0000000000
   1.4449999951  -0.0000000000  -0.0000000000   0.0000000000
   1.4499999951   0.0000000000  -0.0000000000   0.0000000000
   1.4549999951   0.0000000000   0.0000000000   0.0000000000
   1.4599999951   0.0000000000   0.0000000000   0.0000000000
   1.4649999951   0.0000000000   0.0000000000   0.0000000000
   1.4699999951   0.0000000000   0.0000000000   0.0000000000
   1.4749999950   0.0000000000   0.0000000000   0.0000000000
   1.4799999950   0.0000000000   0.0000000000   0.0000000000
   1.4849999950   0.0000000000   0.0000000000  -0.0000000000
   1.4899999950  -0.0000000000  -0.0000000000  -0.0000000000
   1.4949999950  -0.0000000000  -0.0000000000  -0.0000000000
   1.4999999950  -0.0000000000  -0.0000000000  -0.0000000000
   1.5049999949  -0.0000000000  -0.0000000000  -0.0000000000
   1.5099999949  -0.0000000000  -0.0000000000  -0.0000000000
   1.5149999949  -0.0000000000  -0.0000000000  -0.0000000000
   1.5199999949  -0.0000000000  -0.0000000000   0.0000000000
   1.5249999949   0.0000000000  -0.0000000000   0.0000000000
   1.5299999949   0.0000000000   0.0000000000   0.0000000000
   1.5349999948   0.0000000000   0.0000000000   0.0000000000
   1.5399999948   0.0000000000   0.0000000000   0.0000000000
   1.5449999948   0.0000000000   0.0000000000   0.0000000000
   1.5499999948   0.0000000000   0.0000000000   0.0000000000
   1.5549999948   0.0000000000   0.0000000000  -0.0000000000
   1.5599999948   0.0000000000   0.0000000000  -0.0000000000
   1.5649999947  -0.0000000000  -0.0000000000  -0.0000000000
   1.5699999947  -0.0000000000  -0.0000000000  -0.0000000000
   1.5749999947  -0.0000000000  -0.0000000000  -0.0000000000
   1.5799999947  -0.0000000000  -0.0000000000  -0.0000000000
   1.5849999947  -0.0000000000  -0.0000000000  -0.0000000000
   1.5899999947  -0.0000000000  -0.0000000000  -0.0000000000
   1.5949999946  -0.0000000000  -0.0000000000   0.0000000000
   1.5999999946   0.0000000000  -0.0000000000   0.0000000000
   1.6049999946   0.0000000000   0.0000000000   0.0000000000
   1.6099999946   0.0000000000   0.0000000000   0.0000000000
   1.6149999946   0.0000000000   0.0000000000   0.0000000000
   1.6199999946   0.0000000000   0.0000000000   0.0000000000
   1.6249999945   0.0000000000  -0.0000000000   0.0000000000
   1.6299999945  -0.0000000000  -0.0000000000   0.0000000000
   1.6349999945  -0.0000000000  -0.0000000000   0.0000000001
   1.6399999945  -0.0000000000  -0.0000000000   0.0000000001
   1.6449999945  -0.0000000000  -0.0000000000   0.0000000001
   1.6499999945  -0.0000000000  -0.0000000000   0.0000000001
   1.6549999944  -0.0000000000  -0.0000000000   0.0000000000
   1.6599999944   0.0000000000   0.0000000000  -0.0000000000
   1.6649999944   0.0000000000   0.0000000000  -0.0000000001
   1.6699999944   0.0000000001   0.0000000000  -0.0000000002
   1.6749999944   0.0000000001   0.0000000001  -0.0000000003
   1.6799999944   0.0000000002   0.0000000001  -0.0000000005
   1.6849999943   0.0000000003   0.0000000002  -0.0000000006
   1.6899999943   0.0000000003   0.0000000002  -0.0000000006
   1.6949999943   0.0000000003   0.0000000003  -0.0000000006
   1.6999999943   0.0000000003   0.0000000003  -0.0000000005
   1.7049999943   0.0000000002   0.0000000002  -0.0000000002
   1.7099999943  -0.0000000001   0.0000000001   0.0000000001
   1.7149999942  -0.0000000004  -0.0000000001   0.0000000006
   1.7199999942  -0.0000000008  -0.0000000004   0.0000000012
   1.7249999942  -0.0000000013  -0.0000000007   0.0000000019
   1.7299999942  -0.0000000017  -0.0000000011   0.0000000026
   1.7349999942  -0.0000000021  -0.0000000014   0.0000000031
   1.7399999942  -0.0000000022  -0.0000000016   0.0000000035
   1.7449999941  -0.0000000021  -0.0000000017   0.0000000035
   1.7499999941  -0.0000000016  -0.0000000016   0.0000000031
   1.7549999941  -0.0000000008  -0.0000000012   0.0000000021
   1.7599999941   0.0000000005  -0.0000000005   0.0000000006
   1.7649999941   0.0000000020   0.0000000004  -0.0000000015
   1.7699999941   0.0000000036   0.0000000015  -0.0000000039
   1.7749999940   0.0000000053   0.0000000028  -0.0000000065
   1.7799999940   0.0000000066   0.0000000040  -0.0000000090
   1.7849999940   0.0000000074   0.0000000050  -0.0000000109
   1.7899999940   0.0000000074   0.0000000056  -0.0000000119
   1.7949999940   0.0000000065   0.0000000056  -0.0000000116
   1.7999999940   0.0000000046   0.0000000050  -0.0000000098
   1.8049999939   0.0000000018   0.0000000037  -0.0000000064
   1.8099999939  -0.0000000017   0.0000000016  -0.0000000016
   1.8149999939  -0.0000000055  -0.0000000009   0.0000000041
   1.8199999939  -0.0000000093  -0.0000000038   0.0000000101
   1.8249999939  -0.0000000124  -0.0000000066   0.0000000157
   1.8299999939  -0.0000000144  -0.0000000091   0.0000000199
   1.8349999938  -0.0000000148  -0.0000000107   0.0000000222
   1.8399999938  -0.0000000133  -0.0000000112   0.0000000218
   1.8449999938  -0.0000000101  -0.0000000104   0.0000000186
   1.8499999938  -0.0000000053  -0.0000000083   0.0000000127
   1.8549999938   0.0000000006  -0.0000000049   0.0000000049
   1.8599999938   0.0000000067  -0.0000000007  -0.0000000040
   1.8649999937   0.0000000122   0.0000000039  -0.0000000126
   1.8699999937   0.0000000163   0.0000000082  -0.0000000197
   1.8749999937   0.0000000181   0.0000000116  -0.0000000241
   1.8799999937   0.0000000173   0.0000000135  -0.0000000250
   1.8849999937   0.0000000139   0.0000000136  -0.0000000221
   1.8899999937   0.0000000082   0.0000000117  -0.0000000158
   1.8949999936   0.0000000012   0.0000000081  -0.0000000069
   1.8999999936  -0.0000000061   0.0000000033   0.0000000030
   1.9049999936  -0.0000000122  -0.0000000019   0.0000000123
   1.9099999936  -0.0000000161  -0.0000000067   0.0000000193
   1.9149999936  -0.0000000169  -0.0000000103   0.0000000226
   1.9199999936  -0.0000000143  -0.0000000119   0.0000000215
   1.9249999935  -0.0000000087  -0.0000000113   0.0000000160
   1.9299999935  -0.0000000009  -0.0000000084   0.0000000069
   1.9349999935   0.0000000075  -0.0000000039  -0.0000000041
   1.9399999935   0.0000000149   0.0000000015  -0.0000000150
   1.9449999935   0.0000000198   0.0000000067  -0.0000000238
   1.9499999935   0.0000000209   0.0000000107  -0.0000000284
   1.9549999934   0.0000000178   0.0000000127  -0.0000000279
   1.9599999934   0.0000000108   0.0000000120  -0.0000000219
   1.9649999934   0.0000000011   0.0000000089  -0.0000000112
   1.9699999934  -0.0000000095   0.0000000036   0.0000000024
   1.9749999934  -0.0000000190  -0.0000000028   0.0000000165
   1.9799999934  -0.0000000255  -0.0000000090   0.0000000285
   1.9849999933  -0.0000000276  -0.0000000140   0.0000000362
   1.9899999933  -0.0000000248  -0.0000000167   0.0000000379
   1.9949999933  -0.0000000175  -0.0000000165   0.0000000331
   1.9999999933  -0.0000000071  -0.0000000135   0.0000000228
   2.0049999933   0.0000000043  -0.0000000080   0.0000000086
   2.0099999933   0.0000000147  -0.0000000013  -0.0000000069
   2.0149999932   0.0000000220   0.0000000056  -0.0000000209
   2.0199999932   0.0000000249   0.0000000114  -0.0000000308
   2.0249999932   0.0000000232   0.0000000150  -0.0000000351
   2.0299999932   0.0000000175   0.0000000161  -0.0000000332
   2.0349999932   0.0000000094   0.0000000146  -0.0000000260
   2.0399999931   0.0000000007   0.0000000111  -0.0000000152
   2.0449999931  -0.0000000066   0.0000000063  -0.0000000031
   2.0499999931  -0.0000000112   0.0000000013   0.0000000078
   2.0549999931  -0.0000000124  -0.0000000031   0.0000000156
   2.0599999931  -0.0000000106  -0.0000000061   0.0000000194
   2.0649999931  -0.0000000070  -0.0000000077   0.0000000191
   2.0699999930  -0.0000000030  -0.0000000079   0.0000000157
   2.0749999930  -0.0000000003  -0.0000000073   0.0000000107
   2.0799999930   0.0000000005  -0.0000000064   0.0000000059
   2.0849999930  -0.0000000010  -0.0000000055   0.0000000024
   2.0899999930  -0.0000000040  -0.0000000050   0.0000000008
   2.0949999930  -0.0000000069  -0.0000000046   0.0000000007
   2.0999999929  -0.0000000083  -0.0000000040   0.0000000012
   2.1049999929  -0.0000000068  -0.0000000027   0.0000000008
   2.1099999929  -0.0000000022  -0.0000000005  -0.0000000012
   2.1149999929   0.0000000047   0.0000000026  -0.0000000050
   2.1199999929   0.0000000120   0.0000000062  -0.0000000100
   2.1249999929   0.0000000170   0.0000000092  -0.0000000142
   2.1299999928   0.0000000171   0.0000000106  -0.0000000152
   2.1349999928   0.0000000101   0.0000000091  -0.0000000106
   2.1399999928  -0.0000000048   0.0000000038   0.0000000011
   2.1449999928  -0.0000000269  -0.0000000055   0.0000000205
   2.1499999928  -0.0000000543  -0.0000000185   0.0000000467
   2.1549999928  -0.0000000844  -0.0000000344   0.0000000777
   2.1599999927  -0.0000001155  -0.0000000520   0.0000001116
   2.1649999927  -0.0000001475  -0.0000000708   0.0000001473
   2.1699999927  -0.0000001830  -0.0000000911   0.0000001861
   2.1749999927  -0.0000002281  -0.0000001145   0.0000002323
   2.1799999927  -0.0000002923  -0.0000001443   0.0000002936
   2.1849999927  -0.0000003871  -0.0000001855   0.0000003807
   2.1899999926  -0.0000005253  -0.0000002441   0.0000005062
   2.1949999926  -0.0000007190  -0.0000003266   0.0000006830
   2.1999999926  -0.0000009785  -0.0000004393   0.0000009226
   2.2049999926  -0.0000013110  -0.0000005875   0.0000012337
   2.2099999926  -0.0000017216  -0.0000007752   0.0000016219
   2.2149999926  -0.0000022130  -0.0000010049   0.0000020898
   2.2199999925  -0.0000027879  -0.0000012779   0.0000026382
   2.2249999925  -0.0000034497  -0.0000015953   0.0000032679
   2.2299999925  -0.0000042040  -0.0000019580   0.0000039809
   2.2349999925  -0.0000050586  -0.0000023674   0.0000047814
   2.2399999925  -0.0000060217  -0.0000028258   0.0000056753
   2.2449999925  -0.0000070998  -0.0000033350   0.0000066685
   2.2499999924  -0.0000082941  -0.0000038955   0.0000077635
   2.2549999924  -0.0000095965  -0.0000045050   0.0000089562
   2.2599999924  -0.0000109874  -0.0000051563   0.0000102322
   2.2649999924  -0.0000124333  -0.0000058364   0.0000115641
   2.2699999924  -0.0000138882  -0.0000065252   0.0000129109
   2.2749999924  -0.0000152954  -0.0000071960   0.0000142199
   2.2799999923  -0.0000165923  -0.0000078169   0.0000154299
   2.2849999923  -0.0000177153  -0.0000083526   0.0000164765
   2.2899999923  -0.0000186044  -0.0000087676   0.0000172981
   2.2949999923  -0.0000192069  -0.0000090286   0.0000178406
   2.2999999923  -0.0000194789  -0.0000091075   0.0000180619
   2.3049999923  -0.0000193848  -0.0000089834   0.0000179337
   2.3099999922  -0.0000188958  -0.0000086438   0.0000174423
   2.3149999922  -0.0000179876  -0.0000080850   0.0000165871
   2.3199999922  -0.0000166389  -0.0000073126   0.0000153800
   2.3249999922  -0.0000148334  -0.0000063407   0.0000138433
   2.3299999922  -0.0000125639  -0.0000051917   0.0000120093
   2.3349999922  -0.0000098404  -0.0000038957   0.0000099196
   2.3399999921  -0.0000067007  -0.0000024888   0.0000076244
   2.3449999921  -0.0000032218  -0.0000010117   0.0000051791
   2.3499999921   0.0000004703   0.0000004940   0.0000026401
   2.3549999921   0.0000041951   0.0000019907   0.0000000563
   2.3599999921   0.0000077192   0.0000034505  -0.0000025399
   2.3649999921   0.0000107667   0.0000048607  -0.0000051414
   2.3699999920   0.0000130413   0.0000062286  -0.0000077715
   2.3749999920   0.0000142593   0.0000075810  -0.0000104796
   2.3799999920   0.0000141937   0.0000089582  -0.0000133251
   2.3849999920   0.0000127275   0.0000103996  -0.0000163461
   2.3899999920   0.0000099131   0.0000119207  -0.0000195142
   2.3949999920   0.0000060312   0.0000134824  -0.0000226793
   2.3999999919   0.0000016417   0.0000149570  -0.0000255134
   2.4049999919  -0.0000023852   0.0000160960  -0.0000274667
   2.4099999919  -0.0000048720   0.0000165101  -0.0000277517
   2.4149999919  -0.0000043868   0.0000156690  -0.0000253720
   2.4199999919   0.0000006355   0.0000129333  -0.0000192109
   2.4249999919   0.0000116910   0.0000076266  -0.0000081918
   2.4299999918   0.0000299141  -0.0000008471   0.0000084883
   2.4349999918   0.0000556970  -0.0000128392   0.0000310569
   2.4399999918   0.0000882379  -0.0000282529   0.0000588153
   2.4449999918   0.0001250514  -0.0000463128   0.0000897684
   2.4499999918   0.0001614926  -0.0000653295   0.0001202765
   2.4549999918   0.0001903618  -0.0000824892   0.0001447793
   2.4599999917   0.0002016680  -0.0000937010   0.0001556458
   2.4649999917   0.0001826288  -0.0000935396   0.0001432052
   2.4699999917   0.0001179762  -0.0000753169   0.0000960012
   2.4749999917  -0.0000093829  -0.0000313118   0.0000013030
   2.4799999917  -0.0002173399   0.0000468259  -0.0001541223
   2.4849999917  -0.0005232174   0.0001674988  -0.0003829956
   2.4899999916  -0.0009421402   0.0003384317  -0.0006963256
   2.4949999916  -0.0014852647   0.0005658330  -0.0011021081
   2.4999999916  -0.0021580301   0.0008535123  -0.0016040422
   2.5049999916  -0.0029586143   0.0012020387  -0.0022003964
   2.5099999916  -0.0038767877   0.0016080350  -0.0028831691
   2.5149999916  -0.0048933372   0.0020637043  -0.0036376720
   2.5199999915  -0.0059801918   0.0025566763  -0.0044426392
   2.5249999915  -0.0071013207   0.0030702359  -0.0052709184
   2.5299999915  -0.0082143954   0.0035839642  -0.0060907385
   2.5349999915  -0.0092731261   0.0040747770  -0.0068674842
   2.5399999915  -0.0102300953   0.0045183026  -0.0075658428
   2.5449999915  -0.0110398522   0.0048904923  -0.0081521341
   2.5499999914  -0.0116619805   0.0051693248  -0.0085966040
   2.5549999914  -0.0120638444   0.0053364431  -0.0088754514
   2.5599999914  -0.0122227403   0.0053785582  -0.0089723853
   2.5649999914  -0.0121272405   0.0052884752  -0.0088795558
   2.5699999914  -0.0117776017   0.0050656303  -0.0085977778
   2.5749999914  -0.0111852235   0.0047160847  -0.0081360497
   2.5799999913  -0.0103712487   0.0042519785  -0.0075104563
   2.5849999913  -0.0093645055   0.0036905134  -0.0067426168
   2.5899999913  -0.0081990641   0.0030525867  -0.0058578895
   2.5949999913  -0.0069117212   0.0023612338  -0.0048835628
   2.5999999913  -0.0055397156   0.0016400590  -0.0038472450
   2.6049999913  -0.0041189280   0.0009118198  -0.0027756194
   2.6099999912  -0.0026827227   0.0001973037  -0.0016936590
   2.6149999912  -0.0012614732  -0.0004854169  -0.0006243088
   2.6199999912   0.0001173078  -0.0011213249   0.0004114365
   2.6249999912   0.0014284255  -0.0016984303   0.0013941999
   2.6299999912   0.0026483053  -0.0022074636   0.0023058173
   2.6349999912   0.0037544286  -0.0026414172   0.0031290498
   2.6399999911   0.0047251567  -0.0029950771   0.0038475717
   2.6449999911   0.0055401145  -0.0032646726   0.0044463374
   2.6499999911   0.0061811875  -0.0034477409   0.0049123435
   2.6549999911   0.0066340461  -0.0035432468   0.0052357177
   2.6599999911   0.0068899810  -0.0035519412   0.0054109803
   2.6649999911   0.0069477346  -0.0034768773   0.0054382653
   2.6699999910   0.0068149688  -0.0033239629   0.0053242615
   2.6749999910   0.0065090258  -0.0031023954   0.0050826486
   2.6799999910   0.0060567199  -0.0028248326   0.0047338578
   2.6849999910   0.0054930357  -0.0025071799   0.0043040752
   2.6899999910   0.0048587698  -0.0021679290   0.0038235190
   2.6949999909   0.0041973295  -0.0018270569   0.0033241329
   2.6999999909   0.0035510422  -0.0015045666   0.0028369422
   2.7049999909   0.0029574320  -0.0012188250   0.0023893857
   2.7099999909   0.0024459411  -0.0009848992   0.0020029627
   2.7149999909   0.0020355353  -0.0008131140   0.0016915052
   2.7199999909   0.0017335127  -0.0007080405   0.0014603128
   2.7249999908   0.0015356740  -0.0006680754   0.0013062709
   2.7299999908   0.0014278202  -0.0006856972   0.0012189373
   2.7349999908   0.0013883585  -0.0007483913   0.0011824448
   2.7399999908   0.0013916433  -0.0008401423   0.0011779519
   2.7449999908   0.0014115855  -0.0009433104   0.0011862971
   2.7499999908   0.0014250354  -0.0010406499   0.0011904903
   2.7549999907   0.0014144928  -0.0011172117   0.0011777069
   2.7599999907   0.0013698153  -0.0011618853   0.0011405345
   2.7649999907   0.0012887465  -0.0011683920   0.0010773437
   2.7699999907   0.0011762730  -0.0011356223   0.0009917891
   2.7749999907   0.0010429850  -0.0010673067   0.0008915798
   2.7799999907   0.0009027555  -0.0009711005   0.0007867600
   2.7849999906   0.0007701359  -0.0008572459   0.0006878007
   2.7899999906   0.0006578841  -0.0007370221   0.0006038133
   2.7949999906   0.0005749966  -0.0006212125   0.0005411509
   2.7999999906   0.0005255109  -0.0005187977   0.0005025861
   2.8049999906   0.0005082089  -0.0004360347   0.0004871419
   2.8099999906   0.0005171963  -0.0003760120   0.0004905453
   2.8149999905   0.0005431964  -0.0003386916   0.0005061714
   2.8199999905   0.0005752880  -0.0003213761   0.0005262782
   2.8249999905   0.0006027630  -0.0003194806   0.0005433034
   2.8299999905   0.0006167815  -0.0003274561   0.0005510005
   2.8349999905   0.0006115567  -0.0003397057   0.0005452409
   2.8399999905   0.0005849014  -0.0003513518   0.0005243772
   2.8449999904   0.0005380877  -0.0003587559   0.0004891442
   2.8499999904   0.0004750954  -0.0003597405   0.0004421550
   2.8549999904   0.0004014255  -0.0003535207   0.0003871089
   2.8599999904   0.0003227206  -0.0003403971   0.0003278702
   2.8649999904   0.0002434526  -0.0003212977   0.0002675825
   2.8699999904   0.0001659115  -0.0002972713   0.0002079686
   2.8749999903   0.0000896579  -0.0002690338   0.0001489235
   2.8799999903   0.0000115137  -0.0002366477   0.0000884539
   2.8849999903  -0.0000739351  -0.0001993860   0.0000229600
   2.8899999903  -0.0001734378  -0.0001557948  -0.0000522017
   2.8949999903  -0.0002939524  -0.0001039318  -0.0001419751
   2.8999999903  -0.0004414956  -0.0000417305  -0.0002508037
   2.9049999902  -0.0006201557   0.0000325793  -0.0003818986
   2.9099999902  -0.0008314155   0.0001200714  -0.0005366832
   2.9149999902  -0.0010738657   0.0002208089  -0.0007144888
   2.9199999902  -0.0013433187   0.0003336675  -0.0009125324
   2.9249999902  -0.0016332630   0.0004563195  -0.0011261615
   2.9299999902  -0.0019355533   0.0005853761  -0.0013493106
   2.9349999901  -0.0022412010   0.0007166581  -0.0015750855
   2.9399999901  -0.0025411332   0.0008455493  -0.0017963767
   2.9449999901  -0.0028268107   0.0009673748  -0.0020064077
   2.9499999901  -0.0030906360   0.0010777475  -0.0021991452
   2.9549999901  -0.0033261289   0.0011728377  -0.0023695266
   2.9599999901  -0.0035278949   0.0012495390  -0.0025135019
   2.9649999900  -0.0036914457   0.0013055207  -0.0026279177
   2.9699999900  -0.0038129539   0.0013391846  -0.0027103029
   2.9749999900  -0.0038890263   0.0013495539  -0.0027586276
   2.9799999900  -0.0039165697   0.0013361360  -0.0027711083
   2.9849999900  -0.0038927937   0.0012987988  -0.0027461155
   2.9899999900  -0.0038153663   0.0012376938  -0.0026822153
   2.9949999899  -0.0036827011   0.0011532458  -0.0025783424
   2.9999999899  -0.0034943261   0.0010462079  -0.0024340753
   3.0049999899  -0.0032512649   0.0009177690  -0.0022499556
   3.0099999899  -0.0029563551   0.0007696820  -0.0020277857
   3.0149999899  -0.0026144336   0.0006043765  -0.0017708370
   3.0199999899  -0.0022323391   0.0004250213  -0.0014839179
   3.0249999898  -0.0018187106   0.0002355068  -0.0011732725
   3.0299999898  -0.0013835906   0.0000403340  -0.0008463121
   3.0349999898  -0.0009378726  -0.0001555860  -0.0005112072
   3.0399999898  -0.0004926594  -0.0003472045  -0.0001763924
   3.0449999898  -0.0000586066  -0.0005296465   0.0001499524
   3.0499999898   0.0003546682  -0.0006985198   0.0004603797
   3.0549999897   0.0007390462  -0.0008501828   0.0007485545
   3.0599999897   0.0010881917  -0.0009819374   0.0010095010
   3.0649999897   0.0013976457  -0.0010921241   0.0012396998
   3.0699999897   0.0016647414  -0.0011801155   0.0014370455
   3.0749999897   0.0018883795  -0.0012462160   0.0016006923
   3.0799999897   0.0020687207  -0.0012914910   0.0017308293
   3.0849999896   0.0022068580  -0.0013175586   0.0018284319
   3.0899999896   0.0023045242  -0.0013263766   0.0018950316
   3.0949999896   0.0023638806  -0.0013200562   0.0019325368
   3.0999999896   0.0023874043  -0.0013007245   0.0019431217
   3.1049999896   0.0023778746  -0.0012704460   0.0019291830
   3.1099999896   0.0023384291  -0.0012312002   0.0018933487
   3.1149999895   0.0022726515  -0.0011849008   0.0018385136
   3.1199999895   0.0021846407  -0.0011334358   0.0017678682
   3.1249999895   0.0020790172  -0.0010787012   0.0016848915
   3.1299999895   0.0019608348  -0.0010226104   0.0015932860
   3.1349999895   0.0018353853  -0.0009670608   0.0014968457
   3.1399999895   0.0017079092  -0.0009138574   0.0013992656
   3.1449999894   0.0015832469  -0.0008646002   0.0013039144
   3.1499999894   0.0014654814  -0.0008205538   0.0012136061
   3.1549999894   0.0013576334  -0.0007825252   0.0011304081
   3.1599999894   0.0012614639  -0.0007507765   0.0010555246
   3.1649999894   0.0011774256  -0.0007249951   0.0009892794
   3.1699999894   0.0011047787  -0.0007043334   0.0009312069
   3.1749999893   0.0010418591  -0.0006875217   0.0008802401
   3.1799999893   0.0009864561  -0.0006730379   0.0008349657
   3.1849999893   0.0009362363  -0.0006593114   0.0007938999
   3.1899999893   0.0008891410  -0.0006449291   0.0007557376
   3.1949999893   0.0008436852  -0.0006288088   0.0007195304
   3.1999999893   0.0007991103  -0.0006103137   0.0006847640
   3.2049999892   0.0007553678  -0.0005892892   0.0006513292
   3.2099999892   0.0007129503  -0.0005660211   0.0006194011
   3.2149999892   0.0006726149  -0.0005411265   0.0005892640
   3.2199999892   0.0006350699  -0.0005154027   0.0005611290
   3.2249999892   0.0006006992  -0.0004896666   0.0005349927
   3.2299999892   0.0005693907  -0.0004646153   0.0005105718
   3.2349999891   0.0005405098  -0.0004407360   0.0004873310
   3.2399999891   0.0005130189  -0.0004182752   0.0004645942
   3.2449999891   0.0004857162  -0.0003972700   0.0004417074
   3.2499999891   0.0004575279  -0.0003776236   0.0004182103
   3.2549999891   0.0004277841  -0.0003592030   0.0003939673
   3.2599999891   0.0003964046  -0.0003419300   0.0003692227
   3.2649999890   0.0003639495  -0.0003258420   0.0003445629
   3.2699999890   0.0003315169  -0.0003111069   0.0003207925
   3.2749999890   0.0003005129  -0.0002979904   0.0002987568
   3.2799999890   0.0002723460  -0.0002867852   0.0002791526
   3.2849999890   0.0002481184  -0.0002777226   0.0002623767
   3.2899999890   0.0002283859  -0.0002708896   0.0002484466
   3.2949999889   0.0002130418  -0.0002661743   0.0002370112
   3.2999999889   0.0002013464  -0.0002632536   0.0002274440
   3.3049999889   0.0001920944  -0.0002616265   0.0002189926
   3.3099999889   0.0001838740  -0.0002606864   0.0002109413
   3.3149999889   0.0001753585  -0.0002598135   0.0002027486
   3.3199999889   0.0001655622  -0.0002584705   0.0001941271
   3.3249999888   0.0001540075  -0.0002562772   0.0001850521
   3.3299999888   0.0001407717  -0.0002530537   0.0001757080
   3.3349999888   0.0001264129  -0.0002488243   0.0001663941
   3.3399999888   0.0001118012  -0.0002437866   0.0001574216
   3.3449999888   0.0000978987  -0.0002382547   0.0001490306
   3.3499999888   0.0000855406  -0.0002325912   0.0001413455
   3.3549999887   0.0000752614  -0.0002271418   0.0001343723
   3.3599999887   0.0000671989  -0.0002221825   0.0001280273
   3.3649999887   0.0000610858  -0.0002178869   0.0001221786
   3.3699999887   0.0000563215  -0.0002143134   0.0001166823
   3.3749999887   0.0000521031  -0.0002114113   0.0001114000
   3.3799999886   0.0000475854  -0.0002090419   0.0001061984
   3.3849999886   0.0000420388  -0.0002070103   0.0001009396
   3.3899999886   0.0000349803  -0.0002051024   0.0000954765
   3.3949999886   0.0000262561  -0.0002031258   0.0000896667
   3.3999999886   0.0000160664  -0.0002009468   0.0000834082
   3.4049999886   0.0000049288  -0.0001985213   0.0000766885
   3.4099999885  -0.0000064149  -0.0001959093   0.0000696282
   3.4149999885  -0.0000171342  -0.0001932713   0.0000624963
   3.4199999885  -0.0000264689  -0.0001908395   0.0000556806
   3.4249999885  -0.0000338829  -0.0001888691   0.0000496093
   3.4299999885  -0.0000391842  -0.0001875748   0.0000446378
   3.4349999885  -0.0000425818  -0.0001870682   0.0000409334
   3.4399999884  -0.0000446601  -0.0001873111   0.0000383943
   3.4449999884  -0.0000462686  -0.0001881017   0.0000366376
   3.4499999884  -0.0000483403  -0.0001891015   0.0000350717
   3.4549999884  -0.0000516757  -0.0001899028   0.0000330423
   3.4599999884  -0.0000567426  -0.0001901237   0.0000300168
   3.4649999884  -0.0000635419  -0.0001895076   0.0000257529
   3.4699999883  -0.0000715823  -0.0001880012   0.0000203973
   3.4749999883  -0.0000799807  -0.0001857861   0.0000144741
   3.4799999883  -0.0000876722  -0.0001832495   0.0000087572
   3.4849999883  -0.0000936855  -0.0001808984   0.0000040532
   3.4899999883  -0.0000974118  -0.0001792326   0.0000009553
   3.4949999883  -0.0000987955  -0.0001786121  -0.0000003585
   3.4999999882  -0.0000983873  -0.0001791519  -0.0000002167
   3.5049999882  -0.0000972351  -0.0001806783   0.0000006021
   3.5099999882  -0.0000966318  -0.0001827610   0.0000010663
   3.5149999882  -0.0000977800  -0.0001848169   0.0000001790
   3.5199999882  -0.0001014626  -0.0001862612  -0.0000027251
   3.5249999882  -0.0001078096  -0.0001866644  -0.0000077642
   3.5299999881  -0.0001162329  -0.0001858727  -0.0000144433
   3.5349999881  -0.0001255525  -0.0001840567  -0.0000217662
   3.5399999881  -0.0001342904  -0.0001816720  -0.0000284986
   3.5449999881  -0.0001410537  -0.0001793417  -0.0000335105
   3.5499999881  -0.0001449052  -0.0001776908  -0.0000360970
   3.5549999881  -0.0001456182  -0.0001771807  -0.0000361822
   3.5599999880  -0.0001437411  -0.0001779872  -0.0000343425
   3.5649999880  -0.0001404517  -0.0001799597  -0.0000316392
   3.5699999880  -0.0001372395  -0.0001826711  -0.0000293088
   3.5749999880  -0.0001355034  -0.0001855434  -0.0000284034
   3.5799999880  -0.0001361785  -0.0001880135  -0.0000294892
   3.5849999880  -0.0001394958  -0.0001896890  -0.0000324955
   3.5899999879  -0.0001449431  -0.0001904502  -0.0000367593
   3.5949999879  -0.0001514352  -0.0001904684  -0.0000412504
   3.5999999879  -0.0001576414  -0.0001901388  -0.0000449071
   3.6049999879  -0.0001623746  -0.0001899479  -0.0000469755
   3.6099999879  -0.0001649272  -0.0001903199  -0.0000472467
   3.6149999879  -0.0001652586  -0.0001914868  -0.0000461174
   3.6199999878  -0.0001639828  -0.0001934231  -0.0000444560
   3.6249999878  -0.0001621658  -0.0001958622  -0.0000433186
   3.6299999878  -0.0001609975  -0.0001983890  -0.0000436066
   3.6349999878  -0.0001614392  -0.0002005756  -0.0000457761
   3.6399999878  -0.0001639521  -0.0002021186  -0.0000496929
   3.6449999878  -0.0001683830  -0.0002029341  -0.0000546780
   3.6499999877  -0.0001740364  -0.0002031808  -0.0000597287
   3.6549999877  -0.0001799028  -0.0002032069  -0.0000638405
   3.6599999877  -0.0001849669  -0.0002034380  -0.0000663261
   3.6649999877  -0.0001884995  -0.0002042446  -0.0000670247
   3.6699999877  -0.0001902445  -0.0002058304  -0.0000663358
   3.6749999877  -0.0001904509  -0.0002081774  -0.0000650667
   3.6799999876  -0.0001897487  -0.0002110638  -0.0000641460
   3.6849999876  -0.0001889167  -0.0002141453  -0.0000642994
   3.6899999876  -0.0001886237  -0.0002170731  -0.0000657979
   3.6949999876  -0.0001892269  -0.0002196073  -0.0000683628
   3.6999999876  -0.0001906887  -0.0002216888  -0.0000712602
   3.7049999876  -0.0001926315  -0.0002234467  -0.0000735545
   3.7099999875  -0.0001945041  -0.0002251415  -0.0000744364
   3.7149999875  -0.0001957953  -0.0002270629  -0.0000735120
   3.7199999875  -0.0001962186  -0.0002294205  -0.0000709567
   3.7249999875  -0.0001958056  -0.0002322645  -0.0000674755
   3.7299999875  -0.0001948775  -0.0002354637  -0.0000640813
   3.7349999875  -0.0001939100  -0.0002387496  -0.0000617607
   3.7399999874  -0.0001933437  -0.0002418109  -0.0000611393
   3.7449999874  -0.0001934099  -0.0002444055  -0.0000622588
   3.7499999874  -0.0001940370  -0.0002464520  -0.0000645456
   3.7549999874  -0.0001948726  -0.0002480668  -0.0000669853
   3.7599999874  -0.0001954157  -0.0002495330  -0.0000684536
   3.7649999874  -0.0001952116  -0.0002512101  -0.0000680952
   3.7699999873  -0.0001940413  -0.0002534127  -0.0000656273
   3.7749999873  -0.0001920340  -0.0002562998  -0.0000614645
   3.7799999873  -0.0001896576  -0.0002598130  -0.0000566170
   3.7849999873  -0.0001875853  -0.0002636859  -0.0000523885
   3.7899999873  -0.0001864758  -0.0002675255  -0.0000499669
   3.7949999873  -0.0001867413  -0.0002709402  -0.0000500353
   3.7999999872  -0.0001883815  -0.0002736742  -0.0000525316
   3.8049999872  -0.0001909449  -0.0002757043  -0.0000566376
   3.8099999872  -0.0001936382  -0.0002772648  -0.0000610074
   3.8149999872  -0.0001955558  -0.0002787904  -0.0000641688
   3.8199999872  -0.0001959604  -0.0002807921  -0.0000649751
   3.8249999872  -0.0001945256  -0.0002837027  -0.0000629661
   3.8299999871  -0.0001914621  -0.0002877411  -0.0000585231
   3.8349999871  -0.0001874800  -0.0002928369  -0.0000527674
   3.8399999871  -0.0001835954  -0.0002986424  -0.0000472293
   3.8449999871  -0.0001808341  -0.0003046287  -0.0000433884
   3.8499999871  -0.0001799232  -0.0003102389  -0.0000422259
   3.8549999871  -0.0001810655  -0.0003150520  -0.0000439278
   3.8599999870  -0.0001838671  -0.0003189075  -0.0000478294
   3.8649999870  -0.0001874447  -0.0003219529  -0.0000526205
   3.8699999870  -0.0001906829  -0.0003245981  -0.0000567463
   3.8749999870  -0.0001925645  -0.0003273916  -0.0000588830
   3.8799999870  -0.0001924761  -0.0003308541  -0.0000583399
   3.8849999870  -0.0001903963  -0.0003353217  -0.0000552677
   3.8899999869  -0.0001869098  -0.0003408430  -0.0000506097
   3.8949999869  -0.0001830422  -0.0003471641  -0.0000458127
   3.8999999869  -0.0001799657  -0.0003538030  -0.0000423881
   3.9049999869  -0.0001786614  -0.0003601923  -0.0000414585
   3.9099999869  -0.0001796392  -0.0003658471  -0.0000434253
   3.9149999869  -0.0001827959  -0.0003705076  -0.0000478586
   3.9199999868  -0.0001874509  -0.0003742157  -0.0000536368
   3.9249999868  -0.0001925477  -0.0003773029  -0.0000592917
   3.9299999868  -0.0001969592  -0.0003802945  -0.0000634506
   3.9349999868  -0.0001998066  -0.0003837593  -0.0000652424
   3.9399999868  -0.0002007014  -0.0003881487  -0.0000645461
   3.9449999868  -0.0001998426  -0.0003936717  -0.0000620127
   3.9499999867  -0.0001979464  -0.0004002408  -0.0000588581
   3.9549999867  -0.0001960339  -0.0004075026  -0.0000564957
   3.9599999867  -0.0001951404  -0.0004149415  -0.0000561199
   3.9649999867  -0.0001960334  -0.0004220261  -0.0000583659
   3.9699999867  -0.0001990141  -0.0004283550  -0.0000631413
   3.9749999867  -0.0002038571  -0.0004337609  -0.0000696747
   3.9799999866  -0.0002098961  -0.0004383469  -0.0000767579
   3.9849999866  -0.0002162251  -0.0004424465  -0.0000831051
   3.9899999866  -0.0002219539  -0.0004465222  -0.0000877193
   3.9949999866  -0.0002264438  -0.0004510342  -0.0000901603
   3.9999999866  -0.0002294615  -0.0004563159  -0.0000906413
   4.0049999866  -0.0002312138  -0.0004624911  -0.0000899344
   4.0099999865  -0.0002322615  -0.0004694528  -0.0000891204
   4.0149999865  -0.0002333443  -0.0004769066  -0.0000892639
   4.0199999865  -0.0002351688  -0.0004844617  -0.0000911099
   4.0249999865  -0.0002382209  -0.0004917430  -0.0000948872
   4.0299999865  -0.0002426484  -0.0004984905  -0.0001002708
   4.0349999864  -0.0002482414  -0.0005046219  -0.0001065032
   4.0399999864  -0.0002545072  -0.0005102410  -0.0001126338
   4.0449999864  -0.0002608123  -0.0005155956  -0.0001178002
   4.0499999864  -0.0002665500  -0.0005209992  -0.0001214694
   4.0549999864  -0.0002712866  -0.0005267396  -0.0001235748
   4.0599999864  -0.0002748518  -0.0005330019  -0.0001245144
   4.0649999863  -0.0002773545  -0.0005398241  -0.0001250204
   4.0699999863  -0.0002791271  -0.0005470960  -0.0001259434
   4.0749999863  -0.0002806196  -0.0005545977  -0.0001280177
   4.0799999863  -0.0002822748  -0.0005620656  -0.0001316723
   4.0849999863  -0.0002844198  -0.0005692637  -0.0001369374
   4.0899999863  -0.0002871992  -0.0005760438  -0.0001434657
   4.0949999862  -0.0002905638  -0.0005823766  -0.0001506537
   4.0999999862  -0.0002943149  -0.0005883501  -0.0001578220
   4.1049999862  -0.0002981865  -0.0005941360  -0.0001643990
   4.1099999862  -0.0003019455  -0.0005999374  -0.0001700574
   4.1149999862  -0.0003054818  -0.0006059316  -0.0001747655
   4.1199999862  -0.0003088687  -0.0006122234  -0.0001787452
   4.1249999861  -0.0003123817  -0.0006188203  -0.0001823528
   4.1299999861  -0.0003164723  -0.0006256341  -0.0001859201
   4.1349999861  -0.0003217087  -0.0006325061  -0.0001896027
   4.1399999861  -0.0003286963  -0.0006392480  -0.0001932790
   4.1449999861  -0.0003379973  -0.0006456858  -0.0001965265
   4.1499999861  -0.0003500662  -0.0006516960  -0.0001986827
   4.1549999860  -0.0003652114  -0.0006572239  -0.0001989735
   4.1599999860  -0.0003835842  -0.0006622822  -0.0001966770
   4.1649999860  -0.0004051912  -0.0006669284  -0.0001912826
   4.1699999860  -0.0004299186  -0.0006712326  -0.0001826105
   4.1749999860  -0.0004575522  -0.0006752407  -0.0001708682
   4.1799999860  -0.0004877842  -0.0006789470  -0.0001566410
   4.1849999859  -0.0005201943  -0.0006822824  -0.0001408318
   4.1899999859  -0.0005542075  -0.0006851215  -0.0001245764
   4.1949999859  -0.0005890325  -0.0006873076  -0.0001091703
   4.1999999859  -0.0006235924  -0.0006886883  -0.0000960333
   4.2049999859  -0.0006564630  -0.0006891526  -0.0000867303
   4.2099999859  -0.0006858309  -0.0006886594  -0.0000830446
   4.2149999858  -0.0007094815  -0.0006872497  -0.0000870862
   4.2199999858  -0.0007248195  -0.0006850406  -0.0001014043
   4.2249999858  -0.0007289197  -0.0006822028  -0.0001290678
   4.2299999858  -0.0007185983  -0.0006789294  -0.0001736827
   4.2349999858  -0.0006904969  -0.0006754067  -0.0002393303
   4.2399999858  -0.0006411675  -0.0006717942  -0.0003304231
   4.2449999857  -0.0005671570  -0.0006682218  -0.0004514969
   4.2499999857  -0.0004650890  -0.0006648041  -0.0006069668
   4.2549999857  -0.0003317518  -0.0006616657  -0.0008008828
   4.2599999857  -0.0001641981  -0.0006589689  -0.0010367148
   4.2649999857   0.0000401329  -0.0006569322  -0.0013171858
   4.2699999857   0.0002832701  -0.0006558307  -0.0016441575
   4.2749999856   0.0005665443  -0.0006559749  -0.0020185555
   4.2799999856   0.0008904119  -0.0006576696  -0.0024403118
   4.2849999856   0.0012542871  -0.0006611624  -0.0029082976
   4.2899999856   0.0016564004  -0.0006665919  -0.0034202298
   4.2949999856   0.0020937011  -0.0006739501  -0.0039725416
   4.2999999856   0.0025618144  -0.0006830658  -0.0045602319
   4.3049999855   0.0030550549  -0.0006936106  -0.0051767192
   4.3099999855   0.0035664918  -0.0007051251  -0.0058137384
   4.3149999855   0.0040880517  -0.0007170531  -0.0064613200
   4.3199999855   0.0046106483  -0.0007287730  -0.0071078805
   4.3249999855   0.0051243295  -0.0007396160  -0.0077404389
   4.3299999855   0.0056184389  -0.0007488641  -0.0083449494
   4.3349999854   0.0060817998  -0.0007557321  -0.0089067251
   4.3399999854   0.0065029313  -0.0007593385  -0.0094109113
   4.3449999854   0.0068703106  -0.0007586804  -0.0098429668
   4.3499999854   0.0071726887  -0.0007526231  -0.0101891152
   4.3549999854   0.0073994572  -0.0007399151  -0.0104367468
   4.3599999854   0.0075410503  -0.0007192319  -0.0105747658
   4.3649999853   0.0075893560  -0.0006892434  -0.0105938941
   4.3699999853   0.0075381021  -0.0006486956  -0.0104869521
   4.3749999853   0.0073831807  -0.0005964905  -0.0102491329
   4.3799999853   0.0071228860  -0.0005317517  -0.0098782760
   4.3849999853   0.0067580475  -0.0004538637  -0.0093751323
   4.3899999853   0.0062920581  -0.0003624817  -0.0087435908
   4.3949999852   0.0057308107  -0.0002575162  -0.0079908291
   4.3999999852   0.0050825602  -0.0001391009  -0.0071273449
   4.4049999852   0.0043577347  -0.0000075579  -0.0061668335
   4.4099999852   0.0035687084   0.0001366270  -0.0051258954
   4.4149999852   0.0027295437   0.0002928123  -0.0040235784
   4.4199999852   0.0018556980   0.0004601894  -0.0028807835
   4.4249999851   0.0009636837   0.0006377573  -0.0017195791
   4.4299999851   0.0000706711   0.0008242967  -0.0005624765
   4.4349999851  -0.0008059712   0.0010183556   0.0005682834
   4.4399999851  -0.0016491928   0.0012182584   0.0016513939
   4.4449999851  -0.0024428134   0.0014221472   0.0026670748
   4.4499999851  -0.0031720778   0.0016280513   0.0035975868
   4.4549999850  -0.0038241739   0.0018339796   0.0044276739
   4.4599999850  -0.0043886719   0.0020380196   0.0051449423
   4.4649999850  -0.0048578512   0.0022384283   0.0057401821
   4.4699999850  -0.0052268931   0.0024336999   0.0062076268
   4.4749999850  -0.0054939332   0.0026226026   0.0065451358
   4.4799999850  -0.0056599826   0.0028041830   0.0067542753
   4.4849999849  -0.0057287372   0.0029777435   0.0068402691
   4.4899999849  -0.0057063022   0.0031428049   0.0068117995
   4.4949999849  -0.0056008573   0.0032990661   0.0066806448
   4.4999999849  -0.0054222828   0.0034463710   0.0064611629
   4.5049999849  -0.0051817643   0.0035846914   0.0061696462
   4.5099999849  -0.0048913801   0.0037141228   0.0058235895
   4.5149999848  -0.0045636782   0.0038348904   0.0054409222
   4.5199999848  -0.0042112419   0.0039473555   0.0050392591
   4.5249999848  -0.0038462527   0.0040520121   0.0046352170
   4.5299999848  -0.0034800578   0.0041494669   0.0042438322
   4.5349999848  -0.0031227618   0.0042403987   0.0038781015
   4.5399999848  -0.0027828653   0.0043254992   0.0035486526
   4.5449999847  -0.0024669741   0.0044054008   0.0032635377
   4.5499999847  -0.0021796068   0.0044806022   0.0030281417
   4.5549999847  -0.0019231172   0.0045514025   0.0028451880
   4.5599999847  -0.0016977431   0.0046178529   0.0027148327
   4.5649999847  -0.0015017784   0.0046797340   0.0026348396
   4.5699999847  -0.0013318547   0.0047365607   0.0026008317
   4.5749999846  -0.0011833078   0.0047876123   0.0026066197
   4.5799999846  -0.0010505942   0.0048319812   0.0026446020
   4.5849999846  -0.0009277232   0.0048686319   0.0027062305
   4.5899999846  -0.0008086700   0.0048964590   0.0027825242
   4.5949999846  -0.0006877414   0.0049143369   0.0028646053
   4.5999999846  -0.0005598777   0.0049211546   0.0029442248
   4.6049999845  -0.0004208819   0.0049158349   0.0030142383
   4.6099999845  -0.0002675797   0.0048973405   0.0030689943
   4.6149999845  -0.0000979189   0.0048646734   0.0031046024
   4.6199999845   0.0000889818   0.0048168758   0.0031190606
   4.6249999845   0.0002928250   0.0047530402   0.0031122361
   4.6299999845   0.0005121647   0.0046723319   0.0030857101
   4.6349999844   0.0007444761   0.0045740263   0.0030425105
   4.6399999844   0.0009862714   0.0044575554   0.0029867690
   4.6449999844   0.0012332690   0.0043225553   0.0029233392
   4.6499999844   0.0014806197   0.0041689059   0.0028574119
   4.6549999844   0.0017231834   0.0039967518   0.0027941563
   4.6599999844   0.0019558428   0.0038064998   0.0027384020
   4.6649999843   0.0021738276   0.0035987910   0.0026943704
   4.6699999843   0.0023730177   0.0033744527   0.0026654528
   4.6749999843   0.0025501927   0.0031344391   0.0026540316
   4.6799999843   0.0027031988   0.0028797736   0.0026613437
   4.6849999843   0.0028310180   0.0026115026   0.0026873876
   4.6899999843   0.0029337362   0.0023306709   0.0027308855
   4.6949999842   0.0030124230   0.0020383201   0.0027893127
   4.6999999842   0.0030689464   0.0017355075   0.0028590082
   4.7049999842   0.0031057524   0.0014233366   0.0029353728
   4.7099999842   0.0031256375   0.0011029885   0.0030131504
   4.7149999842   0.0031315370   0.0007757443   0.0030867760
   4.7199999841   0.0031263432   0.0004429900   0.0031507590
   4.7249999841   0.0031127553   0.0001062029   0.0032000642
   4.7299999841   0.0030931584  -0.0002330773   0.0032304517
   4.7349999841   0.0030695245  -0.0005732854   0.0032387391
   4.7399999841   0.0030433297  -0.0009128660   0.0032229659
   4.7449999841   0.0030154867  -0.0012502979   0.0031824502
   4.7499999840   0.0029862976  -0.0015841039   0.0031177464
   4.7549999840   0.0029554369  -0.0019128444   0.0030305211
   4.7599999840   0.0029219746  -0.0022350997   0.0029233716
   4.7649999840   0.0028844476  -0.0025494483   0.0027996108
   4.7699999840   0.0028409822  -0.0028544502   0.0026630391
   4.7749999840   0.0027894601  -0.0031486421   0.0025177160
   4.7799999839   0.0027277152  -0.0034305484   0.0023677378
   4.7849999839   0.0026537415  -0.0036987102   0.0022170263
   4.7899999839   0.0025658898  -0.0039517258   0.0020691292
   4.7949999839   0.0024630333  -0.0041882981   0.0019270378
   4.7999999839   0.0023446868  -0.0044072813   0.0017930306
   4.8049999839   0.0022110695  -0.0046077177   0.0016685526
   4.8099999838   0.0020631085  -0.0047888615   0.0015541458
   4.8149999838   0.0019023885  -0.0049501855   0.0014494389
   4.8199999838   0.0017310537  -0.0050913726   0.0013532053
   4.8249999838   0.0015516753  -0.0052122939   0.0012634885
   4.8299999838   0.0013670980  -0.0053129819   0.0011777867
   4.8349999838   0.0011802769  -0.0053936016   0.0010932844
   4.8399999837   0.0009941193  -0.0054544281   0.0010071086
   4.8449999837   0.0008113408  -0.0054958321   0.0009165873
   4.8499999837   0.0006343434  -0.0055182761   0.0008194872
   4.8549999837   0.0004651214  -0.0055223180   0.0007142078
   4.8599999837   0.0003051942  -0.0055086183   0.0005999158
   4.8649999837   0.0001555697  -0.0054779450   0.0004766088
   4.8699999836   0.0000167314  -0.0054311713   0.0003451074
   4.8749999836  -0.0001113481  -0.0053692616   0.0002069797
   4.8799999836  -0.0002291724  -0.0052932470   0.0000644116
   4.8849999836  -0.0003376624  -0.0052041915  -0.0000799600
   4.8899999836  -0.0004380763  -0.0051031559  -0.0002232321
   4.8949999836  -0.0005319060  -0.0049911661  -0.0003624225
   4.8999999835  -0.0006207555  -0.0048691917  -0.0004946449
   4.9049999835  -0.0007062064  -0.0047381396  -0.0006172647
   4.9099999835  -0.0007896812  -0.0045988631  -0.0007280334
   4.9149999835  -0.0008723175  -0.0044521821  -0.0008252014
   4.9199999835  -0.0009548671  -0.0042989092  -0.0009076106
   4.9249999835  -0.0010376321  -0.0041398731  -0.0009747632
   4.9299999834  -0.0011204454  -0.0039759330  -0.0010268638
   4.9349999834  -0.0012026974  -0.0038079791  -0.0010648240
   4.9399999834  -0.0012834045  -0.0036369205  -0.0010902207
   4.9449999834  -0.0013613073  -0.0034636618  -0.0011052016
   4.9499999834  -0.0014349877  -0.0032890762  -0.0011123370
   4.9549999834  -0.0015029892  -0.0031139812  -0.0011144252
   4.9599999833  -0.0015639306  -0.0029391224  -0.0011142710
   4.9649999833  -0.0016166039  -0.0027651690  -0.0011144598
   4.9699999833  -0.0016600544  -0.0025927199  -0.0011171545
   4.9749999833  -0.0016936402  -0.0024223172  -0.0011239404
   4.9799999833  -0.0017170728  -0.0022544611  -0.0011357334
   4.9849999833  -0.0017304380  -0.0020896214  -0.0011527582
   4.9899999832  -0.0017341972  -0.0019282414  -0.0011745909
   4.9949999832  -0.0017291677  -0.0017707322  -0.0012002518
   4.9999999832  -0.0017164794  -0.0016174616  -0.0012283305
   5.0049999832  -0.0016975094  -0.0014687379  -0.0012571237
   5.0099999832  -0.0016737973  -0.0013247969  -0.0012847731
   5.0149999832  -0.0016469460  -0.0011857944  -0.0013093934
   5.0199999831  -0.0016185175  -0.0010518069  -0.0013291898
   5.0249999831  -0.0015899333  -0.0009228420  -0.0013425652
   5.0299999831  -0.0015623883  -0.0007988553  -0.0013482192
   5.0349999831  -0.0015367849  -0.0006797704  -0.0013452381
   5.0399999831  -0.0015136921  -0.0005654990  -0.0013331700
   5.0449999831  -0.0014933298  -0.0004559566  -0.0013120784
   5.0499999830  -0.0014755772  -0.0003510724  -0.0012825621
   5.0549999830  -0.0014600033  -0.0002507923  -0.0012457351
   5.0599999830  -0.0014459148  -0.0001550762  -0.0012031610
   5.0649999830  -0.0014324213  -0.0000638911  -0.0011567452
   5.0699999830  -0.0014185116   0.0000227968  -0.0011085929
   5.0749999830  -0.0014031393   0.0001050302  -0.0010608478
   5.0799999829  -0.0013853117   0.0001828662  -0.0010155268
   5.0849999829  -0.0013641748   0.0002563786  -0.0009743681
   5.0899999829  -0.0013390872   0.0003256567  -0.0009387059
   5.0949999829  -0.0013096754   0.0003908013  -0.0009093829
   5.0999999829  -0.0012758651   0.0004519201  -0.0008867059
   5.1049999829  -0.0012378845   0.0005091220  -0.0008704469
   5.1099999828  -0.0011962439   0.0005625144  -0.0008598867
   5.1149999828  -0.0011516911   0.0006122031  -0.0008538961
   5.1199999828  -0.0011051540   0.0006582956  -0.0008510457
   5.1249999828  -0.0010576718   0.0007009072  -0.0008497337
   5.1299999828  -0.0010103253   0.0007401682  -0.0008483185
   5.1349999828  -0.0009641664   0.0007762297  -0.0008452445
   5.1399999827  -0.0009201526   0.0008092665  -0.0008391513
   5.1449999827  -0.0008790868   0.0008394740  -0.0008289576
   5.1499999827  -0.0008415657   0.0008670606  -0.0008139181
   5.1549999827  -0.0008079401   0.0008922353  -0.0007936546
   5.1599999827  -0.0007782913   0.0009151934  -0.0007681642
   5.1649999827  -0.0007524270   0.0009361042  -0.0007378098
   5.1699999826  -0.0007299014   0.0009551025  -0.0007032962
   5.1749999826  -0.0007100565   0.0009722866  -0.0006656314
   5.1799999826  -0.0006920836   0.0009877229  -0.0006260726
   5.1849999826  -0.0006750969   0.0010014555  -0.0005860532
   5.1899999826  -0.0006582107   0.0010135184  -0.0005470892
   5.1949999826  -0.0006406115   0.0010239457  -0.0005106681
   5.1999999825  -0.0006216172   0.0010327797  -0.0004781264
   5.2049999825  -0.0006007200   0.0010400720  -0.0004505291
   5.2099999825  -0.0005776116   0.0010458811  -0.0004285677
   5.2149999825  -0.0005521930   0.0010502668  -0.0004124910
   5.2199999825  -0.0005245713   0.0010532835  -0.0004020814
   5.2249999825  -0.0004950476   0.0010549765  -0.0003966823
   5.2299999824  -0.0004640957   0.0010553825  -0.0003952721
   5.2349999824  -0.0004323335   0.0010545331  -0.0003965730
   5.2399999824  -0.0004004848   0.0010524629  -0.0003991798
   5.2449999824  -0.0003693308   0.0010492174  -0.0004016891
   5.2499999824  -0.0003396533   0.0010448593  -0.0004028123
   5.2549999824  -0.0003121714   0.0010394719  -0.0004014649
   5.2599999823  -0.0002874789   0.0010331575  -0.0003968244
   5.2649999823  -0.0002659898   0.0010260313  -0.0003883608
   5.2699999823  -0.0002478992   0.0010182138  -0.0003758452
   5.2749999823  -0.0002331652   0.0010098210  -0.0003593418
   5.2799999823  -0.0002215161   0.0010009569  -0.0003391903
   5.2849999823  -0.0002124798   0.0009917075  -0.0003159797
   5.2899999822  -0.0002054327   0.0009821387  -0.0002905151
   5.2949999822  -0.0001996589   0.0009722972  -0.0002637727
   5.2999999822  -0.0001944156   0.0009622135  -0.0002368427
   5.3049999822  -0.0001889931   0.0009519071  -0.0002108600
   5.3099999822  -0.0001827682   0.0009413920  -0.0001869227
   5.3149999822  -0.0001752454   0.0009306814  -0.0001660072
   5.3199999821  -0.0001660849   0.0009197919  -0.0001488854
   5.3249999821  -0.0001551186   0.0009087450  -0.0001360554
   5.3299999821  -0.0001423529   0.0008975678  -0.0001276933
   5.3349999821  -0.0001279611   0.0008862900  -0.0001236323
   5.3399999821  -0.0001122642   0.0008749406  -0.0001233751
   5.3449999821  -0.0000957042   0.0008635430  -0.0001261357
   5.3499999820  -0.0000788090   0.0008521112  -0.0001309103
   5.3549999820  -0.0000621536   0.0008406477  -0.0001365687
   5.3599999820  -0.0000463187   0.0008291436  -0.0001419568
   5.3649999820  -0.0000318504   0.0008175821  -0.0001459999
   5.3699999820  -0.0000192231   0.0008059445  -0.0001477948
   5.3749999820  -0.0000088074   0.0007942163  -0.0001466822
   5.3799999819  -0.0000008430   0.0007823935  -0.0001422895
   5.3849999819   0.0000045807   0.0007704854  -0.0001345444
   5.3899999819   0.0000075362   0.0007585140  -0.0001236563
   5.3949999819   0.0000082601   0.0007465092  -0.0001100750
   5.3999999819   0.0000071421   0.0007345014  -0.0000944331
   5.4049999818   0.0000047012   0.0007225124  -0.0000774817
   5.4099999818   0.0000015456   0.0007105490  -0.0000600297
   5.4149999818  -0.0000016785   0.0006985993  -0.0000428898
   5.4199999818  -0.0000043472   0.0006866345  -0.0000268341
   5.4249999818  -0.0000059192   0.0006746160  -0.0000125570
   5.4299999818  -0.0000059879   0.0006625052  -0.0000006412
   5.4349999817  -0.0000043185   0.0006502750   0.0000084760
   5.4399999817  -0.0000008623   0.0006379187   0.0000145357
   5.4449999817   0.0000042505   0.0006254545   0.0000174880
   5.4499999817   0.0000107387   0.0006129241   0.0000175127
   5.4549999817   0.0000182110   0.0006003858   0.0000150223
   5.4599999817   0.0000262117   0.0005879038   0.0000106421
   5.4649999816   0.0000342653   0.0005755375   0.0000051622
   5.4699999816   0.0000419124   0.0005633325  -0.0000005324
   5.4749999816   0.0000487372   0.0005513168  -0.0000055485
   5.4799999816   0.0000543866   0.0005395024  -0.0000090743
   5.4849999816   0.0000585826   0.0005278917  -0.0000104609
   5.4899999816   0.0000611344   0.0005164858  -0.0000092815
   5.4949999815   0.0000619478   0.0005052930  -0.0000053654
   5.4999999815   0.0000610351   0.0004943330   0.0000011989
   5.5049999815   0.0000585212   0.0004836374   0.0000100858
   5.5099999815   0.0000546432   0.0004732446   0.0000207761
   5.5149999815   0.0000497411   0.0004631925   0.0000326118
   5.5199999815   0.0000442374   0.0004535093   0.0000448580
   5.5249999814   0.0000386062   0.0004442074   0.0000567628
   5.5299999814   0.0000333359   0.0004352790   0.0000676141
   5.5349999814   0.0000288868   0.0004266973   0.0000767878
   5.5399999814   0.0000256521   0.0004184201   0.0000837875
   5.5449999814   0.0000239232   0.0004103957   0.0000882729
   5.5499999814   0.0000238651   0.0004025704   0.0000900764
   5.5549999813   0.0000255027   0.0003948941   0.0000892082
   5.5599999813   0.0000287202   0.0003873253   0.0000858492
   5.5649999813   0.0000332728   0.0003798343   0.0000803342
   5.5699999813   0.0000388097   0.0003724047   0.0000731276
   5.5749999813   0.0000449076   0.0003650325   0.0000647922
   5.5799999813   0.0000511103   0.0003577246   0.0000559545
   5.5849999812   0.0000569706   0.0003504942   0.0000472662
   5.5899999812   0.0000620907   0.0003433564   0.0000393632
   5.5949999812   0.0000661550   0.0003363222   0.0000328215
   5.5999999812   0.0000689518   0.0003293943   0.0000281137
   5.6049999812   0.0000703826   0.0003225656   0.0000255671
   5.6099999812   0.0000704580   0.0003158200   0.0000253306
   5.6149999811   0.0000692833   0.0003091381   0.0000273536
   5.6199999811   0.0000670373   0.0003025039   0.0000313853
   5.6249999811   0.0000639502   0.0002959127   0.0000369938
   5.6299999811   0.0000602823   0.0002893753   0.0000436083
   5.6349999811   0.0000563075   0.0002829186   0.0000505779
   5.6399999811   0.0000523003   0.0002765815   0.0000572398
   5.6449999810   0.0000485258   0.0002704056   0.0000629874
   5.6499999810   0.0000452283   0.0002644257   0.0000673293
   5.6549999810   0.0000426191   0.0002586613   0.0000699295
   5.6599999810   0.0000408593   0.0002531124   0.0000706276
   5.6649999810   0.0000400426   0.0002477608   0.0000694370
   5.6699999810   0.0000401781   0.0002425773   0.0000665257
   5.6749999809   0.0000411799   0.0002375306   0.0000621860
   5.6799999809   0.0000428658   0.0002325971   0.0000567994
   5.6849999809   0.0000449691   0.0002277675   0.0000508016
   5.6899999809   0.0000471629   0.0002230488   0.0000446520
   5.6949999809   0.0000490941   0.0002184610   0.0000388060
   5.6999999809   0.0000504227   0.0002140311   0.0000336922
   5.7049999808   0.0000508607   0.0002097843   0.0000296896
   5.7099999808   0.0000502036   0.0002057374   0.0000271047
   5.7149999808   0.0000483511   0.0002018935   0.0000261493
   5.7199999808   0.0000453147   0.0001982408   0.0000269193
   5.7249999808   0.0000412126   0.0001947535   0.0000293791
   5.7299999808   0.0000362529   0.0001913959   0.0000333542
   5.7349999807   0.0000307113   0.0001881270   0.0000385371
   5.7399999807   0.0000249032   0.0001849050   0.0000445062
   5.7449999807   0.0000191577   0.0001816919   0.0000507582
   5.7499999807   0.0000137917   0.0001784564   0.0000567513
   5.7549999807   0.0000090883   0.0001751763   0.0000619547
   5.7599999807   0.0000052800   0.0001718382   0.0000658991
   5.7649999806   0.0000025353   0.0001684372   0.0000682214
   5.7699999806   0.0000009507   0.0001649734   0.0000687008
   5.7749999806   0.0000005482   0.0001614488   0.0000672805
   5.7799999806   0.0000012759   0.0001578629   0.0000640733
   5.7849999806   0.0000030139   0.0001542106   0.0000593504
   5.7899999806   0.0000055819   0.0001504810   0.0000535154
   5.7949999805   0.0000087509   0.0001466594   0.0000470646
   5.7999999805   0.0000122546   0.0001427316   0.0000405397
   5.8049999805   0.0000158040   0.0001386896   0.0000344777
   5.8099999805   0.0000191038   0.0001345366   0.0000293639
   5.8149999805   0.0000218708   0.0001302909   0.0000255936
   5.8199999805   0.0000238559   0.0001259855   0.0000234455
   5.8249999804   0.0000248671   0.0001216656   0.0000230690
   5.8299999804   0.0000247918   0.0001173824   0.0000244833
   5.8349999804   0.0000236139   0.0001131855   0.0000275867
   5.8399999804   0.0000214227   0.0001091164   0.0000321708
   5.8449999804   0.0000184096   0.0001052038   0.0000379380
   5.8499999804   0.0000148512   0.0001014620   0.0000445197
   5.8549999803   0.0000110803   0.0000978932   0.0000514945
   5.8599999803   0.0000074484   0.0000944924   0.0000584103
   5.8649999803   0.0000042870   0.0000912531   0.0000648101
   5.8699999803   0.0000018719   0.0000881736   0.0000702627
   5.8749999803   0.0000003972   0.0000852604   0.0000743994
   5.8799999803  -0.0000000381   0.0000825294   0.0000769501
   5.8849999802   0.0000005688   0.0000800040   0.0000777756
   5.8899999802   0.0000021330   0.0000777104   0.0000768890
   5.8949999802   0.0000044978   0.0000756716   0.0000744613
   5.8999999802   0.0000074523   0.0000739017   0.0000708082
   5.9049999802   0.0000107496   0.0000724017   0.0000663597
   5.9099999802   0.0000141236   0.0000711574   0.0000616157
   5.9149999801   0.0000173042   0.0000701412   0.0000570947
   5.9199999801   0.0000200326   0.0000693154   0.0000532824
   5.9249999801   0.0000220774   0.0000686371   0.0000505856
   5.9299999801   0.0000232506   0.0000680642   0.0000492982
   5.9349999801   0.0000234227   0.0000675589   0.0000495794
   5.9399999801   0.0000225354   0.0000670904   0.0000514459
   5.9449999800   0.0000206092   0.0000666346   0.0000547765
   5.9499999800   0.0000177437   0.0000661728   0.0000593265
   5.9549999800   0.0000141120   0.0000656889   0.0000647524
   5.9599999800   0.0000099473   0.0000651667   0.0000706409
   5.9649999800   0.0000055251   0.0000645877   0.0000765441
   5.9699999800   0.0000011419   0.0000639307   0.0000820149
   5.9749999799  -0.0000029078   0.0000631720   0.0000866416
   5.9799999799  -0.0000063543   0.0000622873   0.0000900785
   5.9849999799  -0.0000089745   0.0000612543   0.0000920698
   5.9899999799  -0.0000106102   0.0000600556   0.0000924659
   5.9949999799  -0.0000111833   0.0000586815   0.0000912306
