   0.0000000000   0.0000000000   0.0000000000   0.0000000000
   0.0050000000   0.0000000000   0.0000000000   0.0000000000
   0.0100000000   0.0000000000   0.0000000000   0.0000000000
   0.0149999999   0.0000000000   0.0000000000   0.0000000000
   0.0199999999   0.0000000000   0.0000000000   0.0000000000
   0.0249999999   0.0000000000   0.0000000000   0.0000000000
   0.0299999999   0.0000000000   0.0000000000   0.0000000000
   0.0349999999   0.0000000000   0.0000000000   0.0000000000
   0.0399999999   0.0000000000   0.0000000000   0.0000000000
   0.0449999998   0.0000000000   0.0000000000   0.0000000000
   0.0499999998   0.0000000000   0.0000000000   0.0000000000
   0.0549999998   0.0000000000   0.0000000000   0.0000000000
   0.0599999998   0.0000000000   0.0000000000   0.0000000000
   0.0649999998   0.0000000000   0.0000000000   0.0000000000
   0.0699999998   0.0000000000   0.0000000000   0.0000000000
   0.0749999997  -0.0000000000   0.0000000000  -0.0000000000
   0.0799999997  -0.0000000000   0.0000000000  -0.0000000000
   0.0849999997  -0.0000000000   0.0000000000  -0.0000000000
   0.0899999997  -0.0000000000   0.0000000000  -0.0000000000
   0.0949999997  -0.0000000000   0.0000000000  -0.0000000000
   0.0999999997  -0.0000000000   0.0000000000  -0.0000000000
   0.1049999996  -0.0000000000   0.0000000000  -0.0000000000
   0.1099999996  -0.0000000000   0.0000000000  -0.0000000000
   0.1149999996  -0.0000000000   0.0000000000  -0.0000000000
   0.1199999996   0.0000000000   0.0000000000   0.0000000000
   0.1249999996   0.0000000000  -0.0000000000   0.0000000000
   0.1299999996   0.0000000000  -0.0000000000   0.0000000000
   0.1349999995   0.0000000000  -0.0000000000   0.0000000000
   0.1399999995   0.0000000000  -0.0000000000   0.0000000000
   0.1449999995   0.0000000000  -0.0000000000   0.0000000000
   0.1499999995   0.0000000000  -0.0000000000   0.0000000000
   0.1549999995   0.0000000000  -0.0000000000   0.0000000000
   0.1599999995   0.0000000000  -0.0000000000   0.0000000000
   0.1649999994   0.0000000000  -0.0000000000   0.0000000000
   0.1699999994   0.0000000000  -0.0000000000   0.0000000000
   0.1749999994   0.0000000000  -0.0000000000   0.0000000000
   0.1799999994   0.0000000000  -0.0000000000   0.0000000000
   0.1849999994   0.0000000000  -0.0000000000   0.0000000000
   0.1899999994   0.0000000000  -0.0000000000   0.0000000000
   0.1949999993   0.0000000000  -0.0000000000   0.0000000000
   0.1999999993   0.0000000000  -0.0000000000   0.0000000000
   0.2049999993   0.0000000000  -0.0000000000   0.0000000000
   0.2099999993   0.0000000000  -0.0000000000   0.0000000000
   0.2149999993   0.0000000000  -0.0000000000   0.0000000000
   0.2199999993   0.0000000000  -0.0000000000   0.0000000000
   0.2249999992   0.0000000000  -0.0000000000   0.0000000000
   0.2299999992   0.0000000000  -0.0000000000   0.0000000000
   0.2349999992   0.0000000000  -0.0000000000   0.0000000000
   0.2399999992   0.0000000000  -0.0000000000   0.0000000000
   0.2449999992   0.0000000000  -0.0000000000   0.0000000000
   0.2499999992   0.0000000000  -0.0000000000   0.0000000000
   0.2549999991   0.0000000000  -0.0000000000   0.0000000000
   0.2599999991   0.0000000000  -0.0000000000   0.0000000000
   0.2649999991   0.0000000000  -0.0000000000   0.0000000000
   0.2699999991   0.0000000000  -0.0000000000   0.0000000000
   0.2749999991   0.0000000000  -0.0000000000   0.0000000000
   0.2799999991   0.0000000000  -0.0000000000   0.0000000000
   0.2849999990   0.0000000000  -0.0000000000   0.0000000000
   0.2899999990   0.0000000000  -0.0000000000   0.0000000000
   0.2949999990   0.0000000000  -0.0000000000   0.0000000000
   0.2999999990   0.0000000000  -0.0000000000   0.0000000000
   0.3049999990   0.0000000000  -0.0000000000   0.0000000000
   0.3099999990   0.0000000000  -0.0000000000   0.0000000000
   0.3149999989   0.0000000000  -0.0000000000   0.0000000000
   0.3199999989   0.0000000000  -0.0000000000   0.0000000000
   0.3249999989   0.0000000000  -0.0000000000   0.0000000000
   0.3299999989   0.0000000000  -0.0000000000   0.0000000000
   0.3349999989   0.0000000000  -0.0000000000   0.0000000000
   0.3399999989   0.0000000000  -0.0000000000   0.0000000000
   0.3449999988   0.0000000000  -0.0000000000   0.0000000000
   0.3499999988   0.0000000000  -0.0000000000   0.0000000000
   0.3549999988   0.0000000000  -0.0000000000   0.0000000000
   0.3599999988   0.0000000000  -0.0000000000   0.0000000000
   0.3649999988   0.0000000000  -0.0000000000   0.0000000000
   0.3699999988   0.0000000000  -0.0000000000   0.0000000000
   0.3749999987   0.0000000000  -0.0000000000   0.0000000000
   0.3799999987   0.0000000000   0.0000000000   0.0000000000
   0.3849999987   0.0000000000   0.0000000000   0.0000000000
   0.3899999987  -0.0000000000   0.0000000000  -0.0000000000
   0.3949999987  -0.0000000000   0.0000000000  -0.0000000000
   0.3999999987  -0.0000000000   0.0000000000  -0.0000000000
   0.4049999986  -0.0000000000   0.0000000000  -0.0000000000
   0.4099999986  -0.0000000000   0.0000000000  -0.0000000000
   0.4149999986  -0.0000000000   0.0000000000  -0.0000000000
   0.4199999986  -0.0000000000   0.0000000000  -0.0000000000
   0.4249999986  -0.0000000000   0.0000000000  -0.0000000000
   0.4299999986  -0.0000000000   0.0000000000  -0.0000000000
   0.4349999985  -0.0000000000   0.0000000000  -0.0000000000
   0.4399999985  -0.0000000000   0.0000000000  -0.0000000000
   0.4449999985  -0.0000000000   0.0000000000  -0.0000000000
   0.4499999985  -0.0000000000   0.0000000000  -0.0000000000
   0.4549999985  -0.0000000000   0.0000000000  -0.0000000000
   0.4599999985  -0.0000000000   0.0000000000  -0.0000000000
   0.4649999984  -0.0000000000   0.0000000000  -0.0000000000
   0.4699999984  -0.0000000000   0.0000000000  -0.0000000000
   0.4749999984  -0.0000000000   0.0000000000  -0.0000000000
   0.4799999984  -0.0000000000   0.0000000000  -0.0000000000
   0.4849999984  -0.0000000000   0.0000000000  -0.0000000000
   0.4899999984  -0.0000000000   0.0000000000  -0.0000000000
   0.4949999983  -0.0000000000   0.0000000000  -0.0000000000
   0.4999999983  -0.0000000000   0.0000000000  -0.0000000000
   0.5049999983  -0.0000000000   0.0000000000  -0.0000000000
   0.5099999983  -0.0000000000   0.0000000000  -0.0000000000
   0.5149999983  -0.0000000000   0.0000000000  -0.0000000000
   0.5199999983  -0.0000000000   0.0000000000  -0.0000000000
   0.5249999982  -0.0000000000   0.0000000000  -0.0000000000
   0.5299999982  -0.0000000000   0.0000000000  -0.0000000000
   0.5349999982  -0.0000000000   0.0000000000  -0.0000000000
   0.5399999982  -0.0000000000   0.0000000000  -0.0000000000
   0.5449999982  -0.0000000000   0.0000000000  -0.0000000000
   0.5499999982  -0.0000000000   0.0000000000  -0.0000000000
   0.5549999981  -0.0000000000   0.0000000000  -0.0000000000
   0.5599999981  -0.0000000000   0.0000000000  -0.0000000000
   0.5649999981   0.0000000000   0.0000000000   0.0000000000
   0.5699999981   0.0000000000   0.0000000000   0.0000000000
   0.5749999981   0.0000000000   0.0000000000   0.0000000000
   0.5799999981   0.0000000000   0.0000000000   0.0000000000
   0.5849999980   0.0000000000   0.0000000000   0.0000000000
   0.5899999980   0.0000000000   0.0000000000   0.0000000000
   0.5949999980   0.0000000000   0.0000000000   0.0000000000
   0.5999999980   0.0000000000   0.0000000000   0.0000000000
   0.6049999980   0.0000000000   0.0000000000   0.0000000000
   0.6099999980   0.0000000000   0.0000000000   0.0000000000
   0.6149999979   0.0000000000   0.0000000000   0.0000000000
   0.6199999979   0.0000000000   0.0000000000   0.0000000000
   0.6249999979   0.0000000000  -0.0000000000   0.0000000000
   0.6299999979   0.0000000000  -0.0000000000   0.0000000000
   0.6349999979   0.0000000000  -0.0000000000   0.0000000000
   0.6399999979   0.0000000000  -0.0000000000   0.0000000000
   0.6449999978  -0.0000000000  -0.0000000000  -0.0000000000
   0.6499999978  -0.0000000000  -0.0000000000  -0.0000000000
   0.6549999978  -0.0000000000  -0.0000000000  -0.0000000000
   0.6599999978  -0.0000000000  -0.0000000000  -0.0000000000
   0.6649999978  -0.0000000000  -0.0000000000  -0.0000000000
   0.6699999978  -0.0000000000  -0.0000000000  -0.0000000000
   0.6749999977  -0.0000000000  -0.0000000000  -0.0000000000
   0.6799999977  -0.0000000000  -0.0000000000  -0.0000000000
   0.6849999977  -0.0000000000   0.0000000000  -0.0000000000
   0.6899999977  -0.0000000000   0.0000000000  -0.0000000000
   0.6949999977   0.0000000000   0.0000000000   0.0000000000
   0.6999999976   0.0000000000   0.0000000000   0.0000000000
   0.7049999976   0.0000000000   0.0000000000   0.0000000000
   0.7099999976   0.0000000000   0.0000000000   0.0000000000
   0.7149999976   0.0000000000   0.0000000000   0.0000000000
   0.7199999976   0.0000000000   0.0000000000   0.0000000000
   0.7249999976   0.0000000000   0.0000000000   0.0000000000
   0.7299999975   0.0000000000   0.0000000000   0.0000000000
   0.7349999975   0.0000000000   0.0000000000   0.0000000000
   0.7399999975   0.0000000000   0.0000000000   0.0000000000
   0.7449999975   0.0000000000   0.0000000000   0.0000000000
   0.7499999975   0.0000000000   0.0000000000   0.0000000000
   0.7549999975   0.0000000000   0.0000000000   0.0000000000
   0.7599999974   0.0000000000   0.0000000000   0.0000000000
   0.7649999974   0.0000000000   0.0000000000   0.0000000000
   0.7699999974   0.0000000000   0.0000000000   0.0000000000
   0.7749999974   0.0000000000   0.0000000000   0.0000000000
   0.7799999974   0.0000000000   0.0000000000   0.0000000000
   0.7849999974   0.0000000000   0.0000000000   0.0000000000
   0.7899999973   0.0000000000   0.0000000000   0.0000000000
   0.7949999973   0.0000000000   0.0000000000   0.0000000000
   0.7999999973   0.0000000000   0.0000000000   0.0000000000
   0.8049999973   0.0000000000   0.0000000000   0.0000000000
   0.8099999973   0.0000000000   0.0000000000   0.0000000000
   0.8149999973   0.0000000000   0.0000000000   0.0000000000
   0.8199999972   0.0000000000   0.0000000000   0.0000000000
   0.8249999972   0.0000000000   0.0000000000   0.0000000000
   0.8299999972   0.0000000000   0.0000000000   0.0000000000
   0.8349999972   0.0000000000   0.0000000000   0.0000000000
   0.8399999972   0.0000000000   0.0000000000   0.0000000000
   0.8449999972   0.0000000000   0.0000000000   0.0000000000
   0.8499999971   0.0000000000   0.0000000000   0.0000000000
   0.8549999971   0.0000000000   0.0000000000   0.0000000000
   0.8599999971   0.0000000000   0.0000000000   0.0000000000
   0.8649999971   0.0000000000   0.0000000000   0.0000000000
   0.8699999971   0.0000000000   0.0000000000   0.0000000000
   0.8749999971   0.0000000000   0.0000000000   0.0000000000
   0.8799999970   0.0000000000   0.0000000000   0.0000000000
   0.8849999970   0.0000000000   0.0000000000   0.0000000000
   0.8899999970   0.0000000000   0.0000000000   0.0000000000
   0.8949999970   0.0000000000   0.0000000000   0.0000000000
   0.8999999970   0.0000000000   0.0000000000   0.0000000000
   0.9049999970   0.0000000000   0.0000000000   0.0000000000
   0.9099999969   0.0000000000   0.0000000000   0.0000000000
   0.9149999969   0.0000000000   0.0000000000   0.0000000000
   0.9199999969   0.0000000000   0.0000000000   0.0000000000
   0.9249999969   0.0000000000   0.0000000000   0.0000000000
   0.9299999969   0.0000000000   0.0000000000   0.0000000000
   0.9349999969   0.0000000000   0.0000000000   0.0000000000
   0.9399999968   0.0000000000   0.0000000000   0.0000000000
   0.9449999968   0.0000000000   0.0000000000   0.0000000000
   0.9499999968   0.0000000000   0.0000000000   0.0000000000
   0.9549999968   0.0000000000   0.0000000000   0.0000000000
   0.9599999968   0.0000000000   0.0000000000   0.0000000000
   0.9649999968   0.0000000000   0.0000000000   0.0000000000
   0.9699999967   0.0000000000   0.0000000000   0.0000000000
   0.9749999967   0.0000000000   0.0000000000   0.0000000000
   0.9799999967   0.0000000000   0.0000000000   0.0000000000
   0.9849999967   0.0000000000   0.0000000000   0.0000000000
   0.9899999967   0.0000000000   0.0000000000   0.0000000000
   0.9949999967   0.0000000000   0.0000000000   0.0000000000
   0.9999999966   0.0000000000   0.0000000000  -0.0000000000
   1.0049999966  -0.0000000000  -0.0000000000  -0.0000000000
   1.0099999966  -0.0000000000  -0.0000000000  -0.0000000000
   1.0149999966  -0.0000000000  -0.0000000000  -0.0000000000
   1.0199999966  -0.0000000000  -0.0000000000  -0.0000000000
   1.0249999966  -0.0000000000  -0.0000000000  -0.0000000000
   1.0299999965  -0.0000000000  -0.0000000000  -0.0000000000
   1.0349999965  -0.0000000000  -0.0000000000  -0.0000000000
   1.0399999965  -0.0000000000  -0.0000000000  -0.0000000000
   1.0449999965  -0.0000000000  -0.0000000000  -0.0000000000
   1.0499999965  -0.0000000000  -0.0000000000  -0.0000000000
   1.0549999965  -0.0000000000  -0.0000000000  -0.0000000000
   1.0599999964  -0.0000000000  -0.0000000000  -0.0000000000
   1.0649999964  -0.0000000000  -0.0000000000  -0.0000000000
   1.0699999964  -0.0000000000  -0.0000000000  -0.0000000000
   1.0749999964   0.0000000000   0.0000000000   0.0000000000
   1.0799999964   0.0000000000   0.0000000000   0.0000000000
   1.0849999964   0.0000000000   0.0000000000   0.0000000000
   1.0899999963   0.0000000000   0.0000000000   0.0000000000
   1.0949999963   0.0000000000   0.0000000000   0.0000000000
   1.0999999963   0.0000000000   0.0000000000   0.0000000000
   1.1049999963   0.0000000000   0.0000000000   0.0000000000
   1.1099999963   0.0000000000   0.0000000000   0.0000000000
   1.1149999963   0.0000000000   0.0000000000   0.0000000000
   1.1199999962   0.0000000000   0.0000000000   0.0000000000
   1.1249999962   0.0000000000   0.0000000000   0.0000000000
   1.1299999962   0.0000000000   0.0000000000   0.0000000000
   1.1349999962   0.0000000000   0.0000000000  -0.0000000000
   1.1399999962  -0.0000000000  -0.0000000000  -0.0000000000
   1.1449999962  -0.0000000000  -0.0000000000  -0.0000000000
   1.1499999961  -0.0000000000  -0.0000000000  -0.0000000000
   1.1549999961  -0.0000000000  -0.0000000000  -0.0000000000
   1.1599999961  -0.0000000000  -0.0000000000  -0.0000000000
   1.1649999961  -0.0000000000  -0.0000000000  -0.0000000000
   1.1699999961  -0.0000000000  -0.0000000000  -0.0000000000
   1.1749999961  -0.0000000000  -0.0000000000  -0.0000000000
   1.1799999960  -0.0000000000  -0.0000000000  -0.0000000000
   1.1849999960  -0.0000000000  -0.0000000000  -0.0000000000
   1.1899999960  -0.0000000000  -0.0000000000   0.0000000000
   1.1949999960   0.0000000000   0.0000000000   0.0000000000
   1.1999999960   0.0000000000   0.0000000000   0.0000000000
   1.2049999960   0.0000000000   0.0000000000   0.0000000000
   1.2099999959   0.0000000000   0.0000000000   0.0000000000
   1.2149999959   0.0000000000   0.0000000000   0.0000000000
   1.2199999959   0.0000000000   0.0000000000   0.0000000000
   1.2249999959   0.0000000000   0.0000000000   0.0000000000
   1.2299999959   0.0000000000   0.0000000000   0.0000000000
   1.2349999959   0.0000000000   0.0000000000   0.0000000000
   1.2399999958   0.0000000000   0.0000000000  -0.0000000000
   1.2449999958  -0.0000000000  -0.0000000000  -0.0000000000
   1.2499999958  -0.0000000000  -0.0000000000  -0.0000000000
   1.2549999958  -0.0000000000  -0.0000000000  -0.0000000000
   1.2599999958  -0.0000000000  -0.0000000000  -0.0000000000
   1.2649999958  -0.0000000000  -0.0000000000  -0.0000000000
   1.2699999957  -0.0000000000  -0.0000000000  -0.0000000000
   1.2749999957  -0.0000000000  -0.0000000000  -0.0000000000
   1.2799999957  -0.0000000000  -0.0000000000  -0.0000000000
   1.2849999957  -0.0000000000  -0.0000000000  -0.0000000000
   1.2899999957  -0.0000000000  -0.0000000000   0.0000000000
   1.2949999957   0.0000000000   0.0000000000   0.0000000000
   1.2999999956   0.0000000000   0.0000000000   0.0000000000
   1.3049999956   0.0000000000   0.0000000000   0.0000000000
   1.3099999956   0.0000000000   0.0000000000   0.0000000000
   1.3149999956   0.0000000000   0.0000000000   0.0000000000
   1.3199999956   0.0000000000   0.0000000000   0.0000000000
   1.3249999956   0.0000000000   0.0000000000   0.0000000000
   1.3299999955   0.0000000000   0.0000000000   0.0000000000
   1.3349999955   0.0000000000   0.0000000000  -0.0000000000
   1.3399999955  -0.0000000000  -0.0000000000  -0.0000000000
   1.3449999955  -0.0000000000  -0.0000000000  -0.0000000000
   1.3499999955  -0.0000000000  -0.0000000000  -0.0000000000
   1.3549999954  -0.0000000000  -0.0000000000  -0.0000000000
   1.3599999954  -0.0000000000  -0.0000000000  -0.0000000000
   1.3649999954  -0.0000000000  -0.0000000000  -0.0000000000
   1.3699999954  -0.0000000000  -0.0000000000  -0.0000000000
   1.3749999954  -0.0000000000  -0.0000000000   0.0000000000
   1.3799999954   0.0000000000  -0.0000000000   0.0000000000
   1.3849999953   0.0000000000   0.0000000000   0.0000000000
   1.3899999953   0.0000000000   0.0000000000   0.0000000000
   1.3949999953   0.0000000000   0.0000000000   0.0000000000
   1.3999999953   0.0000000000   0.0000000000   0.0000000000
   1.4049999953   0.0000000000   0.0000000000   0.0000000000
   1.4099999953   0.0000000000   0.0000000000   0.0000000000
   1.4149999952   0.0000000000   0.0000000000   0.0000000000
   1.4199999952  -0.0000000000   0.0000000000  -0.0000000000
   1.4249999952  -0.0000000000  -0.0000000000  -0.0000000000
   1.4299999952  -0.0000000000  -0.0000000000  -0.0000000000
   1.4349999952  -0.0000000000  -0.0000000000  -0.0000000000
   1.4399999952  -0.0000000000  -0.0000000000  -0.0000000000
   1.4449999951  -0.0000000000  -0.0000000000  -0.0000000000
   1.4499999951  -0.0000000000  -0.0000000000  -0.0000000000
   1.4549999951  -0.0000000000  -0.0000000000   0.0000000000
   1.4599999951   0.0000000000  -0.0000000000   0.0000000000
   1.4649999951   0.0000000000   0.0000000000   0.0000000000
   1.4699999951   0.0000000000   0.0000000000   0.0000000000
   1.4749999950   0.0000000000   0.0000000000   0.0000000000
   1.4799999950   0.0000000000   0.0000000000   0.0000000000
   1.4849999950   0.0000000000   0.0000000000   0.0000000000
   1.4899999950   0.0000000000   0.0000000000   0.0000000000
   1.4949999950   0.0000000000   0.0000000000  -0.0000000000
   1.4999999950  -0.0000000000  -0.0000000000  -0.0000000000
   1.5049999949  -0.0000000000  -0.0000000000  -0.0000000000
   1.5099999949  -0.0000000000  -0.0000000000  -0.0000000000
   1.5149999949  -0.0000000001  -0.0000000000  -0.0000000000
   1.5199999949  -0.0000000001  -0.0000000000  -0.0000000000
   1.5249999949  -0.0000000000  -0.0000000000  -0.0000000000
   1.5299999949  -0.0000000000  -0.0000000000   0.0000000000
   1.5349999948   0.0000000000  -0.0000000000   0.0000000000
   1.5399999948   0.0000000000   0.0000000000   0.0000000000
   1.5449999948   0.0000000000   0.0000000000   0.0000000000
   1.5499999948   0.0000000001   0.0000000000   0.0000000000
   1.5549999948   0.0000000001   0.0000000000   0.0000000000
   1.5599999948   0.0000000001   0.0000000000   0.0000000000
   1.5649999947   0.0000000000   0.0000000000   0.0000000000
   1.5699999947   0.0000000000   0.0000000000  -0.0000000000
   1.5749999947  -0.0000000000  -0.0000000000  -0.0000000000
   1.5799999947  -0.0000000000  -0.0000000000  -0.0000000000
   1.5849999947  -0.0000000001  -0.0000000000  -0.0000000000
   1.5899999947  -0.0000000001  -0.0000000000  -0.0000000000
   1.5949999946  -0.0000000000  -0.0000000000  -0.0000000000
   1.5999999946  -0.0000000000  -0.0000000000  -0.0000000000
   1.6049999946  -0.0000000000  -0.0000000000   0.0000000000
   1.6099999946   0.0000000000  -0.0000000000   0.0000000000
   1.6149999946   0.0000000000   0.0000000000   0.0000000000
   1.6199999946   0.0000000000   0.0000000000   0.0000000000
   1.6249999945   0.0000000000   0.0000000000   0.0000000000
   1.6299999945   0.0000000000   0.0000000000   0.0000000000
   1.6349999945   0.0000000000   0.0000000000   0.0000000000
   1.6399999945  -0.0000000000  -0.0000000000   0.0000000000
   1.6449999945  -0.0000000000  -0.0000000000   0.0000000001
   1.6499999945  -0.0000000000  -0.0000000000   0.0000000001
   1.6549999944  -0.0000000000  -0.0000000000   0.0000000001
   1.6599999944  -0.0000000000  -0.0000000000   0.0000000001
   1.6649999944  -0.0000000000  -0.0000000000   0.0000000001
   1.6699999944  -0.0000000000  -0.0000000000   0.0000000000
   1.6749999944   0.0000000000   0.0000000000  -0.0000000001
   1.6799999944   0.0000000001   0.0000000000  -0.0000000002
   1.6849999943   0.0000000001   0.0000000001  -0.0000000004
   1.6899999943   0.0000000002   0.0000000002  -0.0000000006
   1.6949999943   0.0000000003   0.0000000002  -0.0000000007
   1.6999999943   0.0000000004   0.0000000003  -0.0000000009
   1.7049999943   0.0000000005   0.0000000004  -0.0000000009
   1.7099999943   0.0000000005   0.0000000004  -0.0000000008
   1.7149999942   0.0000000004   0.0000000004  -0.0000000006
   1.7199999942   0.0000000002   0.0000000003  -0.0000000001
   1.7249999942  -0.0000000002   0.0000000000   0.0000000005
   1.7299999942  -0.0000000008  -0.0000000003   0.0000000013
   1.7349999942  -0.0000000015  -0.0000000008   0.0000000022
   1.7399999942  -0.0000000022  -0.0000000013   0.0000000032
   1.7449999941  -0.0000000028  -0.0000000018   0.0000000042
   1.7499999941  -0.0000000033  -0.0000000023   0.0000000049
   1.7549999941  -0.0000000034  -0.0000000026   0.0000000053
   1.7599999941  -0.0000000030  -0.0000000026   0.0000000051
   1.7649999941  -0.0000000021  -0.0000000023   0.0000000041
   1.7699999941  -0.0000000005  -0.0000000015   0.0000000023
   1.7749999940   0.0000000016  -0.0000000003  -0.0000000003
   1.7799999940   0.0000000041   0.0000000014  -0.0000000038
   1.7849999940   0.0000000067   0.0000000033  -0.0000000078
   1.7899999940   0.0000000092   0.0000000053  -0.0000000118
   1.7949999940   0.0000000110   0.0000000071  -0.0000000154
   1.7999999940   0.0000000118   0.0000000085  -0.0000000180
   1.8049999939   0.0000000113   0.0000000091  -0.0000000188
   1.8099999939   0.0000000092   0.0000000087  -0.0000000174
   1.8149999939   0.0000000055   0.0000000071  -0.0000000135
   1.8199999939   0.0000000005   0.0000000044  -0.0000000071
   1.8249999939  -0.0000000056   0.0000000006   0.0000000014
   1.8299999939  -0.0000000120  -0.0000000040   0.0000000112
   1.8349999938  -0.0000000179  -0.0000000088   0.0000000212
   1.8399999938  -0.0000000224  -0.0000000134   0.0000000298
   1.8449999938  -0.0000000247  -0.0000000169   0.0000000359
   1.8499999938  -0.0000000242  -0.0000000189   0.0000000380
   1.8549999938  -0.0000000206  -0.0000000188   0.0000000355
   1.8599999938  -0.0000000138  -0.0000000164   0.0000000280
   1.8649999937  -0.0000000046  -0.0000000116   0.0000000162
   1.8699999937   0.0000000060  -0.0000000049   0.0000000014
   1.8749999937   0.0000000167   0.0000000031  -0.0000000147
   1.8799999937   0.0000000259   0.0000000113  -0.0000000297
   1.8849999937   0.0000000321   0.0000000185  -0.0000000412
   1.8899999937   0.0000000339   0.0000000238  -0.0000000473
   1.8949999936   0.0000000309   0.0000000260  -0.0000000467
   1.8999999936   0.0000000231   0.0000000247  -0.0000000391
   1.9049999936   0.0000000115   0.0000000199  -0.0000000254
   1.9099999936  -0.0000000023   0.0000000120  -0.0000000074
   1.9149999936  -0.0000000161   0.0000000022   0.0000000119
   1.9199999936  -0.0000000274  -0.0000000080   0.0000000295
   1.9249999935  -0.0000000341  -0.0000000170   0.0000000421
   1.9299999935  -0.0000000347  -0.0000000232   0.0000000473
   1.9349999935  -0.0000000288  -0.0000000254   0.0000000438
   1.9399999935  -0.0000000170  -0.0000000231   0.0000000320
   1.9449999935  -0.0000000013  -0.0000000166   0.0000000134
   1.9499999935   0.0000000155  -0.0000000069  -0.0000000086
   1.9549999934   0.0000000301   0.0000000043  -0.0000000302
   1.9599999934   0.0000000395   0.0000000149  -0.0000000472
   1.9649999934   0.0000000415   0.0000000228  -0.0000000560
   1.9699999934   0.0000000352   0.0000000263  -0.0000000544
   1.9749999934   0.0000000212   0.0000000246  -0.0000000421
   1.9799999934   0.0000000018   0.0000000177  -0.0000000207
   1.9849999933  -0.0000000193   0.0000000068   0.0000000062
   1.9899999933  -0.0000000382  -0.0000000063   0.0000000340
   1.9949999933  -0.0000000510  -0.0000000189   0.0000000574
   1.9999999933  -0.0000000547  -0.0000000287   0.0000000718
   2.0049999933  -0.0000000484  -0.0000000336   0.0000000741
   2.0099999933  -0.0000000330  -0.0000000325   0.0000000633
   2.0149999932  -0.0000000111  -0.0000000253   0.0000000411
   2.0199999932   0.0000000131  -0.0000000134   0.0000000112
   2.0249999932   0.0000000348   0.0000000011  -0.0000000209
   2.0299999932   0.0000000499   0.0000000155  -0.0000000495
   2.0349999932   0.0000000554   0.0000000272  -0.0000000692
   2.0399999931   0.0000000505   0.0000000340  -0.0000000765
   2.0449999931   0.0000000366   0.0000000349  -0.0000000704
   2.0499999931   0.0000000170   0.0000000299  -0.0000000523
   2.0549999931  -0.0000000041   0.0000000204  -0.0000000263
   2.0599999931  -0.0000000222   0.0000000083   0.0000000023
   2.0649999931  -0.0000000335  -0.0000000038   0.0000000279
   2.0699999930  -0.0000000364  -0.0000000138   0.0000000457
   2.0749999930  -0.0000000312  -0.0000000201   0.0000000531
   2.0799999930  -0.0000000202  -0.0000000221   0.0000000498
   2.0849999930  -0.0000000070  -0.0000000203   0.0000000380
   2.0899999930   0.0000000044  -0.0000000159   0.0000000215
   2.0949999930   0.0000000110  -0.0000000105   0.0000000049
   2.0999999929   0.0000000112  -0.0000000057  -0.0000000080
   2.1049999929   0.0000000059  -0.0000000024  -0.0000000147
   2.1099999929  -0.0000000025  -0.0000000009  -0.0000000150
   2.1149999929  -0.0000000103  -0.0000000006  -0.0000000108
   2.1199999929  -0.0000000139  -0.0000000003  -0.0000000051
   2.1249999929  -0.0000000109   0.0000000011  -0.0000000014
   2.1299999928  -0.0000000013   0.0000000043  -0.0000000020
   2.1349999928   0.0000000126   0.0000000090  -0.0000000070
   2.1399999928   0.0000000260   0.0000000142  -0.0000000146
   2.1449999928   0.0000000334   0.0000000179  -0.0000000205
   2.1499999928   0.0000000295   0.0000000177  -0.0000000196
   2.1549999928   0.0000000110   0.0000000115  -0.0000000076
   2.1599999927  -0.0000000223  -0.0000000018   0.0000000184
   2.1649999927  -0.0000000677  -0.0000000223   0.0000000582
   2.1699999927  -0.0000001200  -0.0000000484   0.0000001089
   2.1749999927  -0.0000001736  -0.0000000781   0.0000001659
   2.1799999927  -0.0000002252  -0.0000001090   0.0000002251
   2.1849999927  -0.0000002755  -0.0000001403   0.0000002850
   2.1899999926  -0.0000003317  -0.0000001732   0.0000003488
   2.1949999926  -0.0000004073  -0.0000002121   0.0000004267
   2.1999999926  -0.0000005217  -0.0000002643   0.0000005347
   2.2049999926  -0.0000006972  -0.0000003401   0.0000006940
   2.2099999926  -0.0000009565  -0.0000004510   0.0000009277
   2.2149999926  -0.0000013189  -0.0000006086   0.0000012575
   2.2199999925  -0.0000017980  -0.0000008227   0.0000017001
   2.2249999925  -0.0000024006  -0.0000011002   0.0000022652
   2.2299999925  -0.0000031277  -0.0000014445   0.0000029551
   2.2349999925  -0.0000039769  -0.0000018558   0.0000037660
   2.2399999925  -0.0000049457  -0.0000023325   0.0000046916
   2.2449999925  -0.0000060350  -0.0000028723   0.0000057264
   2.2499999924  -0.0000072505  -0.0000034739   0.0000068689
   2.2549999924  -0.0000086027  -0.0000041374   0.0000081231
   2.2599999924  -0.0000101030  -0.0000048647   0.0000094969
   2.2649999924  -0.0000117580  -0.0000056571   0.0000109975
   2.2699999924  -0.0000135626  -0.0000065128   0.0000126252
   2.2749999924  -0.0000154924  -0.0000074237   0.0000143653
   2.2799999923  -0.0000174995  -0.0000083717   0.0000161822
   2.2849999923  -0.0000195105  -0.0000093267   0.0000180152
   2.2899999923  -0.0000214303  -0.0000102459   0.0000197795
   2.2949999923  -0.0000231491  -0.0000110756   0.0000213714
   2.2999999923  -0.0000245529  -0.0000117547   0.0000226777
   2.3049999923  -0.0000255346  -0.0000122201   0.0000235879
   2.3099999922  -0.0000260043  -0.0000124133   0.0000240056
   2.3149999922  -0.0000258948  -0.0000122859   0.0000238594
   2.3199999922  -0.0000251637  -0.0000118046   0.0000231085
   2.3249999922  -0.0000237897  -0.0000109539   0.0000217444
   2.3299999922  -0.0000217667  -0.0000097373   0.0000197887
   2.3349999922  -0.0000190963  -0.0000081765   0.0000172880
   2.3399999921  -0.0000157846  -0.0000063097   0.0000143078
   2.3449999921  -0.0000118425  -0.0000041893   0.0000109282
   2.3499999921  -0.0000072940  -0.0000018799   0.0000072410
   2.3549999921  -0.0000021918   0.0000005441   0.0000033484
   2.3599999921   0.0000033635   0.0000030008  -0.0000006390
   2.3649999921   0.0000092026   0.0000054056  -0.0000046063
   2.3699999920   0.0000150707   0.0000076777  -0.0000084440
   2.3749999920   0.0000206208   0.0000097493  -0.0000120633
   2.3799999920   0.0000254214   0.0000115780  -0.0000154147
   2.3849999920   0.0000289814   0.0000131575  -0.0000185066
   2.3899999920   0.0000307964   0.0000145258  -0.0000214150
   2.3949999920   0.0000304131   0.0000157652  -0.0000242771
   2.3999999919   0.0000275119   0.0000169884  -0.0000272591
   2.4049999919   0.0000220026   0.0000183096  -0.0000304962
   2.4099999919   0.0000141253   0.0000197974  -0.0000340033
   2.4149999919   0.0000045472   0.0000214138  -0.0000375691
   2.4199999919  -0.0000055606   0.0000229477  -0.0000406482
   2.4249999919  -0.0000144839   0.0000239539  -0.0000422794
   2.4299999918  -0.0000199902   0.0000237170  -0.0000410594
   2.4349999918  -0.0000194443   0.0000212568  -0.0000352036
   2.4399999918  -0.0000100429   0.0000153967  -0.0000227209
   2.4449999918   0.0000108076   0.0000049081  -0.0000017194
   2.4499999918   0.0000449591  -0.0000112602   0.0000291561
   2.4549999918   0.0000928427  -0.0000336696   0.0000701716
   2.4599999917   0.0001526782  -0.0000620139   0.0001198778
   2.4649999917   0.0002196372  -0.0000947040   0.0001744707
   2.4699999917   0.0002850588  -0.0001284622   0.0002272194
   2.4749999917   0.0003358442  -0.0001579798   0.0002680536
   2.4799999917   0.0003541719  -0.0001757047   0.0002834105
   2.4849999917   0.0003176728  -0.0001718250   0.0002564294
   2.4899999916   0.0002001845  -0.0001345060   0.0001675702
   2.4949999916  -0.0000268458  -0.0000504276  -0.0000043081
   2.4999999916  -0.0003923075   0.0000943619  -0.0002804108
   2.5049999916  -0.0009228023   0.0003132887  -0.0006800758
   2.5099999916  -0.0016396228   0.0006178503  -0.0012185658
   2.5149999916  -0.0025555911   0.0010160625  -0.0019047670
   2.5199999915  -0.0036720805   0.0015108944  -0.0027390199
   2.5249999915  -0.0049765802   0.0020988606  -0.0037113449
   2.5299999915  -0.0064411580   0.0027689538  -0.0048003213
   2.5349999915  -0.0080221227   0.0035020969  -0.0059728520
   2.5399999915  -0.0096610949   0.0042712652  -0.0071849764
   2.5449999915  -0.0112875581   0.0050423750  -0.0083837960
   2.5499999914  -0.0128228015   0.0057759603  -0.0095104535
   2.5549999914  -0.0141849993   0.0064295713  -0.0105039748
   2.5599999914  -0.0152950167   0.0069607311  -0.0113056551
   2.5649999914  -0.0160824115   0.0073302073  -0.0118635792
   2.5699999914  -0.0164910372   0.0075052867  -0.0121368076
   2.5749999914  -0.0164836554   0.0074627135  -0.0120987720
   2.5799999913  -0.0160450415   0.0071909633  -0.0117394871
   2.5849999913  -0.0151832159   0.0066915751  -0.0110663114
   2.5899999913  -0.0139286365   0.0059793635  -0.0101031616
   2.5949999913  -0.0123314250   0.0050814528  -0.0088882690
   2.5999999913  -0.0104569394   0.0040352138  -0.0074707542
   2.6049999913  -0.0083802138   0.0028853192  -0.0059064434
   2.6099999912  -0.0061799316   0.0016802403  -0.0042534420
   2.6149999912  -0.0039326552   0.0004685779  -0.0025679999
   2.6199999912  -0.0017079914  -0.0007043644  -0.0009011428
   2.6249999912   0.0004347773  -0.0017993949   0.0007035838
   2.6299999912   0.0024482916  -0.0027853571   0.0022110949
   2.6349999912   0.0042969213  -0.0036400149   0.0035945073
   2.6399999911   0.0059550431  -0.0043498995   0.0048338758
   2.6449999911   0.0074042997  -0.0049092659   0.0059143105
   2.6499999911   0.0086305142  -0.0053184301   0.0068239489
   2.6549999911   0.0096209813  -0.0055818326   0.0075522638
   2.6599999911   0.0103627734  -0.0057061968   0.0080891090
   2.6649999911   0.0108425019  -0.0056991090   0.0084247568
   2.6699999910   0.0110476806  -0.0055682532   0.0085509831
   2.6749999910   0.0109695091  -0.0053213975   0.0084630404
   2.6799999910   0.0106065809  -0.0049670798   0.0081621655
   2.6849999910   0.0099687837  -0.0045157921   0.0076581279
   2.6899999910   0.0090805478  -0.0039813543   0.0069712623
   2.6949999909   0.0079826354  -0.0033821083   0.0061334655
   2.6999999909   0.0067318532  -0.0027415689   0.0051877655
   2.7049999909   0.0053983876  -0.0020882434   0.0041862761
   2.7099999909   0.0040608491  -0.0014544641   0.0031866077
   2.7149999909   0.0027995165  -0.0008742455   0.0022470664
   2.7199999909   0.0016886089  -0.0003803626   0.0014212032
   2.7249999908   0.0007886344  -0.0000010030   0.0007524254
   2.7299999908   0.0001399203   0.0002435361   0.0002694348
   2.7349999908  -0.0002416921   0.0003435996  -0.0000168186
   2.7399999908  -0.0003662926   0.0003019047  -0.0001141629
   2.7449999908  -0.0002681925   0.0001339024  -0.0000479791
   2.7499999908  -0.0000012294  -0.0001333925   0.0001421781
   2.7549999907   0.0003683011  -0.0004640414   0.0004076982
   2.7599999907   0.0007701240  -0.0008170094   0.0006970864
   2.7649999907   0.0011386981  -0.0011507070   0.0009623370
   2.7699999907   0.0014209636  -0.0014276490   0.0011646206
   2.7749999907   0.0015820741  -0.0016186048   0.0012784989
   2.7799999907   0.0016083785  -0.0017056754   0.0012941081
   2.7849999906   0.0015073342  -0.0016838838   0.0012170656
   2.7899999906   0.0013044947  -0.0015610849   0.0010662059
   2.7949999906   0.0010381436  -0.0013562445   0.0008695793
   2.7999999906   0.0007524756  -0.0010963741   0.0006594013
   2.8049999906   0.0004904107  -0.0008125981   0.0004667732
   2.8099999906   0.0002871362  -0.0005359388   0.0003169942
   2.8149999905   0.0001653132  -0.0002934230   0.0002261502
   2.8199999905   0.0001325811  -0.0001050365   0.0001994234
   2.8249999905   0.0001816069   0.0000181024   0.0002312654
   2.8299999905   0.0002925082   0.0000741838   0.0003072652
   2.8349999905   0.0004371101   0.0000698156   0.0004072816
   2.8399999905   0.0005842275   0.0000180536   0.0005092302
   2.8449999904   0.0007050371  -0.0000642522   0.0005928510
   2.8499999904   0.0007776392  -0.0001593262   0.0006428364
   2.8549999904   0.0007900928  -0.0002510907   0.0006508482
   2.8599999904   0.0007415027  -0.0003271662   0.0006161772
   2.8649999904   0.0006410912  -0.0003800051   0.0005450377
   2.8699999904   0.0005055387  -0.0004070789   0.0004487243
   2.8749999903   0.0003551610  -0.0004102023   0.0003410253
   2.8799999903   0.0002096641  -0.0003942082   0.0002353866
   2.8849999903   0.0000842522  -0.0003652774   0.0001423204
   2.8899999903  -0.0000132396  -0.0003292519   0.0000674824
   2.8949999903  -0.0000837331  -0.0002902332   0.0000106952
   2.8999999903  -0.0001366463  -0.0002496885  -0.0000339737
   2.9049999902  -0.0001881177  -0.0002061814  -0.0000771527
   2.9099999902  -0.0002581052  -0.0001557266  -0.0001323522
   2.9149999902  -0.0003669241  -0.0000926583  -0.0002137268
   2.9199999902  -0.0005318508  -0.0000108237  -0.0003337938
   2.9249999902  -0.0007643614   0.0000951278  -0.0005014650
   2.9299999902  -0.0010684214   0.0002285916  -0.0007206804
   2.9349999901  -0.0014400284   0.0003901820  -0.0009898136
   2.9399999901  -0.0018679691   0.0005773555  -0.0013018888
   2.9449999901  -0.0023355504   0.0007845220  -0.0016455146
   2.9499999901  -0.0028229108   0.0010035986  -0.0020063354
   2.9549999901  -0.0033094635   0.0012248876  -0.0023687319
   2.9599999901  -0.0037760447   0.0014381177  -0.0027174828
   2.9649999900  -0.0042064457   0.0016334701  -0.0030391314
   2.9699999900  -0.0045881576   0.0018024307  -0.0033228718
   2.9749999900  -0.0049123259   0.0019383529  -0.0035608711
   2.9799999900  -0.0051730623   0.0020366762  -0.0037480502
   2.9849999900  -0.0053663699   0.0020948157  -0.0038814478
   2.9899999900  -0.0054889860   0.0021117938  -0.0039593586
   2.9949999899  -0.0055374337   0.0020877307  -0.0039804685
   2.9999999899  -0.0055075025   0.0020233247  -0.0039431955
   3.0049999899  -0.0053942764   0.0019194466  -0.0038453895
   3.0099999899  -0.0051927038   0.0017769355  -0.0036844620
   3.0149999899  -0.0048985965   0.0015966368  -0.0034579217
   3.0199999899  -0.0045098556   0.0013796646  -0.0031642065
   3.0249999898  -0.0040276856   0.0011278214  -0.0028036370
   3.0299999898  -0.0034575540   0.0008440713  -0.0023792927
   3.0349999898  -0.0028097036   0.0005329493  -0.0018976210
   3.0399999898  -0.0020991004   0.0002007993  -0.0013686410
   3.0449999898  -0.0013447936  -0.0001442370  -0.0008056768
   3.0499999898  -0.0005687617  -0.0004925099  -0.0002246397
   3.0549999897   0.0002056022  -0.0008334097   0.0003570442
   3.0599999897   0.0009551614  -0.0011561062   0.0009217060
   3.0649999897   0.0016586416  -0.0014503748   0.0014527255
   3.0699999897   0.0022979700  -0.0017073944   0.0019356674
   3.0749999897   0.0028591998  -0.0019204044   0.0023591242
   3.0799999897   0.0033329403  -0.0020851342   0.0027151846
   3.0849999896   0.0037142990  -0.0021999583   0.0029995104
   3.0899999896   0.0040024086  -0.0022657743   0.0032110691
   3.0949999896   0.0041996731  -0.0022856426   0.0033516104
   3.0999999896   0.0043108883  -0.0022642619   0.0034250082
   3.1049999896   0.0043423947  -0.0022073715   0.0034365837
   3.1099999896   0.0043013876  -0.0021211720   0.0033925132
   3.1149999895   0.0041954618  -0.0020118430   0.0032993867
   3.1199999895   0.0040324113  -0.0018852092   0.0031639464
   3.1249999895   0.0038202474  -0.0017465717   0.0029929905
   3.1299999895   0.0035673563  -0.0016006901   0.0027934013
   3.1349999895   0.0032826945  -0.0014518732   0.0025722301
   3.1399999895   0.0029759184  -0.0013041185   0.0023367711
   3.1449999894   0.0026573602  -0.0011612377   0.0020945603
   3.1499999894   0.0023378027  -0.0010269152   0.0018532567
   3.1549999894   0.0020280415  -0.0009046641   0.0016203900
   3.1599999894   0.0017382744  -0.0007976746   0.0014029885
   3.1649999894   0.0014773922  -0.0007085711   0.0012071314
   3.1699999894   0.0012522733  -0.0006391262   0.0010374905
   3.1749999893   0.0010671957  -0.0005899872   0.0008969399
   3.1799999893   0.0009234703  -0.0005604818   0.0007863089
   3.1849999893   0.0008193760  -0.0005485550   0.0007043400
   3.1899999893   0.0007504333  -0.0005508746   0.0006478812
   3.1949999893   0.0007100035  -0.0005631090   0.0006123068
   3.1999999893   0.0006901467  -0.0005803548   0.0005921170
   3.2049999892   0.0006826214  -0.0005976588   0.0005816315
   3.2099999892   0.0006798812  -0.0006105600   0.0005756707
   3.2149999892   0.0006759127  -0.0006155701   0.0005701109
   3.2199999892   0.0006667811  -0.0006105148   0.0005622248
   3.2249999892   0.0006507969  -0.0005946844   0.0005507510
   3.2299999892   0.0006282859  -0.0005687706   0.0005356952
   3.2349999891   0.0006010202  -0.0005346067   0.0005179175
   3.2399999891   0.0005714376  -0.0004947610   0.0004986069
   3.2449999891   0.0005418194  -0.0004520643   0.0004787687
   3.2499999891   0.0005136084  -0.0004091558   0.0004588456
   3.2549999891   0.0004870155  -0.0003681318   0.0004385596
   3.2599999891   0.0004610000  -0.0003303516   0.0004170084
   3.2649999890   0.0004336184  -0.0002964244   0.0003929824
   3.2699999890   0.0004026485  -0.0002663572   0.0003654109
   3.2749999890   0.0003663274  -0.0002398123   0.0003338122
   3.2799999890   0.0003240095  -0.0002163983   0.0002986161
   3.2849999890   0.0002765682  -0.0001959179   0.0002612591
   3.2899999890   0.0002264266  -0.0001785085   0.0002240130
   3.2949999889   0.0001771915  -0.0001646424   0.0001895757
   3.2999999889   0.0001329675  -0.0001549923   0.0001605221
   3.3049999889   0.0000975086  -0.0001502025   0.0001387504
   3.3099999889   0.0000734077  -0.0001506301   0.0001250652
   3.3149999889   0.0000615204  -0.0001561311   0.0001190063
   3.3199999889   0.0000607602  -0.0001659496   0.0001189667
   3.3249999888   0.0000683158  -0.0001787480   0.0001225691
   3.3299999888   0.0000802365  -0.0001927715   0.0001272022
   3.3349999888   0.0000922442  -0.0002061155   0.0001305774
   3.3399999888   0.0001005832  -0.0002170300   0.0001311665
   3.3449999888   0.0001027123  -0.0002241954   0.0001284155
   3.3499999888   0.0000976944  -0.0002269069   0.0001226982
   3.3549999887   0.0000862135  -0.0002251344   0.0001150434
   3.3599999887   0.0000702466  -0.0002194532   0.0001067321
   3.3649999887   0.0000524901  -0.0002108724   0.0000988902
   3.3699999887   0.0000356956  -0.0002006101   0.0000921920
   3.3749999887   0.0000220700  -0.0001898680   0.0000867497
   3.3799999886   0.0000128658  -0.0001796543   0.0000821966
   3.3849999886   0.0000082258  -0.0001706796   0.0000779127
   3.3899999886   0.0000072810  -0.0001633316   0.0000732979
   3.3949999886   0.0000084416  -0.0001577104   0.0000679911
   3.3999999886   0.0000097892  -0.0001536983   0.0000619612
   3.4049999886   0.0000094767  -0.0001510356   0.0000554472
   3.4099999885   0.0000060576  -0.0001493846   0.0000487864
   3.4149999885  -0.0000012961  -0.0001483769   0.0000422093
   3.4199999885  -0.0000126978  -0.0001476503   0.0000356962
   3.4249999885  -0.0000275590  -0.0001468880   0.0000289627
   3.4299999885  -0.0000446897  -0.0001458666   0.0000215929
   3.4349999885  -0.0000624666  -0.0001445090   0.0000132766
   3.4399999884  -0.0000790581  -0.0001429286   0.0000040555
   3.4449999884  -0.0000926953  -0.0001414384  -0.0000055282
   3.4499999884  -0.0001019687  -0.0001405066  -0.0000144640
   3.4549999884  -0.0001061143  -0.0001406500  -0.0000215108
   3.4599999884  -0.0001052325  -0.0001422793  -0.0000255829
   3.4649999884  -0.0001003732  -0.0001455348  -0.0000261667
   3.4699999883  -0.0000934302  -0.0001501628  -0.0000236179
   3.4749999883  -0.0000868246  -0.0001554844  -0.0000192118
   3.4799999883  -0.0000830088  -0.0001604883  -0.0000148889
   3.4849999883  -0.0000838855  -0.0001640452  -0.0000127388
   3.4899999883  -0.0000902809  -0.0001652005  -0.0000143594
   3.4949999883  -0.0001016256  -0.0001634701  -0.0000202910
   3.4999999882  -0.0001159636  -0.0001590505  -0.0000297220
   3.5049999882  -0.0001303363  -0.0001528645  -0.0000405958
   3.5099999882  -0.0001414831  -0.0001464065  -0.0000501283
   3.5149999882  -0.0001467035  -0.0001414055  -0.0000556143
   3.5199999882  -0.0001446546  -0.0001393823  -0.0000552917
   3.5249999882  -0.0001358501  -0.0001412162  -0.0000489938
   3.5299999881  -0.0001226880  -0.0001468505  -0.0000383614
   3.5349999881  -0.0001089524  -0.0001552318  -0.0000265113
   3.5399999881  -0.0000988825  -0.0001645230  -0.0000172160
   3.5449999881  -0.0000960376  -0.0001725507  -0.0000138152
   3.5499999881  -0.0001022644  -0.0001773763  -0.0000181750
   3.5549999881  -0.0001170693  -0.0001778352  -0.0000300211
   3.5599999880  -0.0001376030  -0.0001738914  -0.0000468757
   3.5649999880  -0.0001593001  -0.0001666946  -0.0000646541
   3.5699999880  -0.0001770332  -0.0001583107  -0.0000787759
   3.5749999880  -0.0001864791  -0.0001511897  -0.0000854776
   3.5799999880  -0.0001853212  -0.0001475115  -0.0000829387
   3.5849999880  -0.0001739393  -0.0001485937  -0.0000718700
   3.5899999879  -0.0001553718  -0.0001545302  -0.0000553666
   3.5949999879  -0.0001345376  -0.0001641686  -0.0000380472
   3.5999999879  -0.0001169173  -0.0001754367  -0.0000247206
   3.6049999879  -0.0001070589  -0.0001859275  -0.0000189750
   3.6099999879  -0.0001073304  -0.0001935736  -0.0000221186
   3.6149999879  -0.0001172811  -0.0001972149  -0.0000328034
   3.6199999878  -0.0001338014  -0.0001968945  -0.0000474566
   3.6249999878  -0.0001520406  -0.0001937960  -0.0000613978
   3.6299999878  -0.0001668204  -0.0001898453  -0.0000703021
   3.6349999878  -0.0001741318  -0.0001870996  -0.0000715565
   3.6399999878  -0.0001722794  -0.0001871108  -0.0000650818
   3.6449999878  -0.0001623372  -0.0001904579  -0.0000533588
   3.6499999877  -0.0001477864  -0.0001965907  -0.0000406409
   3.6549999877  -0.0001334477  -0.0002040297  -0.0000315965
   3.6599999877  -0.0001240325  -0.0002108568  -0.0000298080
   3.6649999877  -0.0001227472  -0.0002153408  -0.0000366040
   3.6699999877  -0.0001303676  -0.0002165010  -0.0000506009
   3.6749999877  -0.0001450536  -0.0002144297  -0.0000681085
   3.6799999876  -0.0001629457  -0.0002102742  -0.0000842755
   3.6849999876  -0.0001793503  -0.0002058844  -0.0000946151
   3.6899999876  -0.0001901423  -0.0002032377  -0.0000964222
   3.6949999876  -0.0001929544  -0.0002038254  -0.0000896253
   3.6999999876  -0.0001877981  -0.0002081936  -0.0000767948
   3.7049999876  -0.0001769421  -0.0002157850  -0.0000622983
   3.7099999875  -0.0001641090  -0.0002251268  -0.0000508736
   3.7149999875  -0.0001532630  -0.0002343053  -0.0000460801
   3.7199999875  -0.0001473788  -0.0002415702  -0.0000491343
   3.7249999875  -0.0001475818  -0.0002458744  -0.0000585146
   3.7299999875  -0.0001529164  -0.0002471770  -0.0000704738
   3.7349999875  -0.0001607957  -0.0002464122  -0.0000802976
   3.7399999874  -0.0001679612  -0.0002451402  -0.0000839043
   3.7449999874  -0.0001716218  -0.0002449963  -0.0000792566
   3.7499999874  -0.0001703910  -0.0002471234  -0.0000671151
   3.7549999874  -0.0001647142  -0.0002517762  -0.0000508688
   3.7599999874  -0.0001566556  -0.0002582302  -0.0000354804
   3.7649999874  -0.0001491291  -0.0002650274  -0.0000258762
   3.7699999873  -0.0001448444  -0.0002704781  -0.0000253008
   3.7749999873  -0.0001453324  -0.0002732530  -0.0000341828
   3.7799999873  -0.0001503873  -0.0002728660  -0.0000498962
   3.7849999873  -0.0001581180  -0.0002698836  -0.0000675230
   3.7899999873  -0.0001655970  -0.0002657838  -0.0000813923
   3.7949999873  -0.0001698870  -0.0002625032  -0.0000869133
   3.7999999872  -0.0001690974  -0.0002618154  -0.0000821096
   3.8049999872  -0.0001631041  -0.0002647440  -0.0000683496
   3.8099999872  -0.0001536764  -0.0002712034  -0.0000500105
   3.8149999872  -0.0001439512  -0.0002799943  -0.0000331583
   3.8199999872  -0.0001374121  -0.0002891634  -0.0000236427
   3.8249999872  -0.0001367071  -0.0002966210  -0.0000252053
   3.8299999871  -0.0001426960  -0.0003008203  -0.0000382075
   3.8349999871  -0.0001540593  -0.0003012808  -0.0000594009
   3.8399999871  -0.0001676169  -0.0002987824  -0.0000828369
   3.8449999871  -0.0001792782  -0.0002951575  -0.0001016534
   3.8499999871  -0.0001853346  -0.0002927404  -0.0001101923
   3.8549999871  -0.0001836818  -0.0002936391  -0.0001057878
   3.8599999870  -0.0001745758  -0.0002990577  -0.0000896589
   3.8649999870  -0.0001606621  -0.0003088855  -0.0000666117
   3.8699999870  -0.0001462464  -0.0003216860  -0.0000436288
   3.8749999870  -0.0001360176  -0.0003350982  -0.0000277689
   3.8799999870  -0.0001336119  -0.0003465311  -0.0000240202
   3.8849999870  -0.0001404637  -0.0003539412  -0.0000337705
   3.8899999869  -0.0001553097  -0.0003564530  -0.0000543704
   3.8949999869  -0.0001745110  -0.0003546321  -0.0000799264
   3.8999999869  -0.0001931083  -0.0003503231  -0.0001030867
   3.9049999869  -0.0002062953  -0.0003461004  -0.0001172707
   3.9099999869  -0.0002108637  -0.0003444978  -0.0001186618
   3.9149999869  -0.0002061800  -0.0003472505  -0.0001073541
   3.9199999868  -0.0001943952  -0.0003547784  -0.0000873079
   3.9249999868  -0.0001798207  -0.0003660663  -0.0000651335
   3.9299999868  -0.0001676578  -0.0003789760  -0.0000480813
   3.9349999868  -0.0001624636  -0.0003908932  -0.0000418554
   3.9399999868  -0.0001668092  -0.0003995143  -0.0000489128
   3.9449999868  -0.0001805305  -0.0004035374  -0.0000677585
   3.9499999867  -0.0002007846  -0.0004030527  -0.0000934344
   3.9549999867  -0.0002228867  -0.0003995211  -0.0001190389
   3.9599999867  -0.0002416695  -0.0003953508  -0.0001378046
   3.9649999867  -0.0002529596  -0.0003932035  -0.0001451021
   3.9699999867  -0.0002547398  -0.0003952342  -0.0001397735
   3.9749999867  -0.0002476693  -0.0004024876  -0.0001244125
   3.9799999866  -0.0002348311  -0.0004146208  -0.0001045311
   3.9849999866  -0.0002208033  -0.0004300239  -0.0000868886
   3.9899999866  -0.0002103437  -0.0004462929  -0.0000774962
   3.9949999866  -0.0002070750  -0.0004609119  -0.0000798954
   3.9999999866  -0.0002125448  -0.0004719421  -0.0000942074
   4.0049999866  -0.0002259057  -0.0004785268  -0.0001172051
   4.0099999865  -0.0002442759  -0.0004810746  -0.0001433542
   4.0149999865  -0.0002636438  -0.0004810864  -0.0001664822
   4.0199999865  -0.0002800321  -0.0004806872  -0.0001815685
   4.0249999865  -0.0002905836  -0.0004820110  -0.0001861303
   4.0299999865  -0.0002942731  -0.0004866127  -0.0001808215
   4.0349999864  -0.0002920717  -0.0004950736  -0.0001691063
   4.0399999864  -0.0002865567  -0.0005068947  -0.0001561422
   4.0449999864  -0.0002811110  -0.0005206950  -0.0001472308
   4.0499999864  -0.0002789606  -0.0005346400  -0.0001462995
   4.0549999864  -0.0002823214  -0.0005469692  -0.0001548441
   4.0599999864  -0.0002918751  -0.0005564724  -0.0001716107
   4.0649999863  -0.0003066884  -0.0005627858  -0.0001930651
   4.0699999863  -0.0003245580  -0.0005664395  -0.0002144771
   4.0749999863  -0.0003426548  -0.0005686585  -0.0002312805
   4.0799999863  -0.0003582727  -0.0005709884  -0.0002403127
   4.0849999863  -0.0003694792  -0.0005748576  -0.0002405995
   4.0899999863  -0.0003755099  -0.0005811994  -0.0002334942
   4.0949999862  -0.0003768339  -0.0005902307  -0.0002221752
   4.0999999862  -0.0003749032  -0.0006014357  -0.0002106817
   4.1049999862  -0.0003716831  -0.0006137441  -0.0002027815
   4.1099999862  -0.0003690994  -0.0006258431  -0.0002009926
   4.1149999862  -0.0003685489  -0.0006365311  -0.0002060134
   4.1199999862  -0.0003705837  -0.0006450181  -0.0002166881
   4.1249999861  -0.0003748321  -0.0006510989  -0.0002304811
   4.1299999861  -0.0003801536  -0.0006551635  -0.0002442964
   4.1349999861  -0.0003849722  -0.0006580554  -0.0002553984
   4.1399999861  -0.0003876999  -0.0006608250  -0.0002621767
   4.1449999861  -0.0003871459  -0.0006644486  -0.0002645578
   4.1499999861  -0.0003828228  -0.0006695870  -0.0002639707
   4.1549999860  -0.0003750894  -0.0006764413  -0.0002628949
   4.1599999860  -0.0003651089  -0.0006847354  -0.0002641294
   4.1649999860  -0.0003546456  -0.0006938202  -0.0002699828
   4.1699999860  -0.0003457547  -0.0007028666  -0.0002815972
   4.1749999860  -0.0003404434  -0.0007110908  -0.0002985735
   4.1799999860  -0.0003403825  -0.0007179550  -0.0003189798
   4.1849999859  -0.0003467331  -0.0007232916  -0.0003397264
   4.1899999859  -0.0003601233  -0.0007273222  -0.0003571982
   4.1949999859  -0.0003807683  -0.0007305697  -0.0003679761
   4.1999999859  -0.0004086922  -0.0007336882  -0.0003694638
   4.2049999859  -0.0004439793  -0.0007372557  -0.0003602720
   4.2099999859  -0.0004869728  -0.0007415850  -0.0003402799
   4.2149999858  -0.0005383517  -0.0007466028  -0.0003103860
   4.2199999858  -0.0005990446  -0.0007518291  -0.0002720452
   4.2249999858  -0.0006699839  -0.0007564641  -0.0002267479
   4.2299999858  -0.0007517444  -0.0007595606  -0.0001756139
   4.2349999858  -0.0008441447  -0.0007602372  -0.0001192461
   4.2399999858  -0.0009458965  -0.0007578744  -0.0000579171
   4.2449999857  -0.0010543782  -0.0007522425   0.0000079275
   4.2499999857  -0.0011655703  -0.0007435247   0.0000769538
   4.2549999857  -0.0012741507  -0.0007322315   0.0001461814
   4.2599999857  -0.0013737018  -0.0007190338   0.0002103703
   4.2649999857  -0.0014569581  -0.0007045649   0.0002617114
   4.2699999857  -0.0015160209  -0.0006892555   0.0002899100
   4.2749999856  -0.0015424868  -0.0006732549   0.0002826540
   4.2799999856  -0.0015274806  -0.0006564682   0.0002263707
   4.2849999856  -0.0014616283  -0.0006387023   0.0001071111
   4.2899999856  -0.0013350412  -0.0006198804  -0.0000886201
   4.2949999856  -0.0011373985  -0.0006002600  -0.0003732327
   4.2999999856  -0.0008582025  -0.0005805827  -0.0007576943
   4.3049999855  -0.0004872425  -0.0005621057  -0.0012514257
   4.3099999855  -0.0000152518  -0.0005464924  -0.0018623439
   4.3149999855   0.0005653096  -0.0005355855  -0.0025968899
   4.3199999855   0.0012594486  -0.0005311171  -0.0034598773
   4.3249999855   0.0020689193  -0.0005344322  -0.0044540424
   4.3299999855   0.0029916811  -0.0005462949  -0.0055792670
   4.3349999854   0.0040215789  -0.0005668225  -0.0068315467
   4.3399999854   0.0051482403  -0.0005955539  -0.0082018692
   4.3449999854   0.0063571370  -0.0006316144  -0.0096752193
   4.3499999854   0.0076297344  -0.0006739143  -0.0112299280
   4.3549999854   0.0089436621  -0.0007213047  -0.0128375238
   4.3599999854   0.0102728678  -0.0007726344  -0.0144631533
   4.3649999853   0.0115877727  -0.0008266795  -0.0160665267
   4.3699999853   0.0128554927  -0.0008819650  -0.0176032534
   4.3749999853   0.0140402260  -0.0009365316  -0.0190263775
   4.3799999853   0.0151039071  -0.0009877237  -0.0202879273
   4.3849999853   0.0160071973  -0.0010320732  -0.0213403405
   4.3899999853   0.0167108201  -0.0010653301  -0.0221377130
   4.3949999852   0.0171771798  -0.0010826534  -0.0226369088
   4.3999999852   0.0173721364  -0.0010789344  -0.0227986369
   4.4049999852   0.0172667727  -0.0010491890  -0.0225886220
   4.4099999852   0.0168389850  -0.0009889424  -0.0219789711
   4.4149999852   0.0160747653  -0.0008945330  -0.0209497606
   4.4199999852   0.0149691000  -0.0007632874  -0.0194907713
   4.4249999851   0.0135264774  -0.0005935551  -0.0176032043
   4.4299999851   0.0117610543  -0.0003846279  -0.0153011465
   4.4349999851   0.0096965581  -0.0001365981  -0.0126125419
   4.4399999851   0.0073659984   0.0001497789  -0.0095794665
   4.4449999851   0.0048112288   0.0004731592  -0.0062575921
   4.4499999851   0.0020823498   0.0008315883  -0.0027148348
   4.4549999850  -0.0007631036   0.0012223820   0.0009707087
   4.4599999850  -0.0036612721   0.0016419470   0.0047133545
   4.4649999850  -0.0065434606   0.0020856003   0.0084227367
   4.4699999850  -0.0093380511   0.0025474584   0.0120068185
   4.4749999850  -0.0119728214   0.0030204572   0.0153748529
   4.4799999850  -0.0143775820   0.0034965364   0.0184402026
   4.4849999849  -0.0164869756   0.0039669842   0.0211229959
   4.4899999849  -0.0182432432   0.0044229038   0.0233526323
   4.4949999849  -0.0195987457   0.0048557304   0.0250701602
   4.4999999849  -0.0205180548   0.0052577191   0.0262305195
   4.5049999849  -0.0209794749   0.0056223320   0.0268045892
   4.5099999849  -0.0209759219   0.0059444761   0.0267809186
   4.5149999848  -0.0205151514   0.0062205831   0.0261669721
   4.5199999848  -0.0196193806   0.0064485528   0.0249896989
   4.5249999848  -0.0183243832   0.0066276157   0.0232952591
   4.5299999848  -0.0166781480   0.0067581715   0.0211477955
   4.5349999848  -0.0147391807   0.0068416613   0.0186272318
   4.5399999848  -0.0125745112   0.0068805009   0.0158261762
   4.5449999847  -0.0102574456   0.0068780767   0.0128461124
   4.5499999847  -0.0078650875   0.0068387757   0.0097931245
   4.5549999847  -0.0054756554   0.0067680005   0.0067734439
   4.5599999847  -0.0031656388   0.0066721182   0.0038890985
   4.5649999847  -0.0010068691   0.0065583022   0.0012339052
   4.5699999847   0.0009363791   0.0064342483  -0.0011100182
   4.5749999846   0.0026101050   0.0063077757  -0.0030751131
   4.5799999846   0.0039729378   0.0061863526  -0.0046105699
   4.5849999846   0.0049979490   0.0060766011  -0.0056838421
   4.5899999846   0.0056737616   0.0059838472  -0.0062814975
   4.5949999846   0.0060048407   0.0059117734  -0.0064094145
   4.5999999846   0.0060109205   0.0058622168  -0.0060923092
   4.6049999845   0.0057255974   0.0058351281  -0.0053725675
   4.6099999845   0.0051941992   0.0058286866  -0.0043083483
   4.6149999845   0.0044710966   0.0058395358  -0.0029709481
   4.6199999845   0.0036166653   0.0058630971  -0.0014414633
   4.6249999845   0.0026941110   0.0058939051   0.0001931474
   4.6299999845   0.0017663551   0.0059259225   0.0018444181
   4.6349999844   0.0008931352   0.0059527992   0.0034268992
   4.6399999844   0.0001284279   0.0059680659   0.0048625479
   4.6449999844  -0.0004817457   0.0059652732   0.0060846763
   4.6499999844  -0.0009011058   0.0059381001   0.0070411692
   4.6549999844  -0.0011044766   0.0058804701   0.0076967527
   4.6599999844  -0.0010787117   0.0057867038   0.0080341848
   4.6649999843  -0.0008231469   0.0056517272   0.0080543418
   4.6699999843  -0.0003495343   0.0054713333   0.0077752740
   4.6749999843   0.0003186013   0.0052424704   0.0072303772
   4.6799999843   0.0011472236   0.0049635150   0.0064658754
   4.6849999843   0.0020936689   0.0046344744   0.0055378165
   4.6899999843   0.0031090977   0.0042570710   0.0045087738
   4.6949999842   0.0041413901   0.0038346764   0.0034444088
   4.6999999842   0.0051382927   0.0033720865   0.0024100228
   4.7049999842   0.0060505785   0.0028751629   0.0014671976
   4.7099999842   0.0068349625   0.0023503890   0.0006706251
   4.7149999842   0.0074565360   0.0018044066   0.0000652328
   4.7199999841   0.0078905372   0.0012436030  -0.0003162595
   4.7249999841   0.0081233526   0.0006738034  -0.0004551969
   4.7299999841   0.0081527320   0.0001001004  -0.0003481006
   4.7349999841   0.0079872824  -0.0004731788  -0.0000068895
   4.7399999841   0.0076453603  -0.0010423989   0.0005418774
   4.7449999841   0.0071535158  -0.0016044837   0.0012587469
   4.7499999840   0.0065446371  -0.0021567826   0.0020940182
   4.7549999840   0.0058559239  -0.0026969808   0.0029911018
   4.7599999840   0.0051267846  -0.0032230777   0.0038903237
   4.7649999840   0.0043967204  -0.0037334285   0.0047328579
   4.7699999840   0.0037032480  -0.0042268189   0.0054644692
   4.7749999840   0.0030799110  -0.0047025263   0.0060387816
   4.7799999839   0.0025544526  -0.0051603216   0.0064198645
   4.7849999839   0.0021472469  -0.0056003784   0.0065840116
   4.7899999839   0.0018701053  -0.0060230844   0.0065206786
   4.7949999839   0.0017255821  -0.0064287754   0.0062326127
   4.7999999839   0.0017068766  -0.0068174404   0.0057352540
   4.8049999839   0.0017983889  -0.0071884541   0.0050555050
   4.8099999838   0.0019769195  -0.0075403952   0.0042299654
   4.8149999838   0.0022134299  -0.0078709889   0.0033027173
   4.8199999838   0.0024752229  -0.0081771884   0.0023227468
   4.8249999838   0.0027283517  -0.0084553824   0.0013410922
   4.8299999838   0.0029400510  -0.0087016906   0.0004078354
   4.8349999838   0.0030809954  -0.0089122975  -0.0004309142
   4.8399999837   0.0031272170  -0.0090837700  -0.0011358621
   4.8449999837   0.0030615661  -0.0092133144  -0.0016769952
   4.8499999837   0.0028746461  -0.0092989453  -0.0020354734
   4.8549999837   0.0025652013  -0.0093395569  -0.0022047761
   4.8599999837   0.0021399771  -0.0093349083  -0.0021909884
   4.8649999837   0.0016130961  -0.0092855485  -0.0020121863
   4.8699999836   0.0010050197  -0.0091927111  -0.0016969623
   4.8749999836   0.0003411719  -0.0090582133  -0.0012822096
   4.8799999836  -0.0003496860  -0.0088843791  -0.0008103524
   4.8849999836  -0.0010372352  -0.0086739993  -0.0003262488
   4.8899999836  -0.0016914394  -0.0084303209   0.0001259835
   4.8949999836  -0.0022843462  -0.0081570475   0.0005059770
   4.8999999835  -0.0027917548  -0.0078583233   0.0007797447
   4.9049999835  -0.0031946608  -0.0075386720   0.0009217638
   4.9099999835  -0.0034803928  -0.0072028723   0.0009164018
   4.9149999835  -0.0036433684  -0.0068557647   0.0007586347
   4.9199999835  -0.0036854114  -0.0065020048   0.0004540640
   4.9249999835  -0.0036155912  -0.0061457963   0.0000182815
   4.9299999834  -0.0034495755  -0.0057906475  -0.0005243342
   4.9349999834  -0.0032085211  -0.0054391957  -0.0011422954
   4.9399999834  -0.0029175666  -0.0050931365  -0.0017990540
   4.9449999834  -0.0026040332  -0.0047532719  -0.0024553203
   4.9499999834  -0.0022954700  -0.0044196698  -0.0030715473
   4.9549999834  -0.0020177052  -0.0040919035  -0.0036104680
   4.9599999833  -0.0017930622  -0.0037693226  -0.0040395541
   4.9649999833  -0.0016388881  -0.0034513042  -0.0043332447
   4.9699999833  -0.0015665013  -0.0031374402  -0.0044747799
   4.9749999833  -0.0015806241  -0.0028276352  -0.0044574699
   4.9799999833  -0.0016793103  -0.0025221141  -0.0042852577
   4.9849999833  -0.0018543380  -0.0022213595  -0.0039724828
   4.9899999832  -0.0020920010  -0.0019260162  -0.0035428269
   4.9949999832  -0.0023742137  -0.0016368022  -0.0030275131
   4.9999999832  -0.0026798407  -0.0013544574  -0.0024629140
   5.0049999832  -0.0029861629  -0.0010797462  -0.0018877945
   5.0099999832  -0.0032704002  -0.0008135044  -0.0013404483
   5.0149999832  -0.0035112160  -0.0005567075  -0.0008559875
   5.0199999831  -0.0036901278  -0.0003105246  -0.0004640063
   5.0249999831  -0.0037927459  -0.0000763253  -0.0001867739
   5.0299999831  -0.0038097600   0.0001443812  -0.0000380406
   5.0349999831  -0.0037375969   0.0003500756  -0.0000224686
   5.0399999831  -0.0035786841   0.0005394056  -0.0001356515
   5.0449999831  -0.0033412816   0.0007113772  -0.0003646576
   5.0499999830  -0.0030388819   0.0008655177  -0.0006890281
   5.0549999830  -0.0026892161   0.0010019750  -0.0010821668
   5.0599999830  -0.0023129487   0.0011215319  -0.0015130665
   5.0649999830  -0.0019321710   0.0012255338  -0.0019483120
   5.0699999830  -0.0015688201   0.0013157462  -0.0023542822
   5.0749999830  -0.0012431497   0.0013941719  -0.0026994397
   5.0799999829  -0.0009723641   0.0014628631  -0.0029565619
   5.0849999829  -0.0007695044   0.0015237579  -0.0031047355
   5.0899999829  -0.0006426488   0.0015785632  -0.0031309341
   5.0949999829  -0.0005944647   0.0016286896  -0.0030310152
   5.0999999829  -0.0006221298   0.0016752336  -0.0028100252
   5.1049999829  -0.0007176208   0.0017189947  -0.0024817720
   5.1099999828  -0.0008683506   0.0017605079  -0.0020677007
   5.1149999828  -0.0010581153   0.0018000785  -0.0015951834
   5.1199999828  -0.0012682909   0.0018378083  -0.0010953856
   5.1249999828  -0.0014791959   0.0018736090  -0.0006009015
   5.1299999828  -0.0016715188   0.0019072075  -0.0001433574
   5.1349999828  -0.0018276990   0.0019381497   0.0002488348
   5.1399999827  -0.0019331553   0.0019658140   0.0005524169
   5.1449999827  -0.0019772676   0.0019894426   0.0007507966
   5.1499999827  -0.0019540480   0.0020081980   0.0008350447
   5.1549999827  -0.0018624674   0.0020212448   0.0008043317
   5.1599999827  -0.0017064296   0.0020278504   0.0006657919
   5.1649999827  -0.0014944154   0.0020274932   0.0004338448
   5.1699999826  -0.0012388297   0.0020199619   0.0001290372
   5.1749999826  -0.0009550973   0.0020054266  -0.0002234960
   5.1799999826  -0.0006605635   0.0019844658  -0.0005958358
   5.1849999826  -0.0003732610   0.0019580417  -0.0009592186
   5.1899999826  -0.0001106185   0.0019274217  -0.0012859852
   5.1949999826   0.0001118011   0.0018940581  -0.0015514238
   5.1999999825   0.0002814371   0.0018594441  -0.0017354074
   5.2049999825   0.0003896453   0.0018249720  -0.0018237381
   5.2099999825   0.0004323060   0.0017918147  -0.0018091242
   5.2149999825   0.0004100702   0.0017608511  -0.0016917189
   5.2199999825   0.0003282216   0.0017326386  -0.0014791664
   5.2249999825   0.0001961786   0.0017074315  -0.0011861138
   5.2299999824   0.0000266926   0.0016852285  -0.0008331843
   5.2349999824  -0.0001651703   0.0016658315  -0.0004454527
   5.2399999824  -0.0003631700   0.0016488964  -0.0000505210
   5.2449999824  -0.0005510610   0.0016339644   0.0003236507
   5.2499999824  -0.0007137112   0.0016204727   0.0006509608
   5.2549999824  -0.0008381071   0.0016077517   0.0009092169
   5.2599999823  -0.0009142014   0.0015950233   0.0010818171
   5.2649999823  -0.0009355655   0.0015814178   0.0011589101
   5.2699999823  -0.0008998146   0.0015660175   0.0011379442
   5.2749999823  -0.0008087769   0.0015479303   0.0010235956
   5.2799999823  -0.0006683800   0.0015263852   0.0008271373
   5.2849999823  -0.0004882412   0.0015008296   0.0005653576
   5.2899999822  -0.0002809696   0.0014710116   0.0002591669
   5.2949999822  -0.0000612144   0.0014370256  -0.0000679758
   5.2999999822   0.0001554709   0.0013993138  -0.0003916964
   5.3049999822   0.0003538544   0.0013586199  -0.0006883140
   5.3099999822   0.0005202277   0.0013159066  -0.0009363555
   5.3149999822   0.0006434710   0.0012722516  -0.0011179238
   5.3199999821   0.0007158830   0.0012287405  -0.0012198669
   5.3249999821   0.0007337054   0.0011863721  -0.0012346857
   5.3299999821   0.0006973112   0.0011459882  -0.0011611101
   5.3349999821   0.0006110613   0.0011082313  -0.0010042738
   5.3399999821   0.0004828649   0.0010735286  -0.0007754338
   5.3449999821   0.0003235012   0.0010421001  -0.0004912120
   5.3499999820   0.0001457681   0.0010139815  -0.0001723879
   5.3549999820  -0.0000364738   0.0009890564   0.0001576804
   5.3599999820  -0.0002092980   0.0009670921   0.0004748781
   5.3649999820  -0.0003596903   0.0009477731   0.0007562359
   5.3699999820  -0.0004764519   0.0009307287   0.0009817389
   5.3749999820  -0.0005509749   0.0009155529   0.0011358748
   5.3799999819  -0.0005778396   0.0009018161   0.0012087881
   5.3849999819  -0.0005551886   0.0008890703   0.0011969474
   5.3899999819  -0.0004848490   0.0008768544   0.0011032835
   5.3949999819  -0.0003721854   0.0008647033   0.0009368092
   5.3999999819  -0.0002256927   0.0008521672   0.0007117724
   5.4049999818  -0.0000563568   0.0008388424   0.0004464319
   5.4099999818   0.0001231708   0.0008244125   0.0001615723
   5.4149999818   0.0002995209   0.0008086904  -0.0001211142
   5.4199999818   0.0004596104   0.0007916530  -0.0003806468
   5.4249999818   0.0005916301   0.0007734552  -0.0005982522
   5.4299999818   0.0006859451   0.0007544151  -0.0007586369
   5.4349999817   0.0007358428   0.0007349682  -0.0008509597
   5.4399999817   0.0007380643   0.0007155950  -0.0008694623
   5.4449999817   0.0006930709   0.0006967354  -0.0008137434
   5.4499999817   0.0006050093   0.0006787072  -0.0006886868
   5.4549999817   0.0004813674   0.0006616461  -0.0005040656
   5.4599999817   0.0003323396   0.0006454835  -0.0002738538
   5.4649999816   0.0001699593   0.0006299664  -0.0000152729
   5.4699999816   0.0000070809   0.0006147166   0.0002523875
   5.4749999816  -0.0001436825   0.0005993157   0.0005091299
   5.4799999816  -0.0002709600   0.0005833963   0.0007357212
   5.4849999816  -0.0003654679   0.0005667163   0.0009151790
   5.4899999816  -0.0004206340   0.0005491998   0.0010341496
   5.4949999815  -0.0004329713   0.0005309363   0.0010840389
   5.4999999815  -0.0004022031   0.0005121395   0.0010617647
   5.5049999815  -0.0003311661   0.0004930811   0.0009700286
   5.5099999815  -0.0002255280   0.0004740207   0.0008170620
   5.5149999815  -0.0000933534   0.0004551529   0.0006158649
   5.5199999815   0.0000554540   0.0004365883   0.0003830251
   5.5249999814   0.0002098154   0.0004183744   0.0001372538
   5.5299999814   0.0003582276   0.0004005469  -0.0001021996
   5.5349999814   0.0004895732   0.0003831938  -0.0003170928
   5.5399999814   0.0005939473   0.0003665076  -0.0004915625
   5.5449999814   0.0006634357   0.0003508064  -0.0006132278
   5.5499999814   0.0006927733   0.0003365107  -0.0006739731
   5.5549999813   0.0006798054   0.0003240803  -0.0006703912
   5.5599999813   0.0006256927   0.0003139256  -0.0006038910
   5.5649999813   0.0005348285   0.0003063186  -0.0004804865
   5.5699999813   0.0004144697   0.0003013254  -0.0003102901
   5.5749999813   0.0002741184   0.0002987797  -0.0001067406
   5.5799999813   0.0001247205   0.0002982999   0.0001143922
   5.5849999812  -0.0000222410   0.0002993445   0.0003361687
   5.5899999812  -0.0001556704   0.0003012875   0.0005417294
   5.5949999812  -0.0002657250   0.0003034970   0.0007155459
   5.5999999812  -0.0003445542   0.0003053989   0.0008445761
   5.6049999812  -0.0003868606   0.0003065197   0.0009192355
   5.6099999812  -0.0003902459   0.0003065065   0.0009341096
   5.6149999811  -0.0003553238   0.0003051298   0.0008883541
   5.6199999811  -0.0002855938   0.0003022755   0.0007857552
   5.6249999811  -0.0001870943   0.0002979303   0.0006344429
   5.6299999811  -0.0000678669   0.0002921636   0.0004462752
   5.6349999811   0.0000627183   0.0002851043   0.0002359287
   5.6399999811   0.0001947123   0.0002769144   0.0000197549
   5.6449999810   0.0003183477   0.0002677639  -0.0001855176
   5.6499999810   0.0004247469   0.0002578115  -0.0003641350
   5.6549999810   0.0005065289   0.0002472013  -0.0005026053
   5.6599999810   0.0005582804   0.0002360763  -0.0005908023
   5.6649999810   0.0005768730   0.0002246071  -0.0006227743
   5.6699999810   0.0005616234   0.0002130255  -0.0005971769
   5.6749999809   0.0005142983   0.0002016449  -0.0005172882
   5.6799999809   0.0004389697   0.0001908547  -0.0003906156
   5.6849999809   0.0003417288   0.0001810807  -0.0002281501
   5.6899999809   0.0002302621   0.0001727149  -0.0000433613
   5.6949999809   0.0001133059   0.0001660338   0.0001489553
   5.6999999809  -0.0000000007   0.0001611279   0.0003338608
   5.7049999808  -0.0001008242   0.0001578682   0.0004973897
   5.7099999808  -0.0001813538   0.0001559216   0.0006275215
   5.7149999808  -0.0002354608   0.0001548171   0.0007149625
   5.7199999808  -0.0002592295   0.0001540435   0.0007537114
   5.7249999808  -0.0002512971   0.0001531530   0.0007414018
   5.7299999808  -0.0002129597   0.0001518418   0.0006794170
   5.7349999807  -0.0001480267   0.0001499872   0.0005727786
   5.7399999807  -0.0000624425   0.0001476363   0.0004298067
   5.7449999807   0.0000362803   0.0001449546   0.0002615558
   5.7499999807   0.0001397457   0.0001421566   0.0000810394
   5.7549999807   0.0002394017   0.0001394387  -0.0000977216
   5.7599999807   0.0003272337   0.0001369355  -0.0002607718
   5.7649999806   0.0003963657   0.0001347043  -0.0003953334
   5.7699999806   0.0004415282   0.0001327361  -0.0004908604
   5.7749999806   0.0004593759   0.0001309815  -0.0005399307
   5.7799999806   0.0004486533   0.0001293794  -0.0005388825
   5.7849999806   0.0004102178   0.0001278783  -0.0004881262
   5.7899999806   0.0003469345   0.0001264455  -0.0003920965
   5.7949999805   0.0002634544   0.0001250658  -0.0002588528
   5.7999999805   0.0001658885   0.0001237327  -0.0000993703
   5.8049999805   0.0000613893   0.0001224363   0.0000734007
   5.8099999805  -0.0000423405   0.0001211484   0.0002456172
   5.8149999805  -0.0001375892   0.0001198077   0.0004036655
   5.8199999805  -0.0002171914   0.0001183028   0.0005352316
   5.8249999804  -0.0002750574   0.0001164599   0.0006302343
   5.8299999804  -0.0003066358   0.0001140377   0.0006815584
   5.8349999804  -0.0003092713   0.0001107385   0.0006855399
   5.8399999804  -0.0002824295   0.0001062382   0.0006421781
   5.8449999804  -0.0002277687   0.0001002362   0.0005550672
   5.8499999804  -0.0001490523   0.0000925157   0.0004310666
   5.8549999803  -0.0000519028   0.0000830019   0.0002797400
   5.8599999803   0.0000565929   0.0000718010   0.0001126186
   5.8649999803   0.0001684057   0.0000592095  -0.0000576554
   5.8699999803   0.0002751825   0.0000456856  -0.0002182408
   5.8749999803   0.0003689158   0.0000317909  -0.0003570051
   5.8799999803   0.0004426063   0.0000181134  -0.0004633793
   5.8849999802   0.0004908531   0.0000051912  -0.0005291142
   5.8899999802   0.0005103070  -0.0000065466  -0.0005489002
   5.8949999802   0.0004999350  -0.0000168084  -0.0005208125
   5.8999999802   0.0004610681  -0.0000254378  -0.0004465423
   5.9049999802   0.0003972325  -0.0000323838  -0.0003313752
   5.9099999802   0.0003137961  -0.0000376554  -0.0001838895
   5.9149999801   0.0002174823  -0.0000412762  -0.0000153641
   5.9199999801   0.0001158122  -0.0000432479   0.0001610794
   5.9249999801   0.0000165334  -0.0000435332   0.0003315411
   5.9299999801  -0.0000729225  -0.0000420588   0.0004825164
   5.9349999801  -0.0001459288  -0.0000387348   0.0006020585
   5.9399999801  -0.0001970895  -0.0000334859   0.0006808060
   5.9449999800  -0.0002225954  -0.0000262831   0.0007127647
   5.9499999800  -0.0002205046  -0.0000171689   0.0006957708
   5.9549999800  -0.0001909296  -0.0000062692   0.0006316024
   5.9599999800  -0.0001361029   0.0000062126   0.0005257547
   5.9649999800  -0.0000602935   0.0000200166   0.0003869229
   5.9699999800   0.0000304472   0.0000348581   0.0002262627
   5.9749999799   0.0001287121   0.0000504601   0.0000564997
   5.9799999799   0.0002263125   0.0000665778  -0.0001090430
   5.9849999799   0.0003149535   0.0000830065  -0.0002574367
   5.9899999799   0.0003869402   0.0000995698  -0.0003771014
   5.9949999799   0.0004358438   0.0001160904  -0.0004586710
