   0.0000000000   0.0000000000   0.0000000000   0.0000000000
   0.0050000000   0.0000000000   0.0000000000   0.0000000000
   0.0100000000   0.0000000000   0.0000000000   0.0000000000
   0.0149999999   0.0000000000   0.0000000000   0.0000000000
   0.0199999999   0.0000000000   0.0000000000   0.0000000000
   0.0249999999   0.0000000000   0.0000000000   0.0000000000
   0.0299999999   0.0000000000   0.0000000000   0.0000000000
   0.0349999999   0.0000000000   0.0000000000   0.0000000000
   0.0399999999   0.0000000000   0.0000000000   0.0000000000
   0.0449999998   0.0000000000   0.0000000000   0.0000000000
   0.0499999998   0.0000000000   0.0000000000   0.0000000000
   0.0549999998   0.0000000000   0.0000000000   0.0000000000
   0.0599999998   0.0000000000   0.0000000000   0.0000000000
   0.0649999998   0.0000000000   0.0000000000   0.0000000000
   0.0699999998   0.0000000000   0.0000000000   0.0000000000
   0.0749999997  -0.0000000000   0.0000000000  -0.0000000000
   0.0799999997  -0.0000000000   0.0000000000  -0.0000000000
   0.0849999997  -0.0000000000   0.0000000000  -0.0000000000
   0.0899999997  -0.0000000000   0.0000000000  -0.0000000000
   0.0949999997  -0.0000000000   0.0000000000  -0.0000000000
   0.0999999997  -0.0000000000   0.0000000000  -0.0000000000
   0.1049999996  -0.0000000000   0.0000000000  -0.0000000000
   0.1099999996  -0.0000000000   0.0000000000  -0.0000000000
   0.1149999996  -0.0000000000   0.0000000000  -0.0000000000
   0.1199999996   0.0000000000   0.0000000000   0.0000000000
   0.1249999996   0.0000000000  -0.0000000000   0.0000000000
   0.1299999996   0.0000000000  -0.0000000000   0.0000000000
   0.1349999995   0.0000000000  -0.0000000000   0.0000000000
   0.1399999995   0.0000000000  -0.0000000000   0.0000000000
   0.1449999995   0.0000000000  -0.0000000000   0.0000000000
   0.1499999995   0.0000000000  -0.0000000000   0.0000000000
   0.1549999995   0.0000000000  -0.0000000000   0.0000000000
   0.1599999995   0.0000000000  -0.0000000000   0.0000000000
   0.1649999994   0.0000000000  -0.0000000000   0.0000000000
   0.1699999994   0.0000000000  -0.0000000000   0.0000000000
   0.1749999994   0.0000000000  -0.0000000000   0.0000000000
   0.1799999994   0.0000000000  -0.0000000000   0.0000000000
   0.1849999994   0.0000000000  -0.0000000000   0.0000000000
   0.1899999994   0.0000000000  -0.0000000000   0.0000000000
   0.1949999993   0.0000000000  -0.0000000000   0.0000000000
   0.1999999993   0.0000000000  -0.0000000000   0.0000000000
   0.2049999993   0.0000000000  -0.0000000000   0.0000000000
   0.2099999993   0.0000000000  -0.0000000000   0.0000000000
   0.2149999993   0.0000000000  -0.0000000000   0.0000000000
   0.2199999993   0.0000000000  -0.0000000000   0.0000000000
   0.2249999992   0.0000000000  -0.0000000000   0.0000000000
   0.2299999992   0.0000000000  -0.0000000000   0.0000000000
   0.2349999992   0.0000000000  -0.0000000000   0.0000000000
   0.2399999992   0.0000000000  -0.0000000000   0.0000000000
   0.2449999992   0.0000000000  -0.0000000000   0.0000000000
   0.2499999992   0.0000000000  -0.0000000000   0.0000000000
   0.2549999991   0.0000000000  -0.0000000000   0.0000000000
   0.2599999991   0.0000000000  -0.0000000000   0.0000000000
   0.2649999991   0.0000000000  -0.0000000000   0.0000000000
   0.2699999991   0.0000000000  -0.0000000000   0.0000000000
   0.2749999991   0.0000000000  -0.0000000000   0.0000000000
   0.2799999991   0.0000000000  -0.0000000000   0.0000000000
   0.2849999990   0.0000000000  -0.0000000000   0.0000000000
   0.2899999990   0.0000000000  -0.0000000000   0.0000000000
   0.2949999990   0.0000000000  -0.0000000000   0.0000000000
   0.2999999990   0.0000000000  -0.0000000000   0.0000000000
   0.3049999990   0.0000000000  -0.0000000000   0.0000000000
   0.3099999990   0.0000000000  -0.0000000000   0.0000000000
   0.3149999989   0.0000000000  -0.0000000000   0.0000000000
   0.3199999989   0.0000000000  -0.0000000000   0.0000000000
   0.3249999989   0.0000000000  -0.0000000000   0.0000000000
   0.3299999989   0.0000000000  -0.0000000000   0.0000000000
   0.3349999989   0.0000000000  -0.0000000000   0.0000000000
   0.3399999989   0.0000000000  -0.0000000000   0.0000000000
   0.3449999988   0.0000000000  -0.0000000000   0.0000000000
   0.3499999988   0.0000000000  -0.0000000000   0.0000000000
   0.3549999988   0.0000000000  -0.0000000000   0.0000000000
   0.3599999988   0.0000000000  -0.0000000000   0.0000000000
   0.3649999988   0.0000000000  -0.0000000000   0.0000000000
   0.3699999988   0.0000000000  -0.0000000000   0.0000000000
   0.3749999987   0.0000000000  -0.0000000000   0.0000000000
   0.3799999987   0.0000000000   0.0000000000   0.0000000000
   0.3849999987   0.0000000000   0.0000000000   0.0000000000
   0.3899999987  -0.0000000000   0.0000000000  -0.0000000000
   0.3949999987  -0.0000000000   0.0000000000  -0.0000000000
   0.3999999987  -0.0000000000   0.0000000000  -0.0000000000
   0.4049999986  -0.0000000000   0.0000000000  -0.0000000000
   0.4099999986  -0.0000000000   0.0000000000  -0.0000000000
   0.4149999986  -0.0000000000   0.0000000000  -0.0000000000
   0.4199999986  -0.0000000000   0.0000000000  -0.0000000000
   0.4249999986  -0.0000000000   0.0000000000  -0.0000000000
   0.4299999986  -0.0000000000   0.0000000000  -0.0000000000
   0.4349999985  -0.0000000000   0.0000000000  -0.0000000000
   0.4399999985  -0.0000000000   0.0000000000  -0.0000000000
   0.4449999985  -0.0000000000   0.0000000000  -0.0000000000
   0.4499999985  -0.0000000000   0.0000000000  -0.0000000000
   0.4549999985  -0.0000000000   0.0000000000  -0.0000000000
   0.4599999985  -0.0000000000   0.0000000000  -0.0000000000
   0.4649999984  -0.0000000000   0.0000000000  -0.0000000000
   0.4699999984  -0.0000000000   0.0000000000  -0.0000000000
   0.4749999984  -0.0000000000   0.0000000000  -0.0000000000
   0.4799999984  -0.0000000000   0.0000000000  -0.0000000000
   0.4849999984  -0.0000000000   0.0000000000  -0.0000000000
   0.4899999984  -0.0000000000   0.0000000000  -0.0000000000
   0.4949999983  -0.0000000000   0.0000000000  -0.0000000000
   0.4999999983  -0.0000000000   0.0000000000  -0.0000000000
   0.5049999983  -0.0000000000   0.0000000000  -0.0000000000
   0.5099999983  -0.0000000000   0.0000000000  -0.0000000000
   0.5149999983  -0.0000000000   0.0000000000  -0.0000000000
   0.5199999983  -0.0000000000   0.0000000000  -0.0000000000
   0.5249999982  -0.0000000000   0.0000000000  -0.0000000000
   0.5299999982  -0.0000000000   0.0000000000  -0.0000000000
   0.5349999982  -0.0000000000   0.0000000000  -0.0000000000
   0.5399999982  -0.0000000000   0.0000000000  -0.0000000000
   0.5449999982  -0.0000000000   0.0000000000  -0.0000000000
   0.5499999982  -0.0000000000   0.0000000000  -0.0000000000
   0.5549999981  -0.0000000000   0.0000000000  -0.0000000000
   0.5599999981  -0.0000000000   0.0000000000  -0.0000000000
   0.5649999981   0.0000000000   0.0000000000   0.0000000000
   0.5699999981   0.0000000000   0.0000000000   0.0000000000
   0.5749999981   0.0000000000   0.0000000000   0.0000000000
   0.5799999981   0.0000000000   0.0000000000   0.0000000000
   0.5849999980   0.0000000000   0.0000000000   0.0000000000
   0.5899999980   0.0000000000   0.0000000000   0.0000000000
   0.5949999980   0.0000000000   0.0000000000   0.0000000000
   0.5999999980   0.0000000000   0.0000000000   0.0000000000
   0.6049999980   0.0000000000   0.0000000000   0.0000000000
   0.6099999980   0.0000000000   0.0000000000   0.0000000000
   0.6149999979   0.0000000000   0.0000000000   0.0000000000
   0.6199999979   0.0000000000   0.0000000000   0.0000000000
   0.6249999979   0.0000000000  -0.0000000000   0.0000000000
   0.6299999979   0.0000000000  -0.0000000000   0.0000000000
   0.6349999979   0.0000000000  -0.0000000000   0.0000000000
   0.6399999979   0.0000000000  -0.0000000000   0.0000000000
   0.6449999978  -0.0000000000  -0.0000000000  -0.0000000000
   0.6499999978  -0.0000000000  -0.0000000000  -0.0000000000
   0.6549999978  -0.0000000000  -0.0000000000  -0.0000000000
   0.6599999978  -0.0000000000  -0.0000000000  -0.0000000000
   0.6649999978  -0.0000000000  -0.0000000000  -0.0000000000
   0.6699999978  -0.0000000000  -0.0000000000  -0.0000000000
   0.6749999977  -0.0000000000  -0.0000000000  -0.0000000000
   0.6799999977  -0.0000000000  -0.0000000000  -0.0000000000
   0.6849999977  -0.0000000000   0.0000000000  -0.0000000000
   0.6899999977  -0.0000000000   0.0000000000  -0.0000000000
   0.6949999977   0.0000000000   0.0000000000   0.0000000000
   0.6999999976   0.0000000000   0.0000000000   0.0000000000
   0.7049999976   0.0000000000   0.0000000000   0.0000000000
   0.7099999976   0.0000000000   0.0000000000   0.0000000000
   0.7149999976   0.0000000000   0.0000000000   0.0000000000
   0.7199999976   0.0000000000   0.0000000000   0.0000000000
   0.7249999976   0.0000000000   0.0000000000   0.0000000000
   0.7299999975   0.0000000000   0.0000000000   0.0000000000
   0.7349999975   0.0000000000   0.0000000000   0.0000000000
   0.7399999975   0.0000000000   0.0000000000   0.0000000000
   0.7449999975   0.0000000000   0.0000000000   0.0000000000
   0.7499999975   0.0000000000   0.0000000000   0.0000000000
   0.7549999975   0.0000000000   0.0000000000   0.0000000000
   0.7599999974   0.0000000000   0.0000000000   0.0000000000
   0.7649999974   0.0000000000   0.0000000000   0.0000000000
   0.7699999974   0.0000000000   0.0000000000   0.0000000000
   0.7749999974   0.0000000000   0.0000000000   0.0000000000
   0.7799999974   0.0000000000   0.0000000000   0.0000000000
   0.7849999974   0.0000000000   0.0000000000   0.0000000000
   0.7899999973   0.0000000000   0.0000000000   0.0000000000
   0.7949999973   0.0000000000   0.0000000000   0.0000000000
   0.7999999973   0.0000000000   0.0000000000   0.0000000000
   0.8049999973   0.0000000000   0.0000000000   0.0000000000
   0.8099999973   0.0000000000   0.0000000000   0.0000000000
   0.8149999973   0.0000000000   0.0000000000   0.0000000000
   0.8199999972   0.0000000000   0.0000000000   0.0000000000
   0.8249999972   0.0000000000   0.0000000000   0.0000000000
   0.8299999972   0.0000000000   0.0000000000   0.0000000000
   0.8349999972   0.0000000000   0.0000000000   0.0000000000
   0.8399999972   0.0000000000   0.0000000000   0.0000000000
   0.8449999972   0.0000000000   0.0000000000   0.0000000000
   0.8499999971   0.0000000000   0.0000000000   0.0000000000
   0.8549999971   0.0000000000   0.0000000000   0.0000000000
   0.8599999971   0.0000000000   0.0000000000   0.0000000000
   0.8649999971   0.0000000000   0.0000000000   0.0000000000
   0.8699999971   0.0000000000   0.0000000000   0.0000000000
   0.8749999971   0.0000000000   0.0000000000   0.0000000000
   0.8799999970   0.0000000000   0.0000000000   0.0000000000
   0.8849999970   0.0000000000   0.0000000000   0.0000000000
   0.8899999970   0.0000000000   0.0000000000   0.0000000000
   0.8949999970   0.0000000000   0.0000000000   0.0000000000
   0.8999999970   0.0000000000   0.0000000000   0.0000000000
   0.9049999970   0.0000000000   0.0000000000   0.0000000000
   0.9099999969   0.0000000000   0.0000000000   0.0000000000
   0.9149999969   0.0000000000   0.0000000000   0.0000000000
   0.9199999969   0.0000000000   0.0000000000   0.0000000000
   0.9249999969   0.0000000000   0.0000000000   0.0000000000
   0.9299999969   0.0000000000   0.0000000000   0.0000000000
   0.9349999969   0.0000000000   0.0000000000   0.0000000000
   0.9399999968   0.0000000000   0.0000000000   0.0000000000
   0.9449999968   0.0000000000   0.0000000000   0.0000000000
   0.9499999968   0.0000000000   0.0000000000   0.0000000000
   0.9549999968   0.0000000000   0.0000000000   0.0000000000
   0.9599999968   0.0000000000   0.0000000000   0.0000000000
   0.9649999968   0.0000000000   0.0000000000   0.0000000000
   0.9699999967   0.0000000000   0.0000000000   0.0000000000
   0.9749999967   0.0000000000   0.0000000000   0.0000000000
   0.9799999967   0.0000000000   0.0000000000   0.0000000000
   0.9849999967   0.0000000000   0.0000000000   0.0000000000
   0.9899999967   0.0000000000   0.0000000000   0.0000000000
   0.9949999967   0.0000000000   0.0000000000   0.0000000000
   0.9999999966  -0.0000000000   0.0000000000   0.0000000000
   1.0049999966  -0.0000000000  -0.0000000000  -0.0000000000
   1.0099999966  -0.0000000000  -0.0000000000  -0.0000000000
   1.0149999966  -0.0000000000  -0.0000000000  -0.0000000000
   1.0199999966  -0.0000000000  -0.0000000000  -0.0000000000
   1.0249999966  -0.0000000000  -0.0000000000  -0.0000000000
   1.0299999965  -0.0000000000  -0.0000000000  -0.0000000000
   1.0349999965  -0.0000000000  -0.0000000000  -0.0000000000
   1.0399999965  -0.0000000000  -0.0000000000  -0.0000000000
   1.0449999965  -0.0000000000  -0.0000000000  -0.0000000000
   1.0499999965  -0.0000000000  -0.0000000000  -0.0000000000
   1.0549999965  -0.0000000000  -0.0000000000  -0.0000000000
   1.0599999964  -0.0000000000  -0.0000000000  -0.0000000000
   1.0649999964  -0.0000000000  -0.0000000000  -0.0000000000
   1.0699999964  -0.0000000000  -0.0000000000  -0.0000000000
   1.0749999964   0.0000000000   0.0000000000   0.0000000000
   1.0799999964   0.0000000000   0.0000000000   0.0000000000
   1.0849999964   0.0000000000   0.0000000000   0.0000000000
   1.0899999963   0.0000000000   0.0000000000   0.0000000000
   1.0949999963   0.0000000000   0.0000000000   0.0000000000
   1.0999999963   0.0000000000   0.0000000000   0.0000000000
   1.1049999963   0.0000000000   0.0000000000   0.0000000000
   1.1099999963   0.0000000000   0.0000000000   0.0000000000
   1.1149999963   0.0000000000   0.0000000000   0.0000000000
   1.1199999962   0.0000000000   0.0000000000   0.0000000000
   1.1249999962   0.0000000000   0.0000000000   0.0000000000
   1.1299999962   0.0000000000   0.0000000000   0.0000000000
   1.1349999962  -0.0000000000   0.0000000000   0.0000000000
   1.1399999962  -0.0000000000  -0.0000000000  -0.0000000000
   1.1449999962  -0.0000000000  -0.0000000000  -0.0000000000
   1.1499999961  -0.0000000000  -0.0000000000  -0.0000000000
   1.1549999961  -0.0000000000  -0.0000000000  -0.0000000000
   1.1599999961  -0.0000000000  -0.0000000000  -0.0000000000
   1.1649999961  -0.0000000000  -0.0000000000  -0.0000000000
   1.1699999961  -0.0000000000  -0.0000000000  -0.0000000000
   1.1749999961  -0.0000000000  -0.0000000000  -0.0000000000
   1.1799999960  -0.0000000000  -0.0000000000  -0.0000000000
   1.1849999960  -0.0000000000  -0.0000000000  -0.0000000000
   1.1899999960   0.0000000000  -0.0000000000  -0.0000000000
   1.1949999960   0.0000000000   0.0000000000   0.0000000000
   1.1999999960   0.0000000000   0.0000000000   0.0000000000
   1.2049999960   0.0000000000   0.0000000000   0.0000000000
   1.2099999959   0.0000000000   0.0000000000   0.0000000000
   1.2149999959   0.0000000000   0.0000000000   0.0000000000
   1.2199999959   0.0000000000   0.0000000000   0.0000000000
   1.2249999959   0.0000000000   0.0000000000   0.0000000000
   1.2299999959   0.0000000000   0.0000000000   0.0000000000
   1.2349999959   0.0000000000   0.0000000000   0.0000000000
   1.2399999958  -0.0000000000   0.0000000000   0.0000000000
   1.2449999958  -0.0000000000  -0.0000000000  -0.0000000000
   1.2499999958  -0.0000000000  -0.0000000000  -0.0000000000
   1.2549999958  -0.0000000000  -0.0000000000  -0.0000000000
   1.2599999958  -0.0000000000  -0.0000000000  -0.0000000000
   1.2649999958  -0.0000000000  -0.0000000000  -0.0000000000
   1.2699999957  -0.0000000000  -0.0000000000  -0.0000000000
   1.2749999957  -0.0000000000  -0.0000000000  -0.0000000000
   1.2799999957  -0.0000000000  -0.0000000000  -0.0000000000
   1.2849999957  -0.0000000000  -0.0000000000  -0.0000000000
   1.2899999957   0.0000000000  -0.0000000000  -0.0000000000
   1.2949999957   0.0000000000   0.0000000000   0.0000000000
   1.2999999956   0.0000000000   0.0000000000   0.0000000000
   1.3049999956   0.0000000000   0.0000000000   0.0000000000
   1.3099999956   0.0000000000   0.0000000000   0.0000000000
   1.3149999956   0.0000000000   0.0000000000   0.0000000000
   1.3199999956   0.0000000000   0.0000000000   0.0000000000
   1.3249999956   0.0000000000   0.0000000000   0.0000000000
   1.3299999955   0.0000000000   0.0000000000   0.0000000000
   1.3349999955  -0.0000000000   0.0000000000   0.0000000000
   1.3399999955  -0.0000000000  -0.0000000000  -0.0000000000
   1.3449999955  -0.0000000000  -0.0000000000  -0.0000000000
   1.3499999955  -0.0000000000  -0.0000000000  -0.0000000000
   1.3549999954  -0.0000000000  -0.0000000000  -0.0000000000
   1.3599999954  -0.0000000000  -0.0000000000  -0.0000000000
   1.3649999954  -0.0000000000  -0.0000000000  -0.0000000000
   1.3699999954  -0.0000000000  -0.0000000000  -0.0000000000
   1.3749999954   0.0000000000  -0.0000000000  -0.0000000000
   1.3799999954   0.0000000000  -0.0000000000   0.0000000000
   1.3849999953   0.0000000000   0.0000000000   0.0000000000
   1.3899999953   0.0000000000   0.0000000000   0.0000000000
   1.3949999953   0.0000000000   0.0000000000   0.0000000000
   1.3999999953   0.0000000000   0.0000000000   0.0000000000
   1.4049999953   0.0000000000   0.0000000000   0.0000000000
   1.4099999953   0.0000000000   0.0000000000   0.0000000000
   1.4149999952   0.0000000000   0.0000000000   0.0000000000
   1.4199999952  -0.0000000000   0.0000000000  -0.0000000000
   1.4249999952  -0.0000000000  -0.0000000000  -0.0000000000
   1.4299999952  -0.0000000000  -0.0000000000  -0.0000000000
   1.4349999952  -0.0000000000  -0.0000000000  -0.0000000000
   1.4399999952  -0.0000000000  -0.0000000000  -0.0000000000
   1.4449999951  -0.0000000000  -0.0000000000  -0.0000000000
   1.4499999951  -0.0000000000  -0.0000000000  -0.0000000000
   1.4549999951   0.0000000000  -0.0000000000  -0.0000000000
   1.4599999951   0.0000000000  -0.0000000000   0.0000000000
   1.4649999951   0.0000000000   0.0000000000   0.0000000000
   1.4699999951   0.0000000000   0.0000000000   0.0000000000
   1.4749999950   0.0000000000   0.0000000000   0.0000000000
   1.4799999950   0.0000000000   0.0000000000   0.0000000000
   1.4849999950   0.0000000000   0.0000000000   0.0000000000
   1.4899999950   0.0000000000   0.0000000000   0.0000000000
   1.4949999950  -0.0000000000   0.0000000000   0.0000000000
   1.4999999950  -0.0000000000  -0.0000000000  -0.0000000000
   1.5049999949  -0.0000000000  -0.0000000000  -0.0000000000
   1.5099999949  -0.0000000000  -0.0000000000  -0.0000000000
   1.5149999949  -0.0000000000  -0.0000000000  -0.0000000001
   1.5199999949  -0.0000000000  -0.0000000000  -0.0000000001
   1.5249999949  -0.0000000000  -0.0000000000  -0.0000000000
   1.5299999949   0.0000000000  -0.0000000000  -0.0000000000
   1.5349999948   0.0000000000  -0.0000000000   0.0000000000
   1.5399999948   0.0000000000   0.0000000000   0.0000000000
   1.5449999948   0.0000000000   0.0000000000   0.0000000000
   1.5499999948   0.0000000000   0.0000000000   0.0000000001
   1.5549999948   0.0000000000   0.0000000000   0.0000000001
   1.5599999948   0.0000000000   0.0000000000   0.0000000001
   1.5649999947   0.0000000000   0.0000000000   0.0000000000
   1.5699999947  -0.0000000000   0.0000000000   0.0000000000
   1.5749999947  -0.0000000000  -0.0000000000  -0.0000000000
   1.5799999947  -0.0000000000  -0.0000000000  -0.0000000000
   1.5849999947  -0.0000000000  -0.0000000000  -0.0000000001
   1.5899999947  -0.0000000000  -0.0000000000  -0.0000000001
   1.5949999946  -0.0000000000  -0.0000000000  -0.0000000000
   1.5999999946  -0.0000000000  -0.0000000000  -0.0000000000
   1.6049999946   0.0000000000  -0.0000000000  -0.0000000000
   1.6099999946   0.0000000000  -0.0000000000   0.0000000000
   1.6149999946   0.0000000000   0.0000000000   0.0000000000
   1.6199999946   0.0000000000   0.0000000000   0.0000000000
   1.6249999945   0.0000000000   0.0000000000   0.0000000000
   1.6299999945   0.0000000000   0.0000000000   0.0000000000
   1.6349999945   0.0000000000   0.0000000000   0.0000000000
   1.6399999945   0.0000000000  -0.0000000000  -0.0000000000
   1.6449999945   0.0000000001  -0.0000000000  -0.0000000000
   1.6499999945   0.0000000001  -0.0000000000  -0.0000000000
   1.6549999944   0.0000000001  -0.0000000000  -0.0000000000
   1.6599999944   0.0000000001  -0.0000000000  -0.0000000000
   1.6649999944   0.0000000001  -0.0000000000  -0.0000000000
   1.6699999944   0.0000000000  -0.0000000000  -0.0000000000
   1.6749999944  -0.0000000001   0.0000000000   0.0000000000
   1.6799999944  -0.0000000002   0.0000000000   0.0000000001
   1.6849999943  -0.0000000004   0.0000000001   0.0000000002
   1.6899999943  -0.0000000006   0.0000000002   0.0000000002
   1.6949999943  -0.0000000007   0.0000000002   0.0000000003
   1.6999999943  -0.0000000009   0.0000000003   0.0000000004
   1.7049999943  -0.0000000009   0.0000000004   0.0000000005
   1.7099999943  -0.0000000008   0.0000000004   0.0000000005
   1.7149999942  -0.0000000006   0.0000000004   0.0000000004
   1.7199999942  -0.0000000001   0.0000000003   0.0000000001
   1.7249999942   0.0000000005   0.0000000000  -0.0000000003
   1.7299999942   0.0000000013  -0.0000000003  -0.0000000008
   1.7349999942   0.0000000022  -0.0000000008  -0.0000000015
   1.7399999942   0.0000000032  -0.0000000013  -0.0000000022
   1.7449999941   0.0000000042  -0.0000000018  -0.0000000028
   1.7499999941   0.0000000049  -0.0000000023  -0.0000000033
   1.7549999941   0.0000000053  -0.0000000026  -0.0000000034
   1.7599999941   0.0000000051  -0.0000000026  -0.0000000030
   1.7649999941   0.0000000041  -0.0000000023  -0.0000000021
   1.7699999941   0.0000000023  -0.0000000015  -0.0000000005
   1.7749999940  -0.0000000004  -0.0000000003   0.0000000016
   1.7799999940  -0.0000000038   0.0000000014   0.0000000041
   1.7849999940  -0.0000000078   0.0000000033   0.0000000067
   1.7899999940  -0.0000000118   0.0000000053   0.0000000092
   1.7949999940  -0.0000000154   0.0000000071   0.0000000110
   1.7999999940  -0.0000000180   0.0000000085   0.0000000118
   1.8049999939  -0.0000000188   0.0000000091   0.0000000113
   1.8099999939  -0.0000000174   0.0000000087   0.0000000092
   1.8149999939  -0.0000000135   0.0000000072   0.0000000056
   1.8199999939  -0.0000000070   0.0000000044   0.0000000005
   1.8249999939   0.0000000015   0.0000000006  -0.0000000056
   1.8299999939   0.0000000113  -0.0000000039  -0.0000000119
   1.8349999938   0.0000000212  -0.0000000088  -0.0000000178
   1.8399999938   0.0000000299  -0.0000000133  -0.0000000224
   1.8449999938   0.0000000359  -0.0000000169  -0.0000000247
   1.8499999938   0.0000000380  -0.0000000189  -0.0000000242
   1.8549999938   0.0000000354  -0.0000000189  -0.0000000206
   1.8599999938   0.0000000280  -0.0000000164  -0.0000000139
   1.8649999937   0.0000000162  -0.0000000116  -0.0000000047
   1.8699999937   0.0000000013  -0.0000000049   0.0000000060
   1.8749999937  -0.0000000148   0.0000000030   0.0000000167
   1.8799999937  -0.0000000297   0.0000000112   0.0000000259
   1.8849999937  -0.0000000413   0.0000000185   0.0000000320
   1.8899999937  -0.0000000474   0.0000000237   0.0000000339
   1.8949999936  -0.0000000468   0.0000000260   0.0000000309
   1.8999999936  -0.0000000391   0.0000000247   0.0000000231
   1.9049999936  -0.0000000254   0.0000000199   0.0000000115
   1.9099999936  -0.0000000074   0.0000000120  -0.0000000023
   1.9149999936   0.0000000120   0.0000000023  -0.0000000160
   1.9199999936   0.0000000295  -0.0000000080  -0.0000000273
   1.9249999935   0.0000000421  -0.0000000170  -0.0000000340
   1.9299999935   0.0000000474  -0.0000000232  -0.0000000347
   1.9349999935   0.0000000439  -0.0000000254  -0.0000000287
   1.9399999935   0.0000000320  -0.0000000231  -0.0000000170
   1.9449999935   0.0000000135  -0.0000000166  -0.0000000013
   1.9499999935  -0.0000000086  -0.0000000068   0.0000000155
   1.9549999934  -0.0000000302   0.0000000044   0.0000000301
   1.9599999934  -0.0000000472   0.0000000149   0.0000000395
   1.9649999934  -0.0000000560   0.0000000228   0.0000000415
   1.9699999934  -0.0000000545   0.0000000263   0.0000000351
   1.9749999934  -0.0000000422   0.0000000246   0.0000000211
   1.9799999934  -0.0000000208   0.0000000177   0.0000000018
   1.9849999933   0.0000000062   0.0000000067  -0.0000000194
   1.9899999933   0.0000000340  -0.0000000063  -0.0000000382
   1.9949999933   0.0000000574  -0.0000000190  -0.0000000510
   1.9999999933   0.0000000718  -0.0000000287  -0.0000000547
   2.0049999933   0.0000000741  -0.0000000336  -0.0000000484
   2.0099999933   0.0000000633  -0.0000000325  -0.0000000330
   2.0149999932   0.0000000411  -0.0000000253  -0.0000000111
   2.0199999932   0.0000000113  -0.0000000134   0.0000000131
   2.0249999932  -0.0000000209   0.0000000011   0.0000000348
   2.0299999932  -0.0000000495   0.0000000155   0.0000000499
   2.0349999932  -0.0000000692   0.0000000272   0.0000000554
   2.0399999931  -0.0000000766   0.0000000340   0.0000000505
   2.0449999931  -0.0000000704   0.0000000349   0.0000000366
   2.0499999931  -0.0000000524   0.0000000299   0.0000000169
   2.0549999931  -0.0000000264   0.0000000204  -0.0000000042
   2.0599999931   0.0000000022   0.0000000083  -0.0000000222
   2.0649999931   0.0000000278  -0.0000000038  -0.0000000335
   2.0699999930   0.0000000457  -0.0000000138  -0.0000000364
   2.0749999930   0.0000000531  -0.0000000201  -0.0000000312
   2.0799999930   0.0000000498  -0.0000000221  -0.0000000201
   2.0849999930   0.0000000380  -0.0000000203  -0.0000000069
   2.0899999930   0.0000000216  -0.0000000159   0.0000000045
   2.0949999930   0.0000000049  -0.0000000105   0.0000000111
   2.0999999929  -0.0000000080  -0.0000000056   0.0000000113
   2.1049999929  -0.0000000147  -0.0000000024   0.0000000060
   2.1099999929  -0.0000000151  -0.0000000008  -0.0000000023
   2.1149999929  -0.0000000110  -0.0000000004  -0.0000000100
   2.1199999929  -0.0000000057  -0.0000000000  -0.0000000134
   2.1249999929  -0.0000000024   0.0000000015  -0.0000000100
   2.1299999928  -0.0000000037   0.0000000050   0.0000000003
   2.1349999928  -0.0000000100   0.0000000102   0.0000000153
   2.1399999928  -0.0000000196   0.0000000163   0.0000000307
   2.1449999928  -0.0000000288   0.0000000214   0.0000000412
   2.1499999928  -0.0000000332   0.0000000235   0.0000000424
   2.1549999928  -0.0000000293   0.0000000210   0.0000000318
   2.1599999927  -0.0000000157   0.0000000132   0.0000000105
   2.1649999927   0.0000000057   0.0000000011  -0.0000000167
   2.1699999927   0.0000000293  -0.0000000127  -0.0000000421
   2.1749999927   0.0000000473  -0.0000000243  -0.0000000568
   2.1799999927   0.0000000510  -0.0000000294  -0.0000000527
   2.1849999927   0.0000000331  -0.0000000243  -0.0000000247
   2.1899999926  -0.0000000101  -0.0000000066   0.0000000277
   2.1949999926  -0.0000000777   0.0000000238   0.0000001003
   2.1999999926  -0.0000001644   0.0000000650   0.0000001856
   2.2049999926  -0.0000002623   0.0000001136   0.0000002751
   2.2099999926  -0.0000003636   0.0000001658   0.0000003628
   2.2149999926  -0.0000004645   0.0000002194   0.0000004486
   2.2199999925  -0.0000005680   0.0000002749   0.0000005405
   2.2249999925  -0.0000006862   0.0000003371   0.0000006557
   2.2299999925  -0.0000008400   0.0000004148   0.0000008185
   2.2349999925  -0.0000010565   0.0000005207   0.0000010578
   2.2399999925  -0.0000013652   0.0000006691   0.0000014019
   2.2449999925  -0.0000017926   0.0000008741   0.0000018739
   2.2499999924  -0.0000023574   0.0000011472   0.0000024882
   2.2549999924  -0.0000030673   0.0000014950   0.0000032487
   2.2599999924  -0.0000039183   0.0000019191   0.0000041497
   2.2649999924  -0.0000048966   0.0000024155   0.0000051793
   2.2699999924  -0.0000059832   0.0000029768   0.0000063235
   2.2749999924  -0.0000071594   0.0000035938   0.0000075714
   2.2799999923  -0.0000084111   0.0000042581   0.0000089176
   2.2849999923  -0.0000097320   0.0000049634   0.0000103620
   2.2899999923  -0.0000111221   0.0000057054   0.0000119063
   2.2949999923  -0.0000125831   0.0000064809   0.0000135470
   2.2999999923  -0.0000141114   0.0000072847   0.0000152673
   2.3049999923  -0.0000156886   0.0000081056   0.0000170287
   2.3099999922  -0.0000172746   0.0000089232   0.0000187667
   2.3149999922  -0.0000188032   0.0000097049   0.0000203910
   2.3199999922  -0.0000201829   0.0000104052   0.0000217924
   2.3249999922  -0.0000213030   0.0000109680   0.0000228543
   2.3299999922  -0.0000220449   0.0000113301   0.0000234693
   2.3349999922  -0.0000222946   0.0000114274   0.0000235556
   2.3399999921  -0.0000219568   0.0000112017   0.0000230699
   2.3449999921  -0.0000209652   0.0000106067   0.0000220141
   2.3499999921  -0.0000192900   0.0000096140   0.0000204324
   2.3549999921  -0.0000169410   0.0000082163   0.0000183988
   2.3599999921  -0.0000139680   0.0000064306   0.0000159960
   2.3649999921  -0.0000104611   0.0000042999   0.0000132903
   2.3699999920  -0.0000065526   0.0000018960   0.0000103065
   2.3749999920  -0.0000024210  -0.0000006778   0.0000070081
   2.3799999920   0.0000017024  -0.0000032832   0.0000032900
   2.3849999920   0.0000055312  -0.0000057451  -0.0000010143
   2.3899999920   0.0000087288  -0.0000078545  -0.0000061052
   2.3949999920   0.0000109315  -0.0000093798  -0.0000121710
   2.3999999919   0.0000117931  -0.0000100898  -0.0000193218
   2.4049999919   0.0000110573  -0.0000097925  -0.0000275074
   2.4099999919   0.0000086533  -0.0000083878  -0.0000364251
   2.4149999919   0.0000048054  -0.0000059325  -0.0000454266
   2.4199999919   0.0000001382  -0.0000027072  -0.0000534383
   2.4249999919  -0.0000042483   0.0000007264  -0.0000589140
   2.4299999918  -0.0000067640   0.0000034954  -0.0000598461
   2.4349999918  -0.0000054036   0.0000044313  -0.0000538627
   2.4399999918   0.0000020613   0.0000021500  -0.0000384420
   2.4449999918   0.0000177591  -0.0000047903  -0.0000112681
   2.4499999918   0.0000432642  -0.0000176460   0.0000292563
   2.4549999918   0.0000790309  -0.0000371626   0.0000833487
   2.4599999917   0.0001237572  -0.0000631860   0.0001490675
   2.4649999917   0.0001737402  -0.0000942384   0.0002214808
   2.4699999917   0.0002223036  -0.0001271071   0.0002918818
   2.4749999917   0.0002593913  -0.0001565008   0.0003471757
   2.4799999917   0.0002714222  -0.0001748388   0.0003695817
   2.4849999917   0.0002414987  -0.0001722389   0.0003367918
   2.4899999916   0.0001500374  -0.0001367625   0.0002227070
   2.4949999916  -0.0000241383  -0.0000549598  -0.0000011782
   2.4999999916  -0.0003022511   0.0000872660  -0.0003637360
   2.5049999916  -0.0007036306   0.0003034934  -0.0008915905
   2.5099999916  -0.0012435039   0.0006053709  -0.0016060994
   2.5149999916  -0.0019306961   0.0010010571  -0.0025201880
   2.5199999915  -0.0027654700   0.0014936519  -0.0036353599
   2.5249999915  -0.0037377627   0.0020797847  -0.0049392451
   2.5299999915  -0.0048260788   0.0027485455  -0.0064040428
   2.5349999915  -0.0059972696   0.0034809357  -0.0079861627
   2.5399999915  -0.0072073581   0.0042499895  -0.0096272777
   2.5449999915  -0.0084034740   0.0050216613  -0.0112568610
   2.5499999914  -0.0095268366   0.0057565007  -0.0127961223
   2.5549999914  -0.0105165931   0.0064120480  -0.0141630894
   2.5599999914  -0.0113141977   0.0069457887  -0.0152784241
   2.5649999914  -0.0118679163   0.0073184219  -0.0160714424
   2.5699999914  -0.0121369970   0.0074971336  -0.0164857405
   2.5749999914  -0.0120950456   0.0074585357  -0.0164838337
   2.5799999913  -0.0117322201   0.0071909421  -0.0160502862
   2.5849999913  -0.0110559786   0.0066957083  -0.0151929630
   2.5899999913  -0.0100902849   0.0059874524  -0.0139422345
   2.5949999913  -0.0088733651   0.0050931022  -0.0123482059
   2.5999999913  -0.0074542890   0.0040498472  -0.0104762822
   2.6049999913  -0.0058888004   0.0029022096  -0.0084015909
   2.6099999912  -0.0042349091   0.0016985551  -0.0062029314
   2.6149999912  -0.0025487769   0.0004874359  -0.0039569773
   2.6199999912  -0.0008813693  -0.0006858294  -0.0017334145
   2.6249999912   0.0007237861  -0.0017819683   0.0004084489
   2.6299999912   0.0022315705  -0.0027696844   0.0024212940
   2.6349999912   0.0036150162  -0.0036265533   0.0042695975
   2.6399999911   0.0048540534  -0.0043388872   0.0059278974
   2.6449999911   0.0059336458  -0.0049007122   0.0073780282
   2.6499999911   0.0068417883  -0.0053121276   0.0086060017
   2.6549999911   0.0075678432  -0.0055773904   0.0095992607
   2.6599999911   0.0081016121  -0.0057030910   0.0103449490
   2.6649999911   0.0084333956  -0.0056967446   0.0108296436
   2.6699999910   0.0085550889  -0.0055660299   0.0110407013
   2.6749999910   0.0084621549  -0.0053187721   0.0109690421
   2.6799999910   0.0081561176  -0.0049636174   0.0106128747
   2.6849999910   0.0076470842  -0.0045112015   0.0099816314
   2.6899999910   0.0069557422  -0.0039755040   0.0090992647
   2.6949999909   0.0061143156  -0.0033750216   0.0080060912
   2.6999999909   0.0051660930  -0.0027334015   0.0067585595
   2.7049999909   0.0041633494  -0.0020792476   0.0054266322
   2.7099999909   0.0031637337  -0.0014449450   0.0040888623
   2.7149999909   0.0022254613  -0.0008645169   0.0028256482
   2.7199999909   0.0014018722  -0.0003707083   0.0017114941
   2.7249999908   0.0007360694   0.0000083506   0.0008073245
   2.7299999908   0.0002563951   0.0002524340   0.0001539625
   2.7349999908  -0.0000265688   0.0003519571  -0.0002322398
   2.7399999908  -0.0001209794   0.0003096935  -0.0003609111
   2.7449999908  -0.0000524658   0.0001411269  -0.0002660102
   2.7499999908   0.0001392797  -0.0001267224  -0.0000011739
   2.7549999907   0.0004056334  -0.0004579372   0.0003673318
   2.7599999907   0.0006952060  -0.0008115244   0.0007690945
   2.7649999907   0.0009601938  -0.0011459466   0.0011382982
   2.7699999907   0.0011620289  -0.0014237696   0.0014215199
   2.7749999907   0.0012755498  -0.0016158009   0.0015835236
   2.7799999907   0.0012911387  -0.0017041567   0.0016103050
   2.7849999906   0.0012145889  -0.0016838472   0.0015090608
   2.7899999906   0.0010648138  -0.0015626847   0.0013052160
   2.7949999906   0.0008698357  -0.0013595662   0.0010370738
   2.7999999906   0.0006617429  -0.0011014157   0.0007489887
   2.8049999906   0.0004714344  -0.0008192618   0.0004841483
   2.8099999906   0.0003239685  -0.0005440346   0.0002780673
   2.8149999905   0.0002351936  -0.0003026827   0.0001537352
   2.8199999905   0.0002100975  -0.0001151370   0.0001190660
   2.8249999905   0.0002430115   0.0000075102   0.0001669008
   2.8299999905   0.0003194966   0.0000634444   0.0002774058
   2.8349999905   0.0004194758   0.0000592415   0.0004223258
   2.8399999905   0.0005210051   0.0000079028   0.0005702863
   2.8449999904   0.0006040115  -0.0000737906   0.0006922057
   2.8499999904   0.0006533830  -0.0001681365   0.0007659083
   2.8549999904   0.0006609483  -0.0002591271   0.0007792136
   2.8599999904   0.0006261023  -0.0003344419   0.0007310693
   2.8649999904   0.0005550812  -0.0003865760   0.0006306538
   2.8699999904   0.0004591135  -0.0004130264   0.0004947257
   2.8749999903   0.0003518457  -0.0004156164   0.0003437869
   2.8799999903   0.0002465313  -0.0003991744   0.0001978030
   2.8849999903   0.0001534762  -0.0003698689   0.0000722630
   2.8899999903   0.0000781536  -0.0003335275  -0.0000247421
   2.8949999903   0.0000202635  -0.0002942405  -0.0000939559
   2.8999999903  -0.0000261641  -0.0002534710  -0.0001447321
   2.9049999902  -0.0000716993  -0.0002097875  -0.0001932751
   2.9099999902  -0.0001297028  -0.0001592183  -0.0002597324
   2.9149999902  -0.0002141094  -0.0000961160  -0.0003647054
   2.9199999902  -0.0003371779  -0.0000143473  -0.0005258096
   2.9249999902  -0.0005075613   0.0000914240  -0.0007548607
   2.9299999902  -0.0007289779   0.0002245898  -0.0010561135
   2.9349999901  -0.0009996485   0.0003857753  -0.0014257619
   2.9399999901  -0.0013125321   0.0005724648  -0.0018526715
   2.9449999901  -0.0016562651   0.0007791118  -0.0023201045
   2.9499999901  -0.0020166024   0.0009976884  -0.0028080474
   2.9549999901  -0.0023780949   0.0012185578  -0.0032956871
   2.9599999901  -0.0027257195   0.0014315069  -0.0037636027
   2.9649999900  -0.0030462106   0.0016267643  -0.0041953456
   2.9699999900  -0.0033289143   0.0017958462  -0.0045782265
   2.9749999900  -0.0035660860   0.0019321142  -0.0049032992
   2.9799999900  -0.0037526594   0.0020309939  -0.0051646856
   2.9849999900  -0.0038856111   0.0020898669  -0.0053584940
   2.9899999900  -0.0039631144   0.0021077091  -0.0054816375
   2.9949999899  -0.0039837000   0.0020845893  -0.0055308474
   2.9999999899  -0.0039456298   0.0020211583  -0.0055021093
   3.0049999899  -0.0038466299   0.0019182505  -0.0053906471
   3.0099999899  -0.0036840502   0.0017766842  -0.0051914586
   3.0149999899  -0.0034554194   0.0015973000  -0.0049002930
   3.0199999899  -0.0031592830   0.0013812188  -0.0045148771
   3.0249999898  -0.0027961492   0.0011302551  -0.0040361463
   3.0299999898  -0.0023693407   0.0008473806  -0.0034692415
   3.0349999898  -0.0018855701   0.0005371254  -0.0028240684
   3.0399999898  -0.0013551027   0.0002058098  -0.0021152988
   3.0449999898  -0.0007914488  -0.0001384683  -0.0013617788
   3.0499999898  -0.0002106122  -0.0004861191  -0.0005854123
   3.0549999897   0.0003700025  -0.0008266009   0.0001903365
   3.0599999897   0.0009328659  -0.0011491463   0.0009421186
   3.0649999897   0.0014615992  -0.0014435753   0.0016483340
   3.0699999897   0.0019420771  -0.0017010809   0.0022905182
   3.0749999897   0.0023632247  -0.0019148782   0.0028543257
   3.0799999897   0.0027174341  -0.0020806327   0.0033300229
   3.0849999896   0.0030005927  -0.0021966214   0.0037124847
   3.0899999896   0.0032117777  -0.0022636224   0.0040007593
   3.0949999896   0.0033527157  -0.0022845721   0.0041973275
   3.0999999896   0.0034271272  -0.0022640595   0.0043072095
   3.1049999896   0.0034400770  -0.0022077444   0.0043370783
   3.1099999896   0.0033974272  -0.0021217904   0.0042945110
   3.1149999895   0.0033054513  -0.0020123876   0.0041874664
   3.1199999895   0.0031706290  -0.0018854152   0.0040240190
   3.1249999895   0.0029995978  -0.0017462623   0.0038123268
   3.1299999895   0.0027992082  -0.0015997950   0.0035607624
   3.1349999895   0.0025766146  -0.0014504288   0.0032781113
   3.1399999895   0.0023393281  -0.0013022522   0.0029737312
   3.1449999894   0.0020951754  -0.0011591391   0.0026575835
   3.1499999894   0.0018521258  -0.0010248006   0.0023400733
   3.1549999894   0.0016179824  -0.0009027416   0.0020316800
   3.1599999894   0.0013999623  -0.0007961131   0.0017424015
   3.1649999894   0.0012042169  -0.0007074811   0.0014810779
   3.1699999894   0.0010353655  -0.0006385503   0.0012546915
   3.1749999893   0.0008961187  -0.0005899034   0.0010677564
   3.1799999893   0.0007870656  -0.0005608148   0.0009219062
   3.1849999893   0.0007066767  -0.0005491937   0.0008157706
   3.1899999893   0.0006515452  -0.0005516913   0.0007451886
   3.1949999893   0.0006168484  -0.0005639781   0.0007037569
   3.1999999893   0.0005969752  -0.0005811683   0.0006836549
   3.2049999892   0.0005862294  -0.0005983373   0.0006766351
   3.2099999892   0.0005795026  -0.0006110593   0.0006750321
   3.2149999892   0.0005728083  -0.0006158832   0.0006726322
   3.2199999892   0.0005635916  -0.0006106704   0.0006652596
   3.2249999892   0.0005507684  -0.0005947411   0.0006509867
   3.2299999892   0.0005344997  -0.0005688080   0.0006299402
   3.2349999891   0.0005157615  -0.0005347131   0.0006037564
   3.2399999891   0.0004958110  -0.0004950201   0.0005748099
   3.2449999891   0.0004756751  -0.0004525405   0.0005453875
   3.2499999891   0.0004557779  -0.0004098821   0.0005169921
   3.2549999891   0.0004357927  -0.0003691015   0.0004899305
   3.2599999891   0.0004147471  -0.0003315169   0.0004632738
   3.2649999890   0.0003913487  -0.0002977029   0.0004351897
   3.2699999890   0.0003644379  -0.0002676453   0.0004035552
   3.2749999890   0.0003334449  -0.0002410046   0.0003666873
   3.2799999890   0.0002987192  -0.0002174086   0.0003239974
   3.2849999890   0.0002616346  -0.0001966969   0.0002763907
   3.2899999890   0.0002244272  -0.0001790548   0.0002262956
   3.2949999889   0.0001897956  -0.0001650027   0.0001772961
   3.2999999889   0.0001603562  -0.0001552509   0.0001334469
   3.3049999889   0.0001380869  -0.0001504610   0.0000984283
   3.3099999889   0.0001239000  -0.0001509832   0.0000747441
   3.3149999889   0.0001174518  -0.0001566425   0.0000631581
   3.3199999889   0.0001172360  -0.0001666369   0.0000625066
   3.3249999888   0.0001209372  -0.0001795776   0.0000699320
   3.3299999888   0.0001259488  -0.0001936686   0.0000814812
   3.3349999888   0.0001299234  -0.0002069848   0.0000929242
   3.3399999888   0.0001312188  -0.0002177836   0.0001005974
   3.3449999888   0.0001291337  -0.0002247795   0.0001020811
   3.3499999888   0.0001238934  -0.0002273212   0.0000965644
   3.3549999887   0.0001164118  -0.0002254373   0.0000848355
   3.3599999887   0.0001079166  -0.0002197513   0.0000689288
   3.3649999887   0.0000995569  -0.0002112958   0.0000515378
   3.3699999887   0.0000921039  -0.0002012796   0.0000353496
   3.3749999887   0.0000858185  -0.0001908626   0.0000224590
   3.3799999886   0.0000804993  -0.0001809871   0.0000139842
   3.3849999886   0.0000756691  -0.0001722902   0.0000099431
   3.3899999886   0.0000708138  -0.0001650967   0.0000093790
   3.3949999886   0.0000655809  -0.0001594712   0.0000106711
   3.3999999886   0.0000598715  -0.0001552982   0.0000119307
   3.4049999886   0.0000538002  -0.0001523586   0.0000113889
   3.4099999885   0.0000475588  -0.0001503849   0.0000077014
   3.4149999885   0.0000412520  -0.0001490906   0.0000001362
   3.4199999885   0.0000347876  -0.0001481878  -0.0000113579
   3.4249999885   0.0000278823  -0.0001474065  -0.0000261805
   3.4299999885   0.0000201922  -0.0001465309  -0.0000431805
   3.4349999885   0.0000115275  -0.0001454505  -0.0000608099
   3.4399999884   0.0000020615  -0.0001442129  -0.0000773215
   3.4449999884  -0.0000075608  -0.0001430498  -0.0000910097
   3.4499999884  -0.0000162888  -0.0001423537  -0.0001004829
   3.4549999884  -0.0000229173  -0.0001425905  -0.0001049389
   3.4599999884  -0.0000264652  -0.0001441576  -0.0001043913
   3.4649999884  -0.0000265626  -0.0001472216  -0.0000997779
   3.4699999883  -0.0000237064  -0.0001515872  -0.0000928895
   3.4749999883  -0.0000192673  -0.0001566490  -0.0000860877
   3.4799999883  -0.0000152051  -0.0001614650  -0.0000818323
   3.4849999883  -0.0000135427  -0.0001649523  -0.0000821062
   3.4899999883  -0.0000157411  -0.0001661695  -0.0000878725
   3.4949999883  -0.0000221714  -0.0001646105  -0.0000987204
   3.4999999882  -0.0000318684  -0.0001604230  -0.0001128313
   3.5049999882  -0.0000426837  -0.0001544698  -0.0001273201
   3.5099999882  -0.0000518333  -0.0001481921  -0.0001389111
   3.5149999882  -0.0000567080  -0.0001432871  -0.0001447965
   3.5199999882  -0.0000557136  -0.0001412728  -0.0001434573
   3.5249999882  -0.0000488780  -0.0001430538  -0.0001352067
   3.5299999881  -0.0000380082  -0.0001486159  -0.0001222711
   3.5349999881  -0.0000263091  -0.0001569501  -0.0001083407
   3.5399999881  -0.0000175351  -0.0001662506  -0.0000976686
   3.5449999881  -0.0000149024  -0.0001743508  -0.0000939371
   3.5499999881  -0.0000200792  -0.0001792917  -0.0000991978
   3.5549999881  -0.0000325725  -0.0001798684  -0.0001131919
   3.5599999880  -0.0000497260  -0.0001759980  -0.0001332743
   3.5649999880  -0.0000673679  -0.0001687933  -0.0001549982
   3.5699999880  -0.0000809493  -0.0001603082  -0.0001732360
   3.5749999880  -0.0000868510  -0.0001530120  -0.0001835432
   3.5799999880  -0.0000834715  -0.0001491325  -0.0001833913
   3.5849999880  -0.0000717561  -0.0001500509  -0.0001729117
   3.5899999879  -0.0000549850  -0.0001559218  -0.0001549227
   3.5949999879  -0.0000378604  -0.0001656307  -0.0001342085
   3.5999999879  -0.0000251494  -0.0001771065  -0.0001162348
   3.6049999879  -0.0000202835  -0.0001879022  -0.0001056561
   3.6099999879  -0.0000243436  -0.0001958776  -0.0001050382
   3.6149999879  -0.0000357459  -0.0001997855  -0.0001141641
   3.6199999878  -0.0000507401  -0.0001995915  -0.0001301309
   3.6249999878  -0.0000645762  -0.0001964351  -0.0001482130
   3.6299999878  -0.0000729867  -0.0001922463  -0.0001632441
   3.6349999878  -0.0000735256  -0.0001891371  -0.0001711156
   3.6399999878  -0.0000663429  -0.0001887530  -0.0001699518
   3.6449999878  -0.0000541443  -0.0001917819  -0.0001606192
   3.6499999877  -0.0000413395  -0.0001977689  -0.0001464230
   3.6549999877  -0.0000326397  -0.0002052891  -0.0001320877
   3.6599999877  -0.0000315439  -0.0002124216  -0.0001223314
   3.6649999877  -0.0000391952  -0.0002173732  -0.0001204640
   3.6699999877  -0.0000539754  -0.0002190559  -0.0001274275
   3.6749999877  -0.0000719773  -0.0002174367  -0.0001415592
   3.6799999876  -0.0000882126  -0.0002135521  -0.0001591356
   3.6849999876  -0.0000981757  -0.0002091852  -0.0001755189
   3.6899999876  -0.0000992663  -0.0002063094  -0.0001865456
   3.6949999876  -0.0000916106  -0.0002064770  -0.0001897302
   3.6999999876  -0.0000780131  -0.0002103454  -0.0001849243
   3.7049999876  -0.0000630452  -0.0002174897  -0.0001742448
   3.7099999875  -0.0000515609  -0.0002265575  -0.0001613170
   3.7149999875  -0.0000471158  -0.0002357112  -0.0001500909
   3.7199999875  -0.0000508056  -0.0002432126  -0.0001436143
   3.7249999875  -0.0000609071  -0.0002479603  -0.0001431497
   3.7299999875  -0.0000734490  -0.0002498060  -0.0001479007
   3.7349999875  -0.0000835357  -0.0002495522  -0.0001554132
   3.7399999874  -0.0000869984  -0.0002486364  -0.0001624950
   3.7449999874  -0.0000818318  -0.0002486122  -0.0001663350
   3.7499999874  -0.0000689381  -0.0002506008  -0.0001654462
   3.7549999874  -0.0000519171  -0.0002548996  -0.0001601234
   3.7599999874  -0.0000359520  -0.0002608785  -0.0001522759
   3.7649999874  -0.0000261375  -0.0002671989  -0.0001447050
   3.7699999873  -0.0000257893  -0.0002722843  -0.0001400851
   3.7749999873  -0.0000352903  -0.0002748824  -0.0001400013
   3.7799999873  -0.0000518676  -0.0002745297  -0.0001443778
   3.7849999873  -0.0000703970  -0.0002717562  -0.0001514944
   3.7899999873  -0.0000850003  -0.0002679563  -0.0001585872
   3.7949999873  -0.0000909342  -0.0002649589  -0.0001628306
   3.7999999872  -0.0000861672  -0.0002644352  -0.0001623626
   3.8049999872  -0.0000721212  -0.0002673377  -0.0001569975
   3.8099999872  -0.0000533200  -0.0002735584  -0.0001483703
   3.8149999872  -0.0000360272  -0.0002819279  -0.0001394478
   3.8199999872  -0.0000262877  -0.0002905657  -0.0001335547
   3.8249999872  -0.0000279839  -0.0002974763  -0.0001332334
   3.8299999871  -0.0000415288  -0.0003012035  -0.0001393197
   3.8349999871  -0.0000636250  -0.0003013311  -0.0001505570
   3.8399999871  -0.0000881915  -0.0002986608  -0.0001638972
   3.8449999871  -0.0001081873  -0.0002950020  -0.0001754165
   3.8499999871  -0.0001177770  -0.0002926294  -0.0001815647
   3.8549999871  -0.0001141644  -0.0002935721  -0.0001803491
   3.8599999870  -0.0000985162  -0.0002989589  -0.0001720648
   3.8649999870  -0.0000756749  -0.0003086266  -0.0001593173
   3.8699999870  -0.0000527353  -0.0003211220  -0.0001463073
   3.8749999870  -0.0000369131  -0.0003341065  -0.0001375826
   3.8799999870  -0.0000333584  -0.0003450424  -0.0001366379
   3.8849999870  -0.0000435866  -0.0003519550  -0.0001447993
   3.8899999869  -0.0000650116  -0.0003540346  -0.0001607526
   3.8949999869  -0.0000917273  -0.0003518915  -0.0001808736
   3.8999999869  -0.0001162983  -0.0003473829  -0.0002002759
   3.9049999869  -0.0001320112  -0.0003430608  -0.0002142631
   3.9099999869  -0.0001348982  -0.0003414088  -0.0002197457
   3.9149999869  -0.0001249167  -0.0003440970  -0.0002161884
   3.9199999868  -0.0001059326  -0.0003514827  -0.0002057958
   3.9249999868  -0.0000845206  -0.0003625063  -0.0001928749
   3.9299999868  -0.0000679562  -0.0003750139  -0.0001825643
   3.9349999868  -0.0000620177  -0.0003864064  -0.0001793095
   3.9399999868  -0.0000692627  -0.0003944207  -0.0001855424
   3.9449999868  -0.0000882943  -0.0003978083  -0.0002009559
   3.9499999867  -0.0001142214  -0.0003967095  -0.0002225853
   3.9549999867  -0.0001401569  -0.0003926172  -0.0002456641
   3.9599999867  -0.0001592838  -0.0003879433  -0.0002649940
   3.9649999867  -0.0001668622  -0.0003853216  -0.0002764198
   3.9699999867  -0.0001615796  -0.0003868535  -0.0002779801
   3.9749999867  -0.0001458578  -0.0003935164  -0.0002704068
   3.9799999866  -0.0001250529  -0.0004049024  -0.0002568477
   3.9849999866  -0.0001058142  -0.0004193543  -0.0002419141
   3.9899999866  -0.0000941105  -0.0004344507  -0.0002303487
   3.9949999866  -0.0000935156  -0.0004476909  -0.0002257074
   3.9999999866  -0.0001042471  -0.0004571804  -0.0002294279
   4.0049999866  -0.0001232140  -0.0004621234  -0.0002405324
   4.0099999865  -0.0001450225  -0.0004629905  -0.0002560193
   4.0149999865  -0.0001636104  -0.0004613281  -0.0002717987
   4.0199999865  -0.0001740095  -0.0004592800  -0.0002838818
   4.0249999865  -0.0001737227  -0.0004589655  -0.0002894780
   4.0299999865  -0.0001633328  -0.0004618980  -0.0002876999
   4.0349999864  -0.0001462053  -0.0004686012  -0.0002797061
   4.0399999864  -0.0001274134  -0.0004785213  -0.0002682762
   4.0449999864  -0.0001122313  -0.0004902425  -0.0002569753
   4.0499999864  -0.0001046479  -0.0005019296  -0.0002491627
   4.0549999864  -0.0001063219  -0.0005118610  -0.0002471253
   4.0599999864  -0.0001162495  -0.0005189009  -0.0002515611
   4.0649999863  -0.0001311995  -0.0005227824  -0.0002615224
   4.0699999863  -0.0001467469  -0.0005241356  -0.0002747969
   4.0749999863  -0.0001585814  -0.0005242699  -0.0002885880
   4.0799999863  -0.0001637090  -0.0005247836  -0.0003002894
   4.0849999863  -0.0001612204  -0.0005271194  -0.0003081420
   4.0899999863  -0.0001524412  -0.0005321903  -0.0003116129
   4.0949999862  -0.0001404650  -0.0005401709  -0.0003114248
   4.0999999862  -0.0001292367  -0.0005505000  -0.0003092606
   4.1049999862  -0.0001224682  -0.0005620781  -0.0003072488
   4.1099999862  -0.0001226913  -0.0005735945  -0.0003073816
   4.1149999862  -0.0001306934  -0.0005838866  -0.0003110152
   4.1199999862  -0.0001454606  -0.0005922352  -0.0003185706
   4.1249999861  -0.0001646065  -0.0005985229  -0.0003294880
   4.1299999861  -0.0001851351  -0.0006032241  -0.0003424242
   4.1349999861  -0.0002043109  -0.0006072420  -0.0003556255
   4.1399999861  -0.0002203931  -0.0006116466  -0.0003673731
   4.1449999861  -0.0002330454  -0.0006173871  -0.0003763941
   4.1499999861  -0.0002433306  -0.0006250557  -0.0003821470
   4.1549999860  -0.0002533102  -0.0006347581  -0.0003849289
   4.1599999860  -0.0002653739  -0.0006461165  -0.0003857952
   4.1649999860  -0.0002814838  -0.0006583947  -0.0003863271
   4.1699999860  -0.0003025310  -0.0006707063  -0.0003883122
   4.1749999860  -0.0003279662  -0.0006822463  -0.0003934199
   4.1799999860  -0.0003557852  -0.0006924869  -0.0004029488
   4.1849999859  -0.0003828638  -0.0007012882  -0.0004177014
   4.1899999859  -0.0004055450  -0.0007088987  -0.0004380085
   4.1949999859  -0.0004203250  -0.0007158491  -0.0004638852
   4.1999999859  -0.0004244689  -0.0007227701  -0.0004952673
   4.2049999859  -0.0004164079  -0.0007301813  -0.0005322546
   4.2099999859  -0.0003958398  -0.0007383100  -0.0005752837
   4.2149999858  -0.0003635301  -0.0007469841  -0.0006251683
   4.2199999858  -0.0003208993  -0.0007556314  -0.0006829809
   4.2249999858  -0.0002695376  -0.0007633843  -0.0007497854
   4.2299999858  -0.0002108095  -0.0007692647  -0.0008262738
   4.2349999858  -0.0001456917  -0.0007724010  -0.0009123807
   4.2399999858  -0.0000749207  -0.0007722192  -0.0010069597
   4.2449999857   0.0000005555  -0.0007685576  -0.0011075825
   4.2499999857   0.0000789134  -0.0007616741  -0.0012104938
   4.2549999857   0.0001567361  -0.0007521445  -0.0013107082
   4.2599999857   0.0002284215  -0.0007406843  -0.0014022011
   4.2649999857   0.0002858754  -0.0007279472  -0.0014781244
   4.2699999857   0.0003185804  -0.0007143625  -0.0015309806
   4.2749999856   0.0003140439  -0.0007000657  -0.0015527114
   4.2799999856   0.0002585367  -0.0006849472  -0.0015347007
   4.2849999856   0.0001379683  -0.0006688097  -0.0014677316
   4.2899999856  -0.0000612770  -0.0006515900  -0.0013419701
   4.2949999856  -0.0003516903  -0.0006335786  -0.0011470597
   4.2999999856  -0.0007442539  -0.0006155662  -0.0008723933
   4.3049999855  -0.0012483098  -0.0005988656  -0.0005075943
   4.3099999855  -0.0018715801  -0.0005851920  -0.0000431839
   4.3149999855  -0.0026201851  -0.0005764248   0.0005286334
   4.3199999855  -0.0034984953  -0.0005743101   0.0012131657
   4.3249999855  -0.0045086996  -0.0005801796   0.0020125201
   4.3299999855  -0.0056500551  -0.0005947582   0.0029250620
   4.3349999854  -0.0069178896  -0.0006181038   0.0039450902
   4.3399999854  -0.0083025152  -0.0006496827   0.0050627199
   4.3449999854  -0.0097882682  -0.0006885450   0.0062639213
   4.3499999854  -0.0113528875  -0.0007335306   0.0075306424
   4.3549999854  -0.0129673920  -0.0007834320   0.0088409508
   4.3599999854  -0.0145965204  -0.0008370535   0.0101691642
   4.3649999853  -0.0161996920  -0.0008931413   0.0114859863
   4.3699999853  -0.0177323498  -0.0009502021   0.0127587166
   4.3749999853  -0.0191474996  -0.0010062648   0.0139516310
   4.3799999853  -0.0203972571  -0.0010586642   0.0150266317
   4.3849999853  -0.0214342668  -0.0011039196   0.0159442359
   4.3899999853  -0.0222129430  -0.0011377635   0.0166649098
   4.3949999852  -0.0226905720  -0.0011553327   0.0171506877
   4.3999999852  -0.0228283817  -0.0011514934   0.0173669522
   4.4049999852  -0.0225927089  -0.0011212393   0.0172842124
   4.4099999852  -0.0219563611  -0.0010600819   0.0168797137
   4.4149999852  -0.0209001974  -0.0009643604   0.0161387473
   4.4199999852  -0.0194148492  -0.0008314217   0.0150555794
   4.4249999851  -0.0175024122  -0.0006596561   0.0136339932
   4.4299999851  -0.0151778752  -0.0004484154   0.0118874848
   4.4349999851  -0.0124700431  -0.0001978650   0.0098391900
   4.4399999851  -0.0094217577   0.0000911609   0.0075216133
   4.4449999851  -0.0060893071   0.0004172443   0.0049761995
   4.4499999851  -0.0025410284   0.0007783690   0.0022527441
   4.4549999850   0.0011447843   0.0011718093  -0.0005914132
   4.4599999850   0.0048824812   0.0015939513  -0.0034924898
   4.4649999850   0.0085819485   0.0020401110  -0.0063817381
   4.4699999850   0.0121515887   0.0025044169  -0.0091873459
   4.4749999850   0.0155012400   0.0029798220  -0.0118367460
   4.4799999850   0.0185449558   0.0034582791  -0.0142592518
   4.4849999849   0.0212036251   0.0039310801  -0.0163888682
   4.4899999849   0.0234074553   0.0043893190  -0.0181670827
   4.4949999849   0.0250983374   0.0048244116  -0.0195454256
   4.4999999849   0.0262320834   0.0052285892  -0.0204876093
   4.5049999849   0.0267804679   0.0055952929  -0.0209711001
   4.5099999849   0.0267329448   0.0059194200  -0.0209880433
   4.5149999848   0.0260978638   0.0061974076  -0.0205455270
   4.5199999848   0.0249029972   0.0064271787  -0.0196652263
   4.5249999848   0.0231952107   0.0066079991  -0.0183825072
   4.5299999848   0.0210391777   0.0067403102  -0.0167450840
   4.5349999848   0.0185151252   0.0068255901  -0.0148113156
   4.5399999848   0.0157157048   0.0068662787  -0.0126482072
   4.5449999847   0.0127421728   0.0068657672  -0.0103291604
   4.5499999847   0.0097001332   0.0068284254  -0.0079314968
   4.5549999847   0.0066951258   0.0067596201  -0.0055337798
   4.5599999847   0.0038283336   0.0066656710  -0.0032129724
   4.5649999847   0.0011926394   0.0065537012  -0.0010415023
   4.5699999847  -0.0011307998   0.0064313632   0.0009156559
   4.5749999846  -0.0030753629   0.0063064482   0.0026037291
   4.5799999846  -0.0045911183   0.0061864149   0.0039805460
   4.5849999846  -0.0056463151   0.0060778953   0.0050184021
   4.5899999846  -0.0062282233   0.0059862404   0.0057052205
   4.5949999846  -0.0063433209   0.0059151670   0.0060448894
   4.5999999846  -0.0060168116   0.0058665485   0.0060567224
   4.6049999845  -0.0052914419   0.0058403679   0.0057740710
   4.6099999845  -0.0042255835   0.0058348287   0.0052421950
   4.6149999845  -0.0028905749   0.0058465901   0.0045155636
   4.6199999845  -0.0013673622   0.0058710818   0.0036547963
   4.6249999845   0.0002574500   0.0059028449   0.0027234633
   4.6299999845   0.0018959508   0.0059358504   0.0017849461
   4.6349999844   0.0034634255   0.0059637635   0.0008995147
   4.6399999844   0.0048827068   0.0059801396   0.0001217304
   4.6449999844   0.0060880671   0.0059785630  -0.0005017674
   4.6499999844   0.0070283709   0.0059527529  -0.0009340660
   4.6549999844   0.0076692762   0.0058966736  -0.0011493644
   4.6599999844   0.0079943609   0.0058046803  -0.0011339242
   4.6649999843   0.0080051591   0.0056717208  -0.0008865529
   4.6699999843   0.0077201799   0.0054935910  -0.0004185693
   4.6749999843   0.0071730633   0.0052672208   0.0002468095
   4.6799999843   0.0064100606   0.0049909464   0.0010757041
   4.6849999843   0.0054870457   0.0046647165   0.0020254405
   4.6899999843   0.0044662394   0.0042901833   0.0030469978
   4.6949999842   0.0034128031   0.0038706437   0.0040879120
   4.6999999842   0.0023914215   0.0034108231   0.0050954450
   4.7049999842   0.0014629756   0.0029165236   0.0060197767
   4.7099999842   0.0006814006   0.0023941837   0.0068169604
   4.7149999842   0.0000908411   0.0018504164   0.0074514004
   4.7199999841  -0.0002767638   0.0012915932   0.0078976652
   4.7249999841  -0.0004035080   0.0007235319   0.0081415265
   4.7299999841  -0.0002865954   0.0001513198   0.0081802076
   4.7349999841   0.0000614740  -0.0004207244   0.0080218998
   4.7399999841   0.0006136991  -0.0009889797   0.0076846718
   4.7449999841   0.0013303587  -0.0015503904   0.0071949216
   4.7499999840   0.0021616862  -0.0021023279   0.0065855232
   4.7549999840   0.0030512462  -0.0026424946   0.0058937971
   4.7599999840   0.0039397404  -0.0031688953   0.0051593989
   4.7649999840   0.0047689237  -0.0036798720   0.0044221916
   4.7699999840   0.0054853121  -0.0041741762   0.0037201511
   4.7749999840   0.0060434015  -0.0046510314   0.0030873568
   4.7799999839   0.0064081915  -0.0051101406   0.0025521383
   4.7849999839   0.0065568984  -0.0055516056   0.0021354759
   4.7899999839   0.0064798283  -0.0059757489   0.0018497745
   4.7949999839   0.0061804513  -0.0063828581   0.0016981324
   4.7999999839   0.0056747613  -0.0067728966   0.0016742107
   4.8049999839   0.0049900195  -0.0071452379   0.0017627586
   4.8099999838   0.0041629800  -0.0074984797   0.0019407881
   4.8149999838   0.0032376807  -0.0078303780   0.0021793210
   4.8199999838   0.0022628802  -0.0081379188   0.0024455633
   4.8249999838   0.0012892299  -0.0084175155   0.0027053201
   4.8299999838   0.0003662915  -0.0086652981   0.0029254437
   4.8349999838  -0.0004604508  -0.0088774452   0.0030761149
   4.8399999837  -0.0011524048  -0.0090505049   0.0031327939
   4.8449999837  -0.0016803078  -0.0091816589   0.0030777170
   4.8499999837  -0.0020260878  -0.0092689000   0.0029008699
   4.8549999837  -0.0021839754  -0.0093111119   0.0026004149
   4.8599999837  -0.0021607520  -0.0093080590   0.0021825863
   4.8649999837  -0.0019750932  -0.0092603105   0.0016610984
   4.8699999836  -0.0016560506  -0.0091691316   0.0010561306
   4.8749999836  -0.0012407971  -0.0090363719   0.0003929664
   4.8799999836  -0.0007718240  -0.0088643803  -0.0002996256
   4.8849999836  -0.0002938264  -0.0086559549  -0.0009911759
   4.8899999836   0.0001494711  -0.0084143282  -0.0016513668
   4.8949999836   0.0005183032  -0.0081431673  -0.0022518531
   4.8999999835   0.0007794521  -0.0078465636  -0.0027679563
   4.9049999835   0.0009082725  -0.0075289808  -0.0031801365
   4.9099999835   0.0008900472  -0.0071951412  -0.0034751599
   4.9149999835   0.0007206324  -0.0068498419  -0.0036468847
   4.9199999835   0.0004064068  -0.0064977147  -0.0036966077
   4.9249999835  -0.0000364173  -0.0061429602  -0.0036329323
   4.9299999834  -0.0005830349  -0.0057891007  -0.0034711486
   4.9349999834  -0.0012017429  -0.0054387981  -0.0032321482
   4.9399999834  -0.0018559867  -0.0050937744  -0.0029409377
   4.9449999834  -0.0025066641  -0.0047548522  -0.0026248534
   4.9499999834  -0.0031145848  -0.0044221101  -0.0023116131
   4.9549999834  -0.0036429787  -0.0040951209  -0.0020273609
   4.9599999833  -0.0040599253  -0.0037732254  -0.0017948675
   4.9649999833  -0.0043405554  -0.0034557891  -0.0016320281
   4.9699999833  -0.0044688563  -0.0031423959  -0.0015507725
   4.9749999833  -0.0044389117  -0.0028329514  -0.0015564505
   4.9799999833  -0.0042554310  -0.0025276931  -0.0016477127
   4.9849999833  -0.0039334725  -0.0022271277  -0.0018168583
   4.9899999832  -0.0034973431  -0.0019319327  -0.0020505893
   4.9949999832  -0.0029787486  -0.0016428614  -0.0023310901
   4.9999999832  -0.0024143549  -0.0013606865  -0.0026373426
   5.0049999832  -0.0018429921  -0.0010861966  -0.0029465919
   5.0099999832  -0.0013027695  -0.0008202396  -0.0032358788
   5.0149999832  -0.0008283642  -0.0005637903  -0.0034835611
   5.0199999831  -0.0004487087  -0.0003180049  -0.0036707473
   5.0249999831  -0.0001852310  -0.0000842311  -0.0037825599
   5.0299999831  -0.0000507270   0.0001360489  -0.0038091493
   5.0349999831  -0.0000488693   0.0003413428  -0.0037463773
   5.0399999831  -0.0001743067   0.0005303219  -0.0035961095
   5.0449999831  -0.0004132803   0.0007020095  -0.0033660770
   5.0499999830  -0.0007446801   0.0008559419  -0.0030693064
   5.0549999830  -0.0011414729   0.0009922683  -0.0027231576
   5.0599999830  -0.0015724460   0.0011117662  -0.0023480475
   5.0649999830  -0.0020042087   0.0012157713  -0.0019659668
   5.0699999830  -0.0024033772   0.0013060376  -0.0015989144
   5.0749999830  -0.0027388380   0.0013845581  -0.0012673701
   5.0799999829  -0.0029839468   0.0014533780  -0.0009889184
   5.0849999829  -0.0031184900   0.0015144328  -0.0007771089
   5.0899999829  -0.0031302288   0.0015694308  -0.0006406200
   5.0949999829  -0.0030158610   0.0016197862  -0.0005827660
   5.0999999829  -0.0027812898   0.0016665988  -0.0006013698
   5.1049999829  -0.0024411540   0.0017106676  -0.0006890043
   5.1099999828  -0.0020176580   0.0017525206  -0.0008335894
   5.1149999828  -0.0015388113   0.0017924481  -0.0010193066
   5.1199999828  -0.0010362449   0.0018305292  -0.0012277754
   5.1249999828  -0.0005428020   0.0018666474  -0.0014394050
   5.1299999828  -0.0000901088   0.0019005002  -0.0016348221
   5.1349999828   0.0002936867   0.0019316077  -0.0017962609
   5.1399999827   0.0005858476   0.0019593316  -0.0019088060
   5.1449999827   0.0007705278   0.0019829100  -0.0019613961
   5.1499999827   0.0008397168   0.0020015155  -0.0019475210
   5.1549999827   0.0007936054   0.0020143358  -0.0018655771
   5.1599999827   0.0006403700   0.0020206710  -0.0017188752
   5.1649999827   0.0003954124   0.0020200362  -0.0015153180
   5.1699999826   0.0000801292   0.0020122547  -0.0012667831
   5.1749999826  -0.0002796868   0.0019975235  -0.0009882525
   5.1799999826  -0.0006556891   0.0019764375  -0.0006967428
   5.1849999826  -0.0010189354   0.0019499637  -0.0004100964
   5.1899999826  -0.0013418341   0.0019193646  -0.0001457056
   5.1949999826  -0.0015999692   0.0018860815   0.0000807443
   5.1999999825  -0.0017737070   0.0018515958   0.0002564170
   5.2049999825  -0.0018495027   0.0018172910   0.0003722579
   5.2099999825  -0.0018208358   0.0017843371   0.0004236295
   5.2149999825  -0.0016887069   0.0017536161   0.0004105946
   5.2199999825  -0.0014616408   0.0017256927   0.0003378202
   5.2249999825  -0.0011551555   0.0017008289   0.0002141229
   5.2299999824  -0.0007906912   0.0016790270   0.0000517105
   5.2349999824  -0.0003940403   0.0016600843  -0.0001348009
   5.2399999824   0.0000066214   0.0016436416  -0.0003294980
   5.2449999824   0.0003829465   0.0016292150  -0.0005163210
   5.2499999824   0.0007086674   0.0016162085  -0.0006801742
   5.2549999824   0.0009616696   0.0016039164  -0.0008079344
   5.2599999823   0.0011256798   0.0015915275  -0.0008893106
   5.2649999823   0.0011914115   0.0015781474  -0.0009175157
   5.2699999823   0.0011570788   0.0015628466  -0.0008897172
   5.2749999823   0.0010282709   0.0015447368  -0.0008072349
   5.2799999823   0.0008172509   0.0015230652  -0.0006754580
   5.2849999823   0.0005417981   0.0014973095  -0.0005034671
   5.2899999822   0.0002237372   0.0014672547  -0.0003033667
   5.2949999822  -0.0001127022   0.0014330333  -0.0000893638
   5.2999999822  -0.0004425738   0.0013951203   0.0001233414
   5.3049999822  -0.0007418559   0.0013542835   0.0003197583
   5.3099999822  -0.0009889795   0.0013114982   0.0004862907
   5.3149999822  -0.0011661897   0.0012678435   0.0006117922
   5.3199999821  -0.0012606916   0.0012243977   0.0006883954
   5.3249999821  -0.0012655230   0.0011821478   0.0007120463
   5.3299999821  -0.0011800881   0.0011419233   0.0006827119
   5.3349999821  -0.0010102876   0.0011043577   0.0006042653
   5.3399999821  -0.0007681923   0.0010698752   0.0004840825
   5.3449999821  -0.0004712415   0.0010386975   0.0003324028
   5.3499999820  -0.0001409936   0.0010108653   0.0001615174
   5.3549999820   0.0001984932   0.0009862663  -0.0000151505
   5.3599999820   0.0005225205   0.0009646669  -0.0001840135
   5.3649999820   0.0008076878   0.0009457424  -0.0003322782
   5.3699999820   0.0010337313   0.0009291029  -0.0004488387
   5.3749999820   0.0011850957   0.0009143145  -0.0005250522
   5.3799999819   0.0012520990   0.0009009143  -0.0005553442
   5.3849999819   0.0012315966   0.0008884215  -0.0005375992
   5.3899999819   0.0011270992   0.0008763483  -0.0004733023
   5.3949999819   0.0009483553   0.0008642146  -0.0003674149
   5.3999999819   0.0007104519   0.0008515710  -0.0002279926
   5.4049999818   0.0004325286   0.0008380302  -0.0000655697
   5.4099999818   0.0001362246   0.0008233057   0.0001076398
   5.4149999818  -0.0001560033   0.0008072492   0.0002786659
   5.4199999818  -0.0004225558   0.0007898790   0.0004347626
   5.4249999818  -0.0006442297   0.0007713870   0.0005643735
   5.4299999818  -0.0008055151   0.0007521195   0.0006580158
   5.4349999817  -0.0008955761   0.0007325271   0.0007090153
   5.4399999817  -0.0009088714   0.0007130930   0.0007140345
   5.4449999817  -0.0008454054   0.0006942490   0.0006733428
   5.4499999817  -0.0007106213   0.0006762983   0.0005907947
   5.4549999817  -0.0005149638   0.0006593607   0.0004735058
   5.4599999817  -0.0002731438   0.0006433542   0.0003312452
   5.4649999816  -0.0000031388   0.0006280183   0.0001755976
   5.4699999816   0.0002750320   0.0006129733   0.0000189769
   5.4749999816   0.0005407097   0.0005978037  -0.0001264061
   5.4799999816   0.0007741044   0.0005821457  -0.0002495183
   5.4849999816   0.0009578120   0.0005657573  -0.0003413276
   5.4899999816   0.0010782144   0.0005485562  -0.0003954123
   5.4949999815   0.0011266266   0.0005306164  -0.0004083271
   5.4999999815   0.0011000548   0.0005121280  -0.0003797281
   5.5049999815   0.0010014663   0.0004933341  -0.0003122825
   5.5099999815   0.0008395227   0.0004744651  -0.0002113997
   5.5149999815   0.0006277971   0.0004556916  -0.0000848169
   5.5199999815   0.0003835599   0.0004371106   0.0000579361
   5.5249999814   0.0001262729   0.0004187692   0.0002061762
   5.5299999814  -0.0001240451   0.0004007167   0.0003487924
   5.5349999814  -0.0003484179   0.0003830672   0.0004750329
   5.5399999814  -0.0005303376   0.0003660475   0.0005753100
   5.5449999814  -0.0006569174   0.0003500123   0.0006419619
   5.5499999814  -0.0007197141   0.0003354157   0.0006698966
   5.5549999813  -0.0007151967   0.0003227431   0.0006570441
   5.5599999813  -0.0006448629   0.0003124201   0.0006045564
   5.5649999813  -0.0005150184   0.0003047223   0.0005167235
   5.5699999813  -0.0003362448   0.0002997100   0.0004006083
   5.5749999813  -0.0001225878   0.0002972045   0.0002654388
   5.5799999813   0.0001094867   0.0002968094   0.0001218203
   5.5849999812   0.0003423051   0.0002979698  -0.0000191501
   5.5899999812   0.0005582882   0.0003000503  -0.0001467833
   5.5949999812   0.0007412468   0.0003024144  -0.0002516364
   5.5999999812   0.0008775760   0.0003044876  -0.0003262224
   5.6049999812   0.0009572548   0.0003057977  -0.0003655438
   5.6099999812   0.0009745789   0.0003059921  -0.0003674161
   5.6149999811   0.0009285722   0.0003048371  -0.0003325627
   5.6199999811   0.0008230517   0.0003022088  -0.0002644816
   5.6249999811   0.0006663390   0.0002980782  -0.0001690983
   5.6299999811   0.0004706353   0.0002924945  -0.0000542400
   5.6349999811   0.0002510976   0.0002855654   0.0000710212
   5.6399999811   0.0000246710   0.0002774352   0.0001970956
   5.6449999810  -0.0001912404   0.0002682632   0.0003146090
   5.6499999810  -0.0003801649   0.0002582081   0.0004150845
   5.6549999810  -0.0005278969   0.0002474250   0.0004915234
   5.6599999810  -0.0006236520   0.0002360787   0.0005388527
   5.6649999810  -0.0006609260   0.0002243691   0.0005542236
   5.6699999810  -0.0006379733   0.0002125602   0.0005371565
   5.6749999809  -0.0005578574   0.0002009954   0.0004895343
   5.6799999809  -0.0004280784   0.0001900879   0.0004154517
   5.6849999809  -0.0002598305   0.0001802770   0.0003209258
   5.6899999809  -0.0000669822   0.0001719577   0.0002134754
   5.6949999809   0.0001351074   0.0001653989   0.0001015826
   5.6999999809   0.0003308165   0.0001606761  -0.0000059404
   5.7049999808   0.0005054304   0.0001576404  -0.0001006406
   5.7099999808   0.0006461701   0.0001559389  -0.0001751181
   5.7149999808   0.0007430290   0.0001550825  -0.0002236576
   5.7199999808   0.0007893875   0.0001545461  -0.0002427307
   5.7249999808   0.0007823934   0.0001538721  -0.0002313077
   5.7299999808   0.0007231048   0.0001527499  -0.0001909376
   5.7349999807   0.0006163932   0.0001510511  -0.0001255830
   5.7399999807   0.0004706067   0.0001488166  -0.0000412276
   5.7449999807   0.0002969994   0.0001462037   0.0000546945
   5.7499999807   0.0001089401   0.0001434167   0.0001539805
   5.7549999807  -0.0000790612   0.0001406411   0.0002483723
   5.7599999807  -0.0002524540   0.0001380019   0.0003302284
   5.7649999806  -0.0003977916   0.0001355508   0.0003930961
   5.7699999806  -0.0005038217   0.0001332799   0.0004321471
   5.7749999806  -0.0005624197   0.0001311492   0.0004444606
   5.7799999806  -0.0005692685   0.0001291163   0.0004291576
   5.7849999806  -0.0005242159   0.0001271559   0.0003873970
   5.7899999806  -0.0004312704   0.0001252672   0.0003222512
   5.7949999805  -0.0002982390   0.0001234688   0.0002384732
   5.7999999805  -0.0001360465   0.0001217861   0.0001421680
   5.8049999805   0.0000421938   0.0001202347   0.0000403792
   5.8099999805   0.0002222678   0.0001188033  -0.0000593922
   5.8149999805   0.0003900078   0.0001174360  -0.0001497138
   5.8199999805   0.0005324048   0.0001160158  -0.0002237599
   5.8249999804   0.0006385977   0.0001143531  -0.0002758203
   5.8299999804   0.0007006689   0.0001121833  -0.0003017414
   5.8349999804   0.0007141930   0.0001091814  -0.0002992599
   5.8399999804   0.0006785056   0.0001049955  -0.0002682014
   5.8449999804   0.0005966822   0.0000992999  -0.0002105275
   5.8499999804   0.0004752394   0.0000918576  -0.0001302238
   5.8549999803   0.0003235929   0.0000825790  -0.0000330341
   5.8599999803   0.0001533218   0.0000715615   0.0000739466
   5.8649999803  -0.0000226966   0.0000590964   0.0001827984
   5.8699999803  -0.0001912195   0.0000456396   0.0002853884
   5.8749999803  -0.0003395755   0.0000317515   0.0003740239
   5.8799999803  -0.0004565543   0.0000180191   0.0004420898
   5.8849999802  -0.0005332034   0.0000049799   0.0004846082
   5.8899999802  -0.0005634917  -0.0000069361   0.0004986583
   5.8949999802  -0.0005447988  -0.0000174336   0.0004836071
   5.8999999802  -0.0004781905  -0.0000263484   0.0004411275
   5.9049999802  -0.0003684376  -0.0000336157   0.0003750044
   5.9099999802  -0.0002237488  -0.0000392256   0.0002907643
   5.9149999801  -0.0000552050  -0.0000431778   0.0001951787
   5.9199999801   0.0001240819  -0.0000454481   0.0000957059
   5.9249999801   0.0003000290  -0.0000459738  -0.0000000738
   5.9299999801   0.0004587634  -0.0000446608  -0.0000849867
   5.9349999801   0.0005878059  -0.0000414062  -0.0001527340
   5.9399999801   0.0006771321  -0.0000361321  -0.0001982920
   5.9449999800   0.0007199986  -0.0000288181  -0.0002182419
   5.9499999800   0.0007134598  -0.0000195261  -0.0002110226
   5.9549999800   0.0006585387  -0.0000084087  -0.0001770914
   5.9599999800   0.0005600601   0.0000043000  -0.0001189683
   5.9649999800   0.0004261880   0.0000183108  -0.0000411348
   5.9699999800   0.0002677287   0.0000333153   0.0000502316
   5.9749999799   0.0000972664   0.0000490222   0.0001476912
   5.9799999799  -0.0000717996   0.0000651829   0.0002431173
   5.9849999799  -0.0002262584   0.0000815986   0.0003283674
   5.9899999799  -0.0003540703   0.0000981060   0.0003959813
   5.9949999799  -0.0004452725   0.0001145436   0.0004398330
