   0.0000000000   0.0000000000   0.0000000000   0.0000000000
   0.0050000000   0.0000000000   0.0000000000   0.0000000000
   0.0100000000   0.0000000000   0.0000000000   0.0000000000
   0.0149999999   0.0000000000   0.0000000000   0.0000000000
   0.0199999999   0.0000000000   0.0000000000   0.0000000000
   0.0249999999   0.0000000000   0.0000000000   0.0000000000
   0.0299999999   0.0000000000   0.0000000000   0.0000000000
   0.0349999999   0.0000000000   0.0000000000   0.0000000000
   0.0399999999  -0.0000000000  -0.0000000000  -0.0000000000
   0.0449999998  -0.0000000000  -0.0000000000  -0.0000000000
   0.0499999998  -0.0000000000  -0.0000000000  -0.0000000000
   0.0549999998  -0.0000000000  -0.0000000000  -0.0000000000
   0.0599999998  -0.0000000000  -0.0000000000  -0.0000000000
   0.0649999998  -0.0000000000  -0.0000000000  -0.0000000000
   0.0699999998  -0.0000000000  -0.0000000000  -0.0000000000
   0.0749999997  -0.0000000000  -0.0000000000  -0.0000000000
   0.0799999997  -0.0000000000  -0.0000000000  -0.0000000000
   0.0849999997  -0.0000000000  -0.0000000000  -0.0000000000
   0.0899999997  -0.0000000000  -0.0000000000  -0.0000000000
   0.0949999997  -0.0000000000  -0.0000000000  -0.0000000000
   0.0999999997  -0.0000000000  -0.0000000000  -0.0000000000
   0.1049999996  -0.0000000000  -0.0000000000  -0.0000000000
   0.1099999996  -0.0000000000  -0.0000000000  -0.0000000000
   0.1149999996  -0.0000000000  -0.0000000000  -0.0000000000
   0.1199999996  -0.0000000000  -0.0000000000  -0.0000000000
   0.1249999996  -0.0000000000  -0.0000000000  -0.0000000000
   0.1299999996  -0.0000000000  -0.0000000000  -0.0000000000
   0.1349999995  -0.0000000000  -0.0000000000  -0.0000000000
   0.1399999995  -0.0000000000  -0.0000000000  -0.0000000000
   0.1449999995   0.0000000000   0.0000000000   0.0000000000
   0.1499999995   0.0000000000   0.0000000000   0.0000000000
   0.1549999995   0.0000000000   0.0000000000   0.0000000000
   0.1599999995   0.0000000000   0.0000000000   0.0000000000
   0.1649999994  -0.0000000000   0.0000000000  -0.0000000000
   0.1699999994  -0.0000000000  -0.0000000000  -0.0000000000
   0.1749999994  -0.0000000000  -0.0000000000  -0.0000000000
   0.1799999994  -0.0000000000  -0.0000000000  -0.0000000000
   0.1849999994  -0.0000000000  -0.0000000000  -0.0000000000
   0.1899999994   0.0000000000  -0.0000000000   0.0000000000
   0.1949999993   0.0000000000  -0.0000000000   0.0000000000
   0.1999999993   0.0000000000   0.0000000000   0.0000000000
   0.2049999993   0.0000000000   0.0000000000   0.0000000000
   0.2099999993  -0.0000000000   0.0000000000  -0.0000000000
   0.2149999993  -0.0000000000   0.0000000000  -0.0000000000
   0.2199999993  -0.0000000000   0.0000000000  -0.0000000000
   0.2249999992  -0.0000000000  -0.0000000000  -0.0000000000
   0.2299999992   0.0000000000  -0.0000000000   0.0000000000
   0.2349999992   0.0000000000  -0.0000000000   0.0000000000
   0.2399999992   0.0000000000  -0.0000000000   0.0000000000
   0.2449999992   0.0000000000  -0.0000000000   0.0000000000
   0.2499999992   0.0000000000   0.0000000000   0.0000000000
   0.2549999991  -0.0000000000   0.0000000000  -0.0000000000
   0.2599999991  -0.0000000000   0.0000000000  -0.0000000000
   0.2649999991  -0.0000000000   0.0000000000  -0.0000000000
   0.2699999991  -0.0000000000   0.0000000000  -0.0000000000
   0.2749999991  -0.0000000000  -0.0000000000  -0.0000000000
   0.2799999991   0.0000000000  -0.0000000000   0.0000000000
   0.2849999990   0.0000000000  -0.0000000000   0.0000000000
   0.2899999990   0.0000000000  -0.0000000000   0.0000000000
   0.2949999990   0.0000000000   0.0000000000   0.0000000000
   0.2999999990   0.0000000000   0.0000000000   0.0000000000
   0.3049999990  -0.0000000000   0.0000000000  -0.0000000000
   0.3099999990  -0.0000000000   0.0000000000  -0.0000000000
   0.3149999989  -0.0000000000  -0.0000000000  -0.0000000000
   0.3199999989  -0.0000000000  -0.0000000000  -0.0000000000
   0.3249999989  -0.0000000000  -0.0000000000  -0.0000000000
   0.3299999989   0.0000000000  -0.0000000000   0.0000000000
   0.3349999989   0.0000000000   0.0000000000   0.0000000000
   0.3399999989   0.0000000000   0.0000000000   0.0000000000
   0.3449999988  -0.0000000000   0.0000000001  -0.0000000000
   0.3499999988  -0.0000000000   0.0000000001  -0.0000000000
   0.3549999988  -0.0000000001   0.0000000001  -0.0000000001
   0.3599999988  -0.0000000001  -0.0000000000  -0.0000000001
   0.3649999988   0.0000000001  -0.0000000002   0.0000000001
   0.3699999988   0.0000000005  -0.0000000002   0.0000000005
   0.3749999987   0.0000000010  -0.0000000001   0.0000000010
   0.3799999987   0.0000000013   0.0000000000   0.0000000013
   0.3849999987   0.0000000005  -0.0000000000   0.0000000005
   0.3899999987  -0.0000000022  -0.0000000008  -0.0000000022
   0.3949999987  -0.0000000074  -0.0000000030  -0.0000000074
   0.3999999987  -0.0000000143  -0.0000000063  -0.0000000143
   0.4049999986  -0.0000000189  -0.0000000084  -0.0000000189
   0.4099999986  -0.0000000136  -0.0000000045  -0.0000000136
   0.4149999986   0.0000000125   0.0000000131   0.0000000125
   0.4199999986   0.0000000686   0.0000000512   0.0000000686
   0.4249999986   0.0000001529   0.0000001083   0.0000001529
   0.4299999986   0.0000002385   0.0000001633   0.0000002385
   0.4349999985   0.0000002602   0.0000001650   0.0000002602
   0.4399999985   0.0000001107   0.0000000290   0.0000001107
   0.4449999985  -0.0000003367  -0.0000003429  -0.0000003367
   0.4499999985  -0.0000011660  -0.0000010098  -0.0000011660
   0.4549999985  -0.0000023079  -0.0000018985  -0.0000023079
   0.4599999985  -0.0000033964  -0.0000026848  -0.0000033964
   0.4649999984  -0.0000036402  -0.0000026913  -0.0000036402
   0.4699999984  -0.0000018006  -0.0000008827  -0.0000018006
   0.4749999984   0.0000035995   0.0000039385   0.0000035995
   0.4799999984   0.0000137082   0.0000126297   0.0000137082
   0.4849999984   0.0000283513   0.0000248550   0.0000283513
   0.4899999984   0.0000446866   0.0000379557   0.0000446866
   0.4949999983   0.0000558054   0.0000458172   0.0000558054
   0.4999999983   0.0000498572   0.0000382278   0.0000498572
   0.5049999983   0.0000105272   0.0000014259   0.0000105272
   0.5099999983  -0.0000801918  -0.0000793997  -0.0000801918
   0.5149999983  -0.0002361401  -0.0002150394  -0.0002361401
   0.5199999983  -0.0004577683  -0.0004044614  -0.0004577683
   0.5249999982  -0.0007201728  -0.0006248587  -0.0007201728
   0.5299999982  -0.0009601827  -0.0008210749  -0.0009601827
   0.5349999982  -0.0010654838  -0.0008968578  -0.0010654838
   0.5399999982  -0.0008696040  -0.0007110092  -0.0008696040
   0.5449999982  -0.0001566533  -0.0000814726  -0.0001566532
   0.5499999982   0.0013213076   0.0012004668   0.0013213078
   0.5549999981   0.0038136010   0.0033454712   0.0038136013
   0.5599999981   0.0075294330   0.0065329619   0.0075294335
   0.5649999981   0.0125914664   0.0108740978   0.0125914669
   0.5699999981   0.0189932051   0.0163776424   0.0189932055
   0.5749999981   0.0265701842   0.0229262974   0.0265701843
   0.5799999981   0.0349938762   0.0302701899   0.0349938758
   0.5849999980   0.0437935854   0.0380414520   0.0437935841
   0.5899999980   0.0524058979   0.0457896539   0.0524058956
   0.5949999980   0.0602447078   0.0530331330   0.0602447042
   0.5999999980   0.0667791440   0.0593172306   0.0667791395
   0.6049999980   0.0716036210   0.0642682787   0.0716036161
   0.6099999980   0.0744849384   0.0676326714   0.0744849342
   0.6149999979   0.0753761296   0.0692936030   0.0753761276
   0.6199999979   0.0743946347   0.0692633573   0.0743946366
   0.6249999979   0.0717713687   0.0676550105   0.0717713761
   0.6299999979   0.0677848133   0.0646423870   0.0677848269
   0.6349999979   0.0626980689   0.0604196139   0.0626980880
   0.6399999979   0.0567155183   0.0551708616   0.0567155400
   0.6449999978   0.0499695573   0.0490570380   0.0499695766
   0.6499999978   0.0425384790   0.0422204757   0.0425384885
   0.6549999978   0.0344869091   0.0348028211   0.0344869005
   0.6599999978   0.0259132648   0.0269672498   0.0259132307
   0.6649999978   0.0169868141   0.0189151107   0.0169867511
   0.6699999978   0.0079607545   0.0108894371   0.0079606672
   0.6749999977  -0.0008439386   0.0031626284  -0.0008440335
   0.6799999977  -0.0090790865  -0.0039886917  -0.0090791569
   0.6849999977  -0.0164211515  -0.0103140704  -0.0164211481
   0.6899999977  -0.0226174570  -0.0156154791  -0.0226173158
   0.6949999977  -0.0275121008  -0.0197615556  -0.0275117507
   0.6999999976  -0.0310442876  -0.0226863034  -0.0310436655
   0.7049999976  -0.0332218348  -0.0243743079  -0.0332209095
   0.7099999976  -0.0340816706  -0.0248393742  -0.0340804766
   0.7149999976  -0.0336539675  -0.0241058438  -0.0336526470
   0.7199999976  -0.0319453158  -0.0222008295  -0.0319441669
   0.7249999976  -0.0289493632  -0.0191615325  -0.0289488895
   0.7299999975  -0.0246829896  -0.0150560391  -0.0246839446
   0.7349999975  -0.0192359674  -0.0100105159  -0.0192393831
   0.7399999975  -0.0128157360  -0.0042324070  -0.0128229290
   0.7449999975  -0.0057687138   0.0019807479  -0.0057812559
   0.7499999975   0.0014343138   0.0082538351   0.0014146644
   0.7549999975   0.0082506365   0.0141691808   0.0082220478
   0.7599999974   0.0141461843   0.0193187467   0.0141069034
   0.7649999974   0.0186854978   0.0233629936   0.0186340330
   0.7699999974   0.0216087617   0.0260834211   0.0215440767
   0.7749999974   0.0228763388   0.0274167129   0.0227980355
   0.7799999974   0.0226694731   0.0274624090   0.0225779358
   0.7849999974   0.0213469875   0.0264620126   0.0212434635
   0.7899999973   0.0193686780   0.0247538588   0.0192552748
   0.7949999973   0.0172037969   0.0227133625   0.0170833839
   0.7999999973   0.0152457136   0.0206912334   0.0151217328
   0.8049999973   0.0137512231   0.0189622677   0.0136274251
   0.8099999973   0.0128160749   0.0176945072   0.0126962089
   0.8149999973   0.0123891134   0.0169435829   0.0122766127
   0.8199999972   0.0123182911   0.0166711319   0.0122159955
   0.8249999972   0.0124148261   0.0167806609   0.0123247813
   0.8299999972   0.0125184019   0.0171604636   0.0124417632
   0.8349999972   0.0125471268   0.0177220989   0.0124841810
   0.8399999972   0.0125206664   0.0184248244   0.0124709637
   0.8449999972   0.0125523495   0.0192807689   0.0125149193
   0.8499999971   0.0128143426   0.0203413656   0.0127879535
   0.8549999971   0.0134871090   0.0216710176   0.0134705226
   0.8599999971   0.0147084095   0.0233175260   0.0147005823
   0.8649999971   0.0165368651   0.0252893610   0.0165370588
   0.8699999971   0.0189404667   0.0275471879   0.0189482490
   0.8749999971   0.0218125905   0.0300119882   0.0218277269
   0.8799999970   0.0250093028   0.0325862827   0.0250315655
   0.8849999970   0.0283947742   0.0351803066   0.0284237092
   0.8899999970   0.0318788038   0.0377331133   0.0319135113
   0.8949999970   0.0354329251   0.0402201603   0.0354719044
   0.8999999970   0.0390787093   0.0426434674   0.0391198130
   0.9049999970   0.0428514668   0.0450063910   0.0428919854
   0.9099999969   0.0467513323   0.0472804010   0.0467882086
   0.9149999969   0.0506986391   0.0493741499   0.0507287825
   0.9199999969   0.0545096784   0.0511146383   0.0545303325
   0.9249999969   0.0579025653   0.0522466332   0.0579116630
   0.9299999969   0.0605330925   0.0524510119   0.0605295397
   0.9349999969   0.0620505803   0.0513772931   0.0620344135
   0.9399999968   0.0621572620   0.0486820724   0.0621296502
   0.9449999968   0.0606539430   0.0440644527   0.0606170305
   0.9499999968   0.0574597518   0.0372918273   0.0574163657
   0.9549999968   0.0526028621   0.0282134895   0.0525561317
   0.9599999968   0.0461888205   0.0167639118   0.0461417706
   0.9649999968   0.0383600978   0.0029605989   0.0383152807
   0.9699999967   0.0292623350  -0.0130977861   0.0292215549
   0.9749999967   0.0190290379  -0.0312288670   0.0189932056
   0.9799999967   0.0077887822  -0.0511585319   0.0077579128
   0.9849999967  -0.0043097425  -0.0725098474  -0.0043364014
   0.9899999967  -0.0170661282  -0.0947938336  -0.0170898698
   0.9949999967  -0.0302036255  -0.1174078158  -0.0302260046
   0.9999999966  -0.0433624271  -0.1396459755  -0.0433849789
   1.0049999966  -0.0561155242  -0.1607242171  -0.0561395253
   1.0099999966  -0.0680043196  -0.1798184073  -0.0680306258
   1.0149999966  -0.0785851347  -0.1961123216  -0.0786141108
   1.0199999966  -0.0874750315  -0.2088499082  -0.0875065739
   1.0249999966  -0.0943865612  -0.2173859963  -0.0944201964
   1.0299999965  -0.0991452836  -0.2212302106  -0.0991803172
   1.0349999965  -0.1016894155  -0.2200802112  -0.1017251005
   1.0399999965  -0.1020557660  -0.2138420221  -0.1020914573
   1.0449999965  -0.1003587669  -0.2026367583  -0.1003940401
   1.0499999965  -0.0967694369  -0.1867943080  -0.0968041534
   1.0549999965  -0.0914990093  -0.1668354085  -0.0915333238
   1.0599999964  -0.0847888665  -0.1434441026  -0.0848231831
   1.0649999964  -0.0769055934  -0.1174328479  -0.0769404851
   1.0699999964  -0.0681382931  -0.0897026333  -0.0681744040
   1.0749999964  -0.0587950747  -0.0612003910  -0.0588330269
   1.0799999964  -0.0491965446  -0.0328758183  -0.0492368673
   1.0849999964  -0.0396655736  -0.0056395052  -0.0397086653
   1.0899999963  -0.0305139446   0.0196759436  -0.0305600722
   1.0949999963  -0.0220273200   0.0423502506  -0.0220766484
   1.0999999963  -0.0144502327   0.0618038149  -0.0145028734
   1.1049999963  -0.0079726938   0.0776186829  -0.0080287580
   1.1099999963  -0.0027197766   0.0895508954  -0.0027794179
   1.1149999963   0.0012546604   0.0975332766   0.0011912227
   1.1199999962   0.0039691182   0.1016682727   0.0039016002
   1.1249999962   0.0055097861   0.1022112100   0.0054378612
   1.1299999962   0.0060199571   0.0995452456   0.0059432920
   1.1349999962   0.0056843475   0.0941501628   0.0056026444
   1.1399999962   0.0047101931   0.0865678481   0.0046232285
   1.1449999962   0.0033078555   0.0773676095   0.0032155132
   1.1499999961   0.0016739735   0.0671143659   0.0015762708
   1.1549999961  -0.0000203014   0.0563421433  -0.0001231927
   1.1599999961  -0.0016347016   0.0455343593  -0.0017424352
   1.1649999961  -0.0030592673   0.0351112359  -0.0031713029
   1.1699999961  -0.0042097776   0.0254235715  -0.0043253638
   1.1749999961  -0.0050221110   0.0167512691  -0.0051402761
   1.1799999960  -0.0054484258   0.0093046148  -0.0055679843
   1.1849999960  -0.0054570223   0.0032264184  -0.0055766027
   1.1899999960  -0.0050360746  -0.0014062825  -0.0051541696
   1.1949999960  -0.0041996744  -0.0045813630  -0.0043147072
   1.1999999960  -0.0029934258  -0.0063510536  -0.0031038199
   1.2049999960  -0.0014966025  -0.0068304125  -0.0016008338
   1.2099999959   0.0001812954  -0.0061932487   0.0000846823
   1.2149999959   0.0019101303  -0.0046641289   0.0018225603
   1.2199999959   0.0035535604  -0.0025057847   0.0034765299
   1.2249999959   0.0049855402  -0.0000021902   0.0049207798
   1.2299999959   0.0061054790   0.0025614442   0.0060551640
   1.2349999959   0.0068490271   0.0049197817   0.0068160128
   1.2399999958   0.0071926705   0.0068472576   0.0071807252
   1.2449999958   0.0071519220   0.0081745756   0.0071659279
   1.2499999958   0.0067743715   0.0088000942   0.0068204708
   1.2549999958   0.0061297754   0.0086950966   0.0062154418
   1.2599999958   0.0052995264   0.0079026604   0.0054335525
   1.2649999958   0.0043673451   0.0065304739   0.0045597385
   1.2699999957   0.0034121628   0.0047384134   0.0036739506
   1.2749999957   0.0025032959   0.0027220217   0.0028462372
   1.2799999957   0.0016974394   0.0006932648   0.0021336445
   1.2849999957   0.0010368481  -0.0011398690   0.0015783073
   1.2899999957   0.0005482693  -0.0025932135   0.0012062925
   1.2949999957   0.0002425213  -0.0035239387   0.0010270970
   1.2999999956   0.0001148802  -0.0038440389   0.0010339684
   1.3049999956   0.0001464908  -0.0035283893   0.0012052732
   1.3099999956   0.0003068576  -0.0026164623   0.0015069793
   1.3149999956   0.0005572142  -0.0012074577   0.0018960566
   1.3199999956   0.0008543611   0.0005506716   0.0023243966
   1.3249999956   0.0011545249   0.0024771349   0.0027428021
   1.3299999955   0.0014169269   0.0043774723   0.0031047382
   1.3349999955   0.0016069706   0.0060639652   0.0033697471
   1.3399999955   0.0016991143   0.0073751822   0.0035065851
   1.3449999955   0.0016794759   0.0081926556   0.0034961163
   1.3499999955   0.0015480034   0.0084529553   0.0033337826
   1.3549999954   0.0013197415   0.0081538408   0.0030311628
   1.3599999954   0.0010245064   0.0073537193   0.0026159172
   1.3649999954   0.0007043285   0.0061643025   0.0021294591
   1.3699999954   0.0004084053   0.0047371098   0.0016220815
   1.3749999954   0.0001859617   0.0032452481   0.0011459248
   1.3799999954   0.0000781343   0.0018625839   0.0007468922
   1.3849999953   0.0001105121   0.0007429033   0.0004571394
   1.3899999953   0.0002880540   0.0000017824   0.0002898567
   1.3949999953   0.0005936790  -0.0002963941   0.0002376376
   1.3999999953   0.0009909813  -0.0001445227   0.0002748915
   1.4049999953   0.0014305132   0.0004087570   0.0003637459
   1.4099999953   0.0018582102   0.0012678228   0.0004620253
   1.4149999952   0.0022240808   0.0023045795   0.0005314403
   1.4199999952   0.0024893559   0.0033764451   0.0005442072
   1.4249999952   0.0026308527   0.0043451535   0.0004868725
   1.4299999952   0.0026421191   0.0050937703   0.0003609430
   1.4349999952   0.0025317398   0.0055397854   0.0001807330
   1.4399999952   0.0023197431   0.0056428828  -0.0000306030
   1.4449999951   0.0020332312   0.0054068512  -0.0002456963
   1.4499999951   0.0017021935   0.0048759179  -0.0004372728
   1.4549999951   0.0013560743   0.0041264619  -0.0005815543
   1.4599999951   0.0010212598   0.0032555127  -0.0006605852
   1.4649999951   0.0007193636   0.0023676662  -0.0006636084
   1.4699999951   0.0004661039   0.0015620731  -0.0005877101
   1.4749999950   0.0002706446   0.0009210026  -0.0004378851
   1.4799999950   0.0001354147   0.0005012081  -0.0002265352
   1.4849999950   0.0000565170   0.0003289367   0.0000276714
   1.4899999950   0.0000248080   0.0003989626   0.0003016215
   1.4949999950   0.0000275902   0.0006775294   0.0005701569
   1.4999999950   0.0000506675   0.0011085968   0.0008087596
   1.5049999949   0.0000803769   0.0016223867   0.0009960973
   1.5099999949   0.0001052043   0.0021449676   0.0011160058
   1.5149999949   0.0001167303   0.0026075592   0.0011586360
   1.5199999949   0.0001098873   0.0029543860   0.0011207343
   1.5249999949   0.0000827290   0.0031482303   0.0010052663
   1.5299999949   0.0000360334   0.0031732423   0.0008207123
   1.5349999948  -0.0000269924   0.0030349886   0.0005803294
   1.5399999948  -0.0001008145   0.0027580565   0.0003014888
   1.5449999948  -0.0001776334   0.0023817584   0.0000049712
   1.5499999948  -0.0002477088   0.0019545823  -0.0002860616
   1.5549999948  -0.0003002609   0.0015280453  -0.0005476971
   1.5599999948  -0.0003250665   0.0011505784  -0.0007575896
   1.5649999947  -0.0003145623   0.0008620286  -0.0008977414
   1.5699999947  -0.0002659601   0.0006893170  -0.0009572107
   1.5749999947  -0.0001827149   0.0006437205  -0.0009340486
   1.5799999947  -0.0000747593   0.0007201178  -0.0008358417
   1.5849999947   0.0000427796   0.0008983304  -0.0006785488
   1.5899999947   0.0001522162   0.0011464110  -0.0004837817
   1.5949999946   0.0002367020   0.0014254273  -0.0002751253
   1.5999999946   0.0002835271   0.0016950252  -0.0000743667
   1.6049999946   0.0002864828   0.0019189129   0.0001014869
   1.6099999946   0.0002467170   0.0020694224   0.0002417894
   1.6149999946   0.0001719545   0.0021304961   0.0003422553
   1.6199999946   0.0000744105   0.0020987596   0.0004036542
   1.6249999945  -0.0000319546   0.0019826994   0.0004297959
   1.6299999945  -0.0001341045   0.0018002924   0.0004254943
   1.6349999945  -0.0002219266   0.0015756436   0.0003950687
   1.6399999945  -0.0002892577   0.0013352664   0.0003416542
   1.6449999945  -0.0003339531   0.0011045787   0.0002672878
   1.6499999945  -0.0003572481   0.0009050461   0.0001735106
   1.6549999944  -0.0003627502   0.0007522165   0.0000621535
   1.6599999944  -0.0003553497   0.0006547244  -0.0000639687
   1.6649999944  -0.0003402185   0.0006142135  -0.0002005937
   1.6699999944  -0.0003219466   0.0006260429  -0.0003417946
   1.6749999944  -0.0003038217   0.0006805954  -0.0004799690
   1.6799999944  -0.0002872815   0.0007649727  -0.0006060152
   1.6849999943  -0.0002716326   0.0008648468  -0.0007097452
   1.6899999943  -0.0002541741   0.0009662243  -0.0007806264
   1.6949999943  -0.0002308257   0.0010569015  -0.0008089154
   1.6999999943  -0.0001972429   0.0011274392  -0.0007871367
   1.7049999943  -0.0001502250   0.0011715798  -0.0007116884
   1.7099999943  -0.0000890726   0.0011861442  -0.0005842194
   1.7149999942  -0.0000164922   0.0011705576  -0.0004123708
   1.7199999942   0.0000612728   0.0011262209  -0.0002095663
   1.7249999942   0.0001352045   0.0010559515   0.0000062494
   1.7299999942   0.0001950198   0.0009636460   0.0002147456
   1.7349999942   0.0002310508   0.0008542032   0.0003957975
   1.7399999942   0.0002360108   0.0007336137   0.0005319962
   1.7449999941   0.0002062119   0.0006090341   0.0006105847
   1.7499999941   0.0001419897   0.0004886466   0.0006245201
   1.7549999941   0.0000473532   0.0003811680   0.0005726316
   1.7599999941  -0.0000708925   0.0002949998   0.0004590847
   1.7649999941  -0.0002041870   0.0002371499   0.0002924943
   1.7699999941  -0.0003430877   0.0002121632   0.0000850135
   1.7749999940  -0.0004778047   0.0002213227  -0.0001484217
   1.7799999940  -0.0005984375   0.0002623293  -0.0003907100
   1.7849999940  -0.0006951235   0.0003295430  -0.0006232457
   1.7899999940  -0.0007583682   0.0004147247  -0.0008268581
   1.7949999940  -0.0007797497   0.0005081052  -0.0009831816
   1.7999999940  -0.0007530101   0.0005995537  -0.0010764303
   1.8049999939  -0.0006753434   0.0006796403  -0.0010953440
   1.8099999939  -0.0005485452   0.0007404595  -0.0010349253
   1.8149999939  -0.0003796601   0.0007761743  -0.0008975666
   1.8199999939  -0.0001808699   0.0007833114  -0.0006932708
   1.8249999939   0.0000314460   0.0007608678  -0.0004388724
   1.8299999939   0.0002383384   0.0007102789  -0.0001563832
   1.8349999938   0.0004203117   0.0006352626   0.0001292450
   1.8399999938   0.0005594062   0.0005415236   0.0003925878
   1.8449999938   0.0006410468   0.0004362966   0.0006101268
   1.8499999938   0.0006554825   0.0003277318   0.0007623222
   1.8549999938   0.0005987505   0.0002241690   0.0008352717
   1.8599999938   0.0004731691   0.0001333919   0.0008219092
   1.8649999937   0.0002873705   0.0000619640   0.0007227074
   1.8699999937   0.0000558508   0.0000147347   0.0005458163
   1.8749999937  -0.0002020151  -0.0000054466   0.0003065433
   1.8799999937  -0.0004635293   0.0000021755   0.0000261067
   1.8849999937  -0.0007047498   0.0000363044  -0.0002703196
   1.8899999937  -0.0009029153   0.0000937051  -0.0005561028
   1.8949999936  -0.0010389066   0.0001693545  -0.0008058835
   1.8999999936  -0.0010993614   0.0002566406  -0.0009981417
   1.9049999936  -0.0010780863   0.0003476680  -0.0011172093
   1.9099999936  -0.0009765396   0.0004337400  -0.0011544535
   1.9149999936  -0.0008033556   0.0005060603  -0.0011085492
   1.9199999936  -0.0005730879   0.0005566324  -0.0009849529
   1.9249999935  -0.0003044849   0.0005792489  -0.0007948383
   1.9299999935  -0.0000186490   0.0005704006  -0.0005537925
   1.9349999935   0.0002626456   0.0005299058  -0.0002805137
   1.9399999935   0.0005183429   0.0004610978   0.0000043815
   1.9449999935   0.0007292251   0.0003704931   0.0002794685
   1.9499999935   0.0008788792   0.0002669768   0.0005236583
   1.9549999934   0.0009546401   0.0001606500   0.0007174861
   1.9599999934   0.0009485634   0.0000615515   0.0008445745
   1.9649999934   0.0008583604  -0.0000215211   0.0008931698
   1.9699999934   0.0006881148  -0.0000819129   0.0008575335
   1.9749999934   0.0004485540  -0.0001156372   0.0007389126
   1.9799999934   0.0001566785  -0.0001215188   0.0005458483
   1.9849999933  -0.0001653323  -0.0001010152   0.0002936900
   1.9899999933  -0.0004918739  -0.0000578121   0.0000033332
   1.9949999933  -0.0007961325   0.0000027135  -0.0003006560
   1.9999999933  -0.0010524855   0.0000740940  -0.0005922821
   2.0049999933  -0.0012388025   0.0001493899  -0.0008464541
   2.0099999933  -0.0013384138   0.0002217989  -0.0010411781
   2.0149999932  -0.0013415953   0.0002852222  -0.0011594408
   2.0199999932  -0.0012464884   0.0003347411  -0.0011906741
   2.0249999932  -0.0010594185   0.0003669550  -0.0011317226
   2.0299999932  -0.0007945874   0.0003801357  -0.0009872428
   2.0349999932  -0.0004731178   0.0003741868  -0.0007694592
   2.0399999931  -0.0001214521   0.0003504386  -0.0004972236
   2.0449999931   0.0002308383   0.0003113443  -0.0001943848
   2.0499999931   0.0005536793   0.0002601602   0.0001124227
   2.0549999931   0.0008192999   0.0002006763   0.0003963460
   2.0599999931   0.0010048857   0.0001370254   0.0006329225
   2.0649999931   0.0010947325   0.0000735466   0.0008023838
   2.0699999930   0.0010816243   0.0000146455   0.0008913619
   2.0749999930   0.0009672911  -0.0000354140   0.0008938225
   2.0799999930   0.0007619662  -0.0000728216   0.0008112062
   2.0849999930   0.0004832045  -0.0000946197   0.0006518912
   2.0899999930   0.0001542008  -0.0000991151   0.0004301718
   2.0949999930  -0.0001981512  -0.0000861979   0.0001649484
   2.0999999929  -0.0005452805  -0.0000574637  -0.0001217320
   2.1049999929  -0.0008589518  -0.0000160786  -0.0004062278
   2.1099999929  -0.0011132400   0.0000336070  -0.0006649492
   2.1149999929  -0.0012864529   0.0000866190  -0.0008761048
   2.1199999929  -0.0013629368   0.0001379777  -0.0010214998
   2.1249999929  -0.0013346213   0.0001832441  -0.0010882487
   2.1299999928  -0.0012020901   0.0002189039  -0.0010701792
   2.1349999928  -0.0009749450   0.0002425519  -0.0009686790
   2.1399999928  -0.0006712915   0.0002529011  -0.0007927755
   2.1449999928  -0.0003162991   0.0002496823  -0.0005583599
   2.1499999928   0.0000600456   0.0002335084  -0.0002866182
   2.1549999928   0.0004257309   0.0002057581  -0.0000018815
   2.1599999927   0.0007497002   0.0001684938   0.0002707996
   2.1649999927   0.0010046600   0.0001243892   0.0005080327
   2.1699999927   0.0011694147   0.0000766248   0.0006901401
   2.1749999927   0.0012305409   0.0000287130   0.0008027218
   2.1799999927   0.0011833264  -0.0000157588   0.0008376539
   2.1849999927   0.0010319855  -0.0000534386   0.0007935274
   2.1899999926   0.0007892042  -0.0000815233   0.0006755697
   2.1949999926   0.0004750801  -0.0000980106   0.0004950922
   2.1999999926   0.0001155156  -0.0001018485   0.0002684940
   2.2049999926  -0.0002598629  -0.0000929696   0.0000158588
   2.2099999926  -0.0006201474  -0.0000722327  -0.0002407893
   2.2149999926  -0.0009357750  -0.0000413158  -0.0004794468
   2.2199999925  -0.0011810979  -0.0000025993  -0.0006801209
   2.2249999925  -0.0013366162   0.0000409438  -0.0008266200
   2.2299999925  -0.0013906107   0.0000858650  -0.0009079249
   2.2349999925  -0.0013399895   0.0001284031  -0.0009189759
   2.2399999925  -0.0011902812   0.0001647310  -0.0008608151
   2.2449999925  -0.0009548386   0.0001913018  -0.0007401334
   2.2499999924  -0.0006534248   0.0002052657  -0.0005683597
   2.2549999924  -0.0003104033   0.0002048875  -0.0003604717
   2.2599999924   0.0000472480   0.0001898690  -0.0001336961
   2.2649999924   0.0003919363   0.0001614874   0.0000937886
   2.2699999924   0.0006973666   0.0001224953   0.0003040946
   2.2749999924   0.0009403199   0.0000767882   0.0004808095
   2.2799999923   0.0011022634   0.0000288983   0.0006101224
   2.2849999923   0.0011707333  -0.0000165835   0.0006818667
   2.2899999923   0.0011403914  -0.0000555500   0.0006904029
   2.2949999923   0.0010136235  -0.0000847973   0.0006352248
   2.2999999923   0.0008005492  -0.0001022754   0.0005211647
   2.3049999923   0.0005183629  -0.0001071680   0.0003581085
   2.3099999922   0.0001900096  -0.0000998332   0.0001602019
   2.3149999922  -0.0001577002  -0.0000816487  -0.0000553837
   2.3199999922  -0.0004963491  -0.0000548034  -0.0002699891
   2.3249999922  -0.0007983115  -0.0000220590  -0.0004651303
   2.3299999922  -0.0010390586   0.0000135037  -0.0006241124
   2.3349999922  -0.0011991687   0.0000487479  -0.0007334496
   2.3399999921  -0.0012658974   0.0000807410  -0.0007839921
   2.3449999921  -0.0012342067   0.0001069898  -0.0007716937
   2.3499999921  -0.0011071900   0.0001256256  -0.0006979765
   2.3549999921  -0.0008958538   0.0001355123  -0.0005696573
   2.3599999921  -0.0006182428   0.0001362691  -0.0003984082
   2.3649999921  -0.0002979370   0.0001282162  -0.0001997525
   2.3699999920   0.0000379880   0.0001122722   0.0000083525
   2.3749999920   0.0003613656   0.0000898374   0.0002072268
   2.3799999920   0.0006454694   0.0000626896   0.0003792860
   2.3849999920   0.0008673853   0.0000329021   0.0005097411
   2.3899999920   0.0010099563   0.0000027663   0.0005879579
   2.3949999920   0.0010630907  -0.0000253103   0.0006083120
   2.3999999919   0.0010243353  -0.0000489604   0.0005704678
   2.4049999919   0.0008987287  -0.0000660792   0.0004791124
   2.4099999919   0.0006980488  -0.0000750889   0.0003432625
   2.4149999919   0.0004396180  -0.0000751955   0.0001752945
   2.4199999919   0.0001448288  -0.0000665654  -0.0000101553
   2.4249999919  -0.0001624841  -0.0000503612  -0.0001973246
   2.4299999918  -0.0004577534  -0.0000286016  -0.0003704520
   2.4349999918  -0.0007174273  -0.0000038630  -0.0005148928
   2.4399999918  -0.0009207160   0.0000211177  -0.0006182252
   2.4449999918  -0.0010512545   0.0000438483  -0.0006713072
   2.4499999918  -0.0010985486   0.0000624008  -0.0006691987
   2.4549999918  -0.0010590263   0.0000755823  -0.0006118081
   2.4599999917  -0.0009365169   0.0000829374  -0.0005041208
   2.4649999917  -0.0007420247   0.0000846151  -0.0003558973
   2.4699999917  -0.0004927663   0.0000811639  -0.0001808153
   2.4749999917  -0.0002105548   0.0000733305   0.0000048699
   2.4799999917   0.0000802748   0.0000619194   0.0001839770
   2.4849999917   0.0003551388   0.0000477355   0.0003401378
   2.4899999916   0.0005914056   0.0000315960   0.0004593951
   2.4949999916   0.0007702939   0.0000143746   0.0005314742
   2.4999999916   0.0008783146  -0.0000029670   0.0005506181
   2.5049999916   0.0009081831  -0.0000193874   0.0005159517
   2.5099999916   0.0008591926  -0.0000338210   0.0004314019
   2.5149999916   0.0007370757  -0.0000452647   0.0003052284
   2.5199999915   0.0005533942  -0.0000528693   0.0001492295
   2.5249999915   0.0003245029  -0.0000560148  -0.0000223178
   2.5299999915   0.0000701450  -0.0000543598  -0.0001939176
   2.5349999915  -0.0001882310  -0.0000478711  -0.0003502339
   2.5399999915  -0.0004293043  -0.0000368472  -0.0004774773
   2.5449999915  -0.0006336932  -0.0000219414  -0.0005646593
   2.5499999914  -0.0007855589  -0.0000041811  -0.0006045722
   2.5549999914  -0.0008738298   0.0000150383  -0.0005943726
   2.5599999914  -0.0008929352   0.0000340139  -0.0005357048
   2.5649999914  -0.0008430072   0.0000508694  -0.0004343753
   2.5699999914  -0.0007295974   0.0000637654  -0.0002996572
   2.5749999914  -0.0005630018   0.0000711575  -0.0001433519
   2.5799999913  -0.0003573147   0.0000720511   0.0000212604
   2.5849999913  -0.0001293127   0.0000661921   0.0001804726
   2.5899999913   0.0001027623   0.0000541411   0.0003211434
   2.5949999913   0.0003204841   0.0000372074   0.0004316094
   2.5999999913   0.0005065632   0.0000172544   0.0005025155
   2.6049999913   0.0006461620  -0.0000035791   0.0005275503
   2.6099999912   0.0007281234  -0.0000231768   0.0005040459
   2.6149999912   0.0007459896  -0.0000397022   0.0004333627
   2.6199999912   0.0006986691  -0.0000517718   0.0003209677
   2.6249999912   0.0005906292  -0.0000585345   0.0001761284
   2.6299999912   0.0004315466  -0.0000596707   0.0000111989
   2.6349999912   0.0002354316  -0.0000553444  -0.0001594588
   2.6399999911   0.0000193255  -0.0000461392  -0.0003207983
   2.6449999911  -0.0001982658  -0.0000329955  -0.0004584970
   2.6499999911  -0.0003990157  -0.0000171497  -0.0005602752
   2.6549999911  -0.0005663264  -0.0000000574  -0.0006169815
   2.6599999911  -0.0006866556   0.0000167117  -0.0006233549
   2.6649999911  -0.0007505414   0.0000316173  -0.0005784261
   2.6699999910  -0.0007532891   0.0000433131  -0.0004855694
   2.6749999910  -0.0006953035   0.0000508058  -0.0003522341
   2.6799999910  -0.0005820512   0.0000535698  -0.0001893844
   2.6849999910  -0.0004236403   0.0000515890  -0.0000106739
   2.6899999910  -0.0002340106   0.0000453179   0.0001686215
   2.6949999909  -0.0000297579   0.0000355757   0.0003328671
   2.6999999909   0.0001713307   0.0000234094   0.0004674460
   2.7049999909   0.0003519009   0.0000099618   0.0005601247
   2.7099999909   0.0004966332  -0.0000036275   0.0006022516
   2.7149999909   0.0005936355  -0.0000162804   0.0005896314
   2.7199999909   0.0006354569  -0.0000270126   0.0005229536
   2.7249999908   0.0006196225  -0.0000349653   0.0004077199
   2.7299999908   0.0005486642  -0.0000394582   0.0002536925
   2.7349999908   0.0004296988  -0.0000400681   0.0000739574
   2.7399999908   0.0002736549  -0.0000367187  -0.0001162655
   2.7449999908   0.0000942634  -0.0000297466  -0.0003009219
   2.7499999908  -0.0000930873  -0.0000199092  -0.0004644186
   2.7549999907  -0.0002725589  -0.0000083119  -0.0005928320
   2.7599999907  -0.0004290832   0.0000037429  -0.0006749808
   2.7649999907  -0.0005495479   0.0000149539  -0.0007033259
   2.7699999907  -0.0006238860   0.0000242186  -0.0006746491
   2.7749999907  -0.0006459764   0.0000307813  -0.0005904512
   2.7799999907  -0.0006142481   0.0000342968  -0.0004569926
   2.7849999906  -0.0005318845   0.0000348045  -0.0002849172
   2.7899999906  -0.0004065630   0.0000326328  -0.0000884414
   2.7949999906  -0.0002497322   0.0000282733   0.0001158489
   2.7999999906  -0.0000755036   0.0000222667   0.0003104773
   2.8049999906   0.0001007044   0.0000151295   0.0004786678
   2.8099999906   0.0002635994   0.0000073289   0.0006058615
   2.8149999905   0.0003993607  -0.0000007059   0.0006809934
   2.8199999905   0.0004967736  -0.0000085602   0.0006974132
   2.8249999905   0.0005480762  -0.0000158218   0.0006533916
   2.8299999905   0.0005494936  -0.0000220920   0.0005522125
   2.8349999905   0.0005014615  -0.0000270145   0.0004018818
   2.8399999905   0.0004085465  -0.0000303097   0.0002144976
   2.8449999904   0.0002790719  -0.0000317945   0.0000053238
   2.8499999904   0.0001244485  -0.0000313805  -0.0002083900
   2.8549999904  -0.0000417710  -0.0000290541  -0.0004087883
   2.8599999904  -0.0002050661  -0.0000248573  -0.0005789060
   2.8649999904  -0.0003512572  -0.0000188870  -0.0007041577
   2.8699999904  -0.0004678108  -0.0000113266  -0.0007736710
   2.8749999903  -0.0005449853  -0.0000025043  -0.0007813004
   2.8799999903  -0.0005766732   0.0000070454  -0.0007261916
   2.8849999903  -0.0005608436   0.0000165515  -0.0006128229
   2.8899999903  -0.0004995591   0.0000250387  -0.0004505303
   2.8949999903  -0.0003986108   0.0000314379  -0.0002526006
   2.8999999903  -0.0002668672   0.0000347593  -0.0000350667
   2.9049999902  -0.0001154501   0.0000342928   0.0001846405
   2.9099999902   0.0000431642   0.0000297797   0.0003890512
   2.9149999902   0.0001960570   0.0000215078   0.0005619321
   2.9199999902   0.0003307648   0.0000102974   0.0006894280
   2.9249999902   0.0004361569  -0.0000026188   0.0007610420
   2.9299999902   0.0005032777  -0.0000157926   0.0007704333
   2.9349999901   0.0005261129  -0.0000277831   0.0007159886
   2.9399999901   0.0005022032  -0.0000373559   0.0006011041
   2.9449999901   0.0004330079  -0.0000436199   0.0004341052
   2.9499999901   0.0003239302  -0.0000460896   0.0002277465
   2.9549999901   0.0001839520  -0.0000446823  -0.0000017140
   2.9599999901   0.0000248903  -0.0000396742  -0.0002358123
   2.9649999900  -0.0001396487  -0.0000316382  -0.0004554246
   2.9699999900  -0.0002954930  -0.0000213801  -0.0006423990
   2.9749999900  -0.0004291610  -0.0000098740  -0.0007810983
   2.9799999900  -0.0005290192   0.0000018114  -0.0008597027
   2.9849999900  -0.0005862456   0.0000126032  -0.0008711687
   2.9899999900  -0.0005955427   0.0000215319  -0.0008137915
   2.9949999899  -0.0005555755   0.0000278418  -0.0006913589
   2.9999999899  -0.0004691232   0.0000310828  -0.0005129087
   3.0049999899  -0.0003429326   0.0000311570  -0.0002921047
   3.0099999899  -0.0001872593   0.0000283060  -0.0000462559
   3.0149999899  -0.0000150911   0.0000230409   0.0002049900
   3.0199999899   0.0001589229   0.0000160359   0.0004412115
   3.0249999898   0.0003197665   0.0000080173   0.0006429303
   3.0299999898   0.0004534511  -0.0000003198   0.0007933232
   3.0349999898   0.0005483512  -0.0000083506   0.0008797471
   3.0399999898   0.0005963095  -0.0000155148   0.0008948936
   3.0449999898   0.0005933729  -0.0000212904   0.0008374369
   3.0499999898   0.0005400796  -0.0000251752   0.0007121039
   3.0549999897   0.0004412948  -0.0000267035   0.0005291861
   3.0599999897   0.0003056577  -0.0000255077   0.0003035821
   3.0649999897   0.0001447484  -0.0000214107   0.0000535074
   3.0699999897  -0.0000279113  -0.0000145181  -0.0002009824
   3.0749999897  -0.0001979266  -0.0000052703  -0.0004395285
   3.0799999897  -0.0003511061   0.0000055738  -0.0006429733
   3.0849999896  -0.0004745083   0.0000170304  -0.0007947659
   3.0899999896  -0.0005574310   0.0000280416  -0.0008822151
   3.0949999896  -0.0005922993   0.0000376456  -0.0008975244
   3.0999999896  -0.0005753834   0.0000451181  -0.0008385264
   3.1049999896  -0.0005072560   0.0000500498  -0.0007090217
   3.1099999896  -0.0003928963   0.0000523467  -0.0005186371
   3.1149999895  -0.0002413790   0.0000521630  -0.0002821605
   3.1199999895  -0.0000651430   0.0000498026  -0.0000183753
   3.1249999895   0.0001210974   0.0000456236   0.0002515068
   3.1299999895   0.0003016747   0.0000399774   0.0005056516
   3.1349999895   0.0004613643   0.0000331922   0.0007234529
   3.1399999895   0.0005866974   0.0000255902   0.0008872338
   3.1449999894   0.0006670635   0.0000175175   0.0009836488
   3.1499999894   0.0006955234   0.0000093598   0.0010046875
   3.1549999894   0.0006693045   0.0000015330   0.0009482389
   3.1599999894   0.0005899789  -0.0000055513   0.0008182156
   3.1649999894   0.0004633398  -0.0000115300   0.0006242538
   3.1699999894   0.0002989872  -0.0000161240   0.0003810153
   3.1749999893   0.0001096333  -0.0000191523   0.0001071160
   3.1799999893  -0.0000898582  -0.0000205244  -0.0001762732
   3.1849999893  -0.0002836550  -0.0000202248  -0.0004470808
   3.1899999893  -0.0004562783  -0.0000183080  -0.0006841236
   3.1949999893  -0.0005939428  -0.0000149162  -0.0008688725
   3.1999999893  -0.0006857643  -0.0000103199  -0.0009870123
   3.2049999892  -0.0007246934  -0.0000049639  -0.0010296270
   3.2099999892  -0.0007080695   0.0000005111  -0.0009938870
   3.2149999892  -0.0006377507   0.0000052967  -0.0008831837
   3.2199999892  -0.0005198427   0.0000085100  -0.0007067379
   3.2249999892  -0.0003640991   0.0000093404  -0.0004787619
   3.2299999892  -0.0001830934   0.0000072185  -0.0002172959
   3.2349999891   0.0000087449   0.0000019605   0.0000571684
   3.2399999891   0.0001961635  -0.0000061557   0.0003231764
   3.2449999891   0.0003641499  -0.0000164088   0.0005598428
   3.2499999891   0.0004990008  -0.0000277458   0.0007483651
   3.2549999891   0.0005893653  -0.0000389564   0.0008734534
   3.2599999891   0.0006272057  -0.0000488671   0.0009245867
   3.2649999890   0.0006085841  -0.0000565037   0.0008969813
   3.2699999890   0.0005341660  -0.0000611921   0.0007921454
   3.2749999890   0.0004093394  -0.0000625859   0.0006179175
   3.2799999890   0.0002438884  -0.0000606367   0.0003879351
   3.2849999890   0.0000512236  -0.0000555345   0.0001205562
   3.2899999890  -0.0001527557  -0.0000476499  -0.0001626644
   3.2949999889  -0.0003510381  -0.0000374948  -0.0004387832
   3.2999999889  -0.0005269579  -0.0000257030  -0.0006853671
   3.3049999889  -0.0006655813  -0.0000130170  -0.0008823026
   3.3099999889  -0.0007549041  -0.0000002593  -0.0010133656
   3.3149999889  -0.0007867836   0.0000117235  -0.0010674539
   3.3199999889  -0.0007575704   0.0000221442  -0.0010394239
   3.3249999888  -0.0006684208   0.0000303670  -0.0009305039
   3.3299999888  -0.0005252824   0.0000359850  -0.0007482631
   3.3349999888  -0.0003385370   0.0000388544  -0.0005061267
   3.3399999888  -0.0001222933   0.0000390788  -0.0002224328
   3.3449999888   0.0001066599   0.0000369485   0.0000809375
   3.3499999888   0.0003301900   0.0000328593   0.0003802830
   3.3549999887   0.0005303423   0.0000272408   0.0006520235
   3.3599999887   0.0006908990   0.0000205165   0.0008746781
   3.3649999887   0.0007988031   0.0000131027   0.0010306743
   3.3699999887   0.0008452833   0.0000054330   0.0011077979
   3.3749999887   0.0008265619  -0.0000020169   0.0011001400
   3.3799999886   0.0007440901  -0.0000087302   0.0010084746
   3.3849999886   0.0006043281  -0.0000141907   0.0008400733
   3.3899999886   0.0004181368  -0.0000179611   0.0006080268
   3.3949999886   0.0001998766  -0.0000197726   0.0003301727
   3.3999999886  -0.0000336937  -0.0000195952   0.0000277360
   3.4049999886  -0.0002646443  -0.0000176584  -0.0002762255
   3.4099999885  -0.0004751686  -0.0000144108  -0.0005584930
   3.4149999885  -0.0006488963  -0.0000104287  -0.0007973964
   3.4199999885  -0.0007721580  -0.0000063016  -0.0009744702
   3.4249999885  -0.0008351159  -0.0000025309  -0.0010759380
   3.4299999885  -0.0008326473   0.0000005281  -0.0010938860
   3.4349999885  -0.0007648670   0.0000026712  -0.0010269891
   3.4399999884  -0.0006371976   0.0000038056  -0.0008806843
   3.4449999884  -0.0004599515   0.0000038925  -0.0006667450
   3.4499999884  -0.0002474546   0.0000029039  -0.0004022919
   3.4549999884  -0.0000168116   0.0000008128  -0.0001083474
   3.4599999884   0.0002135436  -0.0000023757   0.0001919067
   3.4649999884   0.0004253545  -0.0000065706   0.0004749876
   3.4699999883   0.0006019656  -0.0000115448   0.0007189217
   3.4749999883   0.0007295596  -0.0000169145   0.0009048772
   3.4799999883   0.0007981482  -0.0000221663   0.0010185293
   3.4849999883   0.0008022834  -0.0000267257   0.0010510971
   3.4899999883   0.0007414700  -0.0000300488   0.0010000095
   3.4949999883   0.0006202558  -0.0000317070   0.0008691532
   3.4999999882   0.0004479727  -0.0000314397   0.0006686633
   3.5049999882   0.0002381063  -0.0000291655   0.0004142288
   3.5099999882   0.0000072991  -0.0000249570   0.0001259220
   3.5149999882  -0.0002259620  -0.0000190012  -0.0001733818
   3.5199999882  -0.0004428698  -0.0000115686  -0.0004598695
   3.5249999882  -0.0006258819  -0.0000030075  -0.0007107588
   3.5299999881  -0.0007601979   0.0000062390  -0.0009061724
   3.5349999881  -0.0008349709   0.0000156091  -0.0010307284
   3.5399999881  -0.0008441395   0.0000244181  -0.0010747065
   3.5449999881  -0.0007868289   0.0000318957  -0.0010347139
   3.5499999881  -0.0006673274   0.0000372722  -0.0009138423
   3.5549999881  -0.0004946885   0.0000398997  -0.0007213513
   3.5599999880  -0.0002820255   0.0000393770  -0.0004719432
   3.5649999880  -0.0000455627   0.0000356419  -0.0001846906
   3.5699999880   0.0001965072   0.0000290001   0.0001183232
   3.5749999880   0.0004253178   0.0000200804   0.0004135956
   3.5799999880   0.0006227247   0.0000097300   0.0006779543
   3.5849999880   0.0007727283  -0.0000011211   0.0008903647
   3.5899999879   0.0008628127  -0.0000115874   0.0010336526
   3.5949999879   0.0008850693  -0.0000209187   0.0010959804
   3.5999999879   0.0008369645  -0.0000285419   0.0010719073
   3.6049999879   0.0007216468  -0.0000340608   0.0009629064
   3.6099999879   0.0005477369  -0.0000372345   0.0007772681
   3.6149999879   0.0003286215  -0.0000379589   0.0005294026
   3.6199999878   0.0000813348  -0.0000362638   0.0002386289
   3.6249999878  -0.0001748439  -0.0000323261  -0.0000724116
   3.6299999878  -0.0004199295  -0.0000264849  -0.0003795558
   3.6349999878  -0.0006347752  -0.0000192367  -0.0006589807
   3.6399999878  -0.0008025143  -0.0000111988  -0.0008889958
   3.6449999878  -0.0009098214  -0.0000030377  -0.0010516622
   3.6499999877  -0.0009479310   0.0000046214  -0.0011341518
   3.6549999877  -0.0009133575   0.0000112778  -0.0011297640
   3.6599999877  -0.0008082546   0.0000166056  -0.0010385165
   3.6649999877  -0.0006403575   0.0000204554  -0.0008672366
   3.6699999877  -0.0004224694   0.0000228124  -0.0006291031
   3.6749999877  -0.0001714935   0.0000237293  -0.0003426389
   3.6799999876   0.0000929262   0.0000232652  -0.0000302193
   3.6849999876   0.0003500362   0.0000214581   0.0002837694
   3.6899999876   0.0005797078   0.0000183419   0.0005749382
   3.6949999876   0.0007640922   0.0000139996   0.0008208646
   3.6999999876   0.0008890298   0.0000086294   0.0010028362
   3.7049999876   0.0009450964   0.0000025883   0.0011072264
   3.7099999875   0.0009282252  -0.0000036109   0.0011264209
   3.7149999875   0.0008399029  -0.0000093586   0.0010592730
   3.7199999875   0.0006869729  -0.0000140499   0.0009110999
   3.7249999875   0.0004810938  -0.0000171982   0.0006932573
   3.7299999875   0.0002378980  -0.0000185261   0.0004223231
   3.7349999875  -0.0000241097  -0.0000180046   0.0001189285
   3.7399999874  -0.0002848748  -0.0000158332  -0.0001937236
   3.7449999874  -0.0005242786  -0.0000123733  -0.0004915824
   3.7499999874  -0.0007236964  -0.0000080611  -0.0007516083
   3.7549999874  -0.0008675046  -0.0000033325  -0.0009536164
   3.7599999874  -0.0009443875   0.0000014212  -0.0010819321
   3.7649999874  -0.0009483013   0.0000058597  -0.0011266843
   3.7699999873  -0.0008789820   0.0000096774  -0.0010845986
   3.7749999873  -0.0007419429   0.0000125857  -0.0009592161
   3.7799999873  -0.0005479758   0.0000143151  -0.0007605354
   3.7849999873  -0.0003122289   0.0000146455  -0.0005041417
   3.7899999873  -0.0000529728   0.0000134575  -0.0002099332
   3.7949999873   0.0002098219   0.0000107834   0.0000994280
   3.7999999872   0.0004559818   0.0000068354   0.0004002190
   3.8049999872   0.0006666107   0.0000019929   0.0006694040
   3.8099999872   0.0008254745  -0.0000032513   0.0008863323
   3.8149999872   0.0009202229  -0.0000083705   0.0010342940
   3.8199999872   0.0009433695  -0.0000128848   0.0011018283
   3.8249999872   0.0008929456  -0.0000164179   0.0010836782
   3.8299999871   0.0007727471  -0.0000187169   0.0009812818
   3.8349999871   0.0005921108  -0.0000196377   0.0008027227
   3.8399999871   0.0003652085  -0.0000191138   0.0005621109
   3.8449999871   0.0001099017  -0.0000171311   0.0002784337
   3.8499999871  -0.0001537334  -0.0000137277  -0.0000260127
   3.8549999871  -0.0004050588  -0.0000090221  -0.0003274517
   3.8599999870  -0.0006245356  -0.0000032567  -0.0006025280
   3.8649999870  -0.0007952379   0.0000031681  -0.0008301114
   3.8699999870  -0.0009041020   0.0000096937  -0.0009928635
   3.8749999870  -0.0009428431   0.0000156537  -0.0010784741
   3.8799999870  -0.0009085093   0.0000203702  -0.0010805176
   3.8849999870  -0.0008036725   0.0000232738  -0.0009989023
   3.8899999869  -0.0006362583   0.0000240129  -0.0008398983
   3.8949999869  -0.0004190210   0.0000225192  -0.0006157321
   3.8999999869  -0.0001686682   0.0000190106  -0.0003437433
   3.9049999869   0.0000953424   0.0000139306  -0.0000451241
   3.9099999869   0.0003522792   0.0000078477   0.0002566992
   3.9149999869   0.0005817847   0.0000013455   0.0005379294
   3.9199999868   0.0007655545  -0.0000050624   0.0007763447
   3.9249999868   0.0008888762  -0.0000109743   0.0009531372
   3.9299999868   0.0009418674  -0.0000160986   0.0010544566
   3.9349999868   0.0009202800  -0.0000202228   0.0010725063
   3.9399999868   0.0008258029  -0.0000231793   0.0010060996
   3.9449999868   0.0006658547  -0.0000248284   0.0008606559
   3.9499999867   0.0004529216  -0.0000250684   0.0006476749
   3.9549999867   0.0002035291  -0.0000238656   0.0003837730
   3.9599999867  -0.0000630504  -0.0000212880   0.0000893785
   3.9649999867  -0.0003262514  -0.0000175211  -0.0002128114
   3.9699999867  -0.0005657449  -0.0000128547  -0.0004995186
   3.9749999867  -0.0007629568  -0.0000076417  -0.0007486219
   3.9799999866  -0.0009024890  -0.0000022434  -0.0009408418
   3.9849999866  -0.0009733428   0.0000030168  -0.0010612530
   3.9899999866  -0.0009698378   0.0000078752  -0.0011004958
   3.9949999866  -0.0008921233   0.0000121176  -0.0010555612
   3.9999999866  -0.0007462074   0.0000155490  -0.0009300539
   4.0049999866  -0.0005434796   0.0000179628  -0.0007338910
   4.0099999865  -0.0002997644   0.0000191328  -0.0004824614
   4.0149999865  -0.0000340041   0.0000188406  -0.0001953373
   4.0199999865   0.0002332891   0.0000169365   0.0001053233
   4.0249999865   0.0004816542   0.0000134133   0.0003965226
   4.0299999865   0.0006922342   0.0000084654   0.0006561652
   4.0349999864   0.0008491478   0.0000025045   0.0008646720
   4.0399999864   0.0009406082  -0.0000038802   0.0010063755
   4.0449999864   0.0009597446  -0.0000100115   0.0010706337
   4.0499999864   0.0009050993  -0.0000152397   0.0010526110
   4.0549999864   0.0007807742  -0.0000190503   0.0009536823
   4.0599999864   0.0005962022  -0.0000211336   0.0007814101
   4.0649999863   0.0003655243  -0.0000214008   0.0005490628
   4.0699999863   0.0001065787  -0.0000199501   0.0002746666
   4.0749999863  -0.0001604516  -0.0000170020  -0.0000203657
   4.0799999863  -0.0004146342  -0.0000128331  -0.0003129304
   4.0849999863  -0.0006359845  -0.0000077325  -0.0005800996
   4.0899999863  -0.0008070972  -0.0000019890  -0.0008009807
   4.0949999862  -0.0009145481   0.0000040934  -0.0009583834
   4.0999999862  -0.0009499360   0.0000101741  -0.0010401458
   4.1049999862  -0.0009104850   0.0000158673  -0.0010400191
   4.1099999862  -0.0007991865   0.0000207630  -0.0009580675
   4.1149999862  -0.0006245039   0.0000244778  -0.0008005918
   4.1199999862  -0.0003996962   0.0000267204  -0.0005796137
   4.1249999861  -0.0001418249   0.0000273497  -0.0003119739
   4.1299999861   0.0001294897   0.0000264030  -0.0000181027
   4.1349999861   0.0003934974   0.0000240849   0.0002794734
   4.1399999861   0.0006298569   0.0000207181   0.0005578105
   4.1449999861   0.0008201926   0.0000166777   0.0007953076
   4.1499999861   0.0009495538   0.0000123285   0.0009734174
   4.1549999860   0.0010076445   0.0000079876   0.0010781550
   4.1599999860   0.0009896975   0.0000039170   0.0011012534
   4.1649999860   0.0008968883   0.0000003391   0.0010408422
   4.1699999860   0.0007362404  -0.0000025433   0.0009015776
   4.1749999860   0.0005200303  -0.0000045413   0.0006942180
   4.1799999860   0.0002647656  -0.0000055000   0.0004347057
   4.1849999859  -0.0000101519  -0.0000053406   0.0001428621
   4.1899999859  -0.0002839418  -0.0000041072  -0.0001591693
   4.1949999859  -0.0005360125  -0.0000019961  -0.0004486001
   4.1999999859  -0.0007474696   0.0000006522  -0.0007036756
   4.2049999859  -0.0009024816   0.0000034029  -0.0009052585
   4.2099999859  -0.0009894317   0.0000058084  -0.0010382307
   4.2149999858  -0.0010017958   0.0000074963  -0.0010926337
   4.2199999858  -0.0009386822   0.0000082359  -0.0010644648
   4.2249999858  -0.0008049731   0.0000079609  -0.0009560492
   4.2299999858  -0.0006110234   0.0000067459  -0.0007759239
   4.2349999858  -0.0003719037   0.0000047464  -0.0005382103
   4.2399999858  -0.0001062263   0.0000021313  -0.0002615017
   4.2449999857   0.0001653524  -0.0000009683   0.0000326409
   4.2499999857   0.0004218116  -0.0000044729   0.0003214452
   4.2549999857   0.0006434629  -0.0000083313   0.0005827590
   4.2599999857   0.0008134986  -0.0000124723   0.0007967853
   4.2649999857   0.0009192595  -0.0000167587   0.0009475711
   4.2699999857   0.0009531316  -0.0000209638   0.0010241482
   4.2749999856   0.0009130345  -0.0000247865   0.0010212667
   4.2799999856   0.0008024980  -0.0000278995   0.0009397058
   4.2849999856   0.0006303509  -0.0000300148   0.0007861656
   4.2899999856   0.0004100543  -0.0000309424   0.0005727583
   4.2949999856   0.0001587163  -0.0000306213   0.0003161234
   4.2999999856  -0.0001041644  -0.0000291152   0.0000362044
   4.3049999855  -0.0003581620  -0.0000265786  -0.0002452492
   4.3099999855  -0.0005834999  -0.0000232105  -0.0005063610
   4.3149999855  -0.0007626172  -0.0000192177  -0.0007268557
   4.3199999855  -0.0008815849  -0.0000148002  -0.0008896813
   4.3249999855  -0.0009312301  -0.0000101613  -0.0009823700
   4.3299999855  -0.0009078559  -0.0000055304  -0.0009980043
   4.3349999854  -0.0008134902  -0.0000011791  -0.0009357062
   4.3399999854  -0.0006556570   0.0000025867  -0.0008006229
   4.3449999854  -0.0004467137   0.0000054651  -0.0006034393
   4.3499999854  -0.0002028420   0.0000072205  -0.0003594921
   4.3549999854   0.0000572086   0.0000077481  -0.0000875755
   4.3599999854   0.0003135211   0.0000071170   0.0001914625
   4.3649999853   0.0005464663   0.0000055719   0.0004562452
   4.3699999853   0.0007381331   0.0000034891   0.0006864297
   4.3749999853   0.0008736574   0.0000012980   0.0008642203
   4.3799999853   0.0009423670  -0.0000006081   0.0009757377
   4.3849999853   0.0009386542  -0.0000019433   0.0010121371
   4.3899999853   0.0008624867  -0.0000025636   0.0009703669
   4.3949999852   0.0007194825  -0.0000024582   0.0008534735
   4.3999999852   0.0005205157  -0.0000017091   0.0006704012
   4.4049999852   0.0002808661  -0.0000004401   0.0004352846
   4.4099999852   0.0000189875   0.0000012219   0.0001662987
   4.4149999852  -0.0002449851   0.0000031604  -0.0001158189
   4.4199999852  -0.0004908421   0.0000052558  -0.0003894259
   4.4249999851  -0.0006998694   0.0000073594  -0.0006336594
   4.4299999851  -0.0008562556   0.0000092737  -0.0008300092
   4.4349999851  -0.0009482409   0.0000107552  -0.0009636737
   4.4399999851  -0.0009689485   0.0000115466  -0.0010246238
   4.4449999851  -0.0009168666   0.0000114289  -0.0010083237
   4.4499999851  -0.0007959620   0.0000102762  -0.0009160736
   4.4549999850  -0.0006154166   0.0000080926  -0.0007549466
   4.4599999850  -0.0003889873   0.0000050157  -0.0005373042
   4.4649999850  -0.0001340062   0.0000012860  -0.0002798965
   4.4699999850   0.0001299273  -0.0000028056  -0.0000025894
   4.4749999850   0.0003824766  -0.0000069736   0.0002731938
   4.4799999850   0.0006041911  -0.0000109762   0.0005261879
   4.4849999849   0.0007780735  -0.0000146259   0.0007369961
   4.4899999849   0.0008909363  -0.0000177739   0.0008896323
   4.4949999849   0.0009344201  -0.0000202819   0.0009727500
   4.4999999849   0.0009055880  -0.0000220004   0.0009804588
   4.5049999849   0.0008070679  -0.0000227679   0.0009126829
   4.5099999849   0.0006467600  -0.0000224356   0.0007750658
   4.5149999848   0.0004371665  -0.0000209104   0.0005784628
   4.5199999848   0.0001944154  -0.0000181976   0.0003380846
   4.5249999848  -0.0000629436  -0.0000144246   0.0000723576
   4.5299999848  -0.0003152978  -0.0000098336  -0.0001984273
   4.5349999848  -0.0005434098  -0.0000047444  -0.0004536060
   4.5399999848  -0.0007298531   0.0000005017  -0.0006736866
   4.5449999847  -0.0008603506   0.0000055948  -0.0008418446
   4.5499999847  -0.0009249074   0.0000102885  -0.0009452497
   4.5549999847  -0.0009186310   0.0000144023  -0.0009760996
   4.5599999847  -0.0008421461   0.0000177973  -0.0009322533
   4.5649999847  -0.0007015502   0.0000203430  -0.0008173920
   4.5699999847  -0.0005079068   0.0000218946  -0.0006406900
   4.5749999846  -0.0002763274   0.0000222970  -0.0004160331
   4.5799999846  -0.0000247386   0.0000214182  -0.0001608737
   4.5849999846   0.0002275418   0.0000192025   0.0001051617
   4.5899999846   0.0004612914   0.0000157212   0.0003617842
   4.5949999846   0.0006588179   0.0000111992   0.0005895583
   4.5999999846   0.0008052484   0.0000060014   0.0007713216
   4.6049999845   0.0008896036   0.0000005815   0.0008934297
   4.6099999845   0.0009055988  -0.0000045951   0.0009467582
   4.6149999845   0.0008521267  -0.0000091275   0.0009273976
   4.6199999845   0.0007333776  -0.0000127328   0.0008369859
   4.6249999845   0.0005585696  -0.0000152623   0.0006826300
   4.6299999845   0.0003412798  -0.0000166819   0.0004763959
   4.6349999844   0.0000984080  -0.0000170309   0.0002343847
   4.6399999844  -0.0001511540  -0.0000163813  -0.0000245406
   4.6449999844  -0.0003880342  -0.0000148160  -0.0002802673
   4.6499999844  -0.0005939297  -0.0000124332  -0.0005130403
   4.6549999844  -0.0007530495  -0.0000093722  -0.0007050163
   4.6599999844  -0.0008533211  -0.0000058420  -0.0008416260
   4.6649999843  -0.0008872694  -0.0000021334  -0.0009126412
   4.6699999843  -0.0008525199   0.0000013994  -0.0009128860
   4.6749999843  -0.0007519146   0.0000043886  -0.0008425645
   4.6799999843  -0.0005932597   0.0000065218  -0.0007072085
   4.6849999843  -0.0003887356   0.0000076085  -0.0005172612
   4.6899999843  -0.0001540104   0.0000076201  -0.0002873230
   4.6949999842   0.0000928997   0.0000066915  -0.0000350923
   4.6999999842   0.0003329632   0.0000050817   0.0002199450
   4.7049999842   0.0005475813   0.0000031086   0.0004580017
   4.7099999842   0.0007200455   0.0000010792   0.0006605436
   4.7149999842   0.0008368831  -0.0000007641   0.0008117797
   4.7199999841   0.0008889605  -0.0000022667   0.0008999464
   4.7249999841   0.0008722305  -0.0000033547   0.0009182593
   4.7299999841   0.0007880494  -0.0000040076   0.0008654378
   4.7349999841   0.0006430351  -0.0000042290   0.0007457614
   4.7399999841   0.0004484945  -0.0000040272   0.0005686708
   4.7449999841   0.0002194914  -0.0000034157   0.0003479698
   4.7499999840  -0.0000263500  -0.0000024281   0.0001007197
   4.7549999840  -0.0002701965  -0.0000011353  -0.0001540772
   4.7599999840  -0.0004934152   0.0000003458  -0.0003969041
   4.7649999840  -0.0006789490   0.0000018627  -0.0006091764
   4.7699999840  -0.0008125788   0.0000032552  -0.0007746233
   4.7749999840  -0.0008839974   0.0000043896  -0.0008805191
   4.7799999839  -0.0008876180   0.0000051861  -0.0009186756
   4.7849999839  -0.0008230468   0.0000056268  -0.0008861120
   4.7899999839  -0.0006951615   0.0000057390  -0.0007853265
   4.7949999839  -0.0005137641   0.0000055628  -0.0006241249
   4.7999999839  -0.0002928208   0.0000051155  -0.0004150068
   4.8049999839  -0.0000493480   0.0000043724  -0.0001741547
   4.8099999838   0.0001979545   0.0000032727   0.0000798747
   4.8149999838   0.0004301897   0.0000017518   0.0003276323
   4.8199999838   0.0006297322  -0.0000002117   0.0005502893
   4.8249999838   0.0007815543  -0.0000025541   0.0007310558
   4.8299999838   0.0008743144  -0.0000051081   0.0008564014
   4.8349999838   0.0009011459  -0.0000076182   0.0009170072
   4.8399999837   0.0008601154  -0.0000097865   0.0009084074
   4.8449999837   0.0007543388  -0.0000113362   0.0008312949
   4.8499999837   0.0005917576  -0.0000120693   0.0006914778
   4.8549999837   0.0003845805  -0.0000119015   0.0004994829
   4.8599999837   0.0001484149  -0.0000108645   0.0002698106
   4.8649999837  -0.0000988761  -0.0000090785   0.0000198751
   4.8699999836  -0.0003385197  -0.0000067104  -0.0002313117
   4.8749999836  -0.0005522860  -0.0000039348  -0.0004646143
   4.8799999836  -0.0007239222  -0.0000009142  -0.0006622789
   4.8849999836  -0.0008404368   0.0000021988  -0.0008093341
   4.8899999836  -0.0008931125   0.0000052433  -0.0008947540
   4.8949999836  -0.0008781584   0.0000080305  -0.0009122837
   4.8999999835  -0.0007969540   0.0000103391  -0.0008608673
   4.9049999835  -0.0006558842   0.0000119347  -0.0007446641
   4.9099999835  -0.0004658025   0.0000126105  -0.0005726767
   4.9149999835  -0.0002411822   0.0000122373  -0.0003580401
   4.9199999835   0.0000009716   0.0000108045  -0.0001170338
   4.9249999835   0.0002423742   0.0000084352   0.0001321160
   4.9299999834   0.0004648037   0.0000053684   0.0003705744
   4.9349999834   0.0006514524   0.0000019139   0.0005802962
   4.9399999834   0.0007882009  -0.0000016066   0.0007453941
   4.9449999834   0.0008647181  -0.0000049113   0.0008533751
   4.9499999834   0.0008752903  -0.0000077886   0.0008961347
   4.9549999834   0.0008192936  -0.0000100998   0.0008706122
   4.9599999833   0.0007012521  -0.0000117607   0.0007790347
   4.9649999833   0.0005304685  -0.0000127156   0.0006287216
   4.9699999833   0.0003202593  -0.0000129202   0.0004314685
   4.9749999833   0.0000868723  -0.0000123437   0.0002025780
   4.9799999833  -0.0001518053  -0.0000109901  -0.0000403632
   4.9849999833  -0.0003776318  -0.0000089271  -0.0002788485
   4.9899999832  -0.0005735732  -0.0000063081  -0.0004948445
   4.9949999832  -0.0007249502  -0.0000033705  -0.0006721155
   4.9999999832  -0.0008204948  -0.0000004072  -0.0007974014
   5.0049999832  -0.0008531600   0.0000022858  -0.0008613811
   5.0099999832  -0.0008206397   0.0000044669  -0.0008593676
   5.0149999832  -0.0007255594   0.0000059946  -0.0007916824
   5.0199999831  -0.0005753142   0.0000068439  -0.0006636685
   5.0249999831  -0.0003815407   0.0000070893  -0.0004853182
   5.0299999831  -0.0001592452   0.0000068637  -0.0002705220
   5.0349999831   0.0000743609   0.0000063064  -0.0000359837
   5.0399999831   0.0003012242   0.0000055231   0.0002001113
   5.0449999831   0.0005038897   0.0000045694   0.0004195540
   5.0499999830   0.0006668862   0.0000034604   0.0006055601
   5.0549999830   0.0007779262   0.0000022000   0.0007440746
   5.0599999830   0.0008288239   0.0000008120   0.0008248252
   5.0649999830   0.0008160643  -0.0000006398   0.0008420487
   5.0699999830   0.0007410014  -0.0000020534   0.0007948566
   5.0749999830   0.0006096930  -0.0000033091   0.0006872363
   5.0799999829   0.0004324043  -0.0000043001   0.0005277069
   5.0849999829   0.0002228230  -0.0000049577   0.0003286619
   5.0899999829  -0.0000029624  -0.0000052609   0.0001054422
   5.0949999829  -0.0002276599  -0.0000052266  -0.0001248088
   5.0999999829  -0.0004340766  -0.0000048871  -0.0003444383
   5.1049999829  -0.0006064348  -0.0000042669  -0.0005366398
   5.1099999828  -0.0007316026  -0.0000033715  -0.0006867618
   5.1149999828  -0.0008001284  -0.0000021962  -0.0007834599
   5.1199999828  -0.0008069823  -0.0000007516  -0.0008195809
   5.1249999828  -0.0007519324   0.0000009058  -0.0007926988
   5.1299999828  -0.0006395236   0.0000026522  -0.0007052564
   5.1349999828  -0.0004786693   0.0000042996  -0.0005643128
   5.1399999827  -0.0002819086   0.0000056252  -0.0003809376
   5.1449999827  -0.0000644074   0.0000064229  -0.0001693192
   5.1499999827   0.0001572057   0.0000065586   0.0000543266
   5.1549999827   0.0003660776   0.0000060116   0.0002729662
   5.1599999827   0.0005463638   0.0000048864   0.0004699943
   5.1649999827   0.0006843827   0.0000033898   0.0006304470
   5.1699999826   0.0007696262   0.0000017809   0.0007421095
   5.1749999826   0.0007955618   0.0000003110   0.0007964480
   5.1799999826   0.0007601638  -0.0000008290   0.0007892929
   5.1849999826   0.0006661159  -0.0000015361   0.0007212042
   5.1899999826   0.0005206495  -0.0000017952   0.0005974700
   5.1949999826   0.0003350090  -0.0000016547   0.0004277172
   5.1999999825   0.0001235761  -0.0000011942   0.0002251565
   5.2049999825  -0.0000972725  -0.0000004960   0.0000055248
   5.2099999825  -0.0003104717   0.0000003662  -0.0002141750
   5.2149999825  -0.0004996153   0.0000013227  -0.0004170196
   5.2199999825  -0.0006502251   0.0000022939  -0.0005874745
   5.2249999825  -0.0007508400   0.0000031776  -0.0007125632
   5.2299999824  -0.0007938506   0.0000038504  -0.0007828163
   5.2349999824  -0.0007760336   0.0000041844  -0.0007929467
   5.2399999824  -0.0006987665   0.0000040773  -0.0007422193
   5.2449999824  -0.0005679157   0.0000034820  -0.0006345004
   5.2499999824  -0.0003934092   0.0000024249  -0.0004779826
   5.2549999824  -0.0001885135   0.0000010044  -0.0002845928
   5.2599999823   0.0000311499  -0.0000006322  -0.0000691119
   5.2649999823   0.0002487868  -0.0000023233   0.0001519469
   5.2699999823   0.0004477302  -0.0000039273   0.0003616177
   5.2749999823   0.0006127508  -0.0000053437   0.0005438199
   5.2799999823   0.0007312617  -0.0000065149   0.0006846308
   5.2849999823   0.0007943068  -0.0000074111   0.0007733794
   5.2899999822   0.0007972426  -0.0000080080   0.0008034608
   5.2949999822   0.0007400596  -0.0000082710   0.0007728077
   5.2999999822   0.0006273308  -0.0000081540   0.0006839954
   5.3049999822   0.0004678101  -0.0000076166   0.0005439896
   5.3099999822   0.0002737304  -0.0000066519   0.0003635785
   5.3149999822   0.0000598676  -0.0000053129   0.0001565429
   5.3199999821  -0.0001575608  -0.0000037226  -0.0000613725
   5.3249999821  -0.0003620911  -0.0000020619  -0.0002736228
   5.3299999821  -0.0005382321  -0.0000005344  -0.0004640912
   5.3349999821  -0.0006726293   0.0000006798  -0.0006183050
   5.3399999821  -0.0007550935   0.0000014660  -0.0007245525
   5.3449999821  -0.0007794090   0.0000017976  -0.0007748093
   5.3499999820  -0.0007438428   0.0000017310  -0.0007653859
   5.3549999820  -0.0006512969   0.0000013754  -0.0006972274
   5.3599999820  -0.0005090793   0.0000008494  -0.0005758307
   5.3649999820  -0.0003283091   0.0000002413  -0.0004107824
   5.3699999820  -0.0001230137  -0.0000004132  -0.0002149664
   5.3749999820   0.0000909955  -0.0000011270  -0.0000035221
   5.3799999819   0.0002973597  -0.0000019365   0.0002073470
   5.3849999819   0.0004804199  -0.0000028651   0.0004016099
   5.3899999819   0.0006263757  -0.0000038932   0.0005645986
   5.3949999819   0.0007242848  -0.0000049450   0.0006840718
   5.3999999819   0.0007668438  -0.0000058982   0.0007510940
   5.4049999818   0.0007509105  -0.0000066115   0.0007606806
   5.4099999818   0.0006777362  -0.0000069583   0.0007121678
   5.4149999818   0.0005528883  -0.0000068530   0.0006092798
   5.4199999818   0.0003858548  -0.0000062621   0.0004598706
   5.4249999818   0.0001893452  -0.0000051985   0.0002753477
   5.4299999818  -0.0000216719  -0.0000037056   0.0000698046
   5.4349999817  -0.0002311262  -0.0000018429  -0.0001410714
   5.4399999817  -0.0004230984   0.0000003185  -0.0003412271
   5.4449999817  -0.0005830612   0.0000026879  -0.0005154957
   5.4499999817  -0.0006989958   0.0000051391  -0.0006507632
   5.4549999817  -0.0007622915   0.0000074991  -0.0007369509
   5.4599999817  -0.0007683610   0.0000095510  -0.0007677417
   5.4649999816  -0.0007169397   0.0000110589  -0.0007410077
   5.4699999816  -0.0006120617   0.0000118107  -0.0006589268
   5.4749999816  -0.0004617328   0.0000116680  -0.0005277939
   5.4799999816  -0.0002773300   0.0000106053  -0.0003575500
   5.4849999816  -0.0000727692   0.0000087243  -0.0001610583
   5.4899999816   0.0001365106   0.0000062378   0.0000468330
   5.4949999815   0.0003346897   0.0000034255   0.0002503877
   5.4999999815   0.0005067602   0.0000005779   0.0004341700
   5.5049999815   0.0006396858  -0.0000020558   0.0005842375
   5.5099999815   0.0007234284  -0.0000042996   0.0006892388
   5.5149999815   0.0007517491  -0.0000060557   0.0007413157
   5.5199999815   0.0007227033  -0.0000072870   0.0007367225
   5.5249999814   0.0006387824  -0.0000079886   0.0006761041
   5.5299999814   0.0005066883  -0.0000081632   0.0005644103
   5.5349999814   0.0003367720  -0.0000078108   0.0004104656
   5.5399999814   0.0001421944  -0.0000069369   0.0002262441
   5.5449999814  -0.0000621087  -0.0000055719   0.0000259229
   5.5499999814  -0.0002605694  -0.0000037916  -0.0001752048
   5.5549999813  -0.0004381530  -0.0000017259  -0.0003618751
   5.5599999813  -0.0005814688   0.0000004498  -0.0005199833
   5.5649999813  -0.0006797566   0.0000025410  -0.0006376262
   5.5699999813  -0.0007256886   0.0000043675  -0.0007059921
   5.5749999813  -0.0007159285   0.0000057946  -0.0007200347
   5.5799999813  -0.0006514005   0.0000067493  -0.0006788741
   5.5849999812  -0.0005372356   0.0000072185  -0.0005858808
   5.5899999812  -0.0003823834   0.0000072326  -0.0004484210
   5.5949999812  -0.0001989128   0.0000068419  -0.0002772766
   5.5999999812  -0.0000010550   0.0000060979  -0.0000857824
   5.6049999812   0.0001959261   0.0000050454   0.0001112390
   5.6099999812   0.0003769351   0.0000037290   0.0002986492
   5.6149999811   0.0005282096   0.0000022059   0.0004621655
   5.6199999811   0.0006383546   0.0000005595   0.0005894382
   5.6249999811   0.0006991710  -0.0000010978   0.0006709533
   5.6299999811   0.0007062300  -0.0000026343   0.0007007076
   5.6349999811   0.0006591664  -0.0000039212   0.0006766210
   5.6399999811   0.0005616821  -0.0000048573   0.0006006693
   5.6449999810   0.0004212646  -0.0000053881   0.0004787324
   5.6499999810   0.0002486356  -0.0000055113   0.0003201617
   5.6549999810   0.0000569563  -0.0000052668   0.0001370876
   5.6599999810  -0.0001391631  -0.0000047142  -0.0000564964
   5.6649999810  -0.0003247852  -0.0000039104  -0.0002458125
   5.6699999810  -0.0004858110  -0.0000028939  -0.0004164547
   5.6749999809  -0.0006100898  -0.0000016848  -0.0005555253
   5.6799999809  -0.0006883712  -0.0000002988  -0.0006526446
   5.6849999809  -0.0007150139   0.0000012296  -0.0007007461
   5.6899999809  -0.0006883903   0.0000028265  -0.0006965873
   5.6949999809  -0.0006109625   0.0000043712  -0.0006409466
   5.6999999809  -0.0004890400   0.0000057064  -0.0005385048
   5.7049999808  -0.0003322544   0.0000066660  -0.0003974418
   5.7099999808  -0.0001528081   0.0000071119  -0.0002287921
   5.7149999808   0.0000354433   0.0000069671  -0.0000456148
   5.7199999808   0.0002180127   0.0000062357   0.0001379688
   5.7249999808   0.0003808442   0.0000050016   0.0003078105
   5.7299999808   0.0005113542   0.0000034085   0.0004507836
   5.7349999807   0.0005993818   0.0000016281   0.0005557748
   5.7399999807   0.0006379772  -0.0000001711   0.0006145461
   5.7449999807   0.0006239588  -0.0000018463   0.0006223892
   5.7499999807   0.0005581811  -0.0000032874   0.0005785097
   5.7549999807   0.0004454791  -0.0000044118   0.0004860962
   5.7599999807   0.0002942888  -0.0000051536   0.0003520636
   5.7649999806   0.0001159747  -0.0000054575   0.0001864954
   5.7699999806  -0.0000760698  -0.0000052827   0.0000018387
   5.7749999806  -0.0002674677  -0.0000046186  -0.0001880702
   5.7799999806  -0.0004439566  -0.0000035047  -0.0003690645
   5.7849999806  -0.0005924566  -0.0000020441  -0.0005277073
   5.7899999806  -0.0007020333  -0.0000004019  -0.0006522821
   5.7949999805  -0.0007646952   0.0000012177  -0.0007336493
   5.7999999805  -0.0007759810   0.0000026100  -0.0007659212
   5.8049999805  -0.0007352979   0.0000036142  -0.0007469089
   5.8099999805  -0.0006459839   0.0000041485  -0.0006783071
   5.8149999805  -0.0005150785   0.0000042219  -0.0005655903
   5.8199999805  -0.0003528058   0.0000039208  -0.0004176151
   5.8249999804  -0.0001717951   0.0000033735  -0.0002459452
   5.8299999804   0.0000139036   0.0000027072  -0.0000639454
   5.8349999804   0.0001899319   0.0000020125   0.0001142795
   5.8399999804   0.0003427624   0.0000013290   0.0002750081
   5.8449999804   0.0004607657   0.0000006536   0.0004059867
   5.8499999804   0.0005351105  -0.0000000337   0.0004973788
   5.8549999803   0.0005604255  -0.0000007409   0.0005425055
   5.8599999803   0.0005351781  -0.0000014450   0.0005383239
   5.8649999803   0.0004617544  -0.0000020919   0.0004856226
   5.8699999803   0.0003462472  -0.0000026138   0.0003889308
   5.8749999803   0.0001979789  -0.0000029563   0.0002561590
   5.8799999803   0.0000287957  -0.0000031006   0.0000979998
   5.8849999802  -0.0001478181  -0.0000030710  -0.0000728718
   5.8899999802  -0.0003177492  -0.0000029239  -0.0002427481
   5.8949999802  -0.0004673221  -0.0000027241  -0.0003979273
   5.8999999802  -0.0005843471  -0.0000025187  -0.0005257660
   5.9049999802  -0.0006590664  -0.0000023220  -0.0006156637
   5.9099999802  -0.0006849196  -0.0000021178  -0.0006598938
   5.9149999801  -0.0006590576  -0.0000018778  -0.0006542083
   5.9199999801  -0.0005825581  -0.0000015871  -0.0005981600
   5.9249999801  -0.0004603253  -0.0000012641  -0.0004951171
   5.9299999801  -0.0003006869  -0.0000009652  -0.0003519744
   5.9349999801  -0.0001147317  -0.0000007711  -0.0001785976
   5.9399999801   0.0000845498  -0.0000007602   0.0000129475
   5.9449999800   0.0002832484  -0.0000009807   0.0002093093
   5.9499999800   0.0004675658  -0.0000014334   0.0003968414
   5.9549999800   0.0006248222  -0.0000020727   0.0005625998
   5.9599999800   0.0007443759  -0.0000028238   0.0006952838
   5.9649999800   0.0008183976  -0.0000036096   0.0007860607
   5.9699999800   0.0008424472  -0.0000043729   0.0008292196
   5.9749999799   0.0008158088  -0.0000050864   0.0008226019
   5.9799999799   0.0007415507  -0.0000057453   0.0007677704
   5.9849999799   0.0006262932  -0.0000063484   0.0006698900
   5.9899999799   0.0004796941  -0.0000068765   0.0005373224
   5.9949999799   0.0003136873  -0.0000072812   0.0003809604
