   0.0000000000   0.0000000000   0.0000000000   0.0000000000
   0.0050000000   0.0000000000   0.0000000000   0.0000000000
   0.0100000000   0.0000000000   0.0000000000   0.0000000000
   0.0149999999   0.0000000000   0.0000000000   0.0000000000
   0.0199999999   0.0000000000   0.0000000000   0.0000000000
   0.0249999999   0.0000000000   0.0000000000   0.0000000000
   0.0299999999   0.0000000000   0.0000000000   0.0000000000
   0.0349999999   0.0000000000   0.0000000000   0.0000000000
   0.0399999999   0.0000000000   0.0000000000   0.0000000000
   0.0449999998   0.0000000000   0.0000000000   0.0000000000
   0.0499999998  -0.0000000000  -0.0000000000  -0.0000000000
   0.0549999998  -0.0000000000  -0.0000000000  -0.0000000000
   0.0599999998  -0.0000000000  -0.0000000000  -0.0000000000
   0.0649999998  -0.0000000000  -0.0000000000  -0.0000000000
   0.0699999998  -0.0000000000  -0.0000000000  -0.0000000000
   0.0749999997  -0.0000000000  -0.0000000000  -0.0000000000
   0.0799999997  -0.0000000000  -0.0000000000  -0.0000000000
   0.0849999997  -0.0000000000  -0.0000000000  -0.0000000000
   0.0899999997  -0.0000000000  -0.0000000000  -0.0000000000
   0.0949999997  -0.0000000000  -0.0000000000  -0.0000000000
   0.0999999997  -0.0000000000  -0.0000000000  -0.0000000000
   0.1049999996  -0.0000000000  -0.0000000000  -0.0000000000
   0.1099999996  -0.0000000000  -0.0000000000  -0.0000000000
   0.1149999996  -0.0000000000  -0.0000000000  -0.0000000000
   0.1199999996  -0.0000000000  -0.0000000000  -0.0000000000
   0.1249999996  -0.0000000000  -0.0000000000  -0.0000000000
   0.1299999996  -0.0000000000  -0.0000000000  -0.0000000000
   0.1349999995  -0.0000000000  -0.0000000000  -0.0000000000
   0.1399999995  -0.0000000000  -0.0000000000  -0.0000000000
   0.1449999995  -0.0000000000  -0.0000000000  -0.0000000000
   0.1499999995  -0.0000000000  -0.0000000000  -0.0000000000
   0.1549999995  -0.0000000000  -0.0000000000  -0.0000000000
   0.1599999995  -0.0000000000  -0.0000000000  -0.0000000000
   0.1649999994  -0.0000000000  -0.0000000000  -0.0000000000
   0.1699999994  -0.0000000000  -0.0000000000  -0.0000000000
   0.1749999994  -0.0000000000  -0.0000000000  -0.0000000000
   0.1799999994  -0.0000000000  -0.0000000000  -0.0000000000
   0.1849999994  -0.0000000000  -0.0000000000  -0.0000000000
   0.1899999994  -0.0000000000   0.0000000000  -0.0000000000
   0.1949999993   0.0000000000   0.0000000000   0.0000000000
   0.1999999993   0.0000000000   0.0000000000   0.0000000000
   0.2049999993   0.0000000000   0.0000000000   0.0000000000
   0.2099999993   0.0000000000   0.0000000000   0.0000000000
   0.2149999993   0.0000000000   0.0000000000   0.0000000000
   0.2199999993   0.0000000000   0.0000000000   0.0000000000
   0.2249999992   0.0000000000   0.0000000000   0.0000000000
   0.2299999992   0.0000000000  -0.0000000000   0.0000000000
   0.2349999992   0.0000000000  -0.0000000000   0.0000000000
   0.2399999992   0.0000000000  -0.0000000000   0.0000000000
   0.2449999992   0.0000000000  -0.0000000000   0.0000000000
   0.2499999992   0.0000000000  -0.0000000000   0.0000000000
   0.2549999991   0.0000000000  -0.0000000000   0.0000000000
   0.2599999991   0.0000000000  -0.0000000000   0.0000000000
   0.2649999991  -0.0000000000   0.0000000000  -0.0000000000
   0.2699999991  -0.0000000000   0.0000000000  -0.0000000000
   0.2749999991  -0.0000000000   0.0000000000  -0.0000000000
   0.2799999991  -0.0000000000   0.0000000000  -0.0000000000
   0.2849999990  -0.0000000000   0.0000000000  -0.0000000000
   0.2899999990  -0.0000000000   0.0000000000  -0.0000000000
   0.2949999990   0.0000000000  -0.0000000000   0.0000000000
   0.2999999990   0.0000000000  -0.0000000000   0.0000000000
   0.3049999990   0.0000000000  -0.0000000000   0.0000000000
   0.3099999990   0.0000000000  -0.0000000000   0.0000000000
   0.3149999989   0.0000000000  -0.0000000000   0.0000000000
   0.3199999989   0.0000000000  -0.0000000000   0.0000000000
   0.3249999989   0.0000000000   0.0000000000   0.0000000000
   0.3299999989  -0.0000000000   0.0000000000  -0.0000000000
   0.3349999989  -0.0000000000   0.0000000000  -0.0000000000
   0.3399999989  -0.0000000000   0.0000000000  -0.0000000000
   0.3449999988  -0.0000000000   0.0000000000  -0.0000000000
   0.3499999988  -0.0000000000   0.0000000000  -0.0000000000
   0.3549999988  -0.0000000000   0.0000000000  -0.0000000000
   0.3599999988   0.0000000000  -0.0000000000   0.0000000000
   0.3649999988   0.0000000000  -0.0000000000   0.0000000000
   0.3699999988   0.0000000000  -0.0000000000   0.0000000000
   0.3749999987   0.0000000000  -0.0000000000   0.0000000000
   0.3799999987   0.0000000000  -0.0000000000   0.0000000000
   0.3849999987   0.0000000000  -0.0000000000   0.0000000000
   0.3899999987  -0.0000000000   0.0000000000  -0.0000000000
   0.3949999987  -0.0000000000   0.0000000000  -0.0000000000
   0.3999999987  -0.0000000000   0.0000000000  -0.0000000000
   0.4049999986  -0.0000000000   0.0000000000  -0.0000000000
   0.4099999986  -0.0000000000   0.0000000000  -0.0000000000
   0.4149999986  -0.0000000000   0.0000000000  -0.0000000000
   0.4199999986   0.0000000000  -0.0000000000   0.0000000000
   0.4249999986   0.0000000000  -0.0000000000   0.0000000000
   0.4299999986   0.0000000000  -0.0000000000   0.0000000000
   0.4349999985   0.0000000000  -0.0000000000   0.0000000000
   0.4399999985   0.0000000000  -0.0000000000   0.0000000000
   0.4449999985   0.0000000000  -0.0000000000   0.0000000000
   0.4499999985  -0.0000000000   0.0000000000  -0.0000000000
   0.4549999985  -0.0000000000   0.0000000000  -0.0000000000
   0.4599999985  -0.0000000001   0.0000000001  -0.0000000001
   0.4649999984  -0.0000000001   0.0000000001  -0.0000000001
   0.4699999984  -0.0000000001   0.0000000001  -0.0000000001
   0.4749999984  -0.0000000000   0.0000000000  -0.0000000000
   0.4799999984   0.0000000001  -0.0000000000   0.0000000001
   0.4849999984   0.0000000002  -0.0000000001   0.0000000002
   0.4899999984   0.0000000003  -0.0000000001   0.0000000003
   0.4949999983   0.0000000003  -0.0000000001   0.0000000003
   0.4999999983   0.0000000002  -0.0000000001   0.0000000002
   0.5049999983   0.0000000000  -0.0000000000   0.0000000000
   0.5099999983  -0.0000000002  -0.0000000000  -0.0000000002
   0.5149999983  -0.0000000006  -0.0000000000  -0.0000000006
   0.5199999983  -0.0000000008  -0.0000000001  -0.0000000008
   0.5249999982  -0.0000000009  -0.0000000003  -0.0000000009
   0.5299999982  -0.0000000007  -0.0000000004  -0.0000000007
   0.5349999982  -0.0000000002  -0.0000000002  -0.0000000002
   0.5399999982   0.0000000005   0.0000000004   0.0000000005
   0.5449999982   0.0000000014   0.0000000015   0.0000000014
   0.5499999982   0.0000000023   0.0000000030   0.0000000023
   0.5549999981   0.0000000029   0.0000000045   0.0000000030
   0.5599999981   0.0000000032   0.0000000050   0.0000000032
   0.5649999981   0.0000000029   0.0000000037   0.0000000029
   0.5699999981   0.0000000019  -0.0000000003   0.0000000019
   0.5749999981  -0.0000000003  -0.0000000074  -0.0000000003
   0.5799999981  -0.0000000042  -0.0000000169  -0.0000000043
   0.5849999980  -0.0000000106  -0.0000000271  -0.0000000107
   0.5899999980  -0.0000000195  -0.0000000347  -0.0000000197
   0.5949999980  -0.0000000298  -0.0000000356  -0.0000000300
   0.5999999980  -0.0000000375  -0.0000000251  -0.0000000376
   0.6049999980  -0.0000000353   0.0000000010  -0.0000000352
   0.6099999980  -0.0000000123   0.0000000452  -0.0000000119
   0.6149999979   0.0000000429   0.0000001068   0.0000000436
   0.6199999979   0.0000001360   0.0000001792   0.0000001369
   0.6249999979   0.0000002569   0.0000002465   0.0000002579
   0.6299999979   0.0000003679   0.0000002798   0.0000003686
   0.6349999979   0.0000003942   0.0000002340   0.0000003943
   0.6399999979   0.0000002259   0.0000000508   0.0000002251
   0.6449999978  -0.0000002594  -0.0000003292  -0.0000002612
   0.6499999978  -0.0000011438  -0.0000009377  -0.0000011465
   0.6549999978  -0.0000023825  -0.0000017315  -0.0000023855
   0.6599999978  -0.0000036951  -0.0000025297  -0.0000036976
   0.6649999978  -0.0000044656  -0.0000029541  -0.0000044666
   0.6699999978  -0.0000037062  -0.0000024022  -0.0000037049
   0.6749999977  -0.0000001612  -0.0000001009  -0.0000001573
   0.6799999977   0.0000073689   0.0000047066   0.0000073749
   0.6849999977   0.0000194283   0.0000124020   0.0000194348
   0.6899999977   0.0000350410   0.0000224570   0.0000350456
   0.6949999977   0.0000507034   0.0000327899   0.0000507036
   0.6999999976   0.0000595012   0.0000391716   0.0000594950
   0.7049999976   0.0000507712   0.0000349399   0.0000507585
   0.7099999976   0.0000108447   0.0000113629   0.0000108279
   0.7149999976  -0.0000745823  -0.0000409928  -0.0000745977
   0.7199999976  -0.0002160464  -0.0001296020  -0.0002160525
   0.7249999976  -0.0004138183  -0.0002559495  -0.0004138060
   0.7299999975  -0.0006497741  -0.0004103617  -0.0006497356
   0.7349999975  -0.0008787569  -0.0005663484  -0.0008786888
   0.7399999975  -0.0010211978  -0.0006755178  -0.0010211048
   0.7449999975  -0.0009592306  -0.0006644493  -0.0009591281
   0.7499999975  -0.0005386134  -0.0004350113  -0.0005385302
   0.7549999975   0.0004216899   0.0001306055   0.0004217118
   0.7599999974   0.0021114902   0.0011594601   0.0021113970
   0.7649999974   0.0047037339   0.0027722829   0.0047034652
   0.7699999974   0.0083239489   0.0050641344   0.0083234456
   0.7749999974   0.0130192503   0.0080838200   0.0130184671
   0.7799999974   0.0187325839   0.0118154395   0.0187315052
   0.7849999974   0.0252880717   0.0161657735   0.0252867314
   0.7899999973   0.0323922389   0.0209608025   0.0323907416
   0.7949999973   0.0396535317   0.0259534796   0.0396520729
   0.7999999973   0.0466192173   0.0308430560   0.0466180986
   0.8049999973   0.0528251213   0.0353041058   0.0528247547
   0.8099999973   0.0578505185   0.0390213529   0.0578514162
   0.8149999973   0.0613686893   0.0417249402   0.0613714350
   0.8199999972   0.0631837713   0.0432203019   0.0631889725
   0.8249999972   0.0632467791   0.0434075131   0.0632550069
   0.8299999972   0.0616477035   0.0422868375   0.0616594256
   0.8349999972   0.0585856011   0.0399498332   0.0586011234
   0.8399999972   0.0543234085   0.0365582554   0.0543428363
   0.8449999972   0.0491376358   0.0323154361   0.0491608668
   0.8499999971   0.0432741873   0.0274362472   0.0433009419
   0.8549999971   0.0369199295   0.0221217713   0.0369498143
   0.8599999971   0.0301955769   0.0165433940   0.0302281699
   0.8649999971   0.0231699804   0.0108385068   0.0232049183
   0.8699999971   0.0158903712   0.0051170174   0.0159274153
   0.8749999971   0.0084190151  -0.0005248485   0.0084580783
   0.8799999970   0.0008652004  -0.0059886738   0.0009063226
   0.8849999970  -0.0065970413  -0.0111613824  -0.0065537651
   0.8899999970  -0.0137309736  -0.0159104145  -0.0136854963
   0.8949999970  -0.0202588512  -0.0200883942  -0.0202112794
   0.8999999970  -0.0258976770  -0.0235463024  -0.0258483475
   0.9049999970  -0.0303996107  -0.0261517012  -0.0303491114
   0.9099999969  -0.0335865895  -0.0278071652  -0.0335357099
   0.9149999969  -0.0353707626  -0.0284641530  -0.0353203804
   0.9199999969  -0.0357568067  -0.0281290513  -0.0357077346
   0.9249999969  -0.0348276921  -0.0268605371  -0.0347805243
   0.9299999969  -0.0327202818  -0.0247599774  -0.0326752818
   0.9349999969  -0.0295997363  -0.0219584682  -0.0295568006
   0.9399999968  -0.0256412359  -0.0186047182  -0.0255999470
   0.9449999968  -0.0210241449  -0.0148570919  -0.0209839031
   0.9499999968  -0.0159385380  -0.0108810618  -0.0158987376
   0.9549999968  -0.0105987274  -0.0068507714  -0.0105589269
   0.9599999968  -0.0052548965  -0.0029512858  -0.0052149321
   0.9649999968  -0.0001935094   0.0006227988  -0.0001535174
   0.9699999967   0.0042798172   0.0036759829   0.0043194807
   0.9749999967   0.0078755930   0.0060290675   0.0079145116
   0.9799999967   0.0103678149   0.0075431197   0.0104057034
   0.9849999967   0.0116418542   0.0081453367   0.0116787206
   0.9899999967   0.0117289257   0.0078500258   0.0117651478
   0.9949999967   0.0108149772   0.0067678844   0.0108512614
   0.9999999966   0.0092175897   0.0050988285   0.0092548134
   1.0049999966   0.0073327487   0.0031073510   0.0073717263
   1.0099999966   0.0055618110   0.0010838368   0.0056030485
   1.0149999966   0.0042351384  -0.0007008351   0.0042786520
   1.0199999966   0.0035507537  -0.0020378456   0.0035960125
   1.0249999966   0.0035432504  -0.0028107646   0.0035892719
   1.0299999965   0.0040907492  -0.0030069127   0.0041363304
   1.0349999965   0.0049579320  -0.0027074745   0.0050019593
   1.0399999965   0.0058638042  -0.0020592056   0.0059055583
   1.0449999965   0.0065564799  -0.0012349966   0.0065958482
   1.0499999965   0.0068757473  -0.0003930890   0.0069132802
   1.0549999965   0.0067878775   0.0003552999   0.0068246663
   1.0599999964   0.0063850118   0.0009627506   0.0064224178
   1.0649999964   0.0058512472   0.0014439979   0.0058905543
   1.0699999964   0.0054064651   0.0018580249   0.0054485532
   1.0749999964   0.0052445411   0.0022802518   0.0052896739
   1.0799999964   0.0054833500   0.0027734807   0.0055311385
   1.0849999964   0.0061398647   0.0033660782   0.0061894200
   1.0899999963   0.0071359602   0.0040433418   0.0071861930
   1.0949999963   0.0083315653   0.0047538650   0.0083815440
   1.0999999963   0.0095741383   0.0054282259   0.0096234013
   1.1049999963   0.0107492201   0.0060037513   0.0107979463
   1.1099999963   0.0118171099   0.0064474660   0.0118660908
   1.1149999963   0.0128252785   0.0067700622   0.0128756923
   1.1199999962   0.0138935137   0.0070265386   0.0139465595
   1.1249999962   0.0151767830   0.0073032051   0.0152332772
   1.1299999962   0.0168170688   0.0076947993   0.0168771197
   1.1349999962   0.0188982554   0.0082783262   0.0189611161
   1.1399999962   0.0214168183   0.0090910842   0.0214809704
   1.1449999962   0.0242761181   0.0101189832   0.0243395767
   1.1499999961   0.0273050820   0.0112981495   0.0273658512
   1.1549999961   0.0302950731   0.0125289304   0.0303516363
   1.1599999961   0.0330438234   0.0136979304   0.0330955408
   1.1649999961   0.0353938035   0.0147016568   0.0354411103
   1.1699999961   0.0372546350   0.0154652712   0.0372989853
   1.1749999961   0.0386043348   0.0159517738   0.0386479011
   1.1799999960   0.0394706727   0.0161600408   0.0395158769
   1.1849999960   0.0398997729   0.0161135100   0.0399487683
   1.1899999960   0.0399225755   0.0158439366   0.0399768109
   1.1949999960   0.0395299586   0.0153757856   0.0395899330
   1.1999999960   0.0386642733   0.0147162443   0.0387295389
   1.2049999960   0.0372297956   0.0138538108   0.0372991971
   1.2099999959   0.0351187984   0.0127656370   0.0351908779
   1.2149999959   0.0322453411   0.0114311398   0.0323187926
   1.2199999959   0.0285767792   0.0098476051   0.0286508280
   1.2249999959   0.0241539117   0.0080430379   0.0242285176
   1.2299999959   0.0190942060   0.0060824016   0.0191700407
   1.2349999959   0.0135774953   0.0040652794   0.0136557068
   1.2399999958   0.0078184165   0.0021153078   0.0079002539
   1.2449999958   0.0020332359   0.0003638052   0.0021196415
   1.2499999958  -0.0035902846  -0.0010686566  -0.0034989989
   1.2549999958  -0.0089128233  -0.0020887136  -0.0088171270
   1.2599999958  -0.0138494692  -0.0026414261  -0.0137505514
   1.2649999958  -0.0183621321  -0.0027144882  -0.0182616468
   1.2699999957  -0.0224425030  -0.0023355036  -0.0223421935
   1.2749999957  -0.0260918957  -0.0015640700  -0.0259932015
   1.2799999957  -0.0293045259  -0.0004815025  -0.0292082768
   1.2849999957  -0.0320591172   0.0008187365  -0.0319653934
   1.2899999957  -0.0343207884   0.0022374597  -0.0342289745
   1.2949999957  -0.0360519070   0.0036718886  -0.0359609175
   1.2999999956  -0.0372279438   0.0050139460  -0.0371365475
   1.3049999956  -0.0378530248   0.0061465623  -0.0377601727
   1.3099999956  -0.0379701393   0.0069406731  -0.0378752033
   1.3149999956  -0.0376626364   0.0072555564  -0.0375654961
   1.3199999956  -0.0370461756   0.0069442928  -0.0369471365
   1.3249999956  -0.0362529295   0.0058646685  -0.0361525070
   1.3299999955  -0.0354118431   0.0038942266  -0.0353104899
   1.3349999955  -0.0346296360   0.0009468847  -0.0345275061
   1.3399999955  -0.0339768137  -0.0030120528  -0.0338736519
   1.3449999955  -0.0334814518  -0.0079553795  -0.0333766640
   1.3499999955  -0.0331314134  -0.0137898578  -0.0330243251
   1.3549999954  -0.0328835700  -0.0203589476  -0.0327738261
   1.3599999954  -0.0326770819  -0.0274514980  -0.0325651050
   1.3649999954  -0.0324472141  -0.0348145550  -0.0323346125
   1.3699999954  -0.0321365604  -0.0421681242  -0.0320263871
   1.3749999954  -0.0317017128  -0.0492200170  -0.0315985029
   1.3799999954  -0.0311149131  -0.0556795976  -0.0310244767
   1.3849999953  -0.0303616149  -0.0612700167  -0.0302906089
   1.3899999953  -0.0294357795  -0.0657390949  -0.0293911314
   1.3949999953  -0.0283349858  -0.0688692430  -0.0283232632
   1.3999999953  -0.0270570702  -0.0704866919  -0.0270838997
   1.4049999953  -0.0255992603  -0.0704699846  -0.0256688780
   1.4099999953  -0.0239598948  -0.0687573319  -0.0240748779
   1.4149999952  -0.0221420802  -0.0653522097  -0.0223032691
   1.4199999952  -0.0201581818  -0.0603265272  -0.0203647588
   1.4249999952  -0.0180338955  -0.0538207975  -0.0182835634
   1.4299999952  -0.0158107671  -0.0460409142  -0.0160999563
   1.4349999952  -0.0135463153  -0.0372513209  -0.0138703608
   1.4399999952  -0.0113113176  -0.0277645240  -0.0116645694
   1.4449999951  -0.0091842904  -0.0179271071  -0.0095601550
   1.4499999951  -0.0072437089  -0.0081026916  -0.0076346540
   1.4549999951  -0.0055590252   0.0013472994  -0.0059566039
   1.4599999951  -0.0041819585   0.0100837418  -0.0045769169
   1.4649999951  -0.0031397122   0.0178090275  -0.0035222364
   1.4699999951  -0.0024316063   0.0242834576  -0.0027917359
   1.4749999950  -0.0020300369   0.0293370394  -0.0023582332
   1.4799999950  -0.0018857659   0.0328754801  -0.0021735830
   1.4849999950  -0.0019365095   0.0348800338  -0.0021772832
   1.4899999950  -0.0021169356   0.0354018152  -0.0023063868
   1.4949999950  -0.0023677754   0.0345519828  -0.0025044323
   1.4999999950  -0.0026419941   0.0324896139  -0.0027273570
   1.5049999949  -0.0029068011   0.0294090303  -0.0029452199
   1.5099999949  -0.0031415083   0.0255278714  -0.0031397840
   1.5149999949  -0.0033324619   0.0210765132  -0.0032992280
   1.5199999949  -0.0034671089   0.0162887685  -0.0034120795
   1.5249999949  -0.0035294253   0.0113933819  -0.0034626058
   1.5299999949  -0.0034983824   0.0066057736  -0.0034293315
   1.5349999948  -0.0033500402   0.0021197674  -0.0032872516
   1.5399999948  -0.0030626098  -0.0019004867  -0.0030130488
   1.5449999948  -0.0026228222  -0.0053277107  -0.0025916255
   1.5499999948  -0.0020315097  -0.0080768551  -0.0020218328
   1.5549999948  -0.0013065607  -0.0101076787  -0.0013195485
   1.5599999948  -0.0004822387  -0.0114239375  -0.0005170938
   1.5649999947   0.0003950426  -0.0120691031   0.0003409101
   1.5699999947   0.0012733918  -0.0121191028   0.0012041364
   1.5749999947   0.0021028616  -0.0116730400   0.0020238934
   1.5799999947   0.0028418761  -0.0108430983   0.0027594649
   1.5849999947   0.0034613852  -0.0097448204   0.0033821786
   1.5899999947   0.0039462277  -0.0084887307   0.0038766998
   1.5949999946   0.0042939781  -0.0071739098   0.0042398436
   1.5999999946   0.0045121174  -0.0058837470   0.0044777633
   1.6049999946   0.0046145823  -0.0046837667   0.0046025813
   1.6099999946   0.0046186110  -0.0036211978   0.0046293836
   1.6149999946   0.0045424425  -0.0027258462   0.0045741244
   1.6199999946   0.0044040079  -0.0020118113   0.0044525599
   1.6249999945   0.0042204354  -0.0014796422   0.0042800013
   1.6299999945   0.0040080370  -0.0011186149   0.0040715244
   1.6349999945   0.0037824669  -0.0009089195   0.0038422888
   1.6399999945   0.0035588380  -0.0008236606   0.0036077311
   1.6449999945   0.0033516947  -0.0008306824   0.0033835136
   1.6499999945   0.0031747843  -0.0008943243   0.0031851718
   1.6549999944   0.0030405646  -0.0009772681   0.0030274161
   1.6599999944   0.0029593670  -0.0010426365   0.0029230322
   1.6649999944   0.0029381669  -0.0010564269   0.0028813738
   1.6699999944   0.0029790415  -0.0009902269   0.0029065623
   1.6749999944   0.0030775896  -0.0008239753   0.0029957032
   1.6799999944   0.0032217849  -0.0005483726   0.0031376118
   1.6849999943   0.0033918269  -0.0001664462   0.0033126210
   1.6899999943   0.0035614587   0.0003061919   0.0034939331
   1.6949999943   0.0037009149   0.0008426933   0.0036506640
   1.6999999943   0.0037812131   0.0014079387   0.0037522682
   1.7049999943   0.0037790387   0.0019627966   0.0037735758
   1.7099999943   0.0036811628   0.0024690447   0.0036993630
   1.7149999942   0.0034873053   0.0028941474   0.0035273588
   1.7199999942   0.0032106532   0.0032150819   0.0032688967
   1.7249999942   0.0028757999   0.0034205960   0.0029469786
   1.7299999942   0.0025145290   0.0035116161   0.0025921752
   1.7349999942   0.0021604138   0.0034999112   0.0022373330
   1.7399999942   0.0018434790   0.0034054561   0.0019123240
   1.7449999941   0.0015860834   0.0032531369   0.0016399865
   1.7499999941   0.0014007730   0.0030694655   0.0014339873
   1.7549999941   0.0012902614   0.0028798223   0.0012987522
   1.7599999941   0.0012491222   0.0027065009   0.0012310392
   1.7649999941   0.0012663944   0.0025675604   0.0012223624
   1.7699999941   0.0013282234   0.0024762935   0.0012614013
   1.7749999940   0.0014198630   0.0024410359   0.0013357471
   1.7799999940   0.0015267573   0.0024650839   0.0014327340
   1.7849999940   0.0016348325   0.0025466172   0.0015395192
   1.7899999940   0.0017304184   0.0026786759   0.0016428560
   1.7949999940   0.0018002919   0.0028493582   0.0017290745
   1.7999999940   0.0018321950   0.0030424368   0.0017846288
   1.8049999939   0.0018159113   0.0032385341   0.0017972925
   1.8099999939   0.0017446966   0.0034168673   0.0017577845
   1.8149999939   0.0016166774   0.0035574221   0.0016614150
   1.8199999939   0.0014357941   0.0036432831   0.0015093024
   1.8249999939   0.0012119852   0.0036627779   0.0013088271
   1.8299999939   0.0009605079   0.0036110968   0.0010731874
   1.8349999938   0.0007004892   0.0034911223   0.0008201307
   1.8399999938   0.0004529411   0.0033133177   0.0005700760
   1.8449999938   0.0002385157   0.0030946610   0.0003438969
   1.8499999938   0.0000752500   0.0028567363   0.0001606176
   1.8549999938  -0.0000234967   0.0026232046   0.0000352358
   1.8599999938  -0.0000507451   0.0024169569  -0.0000231410
   1.8649999937  -0.0000070546   0.0022573006  -0.0000126456
   1.8699999937   0.0000990617   0.0021575485   0.0000607363
   1.8749999937   0.0002516703   0.0021233505   0.0001835079
   1.8799999937   0.0004290180   0.0021520330   0.0003360907
   1.8849999937   0.0006061502   0.0022330801   0.0004952981
   1.8899999937   0.0007582582   0.0023497191   0.0006375666
   1.8949999936   0.0008642311   0.0024813831   0.0007424243
   1.8999999936   0.0009097460   0.0026066569   0.0007955310
   1.9049999936   0.0008892496   0.0027062110   0.0007906497
   1.9099999936   0.0008063906   0.0027652287   0.0007301124
   1.9149999936   0.0006728107   0.0027749409   0.0006236919
   1.9199999936   0.0005055956   0.0027330803   0.0004861858
   1.9249999935   0.0003240094   0.0026433077   0.0003343288
   1.9299999935   0.0001462810   0.0025138777   0.0001837922
   1.9349999935  -0.0000128644   0.0023559413   0.0000469445
   1.9399999935  -0.0001435045   0.0021818955  -0.0000682240
   1.9449999935  -0.0002405901   0.0020040847  -0.0001579812
   1.9499999935  -0.0003030779   0.0018339807  -0.0002218488
   1.9549999934  -0.0003326233   0.0016817786  -0.0002612316
   1.9599999934  -0.0003323592   0.0015562090  -0.0002782124
   1.9649999934  -0.0003061255   0.0014643349  -0.0002748763
   1.9699999934  -0.0002582544   0.0014111683  -0.0002532602
   1.9749999934  -0.0001937582   0.0013990832  -0.0002157553
   1.9799999934  -0.0001186080   0.0014271537  -0.0001656278
   1.9849999933  -0.0000397813   0.0014906516  -0.0001073125
   1.9899999933   0.0000351111   0.0015809516  -0.0000462653
   1.9949999933   0.0000986051   0.0016860167   0.0000116293
   1.9999999933   0.0001443645   0.0017914869   0.0000609071
   2.0049999933   0.0001680643   0.0018822453   0.0000973370
   2.0099999933   0.0001679046   0.0019442111   0.0001184277
   2.0149999932   0.0001446207   0.0019660681   0.0001234943
   2.0199999932   0.0001010370   0.0019406678   0.0001133197
   2.0249999932   0.0000413577   0.0018659293   0.0000895973
   2.0299999932  -0.0000295549   0.0017451604   0.0000543902
   2.0349999932  -0.0001067155   0.0015868021   0.0000097971
   2.0399999931  -0.0001852890   0.0014036521  -0.0000421143
   2.0449999931  -0.0002606654   0.0012116333  -0.0000991778
   2.0499999931  -0.0003284849   0.0010281907  -0.0001589640
   2.0549999931  -0.0003847636   0.0008704194  -0.0002187374
   2.0599999931  -0.0004261803   0.0007530797  -0.0002756117
   2.0649999931  -0.0004504670   0.0006867163  -0.0003268552
   2.0699999930  -0.0004567452   0.0006761549  -0.0003702024
   2.0749999930  -0.0004456291   0.0007196507  -0.0004040041
   2.0799999930  -0.0004189908   0.0008089035  -0.0004271165
   2.0849999930  -0.0003794171   0.0009300168  -0.0004385591
   2.0899999930  -0.0003295375   0.0010653012  -0.0004371092
   2.0949999930  -0.0002714843   0.0011956462  -0.0004210750
   2.0999999929  -0.0002067260   0.0013030613  -0.0003884599
   2.1049999929  -0.0001363895   0.0013729578  -0.0003376004
   2.1099999929  -0.0000619931   0.0013958127  -0.0002681667
   2.1149999929   0.0000136696   0.0013680064  -0.0001822370
   2.1199999929   0.0000858530   0.0012918067  -0.0000850661
   2.1249999929   0.0001477268   0.0011746366   0.0000147977
   2.1299999928   0.0001909681   0.0010278590   0.0001062279
   2.1349999928   0.0002070382   0.0008653326   0.0001770145
   2.1399999928   0.0001888762   0.0007019380   0.0002158517
   2.1449999928   0.0001326002   0.0005521966   0.0002143813
   2.1499999928   0.0000387824   0.0004290233   0.0001688317
   2.1549999928  -0.0000870250   0.0003426221   0.0000808993
   2.1599999927  -0.0002346394   0.0002995468  -0.0000422830
   2.1649999927  -0.0003903892   0.0003019941  -0.0001890304
   2.1699999927  -0.0005387913   0.0003474422  -0.0003446099
   2.1749999927  -0.0006644373   0.0004287614  -0.0004930508
   2.1799999927  -0.0007537796   0.0005348789  -0.0006189605
   2.1849999927  -0.0007965977   0.0006519896  -0.0007091264
   2.1899999926  -0.0007870353   0.0007651859  -0.0007537859
   2.1949999926  -0.0007241848   0.0008602788  -0.0007475222
   2.1999999926  -0.0006122339   0.0009255286  -0.0006897781
   2.2049999926  -0.0004601884   0.0009530174  -0.0005849721
   2.2099999926  -0.0002811701   0.0009394716  -0.0004421822
   2.2149999926  -0.0000912896   0.0008864524  -0.0002743663
   2.2199999925   0.0000918624   0.0007999449  -0.0000971330
   2.2249999925   0.0002509855   0.0006894560   0.0000728421
   2.2299999925   0.0003708942   0.0005667746   0.0002195664
   2.2349999925   0.0004401389   0.0004445486   0.0003293967
   2.2399999925   0.0004521696   0.0003348252   0.0003923703
   2.2449999925   0.0004058745   0.0002476846   0.0004030217
   2.2499999924   0.0003054559   0.0001901008   0.0003606266
   2.2549999924   0.0001597471   0.0001651672   0.0002689476
   2.2599999924  -0.0000188256   0.0001718135   0.0001356458
   2.2649999924  -0.0002154104   0.0002051012  -0.0000284578
   2.2699999924  -0.0004138586   0.0002570996  -0.0002101430
   2.2749999924  -0.0005977486   0.0003182324  -0.0003945465
   2.2799999923  -0.0007513526   0.0003788672  -0.0005659845
   2.2849999923  -0.0008606407   0.0004308451  -0.0007089530
   2.2899999923  -0.0009143998   0.0004686394  -0.0008093800
   2.2949999923  -0.0009054439   0.0004899061  -0.0008560918
   2.2999999923  -0.0008317633   0.0004953382  -0.0008423161
   2.3049999923  -0.0006973564   0.0004879029  -0.0007669293
   2.3099999922  -0.0005124601   0.0004716972  -0.0006351282
   2.3149999922  -0.0002929701   0.0004507380  -0.0004582765
   2.3199999922  -0.0000590024   0.0004279962  -0.0002528453
   2.3249999922   0.0001672500   0.0004048913  -0.0000385702
   2.3299999922   0.0003640396   0.0003813150   0.0001638706
   2.3349999922   0.0005125462   0.0003561025   0.0003352534
   2.3399999921   0.0005989181   0.0003277617   0.0004598854
   2.3449999921   0.0006155889   0.0002952239   0.0005270742
   2.3499999921   0.0005617599   0.0002584185   0.0005318668
   2.3549999921   0.0004431062   0.0002185466   0.0004750980
   2.3599999921   0.0002708861   0.0001780352   0.0003628959
   2.3649999921   0.0000606711   0.0001402265   0.0002058336
   2.3699999920  -0.0001691119   0.0001089016   0.0000178817
   2.3749999920  -0.0003987047   0.0000877389  -0.0001847492
   2.3799999920  -0.0006085457   0.0000797815  -0.0003848424
   2.3849999920  -0.0007807703   0.0000869589  -0.0005654774
   2.3899999920  -0.0009006332   0.0001096978  -0.0007113666
   2.3949999920  -0.0009577594   0.0001466568  -0.0008101378
   2.3999999919  -0.0009470863   0.0001946403  -0.0008534251
   2.4049999919  -0.0008693516   0.0002487509  -0.0008376142
   2.4099999919  -0.0007310266   0.0003028234  -0.0007641195
   2.4149999919  -0.0005436772   0.0003501327  -0.0006391562
   2.4199999919  -0.0003228442   0.0003842955  -0.0004730606
   2.4249999919  -0.0000866102   0.0004002197  -0.0002792961
   2.4299999918   0.0001459397   0.0003949148  -0.0000733098
   2.4349999918   0.0003561890   0.0003679882   0.0001286188
   2.4399999918   0.0005272853   0.0003217189   0.0003104621
   2.4449999918   0.0006452358   0.0002606990   0.0004574572
   2.4499999918   0.0006998353   0.0001911344   0.0005570889
   2.4549999918   0.0006854592   0.0001199704   0.0006000721
   2.4599999917   0.0006017107   0.0000540235   0.0005813048
   2.4649999917   0.0004538348  -0.0000007342   0.0005006763
   2.4699999917   0.0002527522  -0.0000396660   0.0003635494
   2.4749999917   0.0000145577  -0.0000597426   0.0001807210
   2.4799999917  -0.0002406139  -0.0000596549  -0.0000322752
   2.4849999917  -0.0004903288  -0.0000398351  -0.0002565309
   2.4899999916  -0.0007120327  -0.0000024274  -0.0004716534
   2.4949999916  -0.0008853750   0.0000488032  -0.0006579118
   2.4999999916  -0.0009943346   0.0001086746  -0.0007983090
   2.5049999916  -0.0010288322   0.0001709638  -0.0008802677
   2.5099999916  -0.0009856245   0.0002289838  -0.0008967222
   2.5149999916  -0.0008684209   0.0002763250  -0.0008465398
   2.5199999915  -0.0006873044   0.0003076596  -0.0007343316
   2.5249999915  -0.0004576269   0.0003194606  -0.0005697931
   2.5299999915  -0.0001985776   0.0003104838  -0.0003667368
   2.5349999915   0.0000684099   0.0002819096  -0.0001419431
   2.5399999915   0.0003213080   0.0002371147   0.0000860999
   2.5449999915   0.0005391427   0.0001811339   0.0002985455
   2.5499999914   0.0007036017   0.0001199314   0.0004776106
   2.5549999914   0.0008005337   0.0000596287   0.0006080226
   2.5599999914   0.0008212301   0.0000058177   0.0006783836
   2.5649999914   0.0007633321  -0.0000369609   0.0006822923
   2.5699999914   0.0006312108  -0.0000655486   0.0006190528
   2.5749999914   0.0004357089  -0.0000783285   0.0004938331
   2.5799999913   0.0001932284  -0.0000752486   0.0003172232
   2.5849999913  -0.0000757442  -0.0000577364   0.0001042465
   2.5899999913  -0.0003484904  -0.0000285126  -0.0001270343
   2.5949999913  -0.0006020577   0.0000087028  -0.0003571228
   2.5999999913  -0.0008151812   0.0000495979  -0.0005667180
   2.6049999913  -0.0009699596   0.0000897678  -0.0007382265
   2.6099999912  -0.0010531932   0.0001252461  -0.0008570754
   2.6149999912  -0.0010573514   0.0001529796  -0.0009127992
   2.6199999912  -0.0009811703   0.0001711458  -0.0008998869
   2.6249999912  -0.0008298695   0.0001792385  -0.0008183563
   2.6299999912  -0.0006149541   0.0001779054  -0.0006739898
   2.6349999912  -0.0003535421   0.0001685856  -0.0004781332
   2.6399999911  -0.0000671710   0.0001530589  -0.0002469727
   2.6449999911   0.0002199096   0.0001330362  -0.0000002605
   2.6499999911   0.0004828580   0.0001099064   0.0002404457
   2.6549999911   0.0006985707   0.0000846922   0.0004538511
   2.6599999911   0.0008479435   0.0000581949   0.0006210414
   2.6649999911   0.0009177619   0.0000312415   0.0007273584
   2.6699999910   0.0009019659   0.0000049152   0.0007637788
   2.6749999910   0.0008021387  -0.0000193346   0.0007276403
   2.6799999910   0.0006271998  -0.0000397584   0.0006226750
   2.6849999910   0.0003924076  -0.0000545349   0.0004584320
   2.6899999910   0.0001178549  -0.0000620920   0.0002492374
   2.6949999909  -0.0001733337  -0.0000614190   0.0000128645
   2.6999999909  -0.0004569166  -0.0000522832  -0.0002309403
   2.7049999909  -0.0007094284  -0.0000352985  -0.0004619790
   2.7099999909  -0.0009099624  -0.0000118506  -0.0006611134
   2.7149999909  -0.0010417750   0.0000160807  -0.0008117217
   2.7199999909  -0.0010936371   0.0000461389  -0.0009010395
   2.7249999908  -0.0010608314   0.0000758017  -0.0009212822
   2.7299999908  -0.0009456764   0.0001025622  -0.0008704214
   2.7349999908  -0.0007574678   0.0001240884  -0.0007524837
   2.7399999908  -0.0005117783   0.0001383858  -0.0005772841
   2.7449999908  -0.0002291425   0.0001439773  -0.0003595848
   2.7499999908   0.0000667511   0.0001400923  -0.0001177623
   2.7549999907   0.0003511599   0.0001268291   0.0001278549
   2.7599999907   0.0006004401   0.0001052341   0.0003567749
   2.7649999907   0.0007940246   0.0000772508   0.0005500628
   2.7699999907   0.0009160536   0.0000455189   0.0006918393
   2.7749999907   0.0009565581   0.0000130464   0.0007704710
   2.7799999907   0.0009121618  -0.0000171784   0.0007794150
   2.7849999906   0.0007863065  -0.0000425512   0.0007177134
   2.7899999906   0.0005890191  -0.0000611140   0.0005901277
   2.7949999906   0.0003362263  -0.0000716723   0.0004068904
   2.7999999906   0.0000486205  -0.0000737736   0.0001830382
   2.8049999906  -0.0002499070  -0.0000675944  -0.0000626941
   2.8099999906  -0.0005342000  -0.0000538057  -0.0003093935
   2.8149999905  -0.0007800077  -0.0000334776  -0.0005358017
   2.8199999905  -0.0009661858  -0.0000080488  -0.0007222820
   2.8249999905  -0.0010766791   0.0000206572  -0.0008526892
   2.8299999905  -0.0011020361   0.0000504233  -0.0009158986
   2.8349999905  -0.0010402616   0.0000787006  -0.0009068007
   2.8399999905  -0.0008969105   0.0001027868  -0.0008266511
   2.8449999904  -0.0006844427   0.0001201199  -0.0006827756
   2.8499999904  -0.0004209616   0.0001286406  -0.0004877258
   2.8549999904  -0.0001285241   0.0001271374  -0.0002580377
   2.8599999904   0.0001687712   0.0001154840  -0.0000127649
   2.8649999904   0.0004467380   0.0000947014   0.0002280705
   2.8699999904   0.0006829602   0.0000668276   0.0004450042
   2.8749999903   0.0008584632   0.0000346258   0.0006205681
   2.8799999903   0.0009591299   0.0000012077   0.0007405915
   2.8849999903   0.0009767969  -0.0000303475   0.0007953069
   2.8899999903   0.0009099519  -0.0000573071   0.0007801812
   2.8949999903   0.0007639493  -0.0000775012   0.0006963769
   2.8999999903   0.0005506736  -0.0000894424   0.0005507528
   2.9049999902   0.0002876271  -0.0000923789   0.0003553552
   2.9099999902  -0.0000035089  -0.0000863075   0.0001264159
   2.9149999902  -0.0002987153  -0.0000719656  -0.0001170514
   2.9199999902  -0.0005736875  -0.0000507910  -0.0003549011
   2.9249999902  -0.0008058841  -0.0000248286  -0.0005675690
   2.9299999902  -0.0009763671   0.0000034390  -0.0007376715
   2.9349999901  -0.0010712810   0.0000313393  -0.0008513588
   2.9399999901  -0.0010828783   0.0000563085  -0.0008993404
   2.9449999901  -0.0010100609   0.0000761893  -0.0008775533
   2.9499999901  -0.0008584425   0.0000894636  -0.0007874665
   2.9549999901  -0.0006399514   0.0000953708  -0.0006360229
   2.9599999901  -0.0003719935   0.0000938931  -0.0004352072
   2.9649999900  -0.0000761932   0.0000856294  -0.0002012258
   2.9699999900   0.0002232489   0.0000716086   0.0000466982
   2.9749999900   0.0005015008   0.0000531084   0.0002878706
   2.9799999900   0.0007352093   0.0000315264   0.0005019054
   2.9849999900   0.0009045785   0.0000083247   0.0006705673
   2.9899999900   0.0009951912  -0.0000149718   0.0007794689
   2.9949999899   0.0009993512  -0.0000367680   0.0008194121
   2.9999999899   0.0009167829  -0.0000554332   0.0007872081
   3.0049999899   0.0007546100  -0.0000694087   0.0006858913
   3.0099999899   0.0005266385  -0.0000773876   0.0005243315
   3.0149999899   0.0002520560  -0.0000785291   0.0003163334
   3.0199999899  -0.0000462804  -0.0000726447   0.0000793608
   3.0249999898  -0.0003437823  -0.0000602963  -0.0001669623
   3.0299999898  -0.0006161201  -0.0000427641  -0.0004024382
   3.0349999898  -0.0008411266  -0.0000218843  -0.0006078616
   3.0399999898  -0.0010005043   0.0000002075  -0.0007664873
   3.0449999898  -0.0010812486   0.0000213665  -0.0008653278
   3.0499999898  -0.0010766997   0.0000396959  -0.0008962078
   3.0549999897  -0.0009871401   0.0000537257  -0.0008564874
   3.0599999897  -0.0008198561   0.0000624952  -0.0007493661
   3.0649999897  -0.0005886152   0.0000655553  -0.0005836971
   3.0699999897  -0.0003125626   0.0000629227  -0.0003732867
   3.0749999897  -0.0000146096   0.0000550217  -0.0001357215
   3.0799999897   0.0002805389   0.0000426319   0.0001091693
   3.0849999896   0.0005485177   0.0000268410   0.0003410501
   3.0899999896   0.0007673772   0.0000089856   0.0005408284
   3.0949999896   0.0009193965  -0.0000094408   0.0006922405
   3.0999999896   0.0009924809  -0.0000269202   0.0007831390
   3.1049999896   0.0009810521  -0.0000420692   0.0008063983
   3.1099999896   0.0008864002  -0.0000537924   0.0007604053
   3.1149999895   0.0007165117  -0.0000613886   0.0006491364
   3.1199999895   0.0004854116  -0.0000645811   0.0004818352
   3.1249999895   0.0002120678  -0.0000634640   0.0002723116
   3.1299999895  -0.0000810811  -0.0000583887   0.0000378875
   3.1349999895  -0.0003699001  -0.0000498360  -0.0002019678
   3.1399999895  -0.0006305208  -0.0000383211  -0.0004272354
   3.1449999894  -0.0008413469  -0.0000243666  -0.0006190536
   3.1499999894  -0.0009849149  -0.0000085459  -0.0007613751
   3.1549999894  -0.0010494195   0.0000084310  -0.0008423902
   3.1599999894  -0.0010297272   0.0000256397  -0.0008555536
   3.1649999894  -0.0009277675   0.0000419223  -0.0008000950
   3.1699999894  -0.0007522645   0.0000559586  -0.0006809721
   3.1749999893  -0.0005178653   0.0000664271  -0.0005083014
   3.1799999893  -0.0002437871   0.0000722198  -0.0002963662
   3.1849999893   0.0000478516   0.0000726561  -0.0000623404
   3.1899999893   0.0003338446   0.0000676357   0.0001751345
   3.1949999893   0.0005917071   0.0000576916   0.0003973978
   3.1999999893   0.0008013618   0.0000439311   0.0005871559
   3.2049999892   0.0009466161   0.0000278858   0.0007297416
   3.2099999892   0.0010163584   0.0000113109   0.0008141947
   3.2149999892   0.0010054087  -0.0000040201   0.0008341048
   3.2199999892   0.0009149566  -0.0000164931   0.0007881509
   3.2249999892   0.0007525268  -0.0000247858   0.0006802700
   3.2299999892   0.0005314390  -0.0000279609   0.0005194041
   3.2349999891   0.0002697704  -0.0000255308   0.0003188124
   3.2399999891  -0.0000111092  -0.0000175060   0.0000949901
   3.2449999891  -0.0002883050  -0.0000044232  -0.0001337105
   3.2499999891  -0.0005392993   0.0000126579  -0.0003486202
   3.2549999891  -0.0007438041   0.0000322137  -0.0005322989
   3.2599999891  -0.0008853964   0.0000523836  -0.0006699446
   3.2649999890  -0.0009528030   0.0000711664  -0.0007505512
   3.2699999890  -0.0009407539   0.0000866588  -0.0007677430
   3.2749999890  -0.0008503639   0.0000972945  -0.0007202491
   3.2799999890  -0.0006890390   0.0001020339  -0.0006120048
   3.2849999890  -0.0004699253   0.0001004640  -0.0004518820
   3.2899999890  -0.0002109290   0.0000927929  -0.0002530544
   3.2949999889   0.0000666434   0.0000797516  -0.0000320161
   3.2999999889   0.0003397566   0.0000624396   0.0001927039
   3.3049999889   0.0005855192   0.0000421611   0.0004020574
   3.3099999889   0.0007831136   0.0000202892   0.0005781011
   3.3149999889   0.0009156038  -0.0000018218   0.0007055781
   3.3199999889   0.0009714355  -0.0000228847   0.0007732852
   3.3249999888   0.0009454620  -0.0000417119   0.0007750735
   3.3299999888   0.0008393840  -0.0000572591   0.0007103693
   3.3349999888   0.0006615607  -0.0000686983   0.0005841703
   3.3399999888   0.0004262313  -0.0000755130   0.0004065393
   3.3449999888   0.0001522484  -0.0000775919   0.0001916758
   3.3499999888  -0.0001385321  -0.0000752825  -0.0000433152
   3.3549999887  -0.0004230460  -0.0000693757  -0.0002798344
   3.3599999887  -0.0006788531  -0.0000610075  -0.0004992591
   3.3649999887  -0.0008858784  -0.0000514923  -0.0006843777
   3.3699999887  -0.0010279538  -0.0000421247  -0.0008207053
   3.3749999887  -0.0010940688  -0.0000339963  -0.0008976053
   3.3799999886  -0.0010792446  -0.0000278674  -0.0009091421
   3.3849999886  -0.0009849567  -0.0000241177  -0.0008545907
   3.3899999886  -0.0008190500  -0.0000227709  -0.0007385377
   3.3949999886  -0.0005951227  -0.0000235716  -0.0005705362
   3.3999999886  -0.0003314106  -0.0000260808  -0.0003643196
   3.4049999886  -0.0000492571  -0.0000297619  -0.0001366362
   3.4099999885   0.0002286904  -0.0000340412   0.0000941858
   3.4149999885   0.0004803799  -0.0000383444   0.0003097959
   3.4199999885   0.0006861680  -0.0000421212   0.0004933442
   3.4249999885   0.0008303827  -0.0000448724   0.0006308297
   3.4299999885   0.0009025103  -0.0000461870   0.0007121657
   3.4349999885   0.0008979359  -0.0000457840   0.0007318970
   3.4399999884   0.0008182072  -0.0000435442   0.0006895437
   3.4449999884   0.0006708312  -0.0000395160   0.0005895690
   3.4499999884   0.0004686344  -0.0000338843   0.0004409896
   3.4549999884   0.0002287339  -0.0000269095   0.0002566531
   3.4599999884  -0.0000288177  -0.0000188550   0.0000522213
   3.4649999884  -0.0002826304  -0.0000099338  -0.0001550844
   3.4699999883  -0.0005117084  -0.0000002974  -0.0003478911
   3.4749999883  -0.0006971770   0.0000099210  -0.0005101235
   3.4799999883  -0.0008238530   0.0000205206  -0.0006283622
   3.4849999883  -0.0008815058   0.0000311366  -0.0006929720
   3.4899999883  -0.0008656829   0.0000411722  -0.0006988869
   3.4949999883  -0.0007780204   0.0000497967  -0.0006459726
   3.4999999882  -0.0006260220   0.0000560251  -0.0005389475
   3.5049999882  -0.0004223481   0.0000588699  -0.0003868921
   3.5099999882  -0.0001837066   0.0000575306  -0.0002024227
   3.5149999882   0.0000705355   0.0000515706  -0.0000006259
   3.5199999882   0.0003198931   0.0000410383   0.0002021456
   3.5249999882   0.0005443412   0.0000264993   0.0003895260
   3.5299999881   0.0007258298   0.0000089787   0.0005463637
   3.5349999881   0.0008496476  -0.0000101689   0.0006598584
   3.5399999881   0.0009055559  -0.0000294267   0.0007205471
   3.5449999881   0.0008886162  -0.0000472840   0.0007230718
   3.5499999881   0.0007996372  -0.0000623791   0.0006666627
   3.5549999881   0.0006451850  -0.0000736066   0.0005552743
   3.5599999880   0.0004371259  -0.0000801917   0.0003973360
   3.5649999880   0.0001917159  -0.0000817390   0.0002051139
   3.5699999880  -0.0000716987  -0.0000782625  -0.0000062713
   3.5749999880  -0.0003322554  -0.0000701937  -0.0002200837
   3.5799999880  -0.0005692809  -0.0000583574  -0.0004193490
   3.5849999880  -0.0007639684  -0.0000439040  -0.0005882369
   3.5899999879  -0.0009008806  -0.0000281923  -0.0007133284
   3.5949999879  -0.0009691606  -0.0000126332  -0.0007846656
   3.5999999879  -0.0009633672   0.0000014838  -0.0007965178
   3.6049999879  -0.0008838878   0.0000131453  -0.0007478201
   3.6099999879  -0.0007369116   0.0000217195  -0.0006422662
   3.6149999879  -0.0005339666   0.0000269905  -0.0004880485
   3.6199999878  -0.0002910465   0.0000291199  -0.0002972545
   3.6249999878  -0.0000273757   0.0000285529  -0.0000849461
   3.6299999878   0.0002361111   0.0000259008   0.0001320273
   3.6349999878   0.0004784643   0.0000218311   0.0003363984
   3.6399999878   0.0006804506   0.0000169894   0.0005119205
   3.6449999878   0.0008261596   0.0000119588   0.0006447386
   3.6499999877   0.0009043313   0.0000072487   0.0007245561
   3.6549999877   0.0009092713   0.0000032932   0.0007454777
   3.6599999877   0.0008412679   0.0000004398   0.0007064479
   3.6649999877   0.0007064857  -0.0000010785   0.0006112573
   3.6699999877   0.0005163645  -0.0000011852   0.0004681374
   3.6749999877   0.0002866035   0.0000000038   0.0002890069
   3.6799999876   0.0000358392   0.0000021703   0.0000884560
   3.6849999876  -0.0002158629   0.0000048266  -0.0001174365
   3.6899999876  -0.0004485856   0.0000073935  -0.0003123617
   3.6949999876  -0.0006440957   0.0000093067  -0.0004810322
   3.6999999876  -0.0007872399   0.0000101260  -0.0006103489
   3.7049999876  -0.0008671083   0.0000096156  -0.0006904096
   3.7099999875  -0.0008778808   0.0000077739  -0.0007152847
   3.7149999875  -0.0008192831   0.0000048065  -0.0006834926
   3.7199999875  -0.0006966021   0.0000010542  -0.0005981196
   3.7249999875  -0.0005202430  -0.0000030975  -0.0004665593
   3.7299999875  -0.0003048548  -0.0000073009  -0.0002998825
   3.7349999875  -0.0000680988  -0.0000112968  -0.0001118903
   3.7399999874   0.0001708272  -0.0000149260   0.0000820550
   3.7449999874   0.0003927690  -0.0000181093   0.0002663103
   3.7499999874   0.0005801569  -0.0000208109   0.0004262192
   3.7549999874   0.0007183768  -0.0000230043   0.0005492600
   3.7599999874   0.0007968704  -0.0000246515   0.0006259884
   3.7649999874   0.0008098958  -0.0000256985   0.0006507187
   3.7699999873   0.0007569112  -0.0000260784   0.0006219112
   3.7749999873   0.0006425703  -0.0000257148   0.0005422536
   3.7799999873   0.0004763368  -0.0000245181   0.0004184356
   3.7849999873   0.0002717423  -0.0000223795   0.0002606282
   3.7899999873   0.0000453301  -0.0000191697   0.0000816918
   3.7949999873  -0.0001846490  -0.0000147581  -0.0001038400
   3.7999999872  -0.0003996953  -0.0000090573  -0.0002809309
   3.8049999872  -0.0005825582  -0.0000020892  -0.0004352724
   3.8099999872  -0.0007186407   0.0000059436  -0.0005544621
   3.8149999872  -0.0007971826   0.0000146067  -0.0006290184
   3.8199999872  -0.0008121122   0.0000232289  -0.0006531352
   3.8249999872  -0.0007624943   0.0000309576  -0.0006251114
   3.8299999871  -0.0006525468   0.0000368720  -0.0005474290
   3.8349999871  -0.0004912425   0.0000401337  -0.0004264929
   3.8399999871  -0.0002915504   0.0000401395  -0.0002720744
   3.8449999871  -0.0000693903   0.0000366410  -0.0000965189
   3.8499999871   0.0001576102   0.0000298010   0.0000862155
   3.8549999871   0.0003714697   0.0000201764   0.0002616236
   3.8599999870   0.0005552300   0.0000086356   0.0004157556
   3.8649999870   0.0006942669  -0.0000037672   0.0005362925
   3.8699999870   0.0007774465  -0.0000159297   0.0006135220
   3.8749999870   0.0007980354  -0.0000268249   0.0006411385
   3.8799999870   0.0007542825  -0.0000355938   0.0006167935
   3.8849999870   0.0006496059  -0.0000416038   0.0005423318
   3.8899999869   0.0004923528  -0.0000444774   0.0004236778
   3.8949999869   0.0002951378  -0.0000441040   0.0002703681
   3.8999999869   0.0000738152  -0.0000406377   0.0000947687
   3.9049999869  -0.0001538243  -0.0000344840  -0.0000889495
   3.9099999869  -0.0003695097  -0.0000262697  -0.0002659793
   3.9149999869  -0.0005559707  -0.0000167873  -0.0004220825
   3.9199999868  -0.0006983151  -0.0000069136  -0.0005447287
   3.9249999868  -0.0007852001   0.0000024905  -0.0006240810
   3.9299999868  -0.0008097119   0.0000106844  -0.0006537602
   3.9349999868  -0.0007698981   0.0000171325  -0.0006313406
   3.9399999868  -0.0006689196   0.0000215512  -0.0005585452
   3.9449999868  -0.0005148090   0.0000239078  -0.0004411248
   3.9499999867  -0.0003198480   0.0000243746  -0.0002884209
   3.9549999867  -0.0000995985   0.0000232556  -0.0001126343
   3.9599999867   0.0001283442   0.0000209075   0.0000721541
   3.9649999867   0.0003457816   0.0000176781   0.0002511353
   3.9699999867   0.0005354039   0.0000138747   0.0004099979
   3.9749999867   0.0006822092   0.0000097594   0.0005361140
   3.9799999866   0.0007747187   0.0000055639   0.0006195717
   3.9849999866   0.0008058787   0.0000015032   0.0006539592
   3.9899999866   0.0007735745  -0.0000022223   0.0006368344
   3.9949999866   0.0006807261  -0.0000054420   0.0005698526
   3.9999999866   0.0005349772  -0.0000080412   0.0004585621
   4.0049999866   0.0003480246  -0.0000099843   0.0003119040
   4.0099999865   0.0001346573  -0.0000113196   0.0001414726
   4.0149999865  -0.0000884121  -0.0000121605  -0.0000393992
   4.0199999865  -0.0003038387  -0.0000126442  -0.0002166647
   4.0249999865  -0.0004949706  -0.0000128821  -0.0003766322
   4.0299999865  -0.0006471218  -0.0000129202  -0.0005070087
   4.0349999864  -0.0007487013  -0.0000127262  -0.0005978481
   4.0399999864  -0.0007921156  -0.0000122092  -0.0006423299
   4.0449999864  -0.0007743629  -0.0000112666  -0.0006373008
   4.0499999864  -0.0006972644  -0.0000098426  -0.0005835234
   4.0549999864  -0.0005673034  -0.0000079756  -0.0004856033
   4.0599999864  -0.0003950821  -0.0000058193  -0.0003515972
   4.0649999863  -0.0001944451  -0.0000036271  -0.0001923371
   4.0699999863   0.0000186494  -0.0000017066  -0.0000205390
   4.0749999863   0.0002274074  -0.0000003554   0.0001502227
   4.0799999863   0.0004155173   0.0000001994   0.0003065826
   4.0849999863   0.0005684032  -0.0000001554   0.0004364105
   4.0899999863   0.0006743255  -0.0000014024   0.0005297240
   4.0949999862   0.0007252542  -0.0000034027   0.0005794294
   4.0999999862   0.0007174642  -0.0000059211   0.0005818475
   4.1049999862   0.0006518122  -0.0000086583   0.0005369913
   4.1099999862   0.0005336741  -0.0000112807   0.0004485724
   4.1149999862   0.0003725392  -0.0000134475   0.0003237280
   4.1199999862   0.0001812808  -0.0000148377   0.0001724752
   4.1249999861  -0.0000248525  -0.0000151826   0.0000069265
   4.1299999861  -0.0002294477  -0.0000143060  -0.0001596775
   4.1349999861  -0.0004162430  -0.0000121688  -0.0003140362
   4.1399999861  -0.0005704339  -0.0000089038  -0.0004438648
   4.1449999861  -0.0006798526  -0.0000048286  -0.0005388779
   4.1499999861  -0.0007359214  -0.0000004215  -0.0005915954
   4.1549999860  -0.0007343013   0.0000037423  -0.0005979068
   4.1599999860  -0.0006751938   0.0000070862  -0.0005573560
   4.1649999860  -0.0005632840   0.0000091380  -0.0004731377
   4.1699999860  -0.0004073443   0.0000096226  -0.0003518197
   4.1749999860  -0.0002195353   0.0000085155  -0.0002028202
   4.1799999860  -0.0000144625   0.0000060459  -0.0000376816
   4.1849999859   0.0001919494   0.0000026488   0.0001308122
   4.1899999859   0.0003836849  -0.0000011175   0.0002896163
   4.1949999859   0.0005458864  -0.0000046676   0.0004264398
   4.1999999859   0.0006660279  -0.0000074749   0.0005307187
   4.2049999859   0.0007349191  -0.0000091315   0.0005944673
   4.2099999859   0.0007474488  -0.0000093785   0.0006129306
   4.2149999858   0.0007029974  -0.0000081101   0.0005849717
   4.2199999858   0.0006054744  -0.0000053630   0.0005131544
   4.2249999858   0.0004629760  -0.0000013016   0.0004035110
   4.2299999858   0.0002870965   0.0000037971   0.0002650203
   4.2349999858   0.0000919601   0.0000095596   0.0001088482
   4.2399999858  -0.0001069371   0.0000155390  -0.0000525741
   4.2449999857  -0.0002939712   0.0000212518  -0.0002065528
   4.2499999857  -0.0004546215   0.0000262273  -0.0003411323
   4.2549999857  -0.0005765948   0.0000300659  -0.0004460207
   4.2599999857  -0.0006507651   0.0000324910  -0.0005133762
   4.2649999857  -0.0006718620   0.0000333834  -0.0005384009
   4.2699999857  -0.0006388628   0.0000327860  -0.0005197017
   4.2749999856  -0.0005550531   0.0000308774  -0.0004593865
   4.2799999856  -0.0004277483   0.0000279223  -0.0003628834
   4.2849999856  -0.0002676897   0.0000242123  -0.0002384893
   4.2899999856  -0.0000881601   0.0000200156  -0.0000966787
   4.2949999856   0.0000961108   0.0000155460   0.0000507697
   4.2999999856   0.0002701545   0.0000109592   0.0001917512
   4.3049999855   0.0004199788   0.0000063674   0.0003148279
   4.3099999855   0.0005336821   0.0000018647   0.0004101471
   4.3149999855   0.0006023750  -0.0000024523   0.0004702058
   4.3199999855   0.0006208375  -0.0000064781   0.0004904047
   4.3249999855   0.0005878740  -0.0000101057   0.0004693589
   4.3299999855   0.0005063508  -0.0000132458   0.0004089549
   4.3349999854   0.0003829290  -0.0000158440   0.0003141647
   4.3399999854   0.0002275218  -0.0000178891   0.0001926377
   4.3449999854   0.0000525188  -0.0000194072   0.0000541042
   4.3499999854  -0.0001281697  -0.0000204429  -0.0000903714
   4.3549999854  -0.0003001835  -0.0000210393  -0.0002292413
   4.3599999854  -0.0004498272  -0.0000212241  -0.0003513702
   4.3649999853  -0.0005651445  -0.0000210129  -0.0004469135
   4.3699999853  -0.0006368670  -0.0000204272  -0.0005081052
   4.3749999853  -0.0006591571  -0.0000195221  -0.0005298863
   4.3799999853  -0.0006300767  -0.0000184111  -0.0005103167
   4.3849999853  -0.0005517395  -0.0000172736  -0.0004507303
   4.3899999853  -0.0004301334  -0.0000163400  -0.0003556206
   4.3949999852  -0.0002746340  -0.0000158543  -0.0002322719
   4.3999999852  -0.0000972528  -0.0000160234  -0.0000901726
   4.4049999852   0.0000883086  -0.0000169683   0.0000597339
   4.4099999852   0.0002677232  -0.0000186903   0.0002058982
   4.4149999852   0.0004271395  -0.0000210608   0.0003370494
   4.4199999852   0.0005542390  -0.0000238360   0.0004430533
   4.4249999851   0.0006391798  -0.0000266888   0.0005156858
   4.4299999851   0.0006753571  -0.0000292488   0.0005492703
   4.4349999851   0.0006599268  -0.0000311407   0.0005411303
   4.4399999851   0.0005940447  -0.0000320157   0.0004918180
   4.4449999851   0.0004827953  -0.0000315782   0.0004050924
   4.4499999851   0.0003348060  -0.0000296100   0.0002876384
   4.4549999850   0.0001615702  -0.0000259967   0.0001485433
   4.4599999850  -0.0000234676  -0.0000207563  -0.0000014291
   4.4649999850  -0.0002059881  -0.0000140628  -0.0001507035
   4.4699999850  -0.0003719382  -0.0000062574  -0.0002878199
   4.4749999850  -0.0005086414   0.0000021651  -0.0004023398
   4.4799999850  -0.0006057813   0.0000105989  -0.0004856557
   4.4849999849  -0.0006561851   0.0000183955  -0.0005316417
   4.4899999849  -0.0006563507   0.0000249485  -0.0005371008
   4.4949999849  -0.0006066860   0.0000297751  -0.0005019835
   4.4999999849  -0.0005114506   0.0000325760  -0.0004293689
   4.5049999849  -0.0003784078   0.0000332619  -0.0003252132
   4.5099999849  -0.0002182129   0.0000319414  -0.0001978835
   4.5149999848  -0.0000435804   0.0000288777  -0.0000575070
   4.5199999848   0.0001317125   0.0000244281   0.0000848212
   4.5249999848   0.0002939133   0.0000189848   0.0002179142
   4.5299999848   0.0004303848   0.0000129293   0.0003313849
   4.5349999848   0.0005306112   0.0000066076   0.0004164775
   4.5399999848   0.0005870303   0.0000003240   0.0004667656
   4.5449999847   0.0005956201  -0.0000056554   0.0004786541
   4.5499999847   0.0005561898  -0.0000110992   0.0004516419
   4.5549999847   0.0004723552  -0.0000158134   0.0003883260
   4.5599999847   0.0003512070  -0.0000196518   0.0002941544
   4.5649999847   0.0002027096  -0.0000225290   0.0001769567
   4.5699999847   0.0000388858  -0.0000244265   0.0000462989
   4.5749999846  -0.0001271427  -0.0000253870  -0.0000872834
   4.5799999846  -0.0002821849  -0.0000254943  -0.0002131131
   4.5849999846  -0.0004140037  -0.0000248448  -0.0003212009
   4.5899999846  -0.0005122611  -0.0000235202  -0.0004030182
   4.5949999846  -0.0005693158  -0.0000215720  -0.0004521584
   4.5999999846  -0.0005808132  -0.0000190245  -0.0004648355
   4.6049999845  -0.0005460201  -0.0000158961  -0.0004401790
   4.6099999845  -0.0004678726  -0.0000122310  -0.0003802961
   4.6149999845  -0.0003527292  -0.0000081279  -0.0002900930
   4.6199999845  -0.0002098472  -0.0000037554  -0.0001768653
   4.6249999845  -0.0000506274   0.0000006548  -0.0000496969
   4.6299999845   0.0001123073   0.0000048349   0.0000812818
   4.6349999844   0.0002661181   0.0000085217   0.0002057065
   4.6399999844   0.0003987568   0.0000114977   0.0003137943
   4.6449999844   0.0004998911   0.0000136218   0.0003970948
   4.6499999844   0.0005616841   0.0000148415   0.0004491250
   4.6549999844   0.0005793732   0.0000151875   0.0004658452
   4.6599999844   0.0005516159   0.0000147546   0.0004459517
   4.6649999843   0.0004805821   0.0000136781   0.0003909679
   4.6699999843   0.0003717888   0.0000121129   0.0003051322
   4.6749999843   0.0002336853   0.0000102192   0.0001950845
   4.6799999843   0.0000770146   0.0000081547   0.0000693698
   4.6849999843  -0.0000860089   0.0000060686  -0.0000622129
   4.6899999843  -0.0002426471   0.0000040936  -0.0001893698
   4.6949999842  -0.0003806384   0.0000023343  -0.0003021227
   4.6999999842  -0.0004891675   0.0000008522  -0.0003916030
   4.7049999842  -0.0005597237  -0.0000003460  -0.0004507586
   4.7099999842  -0.0005867723  -0.0000013122  -0.0004749137
   4.7149999842  -0.0005681845  -0.0000021475  -0.0004621337
   4.7199999841  -0.0005053920  -0.0000029798  -0.0004133661
   4.7249999841  -0.0004032606  -0.0000039335  -0.0003323543
   4.7299999841  -0.0002696988  -0.0000050988  -0.0002253355
   4.7349999841  -0.0001150367  -0.0000065094  -0.0001005520
   4.7399999841   0.0000487733  -0.0000081345   0.0000323838
   4.7449999841   0.0002090761  -0.0000098856   0.0001632251
   4.7499999840   0.0003534862  -0.0000116346   0.0002818750
   4.7549999840   0.0004708431  -0.0000132356   0.0003791638
   4.7599999840   0.0005520797  -0.0000145435   0.0004475629
   4.7649999840   0.0005909337  -0.0000154252   0.0004817787
   4.7699999840   0.0005844439  -0.0000157638   0.0004791754
   4.7749999840   0.0005331853  -0.0000154606   0.0004399874
   4.7799999839   0.0004412197  -0.0000144400   0.0003673001
   4.7849999839   0.0003157648  -0.0000126622   0.0002667969
   4.7899999839   0.0001666089  -0.0000101415   0.0001462974
   4.7949999839   0.0000053250  -0.0000069661   0.0000151270
   4.7999999839  -0.0001556469  -0.0000033098  -0.0001166242
   4.8049999839  -0.0003039724   0.0000005729  -0.0002388897
   4.8099999838  -0.0004283710   0.0000043720  -0.0003423985
   4.8149999838  -0.0005194705   0.0000077641  -0.0004193745
   4.8199999838  -0.0005705060   0.0000104632  -0.0004641135
   4.8249999838  -0.0005778170   0.0000122658  -0.0004734018
   4.8299999838  -0.0005411102   0.0000130795  -0.0004467478
   4.8349999838  -0.0004634681   0.0000129264  -0.0003864108
   4.8399999837  -0.0003511019   0.0000119230  -0.0002972219
   4.8449999837  -0.0002128630   0.0000102441  -0.0001862057
   4.8499999837  -0.0000595474   0.0000080827  -0.0000620293
   4.8549999837   0.0000969542   0.0000056176   0.0000656814
   4.8599999837   0.0002445925   0.0000029956   0.0001871023
   4.8649999837   0.0003721046   0.0000003311   0.0002929842
   4.8699999836   0.0004698869  -0.0000022846   0.0003753719
   4.8749999836   0.0005307262  -0.0000047701   0.0004282102
   4.8799999836   0.0005503302  -0.0000070453   0.0004477877
   4.8849999836   0.0005276221  -0.0000090312   0.0004329905
   4.8899999836   0.0004647832  -0.0000106568   0.0003853501
   4.8949999836   0.0003670483  -0.0000118685   0.0003088928
   4.8999999835   0.0002422754  -0.0000126364   0.0002098056
   4.9049999835   0.0001003254  -0.0000129533   0.0000959462
   4.9099999835  -0.0000477034  -0.0000128270  -0.0000237659
   4.9149999835  -0.0001903298  -0.0000122699  -0.0001400361
   4.9199999835  -0.0003165741  -0.0000112916  -0.0002439109
   4.9249999835  -0.0004168044  -0.0000098996  -0.0003274690
   4.9299999834  -0.0004834801  -0.0000081096  -0.0003844347
   4.9349999834  -0.0005117313  -0.0000059621  -0.0004106613
   4.9399999834  -0.0004997246  -0.0000035381  -0.0004044428
   4.9449999834  -0.0004487848  -0.0000009675  -0.0003666278
   4.9499999834  -0.0003632632   0.0000015779  -0.0003005261
   4.9549999834  -0.0002501671   0.0000039043  -0.0002116195
   4.9599999833  -0.0001185850   0.0000058263  -0.0001071071
   4.9649999833   0.0000210405   0.0000071983   0.0000046754
   4.9699999833   0.0001577327   0.0000079375   0.0001149112
   4.9749999833   0.0002808296   0.0000080332   0.0002149837
   4.9799999833   0.0003807984   0.0000075394   0.0002971325
   4.9849999833   0.0004499601   0.0000065569   0.0003550413
   4.9899999832   0.0004830729   0.0000052101   0.0003843163
   4.9949999832   0.0004777315   0.0000036267   0.0003828218
   4.9999999832   0.0004345526   0.0000019266   0.0003508462
   5.0049999832   0.0003571272   0.0000002173   0.0002910823
   5.0099999832   0.0002517384  -0.0000014043   0.0002084166
   5.0149999832   0.0001268632  -0.0000028513   0.0001095417
   5.0199999831  -0.0000075053  -0.0000040511   0.0000024184
   5.0249999831  -0.0001406600  -0.0000049544  -0.0001043669
   5.0299999831  -0.0002620372  -0.0000055463  -0.0002022945
   5.0349999831  -0.0003620584  -0.0000058551  -0.0002835943
   5.0399999831  -0.0004328851  -0.0000059501  -0.0003418606
   5.0449999831  -0.0004690262  -0.0000059298  -0.0003725495
   5.0499999830  -0.0004677535  -0.0000058990  -0.0003733231
   5.0549999830  -0.0004292969  -0.0000059439  -0.0003442171
   5.0599999830  -0.0003568099  -0.0000061103  -0.0002876242
   5.0649999830  -0.0002561102  -0.0000063943  -0.0002080972
   5.0699999830  -0.0001352178  -0.0000067469  -0.0001119885
   5.0749999830  -0.0000037239  -0.0000070897  -0.0000069501
   5.0799999829   0.0001279638  -0.0000073371   0.0000986685
   5.0849999829   0.0002494416  -0.0000074159   0.0001964806
   5.0899999829   0.0003511336  -0.0000072765   0.0002787306
   5.0949999829   0.0004250511  -0.0000068944   0.0003389129
   5.0999999829   0.0004654241  -0.0000062637   0.0003722914
   5.1049999829   0.0004691524  -0.0000053879   0.0003762723
   5.1099999828   0.0004360368  -0.0000042753   0.0003505997
   5.1149999828   0.0003687758  -0.0000029409   0.0002973597
   5.1199999828   0.0002727313  -0.0000014152   0.0002207965
   5.1249999828   0.0001554878   0.0000002438   0.0001269615
   5.1299999828   0.0000262468   0.0000019431   0.0000232275
   5.1349999828  -0.0001048957   0.0000035566  -0.0000822892
   5.1399999827  -0.0002277291   0.0000049382  -0.0001813569
   5.1449999827  -0.0003327120   0.0000059450  -0.0002662581
   5.1499999827  -0.0004117013   0.0000064632  -0.0003303799
   5.1549999827  -0.0004585757   0.0000064299  -0.0003687218
   5.1599999827  -0.0004697089   0.0000058445  -0.0003782841
   5.1649999827  -0.0004442521   0.0000047654  -0.0003583060
   5.1699999826  -0.0003842046   0.0000032964  -0.0003103319
   5.1749999826  -0.0002942594   0.0000015649  -0.0002380948
   5.1799999826  -0.0001814363  -0.0000002973  -0.0001472254
   5.1849999826  -0.0000545289  -0.0000021694  -0.0000448074
   5.1899999826   0.0000765893  -0.0000039466   0.0000611831
   5.1949999826   0.0002017398  -0.0000055395   0.0001625066
   5.1999999825   0.0003112329  -0.0000068697   0.0002513046
   5.2049999825   0.0003966150  -0.0000078674   0.0003207066
   5.2099999825   0.0004513129  -0.0000084726   0.0003653537
   5.2149999825   0.0004711289  -0.0000086411   0.0003818013
   5.2199999825   0.0004545520  -0.0000083508   0.0003687742
   5.2249999825   0.0004028668  -0.0000076067   0.0003272585
   5.2299999824   0.0003200523  -0.0000064400   0.0002604261
   5.2349999824   0.0002124790  -0.0000049015   0.0001733947
   5.2399999824   0.0000884239  -0.0000030535   0.0000728405
   5.2449999824  -0.0000425637  -0.0000009628  -0.0000335107
   5.2499999824  -0.0001703975   0.0000013011  -0.0001374787
   5.2549999824  -0.0002852368   0.0000036597  -0.0002310636
   5.2599999823  -0.0003782519   0.0000060156  -0.0003070694
   5.2649999823  -0.0004423112   0.0000082430  -0.0003596651
   5.2699999823  -0.0004725316   0.0000101855  -0.0003848350
   5.2749999823  -0.0004666490   0.0000116647  -0.0003806836
   5.2799999823  -0.0004251815   0.0000125026  -0.0003475707
   5.2849999823  -0.0003513739   0.0000125509  -0.0002880703
   5.2899999822  -0.0002509351   0.0000117215  -0.0002067611
   5.2949999822  -0.0001315901   0.0000100088  -0.0001098681
   5.2999999822  -0.0000024842   0.0000074982  -0.0000047848
   5.3049999822   0.0001265163   0.0000043564   0.0001004896
   5.3099999822   0.0002455770   0.0000008090   0.0001979566
   5.3149999822   0.0003456458  -0.0000028903   0.0002802273
   5.3199999821   0.0004191480  -0.0000064895   0.0003410885
   5.3249999821   0.0004605713  -0.0000097614   0.0003759835
   5.3299999821   0.0004668928  -0.0000125165   0.0003823676
   5.3349999821   0.0004378132  -0.0000146078   0.0003599065
   5.3399999821   0.0003757744  -0.0000159301   0.0003104998
   5.3449999821   0.0002857582  -0.0000164194   0.0002381240
   5.3499999820   0.0001748830  -0.0000160559   0.0001485099
   5.3549999820   0.0000518332  -0.0000148690   0.0000486808
   5.3599999820  -0.0000738292  -0.0000129427  -0.0000536052
   5.3649999820  -0.0001924141  -0.0000104172  -0.0001504645
   5.3699999820  -0.0002948523  -0.0000074813  -0.0002344972
   5.3749999820  -0.0003733869  -0.0000043564  -0.0002993500
   5.3799999819  -0.0004221574  -0.0000012729  -0.0003401939
   5.3849999819  -0.0004376341   0.0000015538  -0.0003540810
   5.3899999819  -0.0004188742   0.0000039445  -0.0003401588
   5.3949999819  -0.0003675803   0.0000057681  -0.0002997244
   5.3999999819  -0.0002879575   0.0000069430  -0.0002361168
   5.4049999818  -0.0001863785   0.0000074327  -0.0001544501
   5.4099999818  -0.0000708798   0.0000072373  -0.0000612100
   5.4149999818   0.0000494716   0.0000063876   0.0000362597
   5.4199999818   0.0001652910   0.0000049444   0.0001303363
   5.4249999818   0.0002676105   0.0000030014   0.0002137176
   5.4299999818   0.0003485754   0.0000006884   0.0002799908
   5.4349999817   0.0004020446  -0.0000018302   0.0003241238
   5.4399999817   0.0004240498  -0.0000043646   0.0003428405
   5.4449999817   0.0004130794  -0.0000067187   0.0003348545
   5.4499999817   0.0003701702  -0.0000087135   0.0003009446
   5.4549999817   0.0002988043  -0.0000102095   0.0002438749
   5.4599999817   0.0002046242  -0.0000111216   0.0001681658
   5.4649999816   0.0000949884  -0.0000114226   0.0000797386
   5.4699999816  -0.0000215965  -0.0000111332  -0.0000145418
   5.4749999816  -0.0001361288  -0.0000103060  -0.0001073929
   5.4799999816  -0.0002398008  -0.0000090067  -0.0001916716
   5.4849999816  -0.0003246739  -0.0000073018  -0.0002609221
   5.4899999816  -0.0003842893  -0.0000052559  -0.0003098733
   5.4949999815  -0.0004141646  -0.0000029371  -0.0003348455
   5.4999999815  -0.0004121361  -0.0000004285  -0.0003340324
   5.5049999815  -0.0003785190   0.0000021622  -0.0003076350
   5.5099999815  -0.0003160715   0.0000046998  -0.0002578355
   5.5149999815  -0.0002297668   0.0000070283  -0.0001886157
   5.5199999815  -0.0001263939   0.0000089864  -0.0001054344
   5.5249999814  -0.0000140207   0.0000104274  -0.0000147943
   5.5299999814   0.0000986359   0.0000112379   0.0000762667
   5.5349999814   0.0002028838   0.0000113516   0.0001607198
   5.5399999814   0.0002907233   0.0000107551   0.0002320841
   5.5449999814   0.0003554572   0.0000094865   0.0002849209
   5.5499999814   0.0003922021   0.0000076304   0.0003152478
   5.5549999813   0.0003982608   0.0000053102   0.0003208432
   5.5599999813   0.0003733286   0.0000026809   0.0003014167
   5.5649999813   0.0003195143  -0.0000000780   0.0002586310
   5.5699999813   0.0002411739  -0.0000027725   0.0001959708
   5.5749999813   0.0001445655  -0.0000052080   0.0001184668
   5.5799999813   0.0000373531  -0.0000072062   0.0000322953
   5.5849999812  -0.0000720016  -0.0000086267  -0.0000557140
   5.5899999812  -0.0001749091  -0.0000093846  -0.0001386212
   5.5949999812  -0.0002633281  -0.0000094633  -0.0002099240
   5.5999999812  -0.0003303932  -0.0000089152  -0.0002640664
   5.6049999812  -0.0003709434  -0.0000078513  -0.0002968673
   5.6099999812  -0.0003819137  -0.0000064199  -0.0003058363
   5.6149999811  -0.0003625603  -0.0000047816  -0.0002903573
   5.6199999811  -0.0003145068  -0.0000030850  -0.0002517263
   5.6249999811  -0.0002416091  -0.0000014502  -0.0001930445
   5.6299999811  -0.0001496508   0.0000000375  -0.0001189744
   5.6349999811  -0.0000458907   0.0000013249  -0.0000353758
   5.6399999811   0.0000615042   0.0000023815   0.0000511509
   5.6449999810   0.0001640981   0.0000031898   0.0001337829
   5.6499999810   0.0002538498   0.0000037382   0.0002060131
   5.6549999810   0.0003237462   0.0000040200   0.0002621659
   5.6599999810   0.0003683543   0.0000040365   0.0002978481
   5.6649999810   0.0003842456   0.0000038016   0.0003102942
   5.6699999810   0.0003702575   0.0000033455   0.0002985794
   5.6749999809   0.0003275709   0.0000027132   0.0002636816
   5.6799999809   0.0002596016   0.0000019585   0.0002083907
   5.6849999809   0.0001717159   0.0000011359   0.0001370750
   5.6899999809   0.0000707999   0.0000002918   0.0000553287
   5.6949999809  -0.0000352838  -0.0000005394  -0.0000304697
   5.6999999809  -0.0001383066  -0.0000013339  -0.0001136540
   5.7049999808  -0.0002303066  -0.0000020729  -0.0001877821
   5.7099999808  -0.0003041968  -0.0000027346  -0.0002471288
   5.7149999808  -0.0003543056  -0.0000032880  -0.0002871231
   5.7199999808  -0.0003768091  -0.0000036927  -0.0003046973
   5.7249999808  -0.0003700233  -0.0000039046  -0.0002985235
   5.7299999808  -0.0003345309  -0.0000038872  -0.0002691152
   5.7349999807  -0.0002731332  -0.0000036234  -0.0002187858
   5.7399999807  -0.0001906280  -0.0000031248  -0.0001514663
   5.7449999807  -0.0000934321  -0.0000024336  -0.0000723944
   5.7499999807   0.0000109217  -0.0000016158   0.0000122963
   5.7549999807   0.0001143702  -0.0000007486   0.0000960553
   5.7599999807   0.0002089423   0.0000000949   0.0001724208
   5.7649999806   0.0002873679   0.0000008579   0.0002355134
   5.7699999806   0.0003436278   0.0000015059   0.0002804799
   5.7749999806   0.0003734051   0.0000020238   0.0003038560
   5.7799999806   0.0003744072   0.0000024085   0.0003038236
   5.7849999806   0.0003465360   0.0000026587   0.0002803457
   5.7899999806   0.0002918948   0.0000027683   0.0002351699
   5.7949999805   0.0002146310   0.0000027267   0.0001716989
   5.7999999805   0.0001206235   0.0000025243   0.0000947368
   5.8049999805   0.0000170366   0.0000021630   0.0000101259
   5.8099999805  -0.0000882285   0.0000016640  -0.0000756996
   5.8149999805  -0.0001871432   0.0000010709  -0.0001562099
   5.8199999805  -0.0002721742   0.0000004439  -0.0002252863
   5.8249999804  -0.0003368693  -0.0000001519  -0.0002776991
   5.8299999804  -0.0003763591  -0.0000006617  -0.0003095148
   5.8349999804  -0.0003877342  -0.0000010528  -0.0003184015
   5.8399999804  -0.0003702670  -0.0000013195  -0.0003038082
   5.8449999804  -0.0003254649  -0.0000014789  -0.0002670038
   5.8499999804  -0.0002569483  -0.0000015611  -0.0002109761
   5.8549999803  -0.0001701688  -0.0000015966  -0.0001401991
   5.8599999803  -0.0000719862  -0.0000016059  -0.0000602876
   5.8649999803   0.0000298595  -0.0000015964   0.0000224349
   5.8699999803   0.0001273453  -0.0000015638   0.0001014222
   5.8749999803   0.0002127836  -0.0000014986   0.0001704099
   5.8799999803   0.0002794164  -0.0000013911   0.0002238998
   5.8849999802   0.0003219397  -0.0000012341   0.0002575877
   5.8899999802   0.0003369145  -0.0000010214   0.0002686979
   5.8949999802   0.0003230323  -0.0000007448   0.0002561988
   5.8999999802   0.0002812122  -0.0000003917   0.0002208805
   5.9049999802   0.0002145215   0.0000000516   0.0001652869
   5.9099999802   0.0001279279   0.0000005922   0.0000935095
   5.9149999801   0.0000279027   0.0000012196   0.0000108612
   5.9199999801  -0.0000780880   0.0000018971  -0.0000765433
   5.9249999801  -0.0001821654   0.0000025594  -0.0001622628
   5.9299999801  -0.0002766443   0.0000031205  -0.0002400256
   5.9349999801  -0.0003546180   0.0000034901  -0.0003042051
   5.9399999801  -0.0004104782   0.0000035948  -0.0003502417
   5.9449999800  -0.0004403320   0.0000033972  -0.0003749810
   5.9499999800  -0.0004422871   0.0000029061  -0.0003769032
   5.9549999800  -0.0004165840   0.0000021754  -0.0003562298
   5.9599999800  -0.0003655663   0.0000012911  -0.0003148969
   5.9649999800  -0.0002934905   0.0000003515  -0.0002563994
   5.9699999800  -0.0002061896  -0.0000005527  -0.0001855141
   5.9749999799  -0.0001106151  -0.0000013529  -0.0001079244
   5.9799999799  -0.0000142940  -0.0000020082  -0.0000297757
   5.9849999799   0.0000752575  -0.0000025025   0.0000428053
   5.9899999799   0.0001511148  -0.0000028360   0.0001041851
   5.9949999799   0.0002074762  -0.0000030161   0.0001496565
