   0.0000000000   0.0000000000   0.0000000000   0.0000000000
   0.0050000000   0.0000000000   0.0000000000   0.0000000000
   0.0100000000   0.0000000000   0.0000000000   0.0000000000
   0.0149999999   0.0000000000   0.0000000000   0.0000000000
   0.0199999999   0.0000000000   0.0000000000   0.0000000000
   0.0249999999   0.0000000000   0.0000000000   0.0000000000
   0.0299999999   0.0000000000   0.0000000000   0.0000000000
   0.0349999999   0.0000000000   0.0000000000   0.0000000000
   0.0399999999   0.0000000000   0.0000000000   0.0000000000
   0.0449999998   0.0000000000   0.0000000000   0.0000000000
   0.0499999998   0.0000000000   0.0000000000   0.0000000000
   0.0549999998   0.0000000000   0.0000000000   0.0000000000
   0.0599999998   0.0000000000   0.0000000000   0.0000000000
   0.0649999998   0.0000000000   0.0000000000   0.0000000000
   0.0699999998   0.0000000000   0.0000000000   0.0000000000
   0.0749999997   0.0000000000   0.0000000000   0.0000000000
   0.0799999997   0.0000000000   0.0000000000   0.0000000000
   0.0849999997  -0.0000000000   0.0000000000  -0.0000000000
   0.0899999997  -0.0000000000   0.0000000000  -0.0000000000
   0.0949999997  -0.0000000000   0.0000000000  -0.0000000000
   0.0999999997  -0.0000000000   0.0000000000  -0.0000000000
   0.1049999996  -0.0000000000   0.0000000000  -0.0000000000
   0.1099999996  -0.0000000000   0.0000000000  -0.0000000000
   0.1149999996  -0.0000000000   0.0000000000  -0.0000000000
   0.1199999996  -0.0000000000   0.0000000000  -0.0000000000
   0.1249999996  -0.0000000000   0.0000000000  -0.0000000000
   0.1299999996  -0.0000000000   0.0000000000  -0.0000000000
   0.1349999995   0.0000000000   0.0000000000   0.0000000000
   0.1399999995   0.0000000000  -0.0000000000   0.0000000000
   0.1449999995   0.0000000000  -0.0000000000   0.0000000000
   0.1499999995   0.0000000000  -0.0000000000   0.0000000000
   0.1549999995   0.0000000000  -0.0000000000   0.0000000000
   0.1599999995   0.0000000000  -0.0000000000   0.0000000000
   0.1649999994   0.0000000000  -0.0000000000   0.0000000000
   0.1699999994   0.0000000000  -0.0000000000   0.0000000000
   0.1749999994   0.0000000000  -0.0000000000   0.0000000000
   0.1799999994   0.0000000000  -0.0000000000   0.0000000000
   0.1849999994   0.0000000000  -0.0000000000   0.0000000000
   0.1899999994   0.0000000000  -0.0000000000   0.0000000000
   0.1949999993   0.0000000000  -0.0000000000   0.0000000000
   0.1999999993   0.0000000000  -0.0000000000   0.0000000000
   0.2049999993   0.0000000000  -0.0000000000   0.0000000000
   0.2099999993   0.0000000000  -0.0000000000   0.0000000000
   0.2149999993   0.0000000000  -0.0000000000   0.0000000000
   0.2199999993   0.0000000000  -0.0000000000   0.0000000000
   0.2249999992   0.0000000000  -0.0000000000   0.0000000000
   0.2299999992   0.0000000000  -0.0000000000   0.0000000000
   0.2349999992   0.0000000000  -0.0000000000   0.0000000000
   0.2399999992   0.0000000000  -0.0000000000   0.0000000000
   0.2449999992   0.0000000000  -0.0000000000   0.0000000000
   0.2499999992   0.0000000000  -0.0000000000   0.0000000000
   0.2549999991   0.0000000000  -0.0000000000   0.0000000000
   0.2599999991   0.0000000000  -0.0000000000   0.0000000000
   0.2649999991   0.0000000000  -0.0000000000   0.0000000000
   0.2699999991   0.0000000000  -0.0000000000   0.0000000000
   0.2749999991   0.0000000000  -0.0000000000   0.0000000000
   0.2799999991   0.0000000000  -0.0000000000   0.0000000000
   0.2849999990   0.0000000000  -0.0000000000   0.0000000000
   0.2899999990   0.0000000000  -0.0000000000   0.0000000000
   0.2949999990   0.0000000000  -0.0000000000   0.0000000000
   0.2999999990   0.0000000000  -0.0000000000   0.0000000000
   0.3049999990   0.0000000000  -0.0000000000   0.0000000000
   0.3099999990   0.0000000000  -0.0000000000   0.0000000000
   0.3149999989   0.0000000000  -0.0000000000   0.0000000000
   0.3199999989   0.0000000000  -0.0000000000   0.0000000000
   0.3249999989   0.0000000000  -0.0000000000   0.0000000000
   0.3299999989   0.0000000000  -0.0000000000   0.0000000000
   0.3349999989   0.0000000000  -0.0000000000   0.0000000000
   0.3399999989   0.0000000000  -0.0000000000   0.0000000000
   0.3449999988   0.0000000000  -0.0000000000   0.0000000000
   0.3499999988   0.0000000000  -0.0000000000   0.0000000000
   0.3549999988   0.0000000000  -0.0000000000   0.0000000000
   0.3599999988   0.0000000000  -0.0000000000   0.0000000000
   0.3649999988   0.0000000000  -0.0000000000   0.0000000000
   0.3699999988   0.0000000000  -0.0000000000   0.0000000000
   0.3749999987   0.0000000000  -0.0000000000   0.0000000000
   0.3799999987   0.0000000000  -0.0000000000   0.0000000000
   0.3849999987   0.0000000000  -0.0000000000   0.0000000000
   0.3899999987   0.0000000000  -0.0000000000   0.0000000000
   0.3949999987   0.0000000000  -0.0000000000   0.0000000000
   0.3999999987   0.0000000000  -0.0000000000   0.0000000000
   0.4049999986   0.0000000000   0.0000000000   0.0000000000
   0.4099999986   0.0000000000   0.0000000000   0.0000000000
   0.4149999986  -0.0000000000   0.0000000000  -0.0000000000
   0.4199999986  -0.0000000000   0.0000000000  -0.0000000000
   0.4249999986  -0.0000000000   0.0000000000  -0.0000000000
   0.4299999986  -0.0000000000   0.0000000000  -0.0000000000
   0.4349999985  -0.0000000000   0.0000000000  -0.0000000000
   0.4399999985  -0.0000000000   0.0000000000  -0.0000000000
   0.4449999985  -0.0000000000   0.0000000000  -0.0000000000
   0.4499999985  -0.0000000000   0.0000000000  -0.0000000000
   0.4549999985  -0.0000000000   0.0000000000  -0.0000000000
   0.4599999985  -0.0000000000   0.0000000000  -0.0000000000
   0.4649999984  -0.0000000000   0.0000000000  -0.0000000000
   0.4699999984  -0.0000000000   0.0000000000  -0.0000000000
   0.4749999984  -0.0000000000   0.0000000000  -0.0000000000
   0.4799999984  -0.0000000000   0.0000000000  -0.0000000000
   0.4849999984  -0.0000000000   0.0000000000  -0.0000000000
   0.4899999984  -0.0000000000   0.0000000000  -0.0000000000
   0.4949999983  -0.0000000000   0.0000000000  -0.0000000000
   0.4999999983  -0.0000000000   0.0000000000  -0.0000000000
   0.5049999983  -0.0000000000   0.0000000000  -0.0000000000
   0.5099999983  -0.0000000000   0.0000000000  -0.0000000000
   0.5149999983  -0.0000000000   0.0000000000  -0.0000000000
   0.5199999983  -0.0000000000   0.0000000000  -0.0000000000
   0.5249999982  -0.0000000000   0.0000000000  -0.0000000000
   0.5299999982  -0.0000000000   0.0000000000  -0.0000000000
   0.5349999982  -0.0000000000   0.0000000000  -0.0000000000
   0.5399999982  -0.0000000000   0.0000000000  -0.0000000000
   0.5449999982  -0.0000000000   0.0000000000  -0.0000000000
   0.5499999982  -0.0000000000   0.0000000000  -0.0000000000
   0.5549999981  -0.0000000000   0.0000000000  -0.0000000000
   0.5599999981  -0.0000000000   0.0000000000  -0.0000000000
   0.5649999981  -0.0000000000   0.0000000000  -0.0000000000
   0.5699999981  -0.0000000000   0.0000000000  -0.0000000000
   0.5749999981  -0.0000000000   0.0000000000  -0.0000000000
   0.5799999981  -0.0000000000   0.0000000000  -0.0000000000
   0.5849999980  -0.0000000000   0.0000000000  -0.0000000000
   0.5899999980  -0.0000000000   0.0000000000  -0.0000000000
   0.5949999980  -0.0000000000   0.0000000000  -0.0000000000
   0.5999999980  -0.0000000000   0.0000000000  -0.0000000000
   0.6049999980  -0.0000000000   0.0000000000  -0.0000000000
   0.6099999980   0.0000000000   0.0000000000   0.0000000000
   0.6149999979   0.0000000000   0.0000000000   0.0000000000
   0.6199999979   0.0000000000   0.0000000000   0.0000000000
   0.6249999979   0.0000000000   0.0000000000   0.0000000000
   0.6299999979   0.0000000000   0.0000000000   0.0000000000
   0.6349999979   0.0000000000   0.0000000000   0.0000000000
   0.6399999979   0.0000000000   0.0000000000   0.0000000000
   0.6449999978   0.0000000000   0.0000000000   0.0000000000
   0.6499999978   0.0000000000   0.0000000000   0.0000000000
   0.6549999978   0.0000000000   0.0000000000   0.0000000000
   0.6599999978   0.0000000000   0.0000000000   0.0000000000
   0.6649999978   0.0000000000   0.0000000000   0.0000000000
   0.6699999978   0.0000000000   0.0000000000   0.0000000000
   0.6749999977   0.0000000000  -0.0000000000   0.0000000000
   0.6799999977   0.0000000000  -0.0000000000   0.0000000000
   0.6849999977   0.0000000000  -0.0000000000   0.0000000000
   0.6899999977   0.0000000000  -0.0000000000   0.0000000000
   0.6949999977  -0.0000000000  -0.0000000000  -0.0000000000
   0.6999999976  -0.0000000000  -0.0000000000  -0.0000000000
   0.7049999976  -0.0000000000  -0.0000000000  -0.0000000000
   0.7099999976  -0.0000000000  -0.0000000000  -0.0000000000
   0.7149999976  -0.0000000000  -0.0000000000  -0.0000000000
   0.7199999976  -0.0000000000  -0.0000000000  -0.0000000000
   0.7249999976  -0.0000000000  -0.0000000000  -0.0000000000
   0.7299999975  -0.0000000000  -0.0000000000  -0.0000000000
   0.7349999975  -0.0000000000   0.0000000000  -0.0000000000
   0.7399999975  -0.0000000000   0.0000000000  -0.0000000000
   0.7449999975   0.0000000000   0.0000000000   0.0000000000
   0.7499999975   0.0000000000   0.0000000000   0.0000000000
   0.7549999975   0.0000000000   0.0000000000   0.0000000000
   0.7599999974   0.0000000000   0.0000000000   0.0000000000
   0.7649999974   0.0000000000   0.0000000000   0.0000000000
   0.7699999974   0.0000000000   0.0000000000   0.0000000000
   0.7749999974   0.0000000000   0.0000000000   0.0000000000
   0.7799999974   0.0000000000   0.0000000000   0.0000000000
   0.7849999974   0.0000000000   0.0000000000   0.0000000000
   0.7899999973   0.0000000000   0.0000000000   0.0000000000
   0.7949999973   0.0000000000   0.0000000000   0.0000000000
   0.7999999973   0.0000000000   0.0000000000   0.0000000000
   0.8049999973   0.0000000000   0.0000000000   0.0000000000
   0.8099999973   0.0000000000   0.0000000000   0.0000000000
   0.8149999973   0.0000000000   0.0000000000   0.0000000000
   0.8199999972   0.0000000000   0.0000000000   0.0000000000
   0.8249999972   0.0000000000   0.0000000000   0.0000000000
   0.8299999972   0.0000000000   0.0000000000   0.0000000000
   0.8349999972   0.0000000000   0.0000000000   0.0000000000
   0.8399999972   0.0000000000   0.0000000000   0.0000000000
   0.8449999972   0.0000000000   0.0000000000   0.0000000000
   0.8499999971   0.0000000000   0.0000000000   0.0000000000
   0.8549999971   0.0000000000   0.0000000000   0.0000000000
   0.8599999971   0.0000000000   0.0000000000   0.0000000000
   0.8649999971   0.0000000000   0.0000000000   0.0000000000
   0.8699999971   0.0000000000   0.0000000000   0.0000000000
   0.8749999971   0.0000000000   0.0000000000   0.0000000000
   0.8799999970   0.0000000000   0.0000000000   0.0000000000
   0.8849999970   0.0000000000   0.0000000000   0.0000000000
   0.8899999970   0.0000000000   0.0000000000   0.0000000000
   0.8949999970   0.0000000000   0.0000000000   0.0000000000
   0.8999999970   0.0000000000   0.0000000000   0.0000000000
   0.9049999970   0.0000000000   0.0000000000   0.0000000000
   0.9099999969   0.0000000000   0.0000000000   0.0000000000
   0.9149999969   0.0000000000   0.0000000000   0.0000000000
   0.9199999969   0.0000000000   0.0000000000   0.0000000000
   0.9249999969   0.0000000000   0.0000000000   0.0000000000
   0.9299999969   0.0000000000   0.0000000000   0.0000000000
   0.9349999969   0.0000000000   0.0000000000   0.0000000000
   0.9399999968   0.0000000000   0.0000000000   0.0000000000
   0.9449999968   0.0000000000   0.0000000000   0.0000000000
   0.9499999968   0.0000000000   0.0000000000   0.0000000000
   0.9549999968   0.0000000000   0.0000000000   0.0000000000
   0.9599999968   0.0000000000   0.0000000000   0.0000000000
   0.9649999968   0.0000000000   0.0000000000   0.0000000000
   0.9699999967   0.0000000000   0.0000000000   0.0000000000
   0.9749999967   0.0000000000   0.0000000000   0.0000000000
   0.9799999967   0.0000000000   0.0000000000   0.0000000000
   0.9849999967   0.0000000000   0.0000000000   0.0000000000
   0.9899999967   0.0000000000   0.0000000000   0.0000000000
   0.9949999967   0.0000000000   0.0000000000   0.0000000000
   0.9999999966   0.0000000000   0.0000000000   0.0000000000
   1.0049999966   0.0000000000   0.0000000000   0.0000000000
   1.0099999966   0.0000000000   0.0000000000   0.0000000000
   1.0149999966   0.0000000000   0.0000000000   0.0000000000
   1.0199999966   0.0000000000   0.0000000000   0.0000000000
   1.0249999966   0.0000000000   0.0000000000   0.0000000000
   1.0299999965   0.0000000000   0.0000000000   0.0000000000
   1.0349999965   0.0000000000   0.0000000000   0.0000000000
   1.0399999965   0.0000000000   0.0000000000   0.0000000000
   1.0449999965   0.0000000000   0.0000000000   0.0000000000
   1.0499999965   0.0000000000   0.0000000000   0.0000000000
   1.0549999965   0.0000000000   0.0000000000   0.0000000000
   1.0599999964   0.0000000000   0.0000000000   0.0000000000
   1.0649999964   0.0000000000   0.0000000000   0.0000000000
   1.0699999964   0.0000000000   0.0000000000   0.0000000000
   1.0749999964   0.0000000000   0.0000000000   0.0000000000
   1.0799999964   0.0000000000   0.0000000000   0.0000000000
   1.0849999964   0.0000000000   0.0000000000   0.0000000000
   1.0899999963   0.0000000000   0.0000000000   0.0000000000
   1.0949999963   0.0000000000   0.0000000000   0.0000000000
   1.0999999963   0.0000000000   0.0000000000   0.0000000000
   1.1049999963   0.0000000000   0.0000000000   0.0000000000
   1.1099999963   0.0000000000   0.0000000000   0.0000000000
   1.1149999963   0.0000000000   0.0000000000   0.0000000000
   1.1199999962   0.0000000000   0.0000000000   0.0000000000
   1.1249999962   0.0000000000   0.0000000000   0.0000000000
   1.1299999962   0.0000000000   0.0000000000   0.0000000000
   1.1349999962   0.0000000000   0.0000000000   0.0000000000
   1.1399999962   0.0000000000   0.0000000000   0.0000000000
   1.1449999962  -0.0000000000  -0.0000000000  -0.0000000000
   1.1499999961  -0.0000000000  -0.0000000000  -0.0000000000
   1.1549999961  -0.0000000000  -0.0000000000  -0.0000000000
   1.1599999961  -0.0000000000  -0.0000000000  -0.0000000000
   1.1649999961  -0.0000000000  -0.0000000000  -0.0000000000
   1.1699999961  -0.0000000000  -0.0000000000  -0.0000000000
   1.1749999961  -0.0000000000  -0.0000000000  -0.0000000000
   1.1799999960  -0.0000000000  -0.0000000000  -0.0000000000
   1.1849999960  -0.0000000000  -0.0000000000  -0.0000000000
   1.1899999960  -0.0000000000  -0.0000000000  -0.0000000000
   1.1949999960  -0.0000000000  -0.0000000000  -0.0000000000
   1.1999999960  -0.0000000000  -0.0000000000  -0.0000000000
   1.2049999960  -0.0000000000  -0.0000000000  -0.0000000000
   1.2099999959  -0.0000000000  -0.0000000000  -0.0000000000
   1.2149999959  -0.0000000000  -0.0000000000  -0.0000000000
   1.2199999959  -0.0000000000  -0.0000000000  -0.0000000000
   1.2249999959   0.0000000000   0.0000000000   0.0000000000
   1.2299999959   0.0000000000   0.0000000000   0.0000000000
   1.2349999959   0.0000000000   0.0000000000   0.0000000000
   1.2399999958   0.0000000000   0.0000000000   0.0000000000
   1.2449999958   0.0000000000   0.0000000000   0.0000000000
   1.2499999958   0.0000000000   0.0000000000   0.0000000000
   1.2549999958   0.0000000000   0.0000000000   0.0000000000
   1.2599999958   0.0000000000   0.0000000000   0.0000000000
   1.2649999958   0.0000000000   0.0000000000   0.0000000000
   1.2699999957   0.0000000000   0.0000000000   0.0000000000
   1.2749999957   0.0000000000   0.0000000000   0.0000000000
   1.2799999957   0.0000000000   0.0000000000   0.0000000000
   1.2849999957  -0.0000000000   0.0000000000  -0.0000000000
   1.2899999957  -0.0000000000  -0.0000000000  -0.0000000000
   1.2949999957  -0.0000000000  -0.0000000000  -0.0000000000
   1.2999999956  -0.0000000000  -0.0000000000  -0.0000000000
   1.3049999956  -0.0000000000  -0.0000000000  -0.0000000000
   1.3099999956  -0.0000000000  -0.0000000000  -0.0000000000
   1.3149999956  -0.0000000000  -0.0000000000  -0.0000000000
   1.3199999956  -0.0000000000  -0.0000000000  -0.0000000000
   1.3249999956  -0.0000000000  -0.0000000000  -0.0000000000
   1.3299999955  -0.0000000000  -0.0000000000  -0.0000000000
   1.3349999955  -0.0000000000  -0.0000000000  -0.0000000000
   1.3399999955  -0.0000000000  -0.0000000000  -0.0000000000
   1.3449999955   0.0000000000   0.0000000000   0.0000000000
   1.3499999955   0.0000000000   0.0000000000   0.0000000000
   1.3549999954   0.0000000000   0.0000000000   0.0000000000
   1.3599999954   0.0000000000   0.0000000000   0.0000000000
   1.3649999954   0.0000000000   0.0000000000   0.0000000000
   1.3699999954   0.0000000000   0.0000000000   0.0000000000
   1.3749999954   0.0000000000   0.0000000000   0.0000000000
   1.3799999954   0.0000000000   0.0000000000   0.0000000000
   1.3849999953   0.0000000000   0.0000000000   0.0000000000
   1.3899999953   0.0000000000   0.0000000000   0.0000000000
   1.3949999953  -0.0000000000   0.0000000000  -0.0000000000
   1.3999999953  -0.0000000000  -0.0000000000  -0.0000000000
   1.4049999953  -0.0000000000  -0.0000000000  -0.0000000000
   1.4099999953  -0.0000000000  -0.0000000000  -0.0000000000
   1.4149999952  -0.0000000000  -0.0000000000  -0.0000000000
   1.4199999952  -0.0000000000  -0.0000000000  -0.0000000000
   1.4249999952  -0.0000000000  -0.0000000000  -0.0000000000
   1.4299999952  -0.0000000000  -0.0000000000  -0.0000000000
   1.4349999952  -0.0000000000  -0.0000000000  -0.0000000000
   1.4399999952  -0.0000000000  -0.0000000000  -0.0000000000
   1.4449999951   0.0000000000  -0.0000000000   0.0000000000
   1.4499999951   0.0000000000   0.0000000000   0.0000000000
   1.4549999951   0.0000000000   0.0000000000   0.0000000000
   1.4599999951   0.0000000000   0.0000000000   0.0000000000
   1.4649999951   0.0000000000   0.0000000000   0.0000000000
   1.4699999951   0.0000000000   0.0000000000   0.0000000000
   1.4749999950   0.0000000000   0.0000000000   0.0000000000
   1.4799999950   0.0000000000   0.0000000000   0.0000000000
   1.4849999950   0.0000000000   0.0000000000   0.0000000000
   1.4899999950   0.0000000000   0.0000000000   0.0000000000
   1.4949999950  -0.0000000000  -0.0000000000  -0.0000000000
   1.4999999950  -0.0000000000  -0.0000000000  -0.0000000000
   1.5049999949  -0.0000000000  -0.0000000000  -0.0000000000
   1.5099999949  -0.0000000000  -0.0000000000  -0.0000000000
   1.5149999949  -0.0000000000  -0.0000000000  -0.0000000000
   1.5199999949  -0.0000000000  -0.0000000000  -0.0000000000
   1.5249999949  -0.0000000000  -0.0000000000  -0.0000000000
   1.5299999949  -0.0000000000  -0.0000000000  -0.0000000000
   1.5349999948   0.0000000000  -0.0000000000   0.0000000000
   1.5399999948   0.0000000000   0.0000000000   0.0000000000
   1.5449999948   0.0000000000   0.0000000000   0.0000000000
   1.5499999948   0.0000000000   0.0000000000   0.0000000000
   1.5549999948   0.0000000000   0.0000000000   0.0000000000
   1.5599999948   0.0000000000   0.0000000000   0.0000000000
   1.5649999947   0.0000000000   0.0000000000   0.0000000000
   1.5699999947   0.0000000000   0.0000000000   0.0000000000
   1.5749999947   0.0000000000   0.0000000000   0.0000000000
   1.5799999947  -0.0000000000   0.0000000000  -0.0000000000
   1.5849999947  -0.0000000000  -0.0000000000  -0.0000000000
   1.5899999947  -0.0000000000  -0.0000000000  -0.0000000000
   1.5949999946  -0.0000000001  -0.0000000000  -0.0000000001
   1.5999999946  -0.0000000001  -0.0000000000  -0.0000000001
   1.6049999946  -0.0000000001  -0.0000000000  -0.0000000001
   1.6099999946  -0.0000000000  -0.0000000000  -0.0000000000
   1.6149999946  -0.0000000000  -0.0000000000  -0.0000000000
   1.6199999946   0.0000000000  -0.0000000000   0.0000000000
   1.6249999945   0.0000000001   0.0000000000   0.0000000001
   1.6299999945   0.0000000001   0.0000000000   0.0000000001
   1.6349999945   0.0000000001   0.0000000000   0.0000000001
   1.6399999945   0.0000000001   0.0000000001   0.0000000001
   1.6449999945   0.0000000001   0.0000000001   0.0000000001
   1.6499999945   0.0000000001   0.0000000000   0.0000000001
   1.6549999944   0.0000000000   0.0000000000   0.0000000000
   1.6599999944  -0.0000000000   0.0000000000  -0.0000000000
   1.6649999944  -0.0000000001  -0.0000000000  -0.0000000001
   1.6699999944  -0.0000000001  -0.0000000001  -0.0000000001
   1.6749999944  -0.0000000002  -0.0000000001  -0.0000000002
   1.6799999944  -0.0000000001  -0.0000000001  -0.0000000001
   1.6849999943  -0.0000000001  -0.0000000001  -0.0000000001
   1.6899999943  -0.0000000001  -0.0000000001  -0.0000000001
   1.6949999943   0.0000000000  -0.0000000000   0.0000000000
   1.6999999943   0.0000000001   0.0000000000   0.0000000001
   1.7049999943   0.0000000002   0.0000000001   0.0000000002
   1.7099999943   0.0000000002   0.0000000001   0.0000000002
   1.7149999942   0.0000000002   0.0000000001   0.0000000002
   1.7199999942   0.0000000002   0.0000000001   0.0000000002
   1.7249999942   0.0000000001   0.0000000001   0.0000000001
   1.7299999942   0.0000000000   0.0000000001   0.0000000000
   1.7349999942  -0.0000000001   0.0000000000  -0.0000000001
   1.7399999942  -0.0000000002  -0.0000000001  -0.0000000002
   1.7449999941  -0.0000000003  -0.0000000001  -0.0000000003
   1.7499999941  -0.0000000003  -0.0000000002  -0.0000000003
   1.7549999941  -0.0000000003  -0.0000000002  -0.0000000003
   1.7599999941  -0.0000000002  -0.0000000002  -0.0000000002
   1.7649999941  -0.0000000001  -0.0000000001  -0.0000000001
   1.7699999941   0.0000000001  -0.0000000000   0.0000000001
   1.7749999940   0.0000000002   0.0000000001   0.0000000002
   1.7799999940   0.0000000004   0.0000000001   0.0000000004
   1.7849999940   0.0000000004   0.0000000002   0.0000000004
   1.7899999940   0.0000000004   0.0000000002   0.0000000004
   1.7949999940   0.0000000003   0.0000000002   0.0000000003
   1.7999999940   0.0000000001   0.0000000002   0.0000000001
   1.8049999939  -0.0000000001   0.0000000001  -0.0000000001
   1.8099999939  -0.0000000003  -0.0000000000  -0.0000000003
   1.8149999939  -0.0000000005  -0.0000000002  -0.0000000005
   1.8199999939  -0.0000000005  -0.0000000002  -0.0000000005
   1.8249999939  -0.0000000005  -0.0000000003  -0.0000000005
   1.8299999939  -0.0000000004  -0.0000000003  -0.0000000004
   1.8349999938  -0.0000000002  -0.0000000002  -0.0000000002
   1.8399999938   0.0000000001  -0.0000000001   0.0000000001
   1.8449999938   0.0000000004   0.0000000001   0.0000000004
   1.8499999938   0.0000000006   0.0000000002   0.0000000006
   1.8549999938   0.0000000007   0.0000000003   0.0000000007
   1.8599999938   0.0000000006   0.0000000003   0.0000000006
   1.8649999937   0.0000000004   0.0000000003   0.0000000004
   1.8699999937   0.0000000002   0.0000000002   0.0000000002
   1.8749999937  -0.0000000002   0.0000000001  -0.0000000002
   1.8799999937  -0.0000000005  -0.0000000001  -0.0000000005
   1.8849999937  -0.0000000007  -0.0000000002  -0.0000000007
   1.8899999937  -0.0000000008  -0.0000000004  -0.0000000008
   1.8949999936  -0.0000000007  -0.0000000004  -0.0000000007
   1.8999999936  -0.0000000004  -0.0000000003  -0.0000000004
   1.9049999936  -0.0000000001  -0.0000000002  -0.0000000001
   1.9099999936   0.0000000003  -0.0000000000   0.0000000003
   1.9149999936   0.0000000006   0.0000000002   0.0000000006
   1.9199999936   0.0000000008   0.0000000003   0.0000000008
   1.9249999935   0.0000000008   0.0000000004   0.0000000008
   1.9299999935   0.0000000006   0.0000000004   0.0000000006
   1.9349999935   0.0000000003   0.0000000003   0.0000000003
   1.9399999935  -0.0000000001   0.0000000001  -0.0000000001
   1.9449999935  -0.0000000005  -0.0000000001  -0.0000000005
   1.9499999935  -0.0000000008  -0.0000000003  -0.0000000008
   1.9549999934  -0.0000000009  -0.0000000004  -0.0000000009
   1.9599999934  -0.0000000008  -0.0000000004  -0.0000000008
   1.9649999934  -0.0000000005  -0.0000000004  -0.0000000005
   1.9699999934  -0.0000000000  -0.0000000002  -0.0000000000
   1.9749999934   0.0000000004  -0.0000000000   0.0000000004
   1.9799999934   0.0000000008   0.0000000002   0.0000000008
   1.9849999933   0.0000000010   0.0000000004   0.0000000010
   1.9899999933   0.0000000009   0.0000000005   0.0000000009
   1.9949999933   0.0000000006   0.0000000004   0.0000000006
   1.9999999933   0.0000000002   0.0000000003   0.0000000002
   2.0049999933  -0.0000000004   0.0000000001  -0.0000000004
   2.0099999933  -0.0000000008  -0.0000000002  -0.0000000008
   2.0149999932  -0.0000000011  -0.0000000004  -0.0000000011
   2.0199999932  -0.0000000010  -0.0000000005  -0.0000000011
   2.0249999932  -0.0000000008  -0.0000000005  -0.0000000008
   2.0299999932  -0.0000000003  -0.0000000003  -0.0000000003
   2.0349999932   0.0000000003  -0.0000000001   0.0000000003
   2.0399999931   0.0000000009   0.0000000002   0.0000000008
   2.0449999931   0.0000000012   0.0000000004   0.0000000012
   2.0499999931   0.0000000012   0.0000000006   0.0000000012
   2.0549999931   0.0000000009   0.0000000005   0.0000000009
   2.0599999931   0.0000000003   0.0000000004   0.0000000003
   2.0649999931  -0.0000000003   0.0000000001  -0.0000000003
   2.0699999930  -0.0000000010  -0.0000000002  -0.0000000010
   2.0749999930  -0.0000000013  -0.0000000005  -0.0000000013
   2.0799999930  -0.0000000014  -0.0000000007  -0.0000000014
   2.0849999930  -0.0000000010  -0.0000000007  -0.0000000010
   2.0899999930  -0.0000000004  -0.0000000005  -0.0000000004
   2.0949999930   0.0000000004  -0.0000000001   0.0000000004
   2.0999999929   0.0000000011   0.0000000003   0.0000000011
   2.1049999929   0.0000000016   0.0000000006   0.0000000016
   2.1099999929   0.0000000016   0.0000000009   0.0000000016
   2.1149999929   0.0000000012   0.0000000009   0.0000000012
   2.1199999929   0.0000000004   0.0000000007   0.0000000004
   2.1249999929  -0.0000000006   0.0000000003  -0.0000000006
   2.1299999928  -0.0000000014  -0.0000000002  -0.0000000014
   2.1349999928  -0.0000000020  -0.0000000006  -0.0000000020
   2.1399999928  -0.0000000020  -0.0000000009  -0.0000000020
   2.1449999928  -0.0000000015  -0.0000000010  -0.0000000015
   2.1499999928  -0.0000000005  -0.0000000008  -0.0000000005
   2.1549999928   0.0000000007  -0.0000000004   0.0000000007
   2.1599999927   0.0000000018  -0.0000000000   0.0000000018
   2.1649999927   0.0000000026   0.0000000003   0.0000000026
   2.1699999927   0.0000000027   0.0000000005   0.0000000027
   2.1749999927   0.0000000022   0.0000000005   0.0000000022
   2.1799999927   0.0000000011   0.0000000002   0.0000000011
   2.1849999927  -0.0000000003  -0.0000000002  -0.0000000003
   2.1899999926  -0.0000000016  -0.0000000007  -0.0000000016
   2.1949999926  -0.0000000026  -0.0000000010  -0.0000000026
   2.1999999926  -0.0000000028  -0.0000000009  -0.0000000028
   2.2049999926  -0.0000000024  -0.0000000006  -0.0000000024
   2.2099999926  -0.0000000013   0.0000000002  -0.0000000013
   2.2149999926   0.0000000000   0.0000000011   0.0000000000
   2.2199999925   0.0000000013   0.0000000021   0.0000000013
   2.2249999925   0.0000000020   0.0000000029   0.0000000020
   2.2299999925   0.0000000021   0.0000000032   0.0000000021
   2.2349999925   0.0000000013   0.0000000029   0.0000000013
   2.2399999925  -0.0000000000   0.0000000021  -0.0000000000
   2.2449999925  -0.0000000015   0.0000000008  -0.0000000015
   2.2499999924  -0.0000000028  -0.0000000008  -0.0000000028
   2.2549999924  -0.0000000033  -0.0000000023  -0.0000000033
   2.2599999924  -0.0000000028  -0.0000000034  -0.0000000028
   2.2649999924  -0.0000000014  -0.0000000041  -0.0000000014
   2.2699999924   0.0000000008  -0.0000000041   0.0000000008
   2.2749999924   0.0000000031  -0.0000000035   0.0000000031
   2.2799999923   0.0000000050  -0.0000000026   0.0000000050
   2.2849999923   0.0000000060  -0.0000000015   0.0000000060
   2.2899999923   0.0000000058  -0.0000000004   0.0000000058
   2.2949999923   0.0000000042   0.0000000003   0.0000000042
   2.2999999923   0.0000000017   0.0000000008   0.0000000017
   2.3049999923  -0.0000000012   0.0000000010  -0.0000000012
   2.3099999922  -0.0000000037   0.0000000011  -0.0000000037
   2.3149999922  -0.0000000053   0.0000000012  -0.0000000053
   2.3199999922  -0.0000000055   0.0000000015  -0.0000000055
   2.3249999922  -0.0000000044   0.0000000021  -0.0000000044
   2.3299999922  -0.0000000022   0.0000000028  -0.0000000022
   2.3349999922   0.0000000004   0.0000000035   0.0000000004
   2.3399999921   0.0000000027   0.0000000039   0.0000000027
   2.3449999921   0.0000000039   0.0000000038   0.0000000039
   2.3499999921   0.0000000038   0.0000000030   0.0000000038
   2.3549999921   0.0000000023   0.0000000015   0.0000000022
   2.3599999921  -0.0000000003  -0.0000000006  -0.0000000003
   2.3649999921  -0.0000000033  -0.0000000028  -0.0000000033
   2.3699999920  -0.0000000059  -0.0000000048  -0.0000000059
   2.3749999920  -0.0000000076  -0.0000000062  -0.0000000076
   2.3799999920  -0.0000000081  -0.0000000067  -0.0000000082
   2.3849999920  -0.0000000076  -0.0000000064  -0.0000000077
   2.3899999920  -0.0000000065  -0.0000000055  -0.0000000066
   2.3949999920  -0.0000000057  -0.0000000043  -0.0000000058
   2.3999999919  -0.0000000058  -0.0000000033  -0.0000000059
   2.4049999919  -0.0000000074  -0.0000000031  -0.0000000075
   2.4099999919  -0.0000000106  -0.0000000038  -0.0000000107
   2.4149999919  -0.0000000151  -0.0000000056  -0.0000000152
   2.4199999919  -0.0000000202  -0.0000000084  -0.0000000204
   2.4249999919  -0.0000000250  -0.0000000115  -0.0000000252
   2.4299999918  -0.0000000287  -0.0000000146  -0.0000000289
   2.4349999918  -0.0000000307  -0.0000000171  -0.0000000309
   2.4399999918  -0.0000000309  -0.0000000185  -0.0000000310
   2.4449999918  -0.0000000298  -0.0000000188  -0.0000000298
   2.4499999918  -0.0000000279  -0.0000000179  -0.0000000279
   2.4549999918  -0.0000000263  -0.0000000162  -0.0000000261
   2.4599999917  -0.0000000255  -0.0000000142  -0.0000000251
   2.4649999917  -0.0000000259  -0.0000000121  -0.0000000253
   2.4699999917  -0.0000000273  -0.0000000103  -0.0000000263
   2.4749999917  -0.0000000288  -0.0000000088  -0.0000000274
   2.4799999917  -0.0000000294  -0.0000000075  -0.0000000276
   2.4849999917  -0.0000000281  -0.0000000060  -0.0000000258
   2.4899999916  -0.0000000241  -0.0000000041  -0.0000000213
   2.4949999916  -0.0000000170  -0.0000000016  -0.0000000141
   2.4999999916  -0.0000000073   0.0000000017  -0.0000000044
   2.5049999916   0.0000000040   0.0000000056   0.0000000066
   2.5099999916   0.0000000156   0.0000000097   0.0000000175
   2.5149999916   0.0000000260   0.0000000135   0.0000000271
   2.5199999915   0.0000000341   0.0000000165   0.0000000346
   2.5249999915   0.0000000389   0.0000000183   0.0000000402
   2.5299999915   0.0000000397   0.0000000185   0.0000000450
   2.5349999915   0.0000000361   0.0000000166   0.0000000513
   2.5399999915   0.0000000267   0.0000000121   0.0000000624
   2.5449999915   0.0000000095   0.0000000042   0.0000000830
   2.5499999914  -0.0000000195  -0.0000000085   0.0000001186
   2.5549999914  -0.0000000663  -0.0000000279   0.0000001763
   2.5599999914  -0.0000001396  -0.0000000568   0.0000002646
   2.5649999914  -0.0000002507  -0.0000000987   0.0000003947
   2.5699999914  -0.0000004136  -0.0000001573   0.0000005802
   2.5749999914  -0.0000006448  -0.0000002368   0.0000008383
   2.5799999913  -0.0000009632  -0.0000003415   0.0000011896
   2.5849999913  -0.0000013896  -0.0000004751   0.0000016582
   2.5899999913  -0.0000019468  -0.0000006407   0.0000022706
   2.5949999913  -0.0000026584  -0.0000008405   0.0000030547
   2.5999999913  -0.0000035487  -0.0000010753   0.0000040379
   2.6049999913  -0.0000046409  -0.0000013438   0.0000052449
   2.6099999912  -0.0000059558  -0.0000016430   0.0000066947
   2.6149999912  -0.0000075092  -0.0000019664   0.0000083985
   2.6199999912  -0.0000093097  -0.0000023046   0.0000103561
   2.6249999912  -0.0000113550  -0.0000026439   0.0000125539
   2.6299999912  -0.0000136295  -0.0000029664   0.0000149621
   2.6349999912  -0.0000161010  -0.0000032502   0.0000175336
   2.6399999911  -0.0000187186  -0.0000034697   0.0000202024
   2.6449999911  -0.0000214106  -0.0000035975   0.0000228849
   2.6499999911  -0.0000240845  -0.0000036061   0.0000254815
   2.6549999911  -0.0000266273  -0.0000034709   0.0000278803
   2.6599999911  -0.0000289077  -0.0000031731   0.0000299631
   2.6649999911  -0.0000307805  -0.0000027034   0.0000316119
   2.6699999910  -0.0000320927  -0.0000020647   0.0000327165
   2.6749999910  -0.0000326934  -0.0000012736   0.0000331820
   2.6799999910  -0.0000324451  -0.0000003610   0.0000329342
   2.6849999910  -0.0000312399   0.0000006301   0.0000319224
   2.6899999910  -0.0000290167   0.0000016493   0.0000301186
   2.6949999909  -0.0000257803   0.0000026457   0.0000275116
   2.6999999909  -0.0000216198   0.0000035772   0.0000240988
   2.7049999909  -0.0000167215   0.0000044200   0.0000198759
   2.7099999909  -0.0000113747   0.0000051783   0.0000148277
   2.7149999909  -0.0000059631   0.0000058900   0.0000089263
   2.7199999909  -0.0000009381   0.0000066261   0.0000021394
   2.7249999908   0.0000032286   0.0000074818  -0.0000055456
   2.7299999908   0.0000061173   0.0000085557  -0.0000140786
   2.7349999908   0.0000074519   0.0000099169  -0.0000232846
   2.7399999908   0.0000072069   0.0000115608  -0.0000327880
   2.7449999908   0.0000057148   0.0000133580  -0.0000419313
   2.7499999908   0.0000037557   0.0000150027  -0.0000497069
   2.7549999907   0.0000026042   0.0000159740  -0.0000547228
   2.7599999907   0.0000040062   0.0000155214  -0.0000552298
   2.7649999907   0.0000100545   0.0000126938  -0.0000492386
   2.7699999907   0.0000229418   0.0000064255  -0.0000347516
   2.7749999907   0.0000445737  -0.0000043061  -0.0000101272
   2.7799999907   0.0000760424  -0.0000202459   0.0000254234
   2.7849999906   0.0001169864  -0.0000415529   0.0000712234
   2.7899999906   0.0001648800  -0.0000674345   0.0001244487
   2.7949999906   0.0002143307  -0.0000957560   0.0001794470
   2.7999999906   0.0002564819  -0.0001226726   0.0002271547
   2.8049999906   0.0002786378  -0.0001423425   0.0002547269
   2.8099999906   0.0002642311  -0.0001467901   0.0002455012
   2.8149999905   0.0001932447  -0.0001259880   0.0001794065
   2.8199999905   0.0000431663  -0.0000682134   0.0000339001
   2.8249999905  -0.0002094944   0.0000392806  -0.0002145345
   2.8299999905  -0.0005871623   0.0002092768  -0.0005883628
   2.8349999905  -0.0011087430   0.0004533223  -0.0011065566
   2.8399999905  -0.0017869533   0.0007802577  -0.0017819293
   2.8449999904  -0.0026257008   0.0011946725  -0.0026185087
   2.8499999904  -0.0036178265   0.0016954533  -0.0036092650
   2.8549999904  -0.0047435381   0.0022746124  -0.0047345209
   2.8599999904  -0.0059698347   0.0029165864  -0.0059613498
   2.8649999904  -0.0072511475   0.0035981723  -0.0072441914
   2.8699999904  -0.0085313077   0.0042892158  -0.0085267996
   2.8749999903  -0.0097467989   0.0049540942  -0.0097454864
   2.8799999903  -0.0108310861   0.0055539406  -0.0108334553
   2.8849999903  -0.0117196555   0.0060494608  -0.0117258607
   2.8899999903  -0.0123552659   0.0064040987  -0.0123650919
   2.8949999903  -0.0126928414   0.0065872357  -0.0127057078
   2.8999999903  -0.0127034283   0.0065770730  -0.0127184404
   2.9049999902  -0.0123767189   0.0063628508  -0.0123927614
   2.9099999902  -0.0117217989   0.0059461148  -0.0117376627
   2.9149999902  -0.0107659915   0.0053408397  -0.0107805176
   2.9199999902  -0.0095519208   0.0045723532  -0.0095641411
   2.9249999902  -0.0081331644   0.0036751568  -0.0081424195
   2.9299999902  -0.0065690694   0.0026898876  -0.0065750838
   2.9349999901  -0.0049194317   0.0016597840  -0.0049223358
   2.9399999901  -0.0032397630   0.0006270942  -0.0032400549
   2.9449999901  -0.0015777724  -0.0003701264  -0.0015762261
   2.9499999901   0.0000285027  -0.0013004381   0.0000309712
   2.9549999901   0.0015507647  -0.0021403881   0.0015532513
   2.9599999901   0.0029688767  -0.0028747241   0.0029706407
   2.9649999900   0.0042680874  -0.0034955264   0.0042686743
   2.9699999900   0.0054357268  -0.0040005106   0.0054350433
   2.9749999900   0.0064581482  -0.0043908845   0.0064564758
   2.9799999900   0.0073186525  -0.0046692107   0.0073165967
   2.9849999900   0.0079969525  -0.0048377135   0.0079953364
   2.9899999900   0.0084704420  -0.0048973740   0.0084701603
   2.9949999899   0.0087171689  -0.0048479998   0.0087190280
   2.9999999899   0.0087200509  -0.0046892512   0.0087246212
   3.0049999899   0.0084715738  -0.0044224088   0.0084790814
   3.0099999899   0.0079780463  -0.0040524926   0.0079883212
   3.0149999899   0.0072624832  -0.0035902479   0.0072749756
   3.0199999899   0.0063653684  -0.0030535010   0.0063792300
   3.0249999898   0.0053428797  -0.0024674754   0.0053570976
   3.0299999898   0.0042625887  -0.0018638315   0.0042761496
   3.0349999898   0.0031971015  -0.0012784210   0.0032091581
   3.0399999898   0.0022164991  -0.0007479875   0.0022265112
   3.0449999898   0.0013806884  -0.0003062584   0.0013885150
   3.0499999898   0.0007328416   0.0000199859   0.0007387681
   3.0549999897   0.0002949539   0.0002142397   0.0002996510
   3.0599999897   0.0000662243   0.0002724416   0.0000706453
   3.0649999897   0.0000245001   0.0002036022   0.0000297339
   3.0699999897   0.0001305259   0.0000287473   0.0001376317
   3.0749999897   0.0003342792  -0.0002216929   0.0003441274
   3.0799999897   0.0005823511  -0.0005116693   0.0005954974
   3.0849999896   0.0008251955  -0.0008039134   0.0008418051
   3.0899999896   0.0010231489  -0.0010643012   0.0010429798
   3.0949999896   0.0011503891  -0.0012655636   0.0011728336
   3.0999999896   0.0011964064  -0.0013898528   0.0012205796
   3.1049999896   0.0011650120  -0.0014298831   0.0011898693
   3.1099999896   0.0010713271  -0.0013886075   0.0010957902
   3.1149999895   0.0009374974  -0.0012776194   0.0009605682
   3.1199999895   0.0007880119  -0.0011146523   0.0008088582
   3.1249999895   0.0006454630  -0.0009206427   0.0006634673
   3.1299999895   0.0005273866  -0.0007168321   0.0005421570
   3.1349999895   0.0004445247  -0.0005223051   0.0004558717
   3.1399999895   0.0004005306  -0.0003522260   0.0004084230
   3.1449999894   0.0003928618  -0.0002168784   0.0003973717
   3.1499999894   0.0004144275  -0.0001214655   0.0004156797
   3.1549999894   0.0004555117  -0.0000665182   0.0004536437
   3.1599999894   0.0005055564  -0.0000487061   0.0005006959
   3.1649999894   0.0005545433  -0.0000618479   0.0005468031
   3.1699999894   0.0005938930  -0.0000979568   0.0005833784
   3.1749999893   0.0006169487  -0.0001482218   0.0006037739
   3.1799999893   0.0006192028  -0.0002038802   0.0006035090
   3.1849999893   0.0005984226  -0.0002569742   0.0005803931
   3.1899999893   0.0005547585  -0.0003009889   0.0005346297
   3.1949999893   0.0004908119  -0.0003313535   0.0004688790
   3.1999999893   0.0004115370  -0.0003457541   0.0003881559
   3.2049999892   0.0003238084  -0.0003441912   0.0002993966
   3.2099999892   0.0002355221  -0.0003287150   0.0002105580
   3.2149999892   0.0001542155  -0.0003028162   0.0001292363
   3.2199999892   0.0000853603  -0.0002705159   0.0000609551
   3.2249999892   0.0000306504  -0.0002352862   0.0000074443
   3.2299999892  -0.0000132859  -0.0001990031  -0.0000346598
   3.2349999891  -0.0000553182  -0.0001611737  -0.0000742614
   3.2399999891  -0.0001090904  -0.0001186562  -0.0001250936
   3.2449999891  -0.0001910788  -0.0000660119  -0.0002037837
   3.2499999891  -0.0003176760   0.0000035078  -0.0003269334
   3.2549999891  -0.0005018274   0.0000964878  -0.0005077411
   3.2599999891  -0.0007499401   0.0002176793  -0.0007528837
   3.2649999890  -0.0010598042   0.0003685059  -0.0010604029
   3.2699999890  -0.0014201086   0.0005461134  -0.0014191829
   3.2749999890  -0.0018117958   0.0007432392  -0.0018102710
   3.2799999890  -0.0022110780   0.0009490024  -0.0022098715
   3.2849999890  -0.0025935136   0.0011504970  -0.0025934165
   3.2899999890  -0.0029382408   0.0013348727  -0.0029398147
   3.2949999889  -0.0032313732   0.0014914427  -0.0032348791
   3.2999999889  -0.0034677139   0.0016133294  -0.0034730880
   3.3049999889  -0.0036503264   0.0016982457  -0.0036572071
   3.3099999889  -0.0037880247   0.0017482058  -0.0037958264
   3.3149999889  -0.0038913821   0.0017682225  -0.0038994027
   3.3199999889  -0.0039682735   0.0017643058  -0.0039758160
   3.3249999888  -0.0040201346   0.0017412700  -0.0040266208
   3.3299999888  -0.0040399958   0.0017009297  -0.0040450513
   3.3349999888  -0.0040129301   0.0016411857  -0.0040164286
   3.3399999888  -0.0039189556   0.0015562916  -0.0039210157
   3.3449999888  -0.0037377816   0.0014382944  -0.0037387213
   3.3499999888  -0.0034542724   0.0012793324  -0.0034545342
   3.3549999887  -0.0030632532   0.0010742308  -0.0030633154
   3.3599999887  -0.0025723795   0.0008227296  -0.0025726730
   3.3649999887  -0.0020022338   0.0005307390  -0.0020030787
   3.3699999887  -0.0013834873   0.0002102426  -0.0013850579
   3.3749999887  -0.0007517117  -0.0001222053  -0.0007540316
   3.3799999886  -0.0001410457  -0.0004480814  -0.0001440071
   3.3849999886   0.0004217512  -0.0007500020   0.0004183522
   3.3899999886   0.0009213888  -0.0010145990   0.0009178129
   3.3949999886   0.0013552624  -0.0012344713   0.0013517922
   3.3999999886   0.0017315089  -0.0014087410   0.0017284229
   3.4049999886   0.0020644391  -0.0015420984   0.0020619946
   3.4099999885   0.0023685842  -0.0016426073   0.0023670054
   3.4149999885   0.0026529783  -0.0017188659   0.0026524436
   3.4199999885   0.0029172574  -0.0017772883   0.0029178814
   3.4249999885   0.0031506855  -0.0018202383   0.0031524957
   3.4299999885   0.0033344399  -0.0018455212   0.0033373497
   3.4349999885   0.0034465969  -0.0018473679   0.0034503856
   3.4399999884   0.0034685055  -0.0018186374   0.0034728131
   3.4449999884   0.0033908159  -0.0017536200   0.0033951636
   3.4499999884   0.0032174779  -0.0016506483   0.0032213171
   3.4549999884   0.0029665269  -0.0015137553   0.0029693146
   3.4599999884   0.0026673166  -0.0013528658   0.0026686068
   3.4649999884   0.0023548110  -0.0011824000   0.0023543433
   3.4699999883   0.0020623518  -0.0010185992   0.0020601176
   3.4749999883   0.0018147593  -0.0008762405   0.0018110279
   3.4799999883   0.0016235652  -0.0007655907   0.0016188568
   3.4849999883   0.0014856293  -0.0006904000   0.0014806359
   3.4899999883   0.0013854959  -0.0006474716   0.0013809613
   3.4949999883   0.0013008421  -0.0006279270   0.0012974230
   3.4999999882   0.0012095306  -0.0006198334   0.0012076685
   3.5049999882   0.0010963406  -0.0006114912   0.0010961716
   3.5099999882   0.0009575322  -0.0005945013   0.0009588581
   3.5149999882   0.0008019960  -0.0005657930   0.0008043239
   3.5199999882   0.0006486783  -0.0005280775   0.0006513244
   3.5249999882   0.0005210105  -0.0004886261   0.0005232457
   3.5299999881   0.0004399096  -0.0004567379   0.0004411168
   3.5349999881   0.0004173286  -0.0004406226   0.0004171369
   3.5399999881   0.0004521958  -0.0004445911   0.0004505614
   3.5449999881   0.0005299274  -0.0004673609   0.0005271430
   3.5499999881   0.0006257069  -0.0005019726   0.0006223373
   3.5549999881   0.0007106683  -0.0005373640   0.0007074270
   3.5599999880   0.0007593000  -0.0005611819   0.0007568935
   3.5649999880   0.0007560277  -0.0005630582   0.0007550037
   3.5699999880   0.0006991494  -0.0005374410   0.0006997819
   3.5749999880   0.0006010199  -0.0004851876   0.0006032562
   3.5799999880   0.0004844261  -0.0004134634   0.0004879053
   3.5849999880   0.0003761530  -0.0003339611   0.0003802901
   3.5899999879   0.0002995289  -0.0002599177   0.0003036431
   3.5949999879   0.0002680265  -0.0002027421   0.0002714837
   3.5999999879   0.0002816963  -0.0001691725   0.0002840337
   3.6049999879   0.0003274179  -0.0001597342   0.0003284237
   3.6099999879   0.0003828746  -0.0001689054   0.0003826092
   3.6149999879   0.0004231111  -0.0001869208   0.0004218690
   3.6199999878   0.0004278075  -0.0002026898   0.0004260328
   3.6249999878   0.0003872024  -0.0002070000   0.0003853812
   3.6299999878   0.0003049880  -0.0001951058   0.0003035438
   3.6349999878   0.0001973603  -0.0001679827   0.0001965748
   3.6399999878   0.0000885001  -0.0001319151   0.0000884753
   3.6449999878   0.0000037728  -0.0000965542   0.0000044369
   3.6499999877  -0.0000374209  -0.0000720177  -0.0000362708
   3.6549999877  -0.0000271201  -0.0000658678  -0.0000257523
   3.6599999877   0.0000289406  -0.0000808305   0.0000302609
   3.6649999877   0.0001129187  -0.0001139010   0.0001139864
   3.6699999877   0.0001998300  -0.0001570829   0.0002005327
   3.6749999877   0.0002644737  -0.0001995415   0.0002647979
   3.6799999876   0.0002883557  -0.0002305541   0.0002883705
   3.6849999876   0.0002646635  -0.0002424198   0.0002644896
   3.6899999876   0.0001999176  -0.0002325123   0.0001996937
   3.6949999876   0.0001118763  -0.0002039083   0.0001117302
   3.6999999876   0.0000243360  -0.0001644338   0.0000243669
   3.7049999876  -0.0000396622  -0.0001244180  -0.0000393903
   3.7099999875  -0.0000642804  -0.0000938045  -0.0000637382
   3.7149999875  -0.0000451751  -0.0000794390  -0.0000443632
   3.7199999875   0.0000095400  -0.0000832877   0.0000105945
   3.7249999875   0.0000818650  -0.0001020682   0.0000831098
   3.7299999875   0.0001492211  -0.0001283609   0.0001505783
   3.7349999875   0.0001909321  -0.0001528553   0.0001923004
   3.7399999874   0.0001940201  -0.0001670694   0.0001952828
   3.7449999874   0.0001566872  -0.0001657626   0.0001577274
   3.7499999874   0.0000885495  -0.0001483674   0.0000892729
   3.7549999874   0.0000076350  -0.0001190579   0.0000079942
   3.7599999874  -0.0000649216  -0.0000854688  -0.0000649082
   3.7649999874  -0.0001109234  -0.0000564609  -0.0001111648
   3.7699999873  -0.0001201576  -0.0000395873  -0.0001205006
   3.7749999873  -0.0000930380  -0.0000389858  -0.0000932960
   3.7799999873  -0.0000401588  -0.0000542812  -0.0000401525
   3.7849999873   0.0000210248  -0.0000807821   0.0000214235
   3.7899999873   0.0000713620  -0.0001108828   0.0000721956
   3.7949999873   0.0000954959  -0.0001362441   0.0000967061
   3.7999999872   0.0000861061  -0.0001501190   0.0000875443
   3.8049999872   0.0000457403  -0.0001491682   0.0000472030
   3.8099999872  -0.0000142086  -0.0001342736  -0.0000129283
   3.8149999872  -0.0000769956  -0.0001101532  -0.0000760540
   3.8199999872  -0.0001254164  -0.0000839266  -0.0001248766
   3.8249999872  -0.0001466669  -0.0000630637  -0.0001464816
   3.8299999871  -0.0001358007  -0.0000533106  -0.0001358246
   3.8349999871  -0.0000968607  -0.0000571681  -0.0000968918
   3.8399999871  -0.0000414576  -0.0000733229  -0.0000412940
   3.8449999871   0.0000147078  -0.0000971502   0.0000152092
   3.8499999871   0.0000563184  -0.0001221069   0.0000572003
   3.8549999871   0.0000726212  -0.0001415904   0.0000738130
   3.8599999870   0.0000601635  -0.0001507347   0.0000615012
   3.8649999870   0.0000233917  -0.0001476513   0.0000246661
   3.8699999870  -0.0000269474  -0.0001338025  -0.0000259278
   3.8749999870  -0.0000770493  -0.0001134480  -0.0000764003
   3.8799999870  -0.0001139583  -0.0000923614  -0.0001136833
   3.8849999870  -0.0001290265  -0.0000762045  -0.0001290129
   3.8899999869  -0.0001200017  -0.0000690185  -0.0001200529
   3.8949999869  -0.0000912577  -0.0000722337  -0.0000911513
   3.8999999869  -0.0000522157  -0.0000844356  -0.0000517713
   3.9049999869  -0.0000145036  -0.0001019061  -0.0000136408
   3.9099999869   0.0000112945  -0.0001197476   0.0000125276
   3.9149999869   0.0000183950  -0.0001332547   0.0000198301
   3.9199999868   0.0000053715  -0.0001391519   0.0000067659
   3.9249999868  -0.0000238164  -0.0001363784  -0.0000227103
   3.9299999868  -0.0000612152  -0.0001262417  -0.0000605761
   3.9349999868  -0.0000972125  -0.0001119424  -0.0000970937
   3.9399999868  -0.0001231281  -0.0000976350  -0.0001234357
   3.9449999868  -0.0001333642  -0.0000873014  -0.0001338785
   3.9499999867  -0.0001266003  -0.0000837373  -0.0001270335
   3.9549999867  -0.0001058081  -0.0000879040  -0.0001058844
   3.9599999867  -0.0000771914  -0.0000987817  -0.0000767262
   3.9649999867  -0.0000484147  -0.0001137248  -0.0000473692
   3.9699999867  -0.0000266251  -0.0001291964  -0.0000251212
   3.9749999867  -0.0000167702  -0.0001416741  -0.0000150595
   3.9799999866  -0.0000205861  -0.0001484949  -0.0000189818
   3.9849999866  -0.0000364288  -0.0001484449  -0.0000352179
   3.9899999866  -0.0000599025  -0.0001419711  -0.0000592650
   3.9949999866  -0.0000850659  -0.0001309935  -0.0000850220
   3.9999999866  -0.0001058885  -0.0001183875  -0.0001062902
   4.0049999866  -0.0001176173  -0.0001072754  -0.0001181863
   4.0099999865  -0.0001177667  -0.0001002976  -0.0001181696
   4.0149999865  -0.0001065561  -0.0000990248  -0.0001064946
   4.0199999865  -0.0000867415  -0.0001036374  -0.0000860338
   4.0249999865  -0.0000629134  -0.0001129280  -0.0000615437
   4.0299999865  -0.0000404285  -0.0001246198  -0.0000385510
   4.0349999864  -0.0000242018  -0.0001359201  -0.0000220994
   4.0399999864  -0.0000176115  -0.0001441870  -0.0000156198
   4.0449999864  -0.0000217412  -0.0001475559  -0.0000201598
   4.0499999864  -0.0000351257  -0.0001453885  -0.0000341405
   4.0549999864  -0.0000540695  -0.0001384347  -0.0000537076
   4.0599999864  -0.0000734879  -0.0001286672  -0.0000736147
   4.0649999863  -0.0000881027  -0.0001188163  -0.0000884628
   4.0699999863  -0.0000937322  -0.0001117076  -0.0000940197
   4.0749999863  -0.0000883679  -0.0001095572  -0.0000883074
   4.0799999863  -0.0000727609  -0.0001133964  -0.0000721775
   4.0849999863  -0.0000503396  -0.0001227785  -0.0000491985
   4.0899999863  -0.0000264360  -0.0001358527  -0.0000248451
   4.0949999862  -0.0000069792  -0.0001498050  -0.0000051540
   4.0999999862   0.0000030327  -0.0001615660   0.0000048291
   4.1049999862   0.0000008888  -0.0001686111   0.0000024134
   4.1099999862  -0.0000130270  -0.0001696425  -0.0000119387
   4.1149999862  -0.0000352244  -0.0001649652  -0.0000346243
   4.1199999862  -0.0000599380  -0.0001564420  -0.0000597620
   4.1249999861  -0.0000806124  -0.0001470232  -0.0000807052
   4.1299999861  -0.0000916628  -0.0001399628  -0.0000918224
   4.1349999861  -0.0000900327  -0.0001379283  -0.0000900610
   4.1399999861  -0.0000761074  -0.0001422439  -0.0000758545
   4.1449999861  -0.0000537040  -0.0001524837  -0.0000530958
   4.1499999861  -0.0000291100  -0.0001665371  -0.0000281556
   4.1549999860  -0.0000094098  -0.0001811410  -0.0000081892
   4.1599999860  -0.0000005487  -0.0001927452   0.0000008122
   4.1649999860  -0.0000056714  -0.0001984747  -0.0000043114
   4.1699999860  -0.0000242076  -0.0001969281  -0.0000229759
   4.1749999860  -0.0000519730  -0.0001885844  -0.0000509612
   4.1799999860  -0.0000822729  -0.0001757039  -0.0000815244
   4.1849999859  -0.0001077110  -0.0001617424  -0.0001072170
   4.1899999859  -0.0001222008  -0.0001504385  -0.0001219038
   4.1949999859  -0.0001226182  -0.0001448203  -0.0001224217
   4.1999999859  -0.0001096330  -0.0001464068  -0.0001094149
   4.2049999859  -0.0000874882  -0.0001548176  -0.0000871186
   4.2099999859  -0.0000627952  -0.0001678984  -0.0000621560
   4.2149999858  -0.0000426887  -0.0001823213  -0.0000416954
   4.2199999858  -0.0000328639  -0.0001944931  -0.0000314840
   4.2249999858  -0.0000360442  -0.0002015198  -0.0000343093
   4.2299999858  -0.0000512976  -0.0002019663  -0.0000493047
   4.2349999858  -0.0000743762  -0.0001962091  -0.0000722734
   4.2399999858  -0.0000989593  -0.0001862964  -0.0000969185
   4.2449999857  -0.0001184346  -0.0001753619  -0.0001166135
   4.2499999857  -0.0001277089  -0.0001667638  -0.0001262118
   4.2549999857  -0.0001245496  -0.0001631843  -0.0001233956
   4.2599999857  -0.0001101015  -0.0001659349  -0.0001092125
   4.2649999857  -0.0000884688  -0.0001746446  -0.0000876802
   4.2699999857  -0.0000655109  -0.0001874067  -0.0000646070
   4.2749999856  -0.0000472111  -0.0002013276  -0.0000459772
   4.2799999856  -0.0000380808  -0.0002133214  -0.0000363599
   4.2849999856  -0.0000400265  -0.0002209294  -0.0000377645
   4.2899999856  -0.0000519631  -0.0002229473  -0.0000492302
   4.2949999856  -0.0000702391  -0.0002196998  -0.0000672188
   4.2999999856  -0.0000897187  -0.0002129027  -0.0000866648
   4.3049999855  -0.0001051967  -0.0002051649  -0.0001023699
   4.3099999855  -0.0001127578  -0.0001992733  -0.0001103560
   4.3149999855  -0.0001107271  -0.0001974587  -0.0001088297
   4.3199999855  -0.0000999899  -0.0002008329  -0.0000985319
   4.3249999855  -0.0000836386  -0.0002091394  -0.0000824224
   4.3299999855  -0.0000660781  -0.0002208658  -0.0000648215
   4.3349999854  -0.0000518518  -0.0002336758  -0.0000502599
   4.3399999854  -0.0000444994  -0.0002450325  -0.0000423415
   4.3449999854  -0.0000457280  -0.0002528467  -0.0000428988
   4.3499999854  -0.0000550793  -0.0002559838  -0.0000516271
   4.3549999854  -0.0000701402  -0.0002545090  -0.0000662537
   4.3599999854  -0.0000872122  -0.0002496228  -0.0000831703
   4.3649999853  -0.0001022513  -0.0002433201  -0.0000983476
   4.3699999853  -0.0001118428  -0.0002378702  -0.0001083069
   4.3749999853  -0.0001139826  -0.0002352544  -0.0001109177
   4.3799999853  -0.0001084972  -0.0002366986  -0.0001058526
   4.3849999853  -0.0000970247  -0.0002424073  -0.0000946090
   4.3899999853  -0.0000825813  -0.0002515512  -0.0000801124
   4.3949999852  -0.0000688251  -0.0002625002  -0.0000660037
   4.3999999852  -0.0000591918  -0.0002732363  -0.0000557775
   4.4049999852  -0.0000560973  -0.0002818447  -0.0000519678
   4.4099999852  -0.0000603858  -0.0002869684  -0.0000555632
   4.4149999852  -0.0000711443  -0.0002881235  -0.0000657829
   4.4199999852  -0.0000859262  -0.0002858046  -0.0000802660
   4.4249999851  -0.0001013358  -0.0002813602  -0.0000956356
   4.4299999851  -0.0001138430  -0.0002766652  -0.0001083109
   4.4349999851  -0.0001206411  -0.0002736688  -0.0001153812
   4.4399999851  -0.0001203433  -0.0002739198  -0.0001153314
   4.4449999851  -0.0001133458  -0.0002781851  -0.0001084392
   4.4499999851  -0.0001017560  -0.0002862529  -0.0000967330
   4.4549999850  -0.0000888897  -0.0002969759  -0.0000835074
   4.4599999850  -0.0000784476  -0.0003085487  -0.0000725023
   4.4649999850  -0.0000735719  -0.0003189568  -0.0000669456
   4.4699999850  -0.0000760193  -0.0003264879  -0.0000687032
   4.4749999850  -0.0000856730  -0.0003301758  -0.0000777621
   4.4799999850  -0.0001005320  -0.0003300592  -0.0000921952
   4.4849999849  -0.0001171952  -0.0003271842  -0.0001086299
   4.4899999849  -0.0001317279  -0.0003233432  -0.0001231113
   4.4949999849  -0.0001406866  -0.0003206156  -0.0001321365
   4.4999999849  -0.0001420322  -0.0003208277  -0.0001335853
   4.5049999849  -0.0001356823  -0.0003250755  -0.0001272945
   4.5099999849  -0.0001235486  -0.0003334368  -0.0001151152
   4.5149999848  -0.0001090428  -0.0003449504  -0.0001004316
   4.5199999848  -0.0000961808  -0.0003578676  -0.0000872695
   4.5249999848  -0.0000885261  -0.0003701080  -0.0000792360
   4.5299999848  -0.0000882588  -0.0003797996  -0.0000785755
   4.5349999848  -0.0000956200  -0.0003857587  -0.0000855998
   4.5399999848  -0.0001088781  -0.0003877871  -0.0000986385
   4.5449999847  -0.0001248186  -0.0003867105  -0.0001145178
   4.5499999847  -0.0001396157  -0.0003841545  -0.0001294252
   4.5549999847  -0.0001498441  -0.0003821202  -0.0001399225
   4.5599999847  -0.0001533583  -0.0003824722  -0.0001438298
   4.5649999847  -0.0001498087  -0.0003864715  -0.0001407513
   4.5699999847  -0.0001406713  -0.0003944712  -0.0001321159
   4.5749999846  -0.0001288004  -0.0004058471  -0.0001207398
   4.5799999846  -0.0001176405  -0.0004191762  -0.0001100448
   4.5849999846  -0.0001103151  -0.0004326133  -0.0001031517
   4.5899999846  -0.0001088354  -0.0004443656  -0.0001020863
   4.5949999846  -0.0001136247  -0.0004531456  -0.0001072999
   4.5999999846  -0.0001234664  -0.0004584871  -0.0001176098
   4.6049999845  -0.0001358701  -0.0004608468  -0.0001305569
   4.6099999845  -0.0001477445  -0.0004614699  -0.0001430707
   4.6149999845  -0.0001561958  -0.0004620563  -0.0001522627
   4.6199999845  -0.0001592495  -0.0004643156  -0.0001561462
   4.6249999845  -0.0001563207  -0.0004695280  -0.0001541082
   4.6299999845  -0.0001483303  -0.0004782214  -0.0001470301
   4.6349999844  -0.0001374513  -0.0004900484  -0.0001370406
   4.6399999844  -0.0001265613  -0.0005038902  -0.0001269759
   4.6449999844  -0.0001185435  -0.0005181554  -0.0001196864
   4.6499999844  -0.0001156081  -0.0005311929  -0.0001173628
   4.6549999844  -0.0001187958  -0.0005417102  -0.0001210408
   4.6599999844  -0.0001277759  -0.0005490869  -0.0001303983
   4.6649999843  -0.0001409784  -0.0005535102  -0.0001438845
   4.6699999843  -0.0001560185  -0.0005559013  -0.0001591398
   4.6749999843  -0.0001703028  -0.0005576625  -0.0001735977
   4.6799999843  -0.0001816690  -0.0005603140  -0.0001851199
   4.6849999843  -0.0001889024  -0.0005651171  -0.0001925093
   4.6899999843  -0.0001920100  -0.0005727769  -0.0001957813
   4.6949999842  -0.0001921913  -0.0005832919  -0.0001961340
   4.6999999842  -0.0001915200  -0.0005959804  -0.0001956292
   4.7049999842  -0.0001924176  -0.0006096683  -0.0001966687
   4.7099999842  -0.0001970488  -0.0006229859  -0.0002013941
   4.7149999842  -0.0002067838  -0.0006347014  -0.0002111548
   4.7199999841  -0.0002218528  -0.0006440115  -0.0002261698
   4.7249999841  -0.0002412729  -0.0006507256  -0.0002454621
   4.7299999841  -0.0002630626  -0.0006553029  -0.0002670770
   4.7349999841  -0.0002846924  -0.0006587376  -0.0002885334
   4.7399999841  -0.0003036658  -0.0006623191  -0.0003073994
   4.7449999841  -0.0003180967  -0.0006673233  -0.0003218595
   4.7499999840  -0.0003271466  -0.0006747041  -0.0003311374
   4.7549999840  -0.0003312187  -0.0006848601  -0.0003356754
   4.7599999840  -0.0003318579  -0.0006975292  -0.0003370243
   4.7649999840  -0.0003313781  -0.0007118401  -0.0003374662
   4.7699999840  -0.0003322995  -0.0007265092  -0.0003394583
   4.7749999840  -0.0003367321  -0.0007401367  -0.0003450305
   4.7799999839  -0.0003458568  -0.0007515280  -0.0003552869
   4.7849999839  -0.0003596373  -0.0007599617  -0.0003701387
   4.7899999839  -0.0003768427  -0.0007653342  -0.0003883424
   4.7949999839  -0.0003953820  -0.0007681461  -0.0004078393
   4.7999999839  -0.0004128697  -0.0007693347  -0.0004263133
   4.8049999839  -0.0004272771  -0.0007699981  -0.0004418235
   4.8099999838  -0.0004374960  -0.0007710849  -0.0004533408
   4.8149999838  -0.0004436594  -0.0007731316  -0.0004610435
   4.8199999838  -0.0004471270  -0.0007761168  -0.0004662844
   4.8249999838  -0.0004501327  -0.0007794687  -0.0004712331
   4.8299999838  -0.0004551833  -0.0007822241  -0.0004782868
   4.8349999838  -0.0004643699  -0.0007832985  -0.0004894058
   4.8399999837  -0.0004787741  -0.0007817989  -0.0005055519
   4.8449999837  -0.0004981296  -0.0007773046  -0.0005263805
   4.8499999837  -0.0005208264  -0.0007700489  -0.0005502653
   4.8549999837  -0.0005442522  -0.0007609599  -0.0005746434
   4.8599999837  -0.0005653750  -0.0007515510  -0.0005965843
   4.8649999837  -0.0005814098  -0.0007436872  -0.0006134282
   4.8699999836  -0.0005903936  -0.0007392791  -0.0006233255
   4.8749999836  -0.0005915271  -0.0007399729  -0.0006255460
   4.8799999836  -0.0005852051  -0.0007469051  -0.0006204892
   4.8849999836  -0.0005727474  -0.0007605733  -0.0006094118
   4.8899999836  -0.0005559142  -0.0007808494  -0.0005939595
   4.8949999836  -0.0005363454  -0.0008071248  -0.0005756356
   4.8999999835  -0.0005150725  -0.0008385444  -0.0005553491
   4.9049999835  -0.0004922284  -0.0008742620  -0.0005331558
   4.9099999835  -0.0004670227  -0.0009136419  -0.0005082521
   4.9149999835  -0.0004379826  -0.0009563445  -0.0004792157
   4.9199999835  -0.0004033908  -0.0010022606  -0.0004444270
   4.9249999835  -0.0003618103  -0.0010513042  -0.0004025629
   4.9299999834  -0.0003125627  -0.0011031091  -0.0003530416
   4.9349999834  -0.0002560468  -0.0011567091  -0.0002963129
   4.9399999834  -0.0001938228  -0.0012102861  -0.0002339269
   4.9449999834  -0.0001284452  -0.0012610599  -0.0001683694
   4.9499999834  -0.0000630894  -0.0013053578  -0.0001027061
   4.9549999834  -0.0000010626  -0.0013388573  -0.0000401224
   4.9599999833   0.0000546846  -0.0013569536   0.0000165346
   4.9649999833   0.0001019363  -0.0013551750   0.0000651087
   4.9699999833   0.0001393995  -0.0013295613   0.0001043107
   4.9749999833   0.0001666744  -0.0012769344   0.0001336903
   4.9799999833   0.0001840333  -0.0011950248   0.0001534301
   4.9849999833   0.0001920813  -0.0010824528   0.0001640291
   4.9899999832   0.0001913956  -0.0009386042   0.0001659663
   4.9949999832   0.0001822408  -0.0007634595   0.0001594357
   4.9999999832   0.0001644310  -0.0005574442   0.0001442178
   5.0049999832   0.0001373696  -0.0003213543   0.0001197188
   5.0099999832   0.0001002491  -0.0000563852   0.0000851604
   5.0149999832   0.0000523590   0.0002357394   0.0000398724
   5.0199999831  -0.0000065784   0.0005525733  -0.0000163872
   5.0249999831  -0.0000761210   0.0008907450  -0.0000831587
   5.0299999831  -0.0001549393   0.0012458117  -0.0001591188
   5.0349999831  -0.0002408027   0.0016122257  -0.0002420688
   5.0399999831  -0.0003307307   0.0019834530  -0.0003290795
   5.0449999831  -0.0004212791   0.0023522466  -0.0004167694
   5.0499999830  -0.0005089136   0.0027110508  -0.0005016681
   5.0549999830  -0.0005904011   0.0030524785  -0.0005805982
   5.0599999830  -0.0006631494   0.0033697921  -0.0006510076
   5.0649999830  -0.0007254307   0.0036573135  -0.0007111878
   5.0699999830  -0.0007764494   0.0039107089  -0.0007603402
   5.0749999830  -0.0008162433   0.0041271171  -0.0007984773
   5.0799999829  -0.0008454420   0.0043051292  -0.0008261861
   5.0849999829  -0.0008649402   0.0044446538  -0.0008443082
   5.0899999829  -0.0008755660   0.0045467255  -0.0008536174
   5.0949999829  -0.0008778249   0.0046133148  -0.0008545748
   5.0999999829  -0.0008717880   0.0046471880  -0.0008472263
   5.1049999829  -0.0008571534   0.0046518376  -0.0008312708
   5.1099999828  -0.0008334645   0.0046314753  -0.0008062799
   5.1149999828  -0.0008004269   0.0045910512  -0.0007720103
   5.1199999828  -0.0007582304   0.0045362501  -0.0007287145
   5.1249999828  -0.0007077788   0.0044734125  -0.0006773571
   5.1299999828  -0.0006507506   0.0044093466  -0.0006196602
   5.1349999828  -0.0005894537   0.0043510212  -0.0005579472
   5.1399999827  -0.0005264952   0.0043051631  -0.0004948081
   5.1449999827  -0.0004643344   0.0042778044  -0.0004326570
   5.1499999827  -0.0004048256   0.0042738463  -0.0003732865
   5.1549999827  -0.0003488576   0.0042967025  -0.0003175239
   5.1599999827  -0.0002961806   0.0043480762  -0.0002650753
   5.1649999827  -0.0002454613   0.0044278988  -0.0002145931
   5.1699999826  -0.0001945526   0.0045344292  -0.0001639502
   5.1749999826  -0.0001409121   0.0046644881  -0.0001106526
   5.1799999826  -0.0000820666   0.0048137783  -0.0000522904
   5.1849999826  -0.0000160150   0.0049772368   0.0000130788
   5.1899999826   0.0000585226   0.0051493676   0.0000866995
   5.1949999826   0.0001420575   0.0053245173   0.0001690838
   5.1999999825   0.0002344797   0.0054970787   0.0002601638
   5.2049999825   0.0003353478   0.0056616259   0.0003595741
   5.2099999825   0.0004442279   0.0058130022   0.0004669766
   5.2149999825   0.0005609827   0.0059463888   0.0005823294
   5.2199999825   0.0006859254   0.0060573833   0.0007060213
   5.2249999825   0.0008197929   0.0061421045   0.0008388312
   5.2299999824   0.0009635414   0.0061973266   0.0009817182
   5.2349999824   0.0011180175   0.0062206303   0.0011354969
   5.2399999824   0.0012835899   0.0062105429   0.0013004814
   5.2449999824   0.0014598418   0.0061666343   0.0014761940
   5.2499999824   0.0016454041   0.0060895369   0.0016612144
   5.2549999824   0.0018379811   0.0059808657   0.0018532166
   5.2599999823   0.0020345648   0.0058430325   0.0020491883
   5.2649999823   0.0022317961   0.0056789655   0.0022457882
   5.2699999823   0.0024263883   0.0054917665   0.0024397611
   5.2749999823   0.0026155225   0.0052843518   0.0026283207
   5.2799999823   0.0027971289   0.0050591287   0.0028094200
   5.2849999823   0.0029699998   0.0048177556   0.0029818569
   5.2899999822   0.0031337213   0.0045610224   0.0031452025
   5.2949999822   0.0032884502   0.0042888633   0.0032995820
   5.2999999822   0.0034345990   0.0040004914   0.0034453671
   5.3049999822   0.0035725068   0.0036946241   0.0035828555
   5.3099999822   0.0037021729   0.0033697496   0.0037120142
   5.3149999822   0.0038231113   0.0030243867   0.0038323402
   5.3199999821   0.0039343522   0.0026572946   0.0039428646
   5.3249999821   0.0040345806   0.0022676102   0.0040422918
   5.3299999821   0.0041223720   0.0018549099   0.0041292306
   5.3349999821   0.0041964583   0.0014192167   0.0042024556
   5.3399999821   0.0042559562   0.0009609809   0.0042611294
   5.3449999821   0.0043004939   0.0004810716   0.0043049235
   5.3499999820   0.0043302027  -0.0000192007   0.0043340046
   5.3549999820   0.0043455690  -0.0005380191   0.0043488827
   5.3599999820   0.0043471830  -0.0010729674   0.0043501571
   5.3649999820   0.0043354460  -0.0016209360   0.0043382224
   5.3699999820   0.0043103145  -0.0021780624   0.0043130137
   5.3749999820   0.0042711539  -0.0027397422   0.0042738631
   5.3799999819   0.0042167494  -0.0033007313   0.0042195163
   5.3849999819   0.0041454845  -0.0038553455   0.0041483164
   5.3899999819   0.0040556507  -0.0043977388   0.0040585217
   5.3949999819   0.0039458213  -0.0049222272   0.0039486835
   5.3999999819   0.0038151980  -0.0054236101   0.0038179966
   5.4049999818   0.0036638478  -0.0058974419   0.0036665344
   5.4099999818   0.0034927731  -0.0063402123   0.0034953155
   5.4149999818   0.0033038030  -0.0067494119   0.0033061882
   5.4199999818   0.0030993386  -0.0071234800   0.0031015680
   5.4249999818   0.0028820220  -0.0074616522   0.0028841014
   5.4299999818   0.0026544154  -0.0077637471   0.0026563419
   5.4349999817   0.0024187662  -0.0080299365   0.0024205169
   5.4399999817   0.0021769059  -0.0082605460   0.0021784322
   5.4449999817   0.0019302889  -0.0084559196   0.0019315189
   5.4499999817   0.0016801371  -0.0086163634   0.0016809865
   5.4549999817   0.0014276320  -0.0087421623   0.0014280208
   5.4599999817   0.0011740856  -0.0088336436   0.0011739579
   5.4649999816   0.0009210382  -0.0088912514   0.0009203792
   5.4699999816   0.0006702568  -0.0089155962   0.0006691034
   5.4749999816   0.0004236373  -0.0089074575   0.0004220791
   5.4799999816   0.0001830436  -0.0088677329   0.0001812136
   5.4849999816  -0.0000498743  -0.0087973518  -0.0000518173
   5.4899999816  -0.0002738367  -0.0086971835  -0.0002757306
   5.4949999815  -0.0004880314  -0.0085679762  -0.0004897345
   5.4999999815  -0.0006921353  -0.0084103547  -0.0006935461
   5.5049999815  -0.0008862591  -0.0082248907  -0.0008873286
   5.5099999815  -0.0010708276  -0.0080122338  -0.0010715628
   5.5149999815  -0.0012464180  -0.0077732787  -0.0012468763
   5.5199999815  -0.0014135805  -0.0075093271  -0.0014138561
   5.5249999814  -0.0015726693  -0.0072222088  -0.0015728755
   5.5299999814  -0.0017237101  -0.0069143320  -0.0017239610
   5.5349999814  -0.0018663280  -0.0065886518  -0.0018667220
   5.5399999814  -0.0019997518  -0.0062485634  -0.0020003617
   5.5449999814  -0.0021228998  -0.0058977386  -0.0021237695
   5.5499999814  -0.0022345362  -0.0055399333  -0.0022356843
   5.5549999813  -0.0023334699  -0.0051787929  -0.0023348988
   5.5599999813  -0.0024187576  -0.0048176787  -0.0024204648
   5.5649999813  -0.0024898657  -0.0044595325  -0.0024918543
   5.5699999813  -0.0025467565  -0.0041067891  -0.0025490408
   5.5749999813  -0.0025898782  -0.0037613427  -0.0025924836
   5.5799999813  -0.0026200665  -0.0034245649  -0.0026230224
   5.5849999812  -0.0026383838  -0.0030973698  -0.0026417114
   5.5899999812  -0.0026459420  -0.0027803119  -0.0026496398
   5.5949999812  -0.0026437555  -0.0024736989  -0.0026477861
   5.5999999812  -0.0026326601  -0.0021776956  -0.0026369427
   5.6049999812  -0.0026133156  -0.0018924001  -0.0026177260
   5.6099999812  -0.0025862814  -0.0016178786  -0.0025906621
   5.6149999811  -0.0025521376  -0.0013541600  -0.0025563150
   5.6199999811  -0.0025116079  -0.0011012052  -0.0025154156
   5.6249999811  -0.0024656435  -0.0008588745  -0.0024689464
   5.6299999811  -0.0024154366  -0.0006269206  -0.0024181514
   5.6349999811  -0.0023623533  -0.0004050226  -0.0023644616
   5.6399999811  -0.0023077955  -0.0001928652  -0.0023093464
   5.6449999810  -0.0022530214   0.0000097565  -0.0022541237
   5.6499999810  -0.0021989664   0.0002028376  -0.0021997709
   5.6549999810  -0.0021461055   0.0003861021  -0.0021467815
   5.6599999810  -0.0020943923   0.0005590089  -0.0020951032
   5.6649999810  -0.0020432933   0.0007208314  -0.0020441748
   5.6699999810  -0.0019919135   0.0008707972  -0.0019930599
   5.6749999809  -0.0019391916   0.0010082556  -0.0019406513
   5.6799999809  -0.0018841263   0.0011328332  -0.0018859066
   5.6849999809  -0.0018259858   0.0012445404  -0.0018280654
   5.6899999809  -0.0017644605   0.0013438077  -0.0017668054
   5.6949999809  -0.0016997271   0.0014314496  -0.0017023056
   5.6999999809  -0.0016324171   0.0015085700  -0.0016352090
   5.7049999808  -0.0015634993   0.0015764353  -0.0015664982
   5.7099999808  -0.0014941112   0.0016363421  -0.0014973179
   5.7149999808  -0.0014253759   0.0016895023  -0.0014287863
   5.7199999808  -0.0013582488   0.0017369565  -0.0013618388
   5.7249999808  -0.0012934205   0.0017795225  -0.0012971341
   5.7299999808  -0.0012312910   0.0018177736  -0.0012350343
   5.7349999807  -0.0011720086   0.0018520458  -0.0011756536
   5.7399999807  -0.0011155533   0.0018824672  -0.0011189514
   5.7449999807  -0.0010618359   0.0019090043  -0.0010648388
   5.7499999807  -0.0010107846   0.0019315197  -0.0010132685
   5.7549999807  -0.0009623961   0.0019498306  -0.0009642839
   5.7599999807  -0.0009167389   0.0019637587  -0.0009180161
   5.7649999806  -0.0008739110   0.0019731613  -0.0008746308
   5.7699999806  -0.0008339621   0.0019779405  -0.0008342387
   5.7749999806  -0.0007968008   0.0019780332  -0.0007967930
   5.7799999806  -0.0007621119   0.0019733945  -0.0007619994
   5.7849999806  -0.0007293091   0.0019639872  -0.0007292661
   5.7899999806  -0.0006975427   0.0019497936  -0.0006977146
   5.7949999805  -0.0006657738   0.0019308532  -0.0006662598
   5.7999999805  -0.0006329105   0.0019073216  -0.0006337550
   5.8049999805  -0.0005979861   0.0018795348  -0.0005991801
   5.8099999805  -0.0005603454   0.0018480581  -0.0005618353
   5.8149999805  -0.0005197970   0.0018136984  -0.0005214986
   5.8199999805  -0.0004766899   0.0017774700  -0.0004785052
   5.8249999804  -0.0004318911   0.0017405139  -0.0004337225
   5.8299999804  -0.0003866581   0.0017039852  -0.0003884193
   5.8349999804  -0.0003424312   0.0016689305  -0.0003440522
   5.8399999804  -0.0003005898   0.0016361797  -0.0003020169
   5.8449999804  -0.0002622314   0.0016062716  -0.0002634214
   5.8499999804  -0.0002280221   0.0015794246  -0.0002289352
   5.8549999803  -0.0001981530   0.0015555531  -0.0001987453
   5.8599999803  -0.0001724045   0.0015343217  -0.0001726235
   5.8649999803  -0.0001502908   0.0015152245  -0.0001500763
   5.8699999803  -0.0001312378   0.0014976726  -0.0001305285
   5.8749999803  -0.0001147399   0.0014810779  -0.0001134856
   5.8799999803  -0.0001004522   0.0014649193  -0.0000986293
   5.8849999802  -0.0000881997   0.0014487846  -0.0000858265
   5.8899999802  -0.0000779100   0.0014323845  -0.0000750577
   5.8949999802  -0.0000695029   0.0014155402  -0.0000662990
   5.8999999802  -0.0000627788   0.0013981520  -0.0000593999
   5.9049999802  -0.0000573472   0.0013801581  -0.0000540011
   5.9099999802  -0.0000526191   0.0013614970  -0.0000495194
   5.9149999801  -0.0000478673   0.0013420852  -0.0000452041
   5.9199999801  -0.0000423371   0.0013218157  -0.0000402496
   5.9249999801  -0.0000353762   0.0013005771  -0.0000339338
   5.9299999801  -0.0000265516   0.0012782873  -0.0000257470
   5.9349999801  -0.0000157272   0.0012549290  -0.0000154821
   5.9399999801  -0.0000030874   0.0012305737  -0.0000032713
   5.9449999800   0.0000108924   0.0012053856   0.0000104365
   5.9499999800   0.0000255187   0.0011796028   0.0000249468
   5.9549999800   0.0000399810   0.0011534985   0.0000394247
   5.9599999800   0.0000534652   0.0011273339   0.0000530171
   5.9649999800   0.0000652642   0.0011013140   0.0000649745
   5.9699999800   0.0000748761   0.0010755562   0.0000747586
   5.9749999799   0.0000820748   0.0010500789   0.0000821199
   5.9799999799   0.0000869463   0.0010248101   0.0000871359
   5.9849999799   0.0000898788   0.0009996132   0.0000901981
   5.9899999799   0.0000915031   0.0009743252   0.0000919466
   5.9949999799   0.0000925879   0.0009488004   0.0000931581
