   0.0000000000   0.0000000000   0.0000000000   0.0000000000
   0.0050000000   0.0000000000   0.0000000000   0.0000000000
   0.0100000000   0.0000000000   0.0000000000   0.0000000000
   0.0149999999   0.0000000000   0.0000000000   0.0000000000
   0.0199999999   0.0000000000   0.0000000000   0.0000000000
   0.0249999999   0.0000000000   0.0000000000   0.0000000000
   0.0299999999   0.0000000000   0.0000000000   0.0000000000
   0.0349999999   0.0000000000   0.0000000000   0.0000000000
   0.0399999999   0.0000000000   0.0000000000   0.0000000000
   0.0449999998   0.0000000000   0.0000000000   0.0000000000
   0.0499999998   0.0000000000   0.0000000000   0.0000000000
   0.0549999998   0.0000000000   0.0000000000   0.0000000000
   0.0599999998   0.0000000000   0.0000000000   0.0000000000
   0.0649999998   0.0000000000   0.0000000000   0.0000000000
   0.0699999998   0.0000000000   0.0000000000   0.0000000000
   0.0749999997   0.0000000000   0.0000000000   0.0000000000
   0.0799999997   0.0000000000   0.0000000000   0.0000000000
   0.0849999997   0.0000000000   0.0000000000   0.0000000000
   0.0899999997   0.0000000000   0.0000000000   0.0000000000
   0.0949999997  -0.0000000000   0.0000000000  -0.0000000000
   0.0999999997  -0.0000000000   0.0000000000  -0.0000000000
   0.1049999996  -0.0000000000   0.0000000000  -0.0000000000
   0.1099999996  -0.0000000000   0.0000000000  -0.0000000000
   0.1149999996  -0.0000000000   0.0000000000  -0.0000000000
   0.1199999996  -0.0000000000   0.0000000000  -0.0000000000
   0.1249999996  -0.0000000000   0.0000000000  -0.0000000000
   0.1299999996  -0.0000000000   0.0000000000  -0.0000000000
   0.1349999995  -0.0000000000   0.0000000000  -0.0000000000
   0.1399999995  -0.0000000000   0.0000000000  -0.0000000000
   0.1449999995   0.0000000000   0.0000000000   0.0000000000
   0.1499999995   0.0000000000  -0.0000000000   0.0000000000
   0.1549999995   0.0000000000  -0.0000000000   0.0000000000
   0.1599999995   0.0000000000  -0.0000000000   0.0000000000
   0.1649999994   0.0000000000  -0.0000000000   0.0000000000
   0.1699999994   0.0000000000  -0.0000000000   0.0000000000
   0.1749999994   0.0000000000  -0.0000000000   0.0000000000
   0.1799999994   0.0000000000  -0.0000000000   0.0000000000
   0.1849999994   0.0000000000  -0.0000000000   0.0000000000
   0.1899999994   0.0000000000  -0.0000000000   0.0000000000
   0.1949999993   0.0000000000  -0.0000000000   0.0000000000
   0.1999999993   0.0000000000  -0.0000000000   0.0000000000
   0.2049999993   0.0000000000  -0.0000000000   0.0000000000
   0.2099999993   0.0000000000  -0.0000000000   0.0000000000
   0.2149999993   0.0000000000  -0.0000000000   0.0000000000
   0.2199999993   0.0000000000  -0.0000000000   0.0000000000
   0.2249999992   0.0000000000  -0.0000000000   0.0000000000
   0.2299999992   0.0000000000  -0.0000000000   0.0000000000
   0.2349999992   0.0000000000  -0.0000000000   0.0000000000
   0.2399999992   0.0000000000  -0.0000000000   0.0000000000
   0.2449999992   0.0000000000  -0.0000000000   0.0000000000
   0.2499999992   0.0000000000  -0.0000000000   0.0000000000
   0.2549999991   0.0000000000  -0.0000000000   0.0000000000
   0.2599999991   0.0000000000  -0.0000000000   0.0000000000
   0.2649999991   0.0000000000  -0.0000000000   0.0000000000
   0.2699999991   0.0000000000  -0.0000000000   0.0000000000
   0.2749999991   0.0000000000  -0.0000000000   0.0000000000
   0.2799999991   0.0000000000  -0.0000000000   0.0000000000
   0.2849999990   0.0000000000  -0.0000000000   0.0000000000
   0.2899999990   0.0000000000  -0.0000000000   0.0000000000
   0.2949999990   0.0000000000  -0.0000000000   0.0000000000
   0.2999999990   0.0000000000  -0.0000000000   0.0000000000
   0.3049999990   0.0000000000  -0.0000000000   0.0000000000
   0.3099999990   0.0000000000  -0.0000000000   0.0000000000
   0.3149999989   0.0000000000  -0.0000000000   0.0000000000
   0.3199999989   0.0000000000  -0.0000000000   0.0000000000
   0.3249999989   0.0000000000  -0.0000000000   0.0000000000
   0.3299999989   0.0000000000  -0.0000000000   0.0000000000
   0.3349999989   0.0000000000  -0.0000000000   0.0000000000
   0.3399999989   0.0000000000  -0.0000000000   0.0000000000
   0.3449999988   0.0000000000  -0.0000000000   0.0000000000
   0.3499999988   0.0000000000  -0.0000000000   0.0000000000
   0.3549999988   0.0000000000  -0.0000000000   0.0000000000
   0.3599999988   0.0000000000  -0.0000000000   0.0000000000
   0.3649999988   0.0000000000  -0.0000000000   0.0000000000
   0.3699999988   0.0000000000  -0.0000000000   0.0000000000
   0.3749999987   0.0000000000  -0.0000000000   0.0000000000
   0.3799999987   0.0000000000  -0.0000000000   0.0000000000
   0.3849999987   0.0000000000  -0.0000000000   0.0000000000
   0.3899999987   0.0000000000  -0.0000000000   0.0000000000
   0.3949999987   0.0000000000  -0.0000000000   0.0000000000
   0.3999999987   0.0000000000  -0.0000000000   0.0000000000
   0.4049999986   0.0000000000  -0.0000000000   0.0000000000
   0.4099999986   0.0000000000  -0.0000000000   0.0000000000
   0.4149999986   0.0000000000  -0.0000000000   0.0000000000
   0.4199999986   0.0000000000  -0.0000000000   0.0000000000
   0.4249999986   0.0000000000   0.0000000000   0.0000000000
   0.4299999986   0.0000000000   0.0000000000   0.0000000000
   0.4349999985  -0.0000000000   0.0000000000  -0.0000000000
   0.4399999985  -0.0000000000   0.0000000000  -0.0000000000
   0.4449999985  -0.0000000000   0.0000000000  -0.0000000000
   0.4499999985  -0.0000000000   0.0000000000  -0.0000000000
   0.4549999985  -0.0000000000   0.0000000000  -0.0000000000
   0.4599999985  -0.0000000000   0.0000000000  -0.0000000000
   0.4649999984  -0.0000000000   0.0000000000  -0.0000000000
   0.4699999984  -0.0000000000   0.0000000000  -0.0000000000
   0.4749999984  -0.0000000000   0.0000000000  -0.0000000000
   0.4799999984  -0.0000000000   0.0000000000  -0.0000000000
   0.4849999984  -0.0000000000   0.0000000000  -0.0000000000
   0.4899999984  -0.0000000000   0.0000000000  -0.0000000000
   0.4949999983  -0.0000000000   0.0000000000  -0.0000000000
   0.4999999983  -0.0000000000   0.0000000000  -0.0000000000
   0.5049999983  -0.0000000000   0.0000000000  -0.0000000000
   0.5099999983  -0.0000000000   0.0000000000  -0.0000000000
   0.5149999983  -0.0000000000   0.0000000000  -0.0000000000
   0.5199999983  -0.0000000000   0.0000000000  -0.0000000000
   0.5249999982  -0.0000000000   0.0000000000  -0.0000000000
   0.5299999982  -0.0000000000   0.0000000000  -0.0000000000
   0.5349999982  -0.0000000000   0.0000000000  -0.0000000000
   0.5399999982  -0.0000000000   0.0000000000  -0.0000000000
   0.5449999982  -0.0000000000   0.0000000000  -0.0000000000
   0.5499999982  -0.0000000000   0.0000000000  -0.0000000000
   0.5549999981  -0.0000000000   0.0000000000  -0.0000000000
   0.5599999981  -0.0000000000   0.0000000000  -0.0000000000
   0.5649999981  -0.0000000000   0.0000000000  -0.0000000000
   0.5699999981  -0.0000000000   0.0000000000  -0.0000000000
   0.5749999981  -0.0000000000   0.0000000000  -0.0000000000
   0.5799999981  -0.0000000000   0.0000000000  -0.0000000000
   0.5849999980  -0.0000000000   0.0000000000  -0.0000000000
   0.5899999980  -0.0000000000   0.0000000000  -0.0000000000
   0.5949999980  -0.0000000000   0.0000000000  -0.0000000000
   0.5999999980  -0.0000000000   0.0000000000  -0.0000000000
   0.6049999980  -0.0000000000   0.0000000000  -0.0000000000
   0.6099999980  -0.0000000000   0.0000000000  -0.0000000000
   0.6149999979  -0.0000000000   0.0000000000  -0.0000000000
   0.6199999979  -0.0000000000   0.0000000000  -0.0000000000
   0.6249999979  -0.0000000000   0.0000000000  -0.0000000000
   0.6299999979  -0.0000000000   0.0000000000  -0.0000000000
   0.6349999979  -0.0000000000   0.0000000000  -0.0000000000
   0.6399999979   0.0000000000   0.0000000000   0.0000000000
   0.6449999978   0.0000000000   0.0000000000   0.0000000000
   0.6499999978   0.0000000000   0.0000000000   0.0000000000
   0.6549999978   0.0000000000   0.0000000000   0.0000000000
   0.6599999978   0.0000000000   0.0000000000   0.0000000000
   0.6649999978   0.0000000000   0.0000000000   0.0000000000
   0.6699999978   0.0000000000   0.0000000000   0.0000000000
   0.6749999977   0.0000000000   0.0000000000   0.0000000000
   0.6799999977   0.0000000000   0.0000000000   0.0000000000
   0.6849999977   0.0000000000   0.0000000000   0.0000000000
   0.6899999977   0.0000000000   0.0000000000   0.0000000000
   0.6949999977   0.0000000000   0.0000000000   0.0000000000
   0.6999999976   0.0000000000   0.0000000000   0.0000000000
   0.7049999976   0.0000000000  -0.0000000000   0.0000000000
   0.7099999976   0.0000000000  -0.0000000000   0.0000000000
   0.7149999976   0.0000000000  -0.0000000000   0.0000000000
   0.7199999976   0.0000000000  -0.0000000000   0.0000000000
   0.7249999976  -0.0000000000  -0.0000000000  -0.0000000000
   0.7299999975  -0.0000000000  -0.0000000000  -0.0000000000
   0.7349999975  -0.0000000000  -0.0000000000  -0.0000000000
   0.7399999975  -0.0000000000  -0.0000000000  -0.0000000000
   0.7449999975  -0.0000000000  -0.0000000000  -0.0000000000
   0.7499999975  -0.0000000000  -0.0000000000  -0.0000000000
   0.7549999975  -0.0000000000  -0.0000000000  -0.0000000000
   0.7599999974  -0.0000000000  -0.0000000000  -0.0000000000
   0.7649999974  -0.0000000000   0.0000000000  -0.0000000000
   0.7699999974  -0.0000000000   0.0000000000  -0.0000000000
   0.7749999974   0.0000000000   0.0000000000   0.0000000000
   0.7799999974   0.0000000000   0.0000000000   0.0000000000
   0.7849999974   0.0000000000   0.0000000000   0.0000000000
   0.7899999973   0.0000000000   0.0000000000   0.0000000000
   0.7949999973   0.0000000000   0.0000000000   0.0000000000
   0.7999999973   0.0000000000   0.0000000000   0.0000000000
   0.8049999973   0.0000000000   0.0000000000   0.0000000000
   0.8099999973   0.0000000000   0.0000000000   0.0000000000
   0.8149999973   0.0000000000   0.0000000000   0.0000000000
   0.8199999972   0.0000000000   0.0000000000   0.0000000000
   0.8249999972   0.0000000000   0.0000000000   0.0000000000
   0.8299999972   0.0000000000   0.0000000000   0.0000000000
   0.8349999972   0.0000000000   0.0000000000   0.0000000000
   0.8399999972   0.0000000000   0.0000000000   0.0000000000
   0.8449999972   0.0000000000   0.0000000000   0.0000000000
   0.8499999971   0.0000000000   0.0000000000   0.0000000000
   0.8549999971   0.0000000000   0.0000000000   0.0000000000
   0.8599999971   0.0000000000   0.0000000000   0.0000000000
   0.8649999971   0.0000000000   0.0000000000   0.0000000000
   0.8699999971   0.0000000000   0.0000000000   0.0000000000
   0.8749999971   0.0000000000   0.0000000000   0.0000000000
   0.8799999970   0.0000000000   0.0000000000   0.0000000000
   0.8849999970   0.0000000000   0.0000000000   0.0000000000
   0.8899999970   0.0000000000   0.0000000000   0.0000000000
   0.8949999970   0.0000000000   0.0000000000   0.0000000000
   0.8999999970   0.0000000000   0.0000000000   0.0000000000
   0.9049999970   0.0000000000   0.0000000000   0.0000000000
   0.9099999969   0.0000000000   0.0000000000   0.0000000000
   0.9149999969   0.0000000000   0.0000000000   0.0000000000
   0.9199999969   0.0000000000   0.0000000000   0.0000000000
   0.9249999969   0.0000000000   0.0000000000   0.0000000000
   0.9299999969   0.0000000000   0.0000000000   0.0000000000
   0.9349999969   0.0000000000   0.0000000000   0.0000000000
   0.9399999968   0.0000000000   0.0000000000   0.0000000000
   0.9449999968   0.0000000000   0.0000000000   0.0000000000
   0.9499999968   0.0000000000   0.0000000000   0.0000000000
   0.9549999968   0.0000000000   0.0000000000   0.0000000000
   0.9599999968   0.0000000000   0.0000000000   0.0000000000
   0.9649999968   0.0000000000   0.0000000000   0.0000000000
   0.9699999967   0.0000000000   0.0000000000   0.0000000000
   0.9749999967   0.0000000000   0.0000000000   0.0000000000
   0.9799999967   0.0000000000   0.0000000000   0.0000000000
   0.9849999967   0.0000000000   0.0000000000   0.0000000000
   0.9899999967   0.0000000000   0.0000000000   0.0000000000
   0.9949999967   0.0000000000   0.0000000000   0.0000000000
   0.9999999966   0.0000000000   0.0000000000   0.0000000000
   1.0049999966   0.0000000000   0.0000000000   0.0000000000
   1.0099999966   0.0000000000   0.0000000000   0.0000000000
   1.0149999966   0.0000000000   0.0000000000   0.0000000000
   1.0199999966   0.0000000000   0.0000000000   0.0000000000
   1.0249999966   0.0000000000   0.0000000000   0.0000000000
   1.0299999965   0.0000000000   0.0000000000   0.0000000000
   1.0349999965   0.0000000000   0.0000000000   0.0000000000
   1.0399999965   0.0000000000   0.0000000000   0.0000000000
   1.0449999965   0.0000000000   0.0000000000   0.0000000000
   1.0499999965   0.0000000000   0.0000000000   0.0000000000
   1.0549999965   0.0000000000   0.0000000000   0.0000000000
   1.0599999964   0.0000000000   0.0000000000   0.0000000000
   1.0649999964   0.0000000000   0.0000000000   0.0000000000
   1.0699999964   0.0000000000   0.0000000000   0.0000000000
   1.0749999964   0.0000000000   0.0000000000   0.0000000000
   1.0799999964   0.0000000000   0.0000000000   0.0000000000
   1.0849999964   0.0000000000   0.0000000000   0.0000000000
   1.0899999963   0.0000000000   0.0000000000   0.0000000000
   1.0949999963   0.0000000000   0.0000000000   0.0000000000
   1.0999999963   0.0000000000   0.0000000000   0.0000000000
   1.1049999963   0.0000000000   0.0000000000   0.0000000000
   1.1099999963   0.0000000000   0.0000000000   0.0000000000
   1.1149999963   0.0000000000   0.0000000000   0.0000000000
   1.1199999962   0.0000000000   0.0000000000   0.0000000000
   1.1249999962   0.0000000000   0.0000000000   0.0000000000
   1.1299999962   0.0000000000   0.0000000000   0.0000000000
   1.1349999962   0.0000000000   0.0000000000   0.0000000000
   1.1399999962   0.0000000000   0.0000000000   0.0000000000
   1.1449999962   0.0000000000   0.0000000000   0.0000000000
   1.1499999961   0.0000000000   0.0000000000   0.0000000000
   1.1549999961   0.0000000000   0.0000000000   0.0000000000
   1.1599999961   0.0000000000   0.0000000000   0.0000000000
   1.1649999961   0.0000000000   0.0000000000   0.0000000000
   1.1699999961   0.0000000000   0.0000000000   0.0000000000
   1.1749999961   0.0000000000   0.0000000000   0.0000000000
   1.1799999960   0.0000000000   0.0000000000   0.0000000000
   1.1849999960   0.0000000000   0.0000000000   0.0000000000
   1.1899999960   0.0000000000   0.0000000000   0.0000000000
   1.1949999960   0.0000000000   0.0000000000   0.0000000000
   1.1999999960   0.0000000000   0.0000000000   0.0000000000
   1.2049999960   0.0000000000   0.0000000000   0.0000000000
   1.2099999959   0.0000000000   0.0000000000   0.0000000000
   1.2149999959   0.0000000000   0.0000000000   0.0000000000
   1.2199999959   0.0000000000   0.0000000000   0.0000000000
   1.2249999959   0.0000000000   0.0000000000   0.0000000000
   1.2299999959   0.0000000000   0.0000000000   0.0000000000
   1.2349999959   0.0000000000   0.0000000000   0.0000000000
   1.2399999958   0.0000000000   0.0000000000   0.0000000000
   1.2449999958  -0.0000000000  -0.0000000000  -0.0000000000
   1.2499999958  -0.0000000000  -0.0000000000  -0.0000000000
   1.2549999958  -0.0000000000  -0.0000000000  -0.0000000000
   1.2599999958  -0.0000000000  -0.0000000000  -0.0000000000
   1.2649999958  -0.0000000000  -0.0000000000  -0.0000000000
   1.2699999957  -0.0000000000  -0.0000000000  -0.0000000000
   1.2749999957  -0.0000000000  -0.0000000000  -0.0000000000
   1.2799999957  -0.0000000000  -0.0000000000  -0.0000000000
   1.2849999957  -0.0000000000  -0.0000000000  -0.0000000000
   1.2899999957  -0.0000000000  -0.0000000000  -0.0000000000
   1.2949999957  -0.0000000000  -0.0000000000  -0.0000000000
   1.2999999956  -0.0000000000  -0.0000000000  -0.0000000000
   1.3049999956  -0.0000000000  -0.0000000000  -0.0000000000
   1.3099999956  -0.0000000000  -0.0000000000  -0.0000000000
   1.3149999956  -0.0000000000  -0.0000000000  -0.0000000000
   1.3199999956  -0.0000000000  -0.0000000000  -0.0000000000
   1.3249999956   0.0000000000   0.0000000000   0.0000000000
   1.3299999955   0.0000000000   0.0000000000   0.0000000000
   1.3349999955   0.0000000000   0.0000000000   0.0000000000
   1.3399999955   0.0000000000   0.0000000000   0.0000000000
   1.3449999955   0.0000000000   0.0000000000   0.0000000000
   1.3499999955   0.0000000000   0.0000000000   0.0000000000
   1.3549999954   0.0000000000   0.0000000000   0.0000000000
   1.3599999954   0.0000000000   0.0000000000   0.0000000000
   1.3649999954   0.0000000000   0.0000000000   0.0000000000
   1.3699999954   0.0000000000   0.0000000000   0.0000000000
   1.3749999954   0.0000000000   0.0000000000   0.0000000000
   1.3799999954   0.0000000000   0.0000000000   0.0000000000
   1.3849999953   0.0000000000   0.0000000000   0.0000000000
   1.3899999953  -0.0000000000  -0.0000000000  -0.0000000000
   1.3949999953  -0.0000000000  -0.0000000000  -0.0000000000
   1.3999999953  -0.0000000000  -0.0000000000  -0.0000000000
   1.4049999953  -0.0000000000  -0.0000000000  -0.0000000000
   1.4099999953  -0.0000000000  -0.0000000000  -0.0000000000
   1.4149999952  -0.0000000000  -0.0000000000  -0.0000000000
   1.4199999952  -0.0000000000  -0.0000000000  -0.0000000000
   1.4249999952  -0.0000000000  -0.0000000000  -0.0000000000
   1.4299999952  -0.0000000000  -0.0000000000  -0.0000000000
   1.4349999952  -0.0000000000  -0.0000000000  -0.0000000000
   1.4399999952  -0.0000000000  -0.0000000000  -0.0000000000
   1.4449999951  -0.0000000000  -0.0000000000  -0.0000000000
   1.4499999951   0.0000000000   0.0000000000   0.0000000000
   1.4549999951   0.0000000000   0.0000000000   0.0000000000
   1.4599999951   0.0000000000   0.0000000000   0.0000000000
   1.4649999951   0.0000000000   0.0000000000   0.0000000000
   1.4699999951   0.0000000000   0.0000000000   0.0000000000
   1.4749999950   0.0000000000   0.0000000000   0.0000000000
   1.4799999950   0.0000000000   0.0000000000   0.0000000000
   1.4849999950   0.0000000000   0.0000000000   0.0000000000
   1.4899999950   0.0000000000   0.0000000000   0.0000000000
   1.4949999950   0.0000000000   0.0000000000   0.0000000000
   1.4999999950   0.0000000000   0.0000000000   0.0000000000
   1.5049999949  -0.0000000000  -0.0000000000  -0.0000000000
   1.5099999949  -0.0000000000  -0.0000000000  -0.0000000000
   1.5149999949  -0.0000000000  -0.0000000000  -0.0000000000
   1.5199999949  -0.0000000000  -0.0000000000  -0.0000000000
   1.5249999949  -0.0000000000  -0.0000000000  -0.0000000000
   1.5299999949  -0.0000000000  -0.0000000000  -0.0000000000
   1.5349999948  -0.0000000000  -0.0000000000  -0.0000000000
   1.5399999948  -0.0000000000  -0.0000000000  -0.0000000000
   1.5449999948  -0.0000000000  -0.0000000000  -0.0000000000
   1.5499999948  -0.0000000000  -0.0000000000  -0.0000000000
   1.5549999948   0.0000000000   0.0000000000   0.0000000000
   1.5599999948   0.0000000000   0.0000000000   0.0000000000
   1.5649999947   0.0000000000   0.0000000000   0.0000000000
   1.5699999947   0.0000000000   0.0000000000   0.0000000000
   1.5749999947   0.0000000000   0.0000000000   0.0000000000
   1.5799999947   0.0000000000   0.0000000000   0.0000000000
   1.5849999947   0.0000000000   0.0000000000   0.0000000000
   1.5899999947   0.0000000000   0.0000000000   0.0000000000
   1.5949999946   0.0000000000   0.0000000000   0.0000000000
   1.5999999946  -0.0000000000   0.0000000000  -0.0000000000
   1.6049999946  -0.0000000000  -0.0000000000  -0.0000000000
   1.6099999946  -0.0000000000  -0.0000000000  -0.0000000000
   1.6149999946  -0.0000000000  -0.0000000000  -0.0000000000
   1.6199999946  -0.0000000000  -0.0000000000  -0.0000000000
   1.6249999945  -0.0000000000  -0.0000000000  -0.0000000000
   1.6299999945  -0.0000000000  -0.0000000000  -0.0000000000
   1.6349999945  -0.0000000000  -0.0000000000  -0.0000000000
   1.6399999945  -0.0000000000  -0.0000000000  -0.0000000000
   1.6449999945   0.0000000000  -0.0000000000   0.0000000000
   1.6499999945   0.0000000000   0.0000000000   0.0000000000
   1.6549999944   0.0000000000   0.0000000000   0.0000000000
   1.6599999944   0.0000000000   0.0000000000   0.0000000000
   1.6649999944   0.0000000000   0.0000000000   0.0000000000
   1.6699999944   0.0000000000   0.0000000000   0.0000000000
   1.6749999944   0.0000000000   0.0000000000   0.0000000000
   1.6799999944   0.0000000000   0.0000000000   0.0000000000
   1.6849999943   0.0000000000   0.0000000000   0.0000000000
   1.6899999943  -0.0000000000   0.0000000000  -0.0000000000
   1.6949999943  -0.0000000000  -0.0000000000  -0.0000000000
   1.6999999943  -0.0000000000  -0.0000000000  -0.0000000000
   1.7049999943  -0.0000000000  -0.0000000000  -0.0000000000
   1.7099999943  -0.0000000000  -0.0000000000  -0.0000000000
   1.7149999942  -0.0000000000  -0.0000000000  -0.0000000000
   1.7199999942  -0.0000000000  -0.0000000000  -0.0000000000
   1.7249999942  -0.0000000000  -0.0000000000  -0.0000000000
   1.7299999942   0.0000000000  -0.0000000000   0.0000000000
   1.7349999942   0.0000000000   0.0000000000   0.0000000000
   1.7399999942   0.0000000000   0.0000000000   0.0000000000
   1.7449999941   0.0000000001   0.0000000000   0.0000000001
   1.7499999941   0.0000000001   0.0000000000   0.0000000001
   1.7549999941   0.0000000001   0.0000000000   0.0000000001
   1.7599999941   0.0000000000   0.0000000000   0.0000000000
   1.7649999941   0.0000000000   0.0000000000   0.0000000000
   1.7699999941  -0.0000000000   0.0000000000  -0.0000000000
   1.7749999940  -0.0000000000  -0.0000000000  -0.0000000000
   1.7799999940  -0.0000000001  -0.0000000000  -0.0000000001
   1.7849999940  -0.0000000001  -0.0000000000  -0.0000000001
   1.7899999940  -0.0000000001  -0.0000000001  -0.0000000001
   1.7949999940  -0.0000000001  -0.0000000001  -0.0000000001
   1.7999999940  -0.0000000001  -0.0000000001  -0.0000000001
   1.8049999939  -0.0000000000  -0.0000000000  -0.0000000000
   1.8099999939   0.0000000000  -0.0000000000   0.0000000000
   1.8149999939   0.0000000001   0.0000000000   0.0000000001
   1.8199999939   0.0000000001   0.0000000001   0.0000000001
   1.8249999939   0.0000000002   0.0000000001   0.0000000002
   1.8299999939   0.0000000002   0.0000000001   0.0000000002
   1.8349999938   0.0000000001   0.0000000001   0.0000000001
   1.8399999938   0.0000000001   0.0000000001   0.0000000001
   1.8449999938   0.0000000000   0.0000000000   0.0000000000
   1.8499999938  -0.0000000001  -0.0000000000  -0.0000000001
   1.8549999938  -0.0000000002  -0.0000000001  -0.0000000002
   1.8599999938  -0.0000000002  -0.0000000001  -0.0000000002
   1.8649999937  -0.0000000002  -0.0000000001  -0.0000000002
   1.8699999937  -0.0000000002  -0.0000000001  -0.0000000002
   1.8749999937  -0.0000000002  -0.0000000001  -0.0000000002
   1.8799999937  -0.0000000001  -0.0000000001  -0.0000000001
   1.8849999937   0.0000000001  -0.0000000000   0.0000000001
   1.8899999937   0.0000000002   0.0000000000   0.0000000002
   1.8949999936   0.0000000003   0.0000000001   0.0000000003
   1.8999999936   0.0000000003   0.0000000002   0.0000000003
   1.9049999936   0.0000000003   0.0000000002   0.0000000003
   1.9099999936   0.0000000002   0.0000000002   0.0000000002
   1.9149999936   0.0000000001   0.0000000001   0.0000000001
   1.9199999936  -0.0000000000   0.0000000001  -0.0000000000
   1.9249999935  -0.0000000002  -0.0000000000  -0.0000000002
   1.9299999935  -0.0000000003  -0.0000000001  -0.0000000003
   1.9349999935  -0.0000000004  -0.0000000002  -0.0000000004
   1.9399999935  -0.0000000004  -0.0000000002  -0.0000000004
   1.9449999935  -0.0000000003  -0.0000000002  -0.0000000003
   1.9499999935  -0.0000000002  -0.0000000002  -0.0000000002
   1.9549999934   0.0000000000  -0.0000000001   0.0000000000
   1.9599999934   0.0000000002   0.0000000000   0.0000000002
   1.9649999934   0.0000000004   0.0000000001   0.0000000004
   1.9699999934   0.0000000005   0.0000000002   0.0000000005
   1.9749999934   0.0000000005   0.0000000003   0.0000000005
   1.9799999934   0.0000000004   0.0000000003   0.0000000004
   1.9849999933   0.0000000002   0.0000000002   0.0000000002
   1.9899999933  -0.0000000000   0.0000000001  -0.0000000000
   1.9949999933  -0.0000000003  -0.0000000000  -0.0000000003
   1.9999999933  -0.0000000005  -0.0000000001  -0.0000000005
   2.0049999933  -0.0000000006  -0.0000000002  -0.0000000006
   2.0099999933  -0.0000000006  -0.0000000003  -0.0000000006
   2.0149999932  -0.0000000005  -0.0000000003  -0.0000000005
   2.0199999932  -0.0000000002  -0.0000000002  -0.0000000002
   2.0249999932   0.0000000001  -0.0000000001   0.0000000001
   2.0299999932   0.0000000003   0.0000000000   0.0000000003
   2.0349999932   0.0000000006   0.0000000002   0.0000000006
   2.0399999931   0.0000000007   0.0000000003   0.0000000007
   2.0449999931   0.0000000006   0.0000000003   0.0000000006
   2.0499999931   0.0000000004   0.0000000003   0.0000000005
   2.0549999931   0.0000000002   0.0000000002   0.0000000002
   2.0599999931  -0.0000000002   0.0000000001  -0.0000000002
   2.0649999931  -0.0000000005  -0.0000000001  -0.0000000005
   2.0699999930  -0.0000000007  -0.0000000002  -0.0000000007
   2.0749999930  -0.0000000007  -0.0000000003  -0.0000000007
   2.0799999930  -0.0000000006  -0.0000000004  -0.0000000006
   2.0849999930  -0.0000000004  -0.0000000003  -0.0000000004
   2.0899999930  -0.0000000000  -0.0000000002  -0.0000000000
   2.0949999930   0.0000000003  -0.0000000000   0.0000000003
   2.0999999929   0.0000000006   0.0000000002   0.0000000006
   2.1049999929   0.0000000008   0.0000000003   0.0000000008
   2.1099999929   0.0000000007   0.0000000004   0.0000000007
   2.1149999929   0.0000000005   0.0000000004   0.0000000005
   2.1199999929   0.0000000002   0.0000000003   0.0000000002
   2.1249999929  -0.0000000002   0.0000000001  -0.0000000002
   2.1299999928  -0.0000000006  -0.0000000001  -0.0000000006
   2.1349999928  -0.0000000008  -0.0000000003  -0.0000000008
   2.1399999928  -0.0000000008  -0.0000000004  -0.0000000008
   2.1449999928  -0.0000000007  -0.0000000004  -0.0000000007
   2.1499999928  -0.0000000003  -0.0000000003  -0.0000000003
   2.1549999928   0.0000000001  -0.0000000001   0.0000000001
   2.1599999927   0.0000000005   0.0000000001   0.0000000005
   2.1649999927   0.0000000008   0.0000000003   0.0000000008
   2.1699999927   0.0000000009   0.0000000004   0.0000000009
   2.1749999927   0.0000000008   0.0000000004   0.0000000008
   2.1799999927   0.0000000004   0.0000000003   0.0000000004
   2.1849999927  -0.0000000001   0.0000000002  -0.0000000000
   2.1899999926  -0.0000000005  -0.0000000000  -0.0000000005
   2.1949999926  -0.0000000009  -0.0000000003  -0.0000000009
   2.1999999926  -0.0000000010  -0.0000000004  -0.0000000010
   2.2049999926  -0.0000000009  -0.0000000005  -0.0000000009
   2.2099999926  -0.0000000005  -0.0000000004  -0.0000000005
   2.2149999926   0.0000000000  -0.0000000002   0.0000000000
   2.2199999925   0.0000000006   0.0000000001   0.0000000006
   2.2249999925   0.0000000010   0.0000000003   0.0000000010
   2.2299999925   0.0000000012   0.0000000005   0.0000000012
   2.2349999925   0.0000000010   0.0000000005   0.0000000010
   2.2399999925   0.0000000006   0.0000000005   0.0000000006
   2.2449999925   0.0000000000   0.0000000002   0.0000000000
   2.2499999924  -0.0000000006  -0.0000000001  -0.0000000006
   2.2549999924  -0.0000000011  -0.0000000004  -0.0000000011
   2.2599999924  -0.0000000013  -0.0000000006  -0.0000000013
   2.2649999924  -0.0000000012  -0.0000000006  -0.0000000012
   2.2699999924  -0.0000000007  -0.0000000005  -0.0000000007
   2.2749999924  -0.0000000000  -0.0000000003  -0.0000000000
   2.2799999923   0.0000000007   0.0000000001   0.0000000007
   2.2849999923   0.0000000013   0.0000000004   0.0000000013
   2.2899999923   0.0000000015   0.0000000007   0.0000000015
   2.2949999923   0.0000000014   0.0000000008   0.0000000014
   2.2999999923   0.0000000008   0.0000000007   0.0000000008
   2.3049999923  -0.0000000000   0.0000000005  -0.0000000000
   2.3099999922  -0.0000000009   0.0000000001  -0.0000000009
   2.3149999922  -0.0000000016  -0.0000000004  -0.0000000016
   2.3199999922  -0.0000000019  -0.0000000007  -0.0000000019
   2.3249999922  -0.0000000017  -0.0000000009  -0.0000000017
   2.3299999922  -0.0000000010  -0.0000000009  -0.0000000010
   2.3349999922   0.0000000001  -0.0000000006   0.0000000001
   2.3399999921   0.0000000012  -0.0000000002   0.0000000012
   2.3449999921   0.0000000021   0.0000000002   0.0000000021
   2.3499999921   0.0000000025   0.0000000005   0.0000000025
   2.3549999921   0.0000000024   0.0000000006   0.0000000024
   2.3599999921   0.0000000016   0.0000000005   0.0000000016
   2.3649999921   0.0000000005   0.0000000001   0.0000000005
   2.3699999920  -0.0000000008  -0.0000000003  -0.0000000008
   2.3749999920  -0.0000000019  -0.0000000007  -0.0000000019
   2.3799999920  -0.0000000025  -0.0000000008  -0.0000000025
   2.3849999920  -0.0000000024  -0.0000000007  -0.0000000024
   2.3899999920  -0.0000000017  -0.0000000003  -0.0000000017
   2.3949999920  -0.0000000006   0.0000000005  -0.0000000006
   2.3999999919   0.0000000007   0.0000000014   0.0000000007
   2.4049999919   0.0000000017   0.0000000022   0.0000000017
   2.4099999919   0.0000000022   0.0000000027   0.0000000022
   2.4149999919   0.0000000020   0.0000000028   0.0000000020
   2.4199999919   0.0000000011   0.0000000024   0.0000000011
   2.4249999919  -0.0000000002   0.0000000015  -0.0000000002
   2.4299999918  -0.0000000016   0.0000000003  -0.0000000016
   2.4349999918  -0.0000000026  -0.0000000011  -0.0000000026
   2.4399999918  -0.0000000028  -0.0000000024  -0.0000000029
   2.4449999918  -0.0000000022  -0.0000000033  -0.0000000023
   2.4499999918  -0.0000000009  -0.0000000037  -0.0000000009
   2.4549999918   0.0000000009  -0.0000000036   0.0000000009
   2.4599999917   0.0000000026  -0.0000000031   0.0000000026
   2.4649999917   0.0000000036  -0.0000000023   0.0000000036
   2.4699999917   0.0000000036  -0.0000000016   0.0000000036
   2.4749999917   0.0000000023  -0.0000000012   0.0000000023
   2.4799999917  -0.0000000002  -0.0000000010  -0.0000000002
   2.4849999917  -0.0000000035  -0.0000000012  -0.0000000035
   2.4899999916  -0.0000000070  -0.0000000017  -0.0000000071
   2.4949999916  -0.0000000103  -0.0000000023  -0.0000000103
   2.4999999916  -0.0000000127  -0.0000000029  -0.0000000128
   2.5049999916  -0.0000000140  -0.0000000033  -0.0000000141
   2.5099999916  -0.0000000144  -0.0000000036  -0.0000000145
   2.5149999916  -0.0000000142  -0.0000000039  -0.0000000143
   2.5199999915  -0.0000000140  -0.0000000043  -0.0000000141
   2.5249999915  -0.0000000143  -0.0000000050  -0.0000000144
   2.5299999915  -0.0000000157  -0.0000000063  -0.0000000158
   2.5349999915  -0.0000000182  -0.0000000082  -0.0000000183
   2.5399999915  -0.0000000217  -0.0000000105  -0.0000000218
   2.5449999915  -0.0000000256  -0.0000000132  -0.0000000257
   2.5499999914  -0.0000000292  -0.0000000156  -0.0000000293
   2.5549999914  -0.0000000319  -0.0000000176  -0.0000000319
   2.5599999914  -0.0000000331  -0.0000000186  -0.0000000330
   2.5649999914  -0.0000000324  -0.0000000185  -0.0000000324
   2.5699999914  -0.0000000302  -0.0000000172  -0.0000000302
   2.5749999914  -0.0000000268  -0.0000000149  -0.0000000268
   2.5799999913  -0.0000000229  -0.0000000120  -0.0000000228
   2.5849999913  -0.0000000190  -0.0000000088  -0.0000000189
   2.5899999913  -0.0000000155  -0.0000000058  -0.0000000153
   2.5949999913  -0.0000000124  -0.0000000032  -0.0000000122
   2.5999999913  -0.0000000094  -0.0000000011  -0.0000000092
   2.6049999913  -0.0000000061   0.0000000007  -0.0000000059
   2.6099999912  -0.0000000018   0.0000000024  -0.0000000016
   2.6149999912   0.0000000039   0.0000000044   0.0000000041
   2.6199999912   0.0000000110   0.0000000070   0.0000000113
   2.6249999912   0.0000000192   0.0000000101   0.0000000195
   2.6299999912   0.0000000277   0.0000000138   0.0000000281
   2.6349999912   0.0000000353   0.0000000177   0.0000000359
   2.6399999911   0.0000000412   0.0000000214   0.0000000419
   2.6449999911   0.0000000444   0.0000000242   0.0000000454
   2.6499999911   0.0000000446   0.0000000260   0.0000000460
   2.6549999911   0.0000000421   0.0000000263   0.0000000439
   2.6599999911   0.0000000373   0.0000000252   0.0000000396
   2.6649999911   0.0000000315   0.0000000229   0.0000000341
   2.6699999910   0.0000000256   0.0000000197   0.0000000284
   2.6749999910   0.0000000204   0.0000000160   0.0000000233
   2.6799999910   0.0000000164   0.0000000122   0.0000000190
   2.6849999910   0.0000000136   0.0000000085   0.0000000155
   2.6899999910   0.0000000115   0.0000000049   0.0000000125
   2.6949999909   0.0000000093   0.0000000014   0.0000000094
   2.6999999909   0.0000000061  -0.0000000024   0.0000000061
   2.7049999909   0.0000000011  -0.0000000066   0.0000000033
   2.7099999909  -0.0000000067  -0.0000000118   0.0000000025
   2.7149999909  -0.0000000183  -0.0000000183   0.0000000064
   2.7199999909  -0.0000000353  -0.0000000267   0.0000000190
   2.7249999908  -0.0000000606  -0.0000000380   0.0000000457
   2.7299999908  -0.0000000986  -0.0000000537   0.0000000934
   2.7349999908  -0.0000001560  -0.0000000759   0.0000001702
   2.7399999908  -0.0000002420  -0.0000001073   0.0000002860
   2.7449999908  -0.0000003689  -0.0000001515   0.0000004528
   2.7499999908  -0.0000005517  -0.0000002125   0.0000006848
   2.7549999907  -0.0000008077  -0.0000002945   0.0000009989
   2.7599999907  -0.0000011567  -0.0000004017   0.0000014146
   2.7649999907  -0.0000016199  -0.0000005378   0.0000019536
   2.7699999907  -0.0000022192  -0.0000007051   0.0000026393
   2.7749999907  -0.0000029765  -0.0000009049   0.0000034951
   2.7799999907  -0.0000039126  -0.0000011364   0.0000045429
   2.7849999906  -0.0000050453  -0.0000013964   0.0000058003
   2.7899999906  -0.0000063879  -0.0000016793   0.0000072789
   2.7949999906  -0.0000079470  -0.0000019768   0.0000089811
   2.7999999906  -0.0000097201  -0.0000022773   0.0000108979
   2.8049999906  -0.0000116926  -0.0000025663   0.0000130070
   2.8099999906  -0.0000138360  -0.0000028263   0.0000152706
   2.8149999905  -0.0000161054  -0.0000030372   0.0000176350
   2.8199999905  -0.0000184391  -0.0000031773   0.0000200303
   2.8249999905  -0.0000207584  -0.0000032239   0.0000223709
   2.8299999905  -0.0000229695  -0.0000031554   0.0000245577
   2.8349999905  -0.0000249666  -0.0000029526   0.0000264810
   2.8399999905  -0.0000266367  -0.0000026010   0.0000280252
   2.8449999904  -0.0000278656  -0.0000020926   0.0000290744
   2.8499999904  -0.0000285451  -0.0000014279   0.0000295195
   2.8549999904  -0.0000285805  -0.0000006171   0.0000292655
   2.8599999904  -0.0000278983   0.0000003194   0.0000282398
   2.8649999904  -0.0000264529   0.0000013504   0.0000264001
   2.8699999904  -0.0000242324   0.0000024352   0.0000237404
   2.8749999903  -0.0000212622   0.0000035253   0.0000202968
   2.8799999903  -0.0000176061   0.0000045662   0.0000161495
   2.8849999903  -0.0000133649   0.0000055006   0.0000114225
   2.8899999903  -0.0000086715   0.0000062718   0.0000062807
   2.8949999903  -0.0000036836   0.0000068266   0.0000009224
   2.8999999903   0.0000014262   0.0000071195  -0.0000044302
   2.9049999902   0.0000064803   0.0000071159  -0.0000095448
   2.9099999902   0.0000113075   0.0000067958  -0.0000141937
   2.9149999902   0.0000157505   0.0000061567  -0.0000181725
   2.9199999902   0.0000196716   0.0000052172  -0.0000213185
   2.9249999902   0.0000229534   0.0000040198  -0.0000235290
   2.9299999902   0.0000254950   0.0000026328  -0.0000247789
   2.9349999901   0.0000272045   0.0000011523  -0.0000251322
   2.9399999901   0.0000279900  -0.0000002992  -0.0000247485
   2.9449999901   0.0000277533  -0.0000015756  -0.0000238777
   2.9499999901   0.0000263898  -0.0000025151  -0.0000228416
   2.9549999901   0.0000237997  -0.0000029532  -0.0000219999
   2.9599999901   0.0000199156  -0.0000027426  -0.0000216975
   2.9649999900   0.0000147477  -0.0000017809  -0.0000221947
   2.9699999900   0.0000084452  -0.0000000446  -0.0000235851
   2.9749999900   0.0000013701   0.0000023720  -0.0000257076
   2.9799999900  -0.0000058302   0.0000052171  -0.0000280657
   2.9849999900  -0.0000121660   0.0000080496  -0.0000297722
   2.9899999900  -0.0000162870   0.0000102226  -0.0000295383
   2.9949999899  -0.0000165270   0.0000108951  -0.0000257320
   2.9999999899  -0.0000110359   0.0000090841  -0.0000165262
   3.0049999899   0.0000019815   0.0000037678  -0.0000001533
   3.0099999899   0.0000239080  -0.0000059514   0.0000247253
   3.0149999899   0.0000552438  -0.0000206220   0.0000585426
   3.0199999899   0.0000950456  -0.0000401637   0.0001002675
   3.0249999898   0.0001403227  -0.0000635509   0.0001468101
   3.0299999898   0.0001854573  -0.0000884879   0.0001924586
   3.0349999898   0.0002217376  -0.0001111193   0.0002284339
   3.0399999898   0.0002371060  -0.0001258257   0.0002426586
   3.0449999898   0.0002162212  -0.0001251604   0.0002198377
   3.0499999898   0.0001409270  -0.0000999829   0.0001419377
   3.0549999897  -0.0000088162  -0.0000398310  -0.0000108816
   3.0599999897  -0.0002535211   0.0000664412  -0.0002588685
   3.0649999897  -0.0006123303   0.0002297656  -0.0006208598
   3.0699999897  -0.0011008516   0.0004597378  -0.0011121487
   3.0749999897  -0.0017288500   0.0007633477  -0.0017422143
   3.0799999897  -0.0024980302   0.0011436749  -0.0025125423
   3.0849999896  -0.0034001805   0.0015986907  -0.0034147998
   3.0899999896  -0.0044159535   0.0021203235  -0.0044296357
   3.0949999896  -0.0055145306   0.0026939453  -0.0055263499
   3.0999999896  -0.0066543486   0.0032984116  -0.0066636072
   3.1049999896  -0.0077849636   0.0039067453  -0.0077912715
   3.1099999896  -0.0088499969   0.0044874867  -0.0088533108
   3.1149999895  -0.0097909715   0.0050066609  -0.0097915847
   3.1199999895  -0.0105517108   0.0054302251  -0.0105501951
   3.1249999895  -0.0110828707   0.0057267877  -0.0110799785
   3.1299999895  -0.0113461170   0.0058703316  -0.0113426578
   3.1349999895  -0.0113174629   0.0058426464  -0.0113141739
   3.1399999895  -0.0109893543   0.0056351816  -0.0109867849
   3.1449999894  -0.0103712198   0.0052500818  -0.0103696495
   3.1499999894  -0.0094883917   0.0047002464  -0.0094877945
   3.1549999894  -0.0083795089   0.0040083729  -0.0083795702
   3.1599999894  -0.0070927200   0.0032050644  -0.0070929040
   3.1649999894  -0.0056811777   0.0023262089  -0.0056808329
   3.1699999894  -0.0041984143   0.0014099361  -0.0041969000
   3.1749999893  -0.0026942112   0.0004935186  -0.0026910230
   3.1799999893  -0.0012114960  -0.0003894042  -0.0012063665
   3.1849999893   0.0002153642  -0.0012109494   0.0002224052
   3.1899999893   0.0015607322  -0.0019502261   0.0015693520
   3.1949999893   0.0028064539  -0.0025935852   0.0028160661
   3.1999999893   0.0039395592  -0.0031339398   0.0039494213
   3.2049999892   0.0049494654  -0.0035693557   0.0049588078
   3.2099999892   0.0058253287  -0.0039012311   0.0058334943
   3.2149999892   0.0065541713  -0.0041324409   0.0065607393
   3.2199999892   0.0071202672  -0.0042658206   0.0071251412
   3.2249999892   0.0075060340  -0.0043032901   0.0075094777
   3.2299999892   0.0076943776  -0.0042457908   0.0076969902
   3.2349999891   0.0076721299  -0.0040940422   0.0076747657
   3.2399999891   0.0074339645  -0.0038499551   0.0074376082
   3.2449999891   0.0069860186  -0.0035183895   0.0069916381
   3.2499999891   0.0063484339  -0.0031088520   0.0063568329
   3.2549999891   0.0055561570  -0.0026367103   0.0055678528
   3.2599999891   0.0046576072  -0.0021235625   0.0046727511
   3.2649999890   0.0037111699  -0.0015965332   0.0037295231
   3.2699999890   0.0027798654  -0.0010864612   0.0028008310
   3.2749999890   0.0019248814  -0.0006251434   0.0019475855
   3.2799999890   0.0011989022  -0.0002419939   0.0012223084
   3.2849999890   0.0006402506   0.0000393925   0.0006632877
   3.2899999890   0.0002687659   0.0002042295   0.0002904479
   3.2949999889   0.0000840881   0.0002485798   0.0001036079
   3.2999999889   0.0000666349   0.0001800794   0.0000834211
   3.3049999889   0.0001811267   0.0000171790   0.0001948567
   3.3099999889   0.0003820959  -0.0002130316   0.0003926707
   3.3149999889   0.0006205027  -0.0004781183   0.0006279929
   3.3199999889   0.0008504178  -0.0007442425   0.0008549934
   3.3249999888   0.0010347503  -0.0009801709   0.0010366121
   3.3299999888   0.0011492028  -0.0011607807   0.0011485255
   3.3349999888   0.0011839646  -0.0012695770   0.0011808630
   3.3399999888   0.0011430650  -0.0012999166   0.0011375847
   3.3449999888   0.0010417029  -0.0012548451   0.0010338352
   3.3499999888   0.0009021911  -0.0011456781   0.0008919045
   3.3549999887   0.0007493305  -0.0009896432   0.0007366111
   3.3599999887   0.0006060503  -0.0008070179   0.0005909421
   3.3649999887   0.0004900116  -0.0006182327   0.0004726487
   3.3699999887   0.0004116162  -0.0004413644   0.0003922430
   3.3749999887   0.0003735551  -0.0002903251   0.0003525320
   3.3799999886   0.0003717259  -0.0001739011   0.0003495223
   3.3849999886   0.0003971244  -0.0000956351   0.0003743005
   3.3899999886   0.0004381928  -0.0000544108   0.0004153737
   3.3949999886   0.0004831147  -0.0000455125   0.0004609577
   3.3999999886   0.0005216535  -0.0000619047   0.0005008114
   3.4049999886   0.0005463098  -0.0000954993   0.0005273901
   3.4099999885   0.0005527637  -0.0001382408   0.0005362845
   3.4149999885   0.0005397264  -0.0001829217   0.0005260701
   3.4199999885   0.0005084150  -0.0002237072   0.0004977865
   3.4249999885   0.0004618789  -0.0002564054   0.0004542701
   3.4299999885   0.0004043423  -0.0002785348   0.0003995138
   3.4349999885   0.0003406371  -0.0002892384   0.0003381226
   3.4399999884   0.0002757017  -0.0002890730   0.0002748412
   3.4449999884   0.0002140681  -0.0002796789   0.0002140704
   3.4499999884   0.0001592561  -0.0002633305   0.0001592875
   3.4549999884   0.0001130579  -0.0002423806   0.0001123465
   3.4599999884   0.0000747908  -0.0002186425   0.0000727309
   3.4649999884   0.0000406934  -0.0001927974   0.0000369330
   3.4699999883   0.0000036981  -0.0001639467  -0.0000018079
   3.4749999883  -0.0000462027  -0.0001294372  -0.0000531859
   3.4799999883  -0.0001208773  -0.0000850607  -0.0001288009
   3.4849999883  -0.0002323076  -0.0000256649  -0.0002404577
   3.4899999883  -0.0003904125   0.0000538805  -0.0003980227
   3.4949999883  -0.0006008493   0.0001575151  -0.0006072361
   3.4999999882  -0.0008632852   0.0002868484  -0.0008679700
   3.5049999882  -0.0011705992   0.0004403081  -0.0011733935
   3.5099999882  -0.0015093167   0.0006128105  -0.0015103531
   3.5149999882  -0.0018613147   0.0007960866  -0.0018610183
   3.5199999882  -0.0022065346   0.0009796645  -0.0022055391
   3.5249999882  -0.0025261653   0.0011523489  -0.0025251903
   3.5299999881  -0.0028055979   0.0013039086  -0.0028053125
   3.5349999881  -0.0030364568   0.0014266082  -0.0030373556
   3.5399999881  -0.0032171867   0.0015162341  -0.0032195031
   3.5449999881  -0.0033520060   0.0015723627  -0.0033556788
   3.5499999881  -0.0034484376   0.0015977882  -0.0034531349
   3.5549999881  -0.0035140006   0.0015972338  -0.0035191946
   3.5599999880  -0.0035529025   0.0015756492  -0.0035579775
   3.5649999880  -0.0035636190   0.0015365213  -0.0035679876
   3.5699999880  -0.0035380730   0.0014806392  -0.0035412778
   3.5749999880  -0.0034627505   0.0014056611  -0.0034645313
   3.5799999880  -0.0033216090   0.0013066410  -0.0033219255
   3.5849999880  -0.0031001526   0.0011774316  -0.0030991626
   3.5899999879  -0.0027897077   0.0010126504  -0.0027877113
   3.5949999879  -0.0023908163   0.0008097264  -0.0023881838
   3.5999999879  -0.0019148274   0.0005705029  -0.0019119291
   3.6049999879  -0.0013831691   0.0003019504  -0.0013803229
   3.6099999879  -0.0008243466   0.0000157484  -0.0008217924
   3.6149999879  -0.0002692828  -0.0002732307  -0.0002671837
   3.6199999878   0.0002539402  -0.0005492287   0.0002554769
   3.6249999878   0.0007246938  -0.0007981802   0.0007255905
   3.6299999878   0.0011326561  -0.0010099641   0.0011328451
   3.6349999878   0.0014782073  -0.0011797910   0.0014776283
   3.6399999878   0.0017702847  -0.0013083990   0.0017689025
   3.6449999878   0.0020222644  -0.0014010245   0.0020201000
   3.6499999877   0.0022469559  -0.0014654211   0.0022441205
   3.6549999877   0.0024520427  -0.0015094493   0.0024487585
   3.6599999877   0.0026372014  -0.0015388655   0.0026337967
   3.6649999877   0.0027937026  -0.0015558923   0.0027905740
   3.6699999877   0.0029066408  -0.0015589430   0.0029041861
   3.6749999877   0.0029592329  -0.0015435641   0.0029577672
   3.6799999876   0.0029380464  -0.0015043328   0.0029377216
   3.6849999876   0.0028377347  -0.0014371761   0.0028384849
   3.6899999876   0.0026639490  -0.0013414549   0.0026654807
   3.6949999876   0.0024335505  -0.0012212079   0.0024353862
   3.6999999876   0.0021719505  -0.0010851619   0.0021735219
   3.7049999876   0.0019081733  -0.0009454460   0.0019089463
   3.7099999875   0.0016688642  -0.0008152992   0.0016684677
   3.7149999875   0.0014727770  -0.0007063416   0.0014711042
   3.7199999875   0.0013271802  -0.0006261153   0.0013244353
   3.7249999875   0.0012271373  -0.0005765459   0.0012238108
   3.7299999875   0.0011578616  -0.0005537431   0.0011546360
   3.7349999875   0.0010995280  -0.0005492115   0.0010971309
   3.7399999874   0.0010332548  -0.0005521660   0.0010322930
   3.7449999874   0.0009466447  -0.0005523488   0.0009474563
   3.7499999874   0.0008373778  -0.0005426067   0.0008399402
   3.7549999874   0.0007138715  -0.0005205471   0.0007177888
   3.7599999874   0.0005928193  -0.0004888373   0.0005973961
   3.7649999874   0.0004942792  -0.0004540796   0.0004986659
   3.7699999873   0.0004356694  -0.0004245845   0.0004390472
   3.7749999873   0.0004263491  -0.0004076677   0.0004281112
   3.7799999873   0.0004643219  -0.0004072324   0.0004642088
   3.7849999873   0.0005360309  -0.0004223229   0.0005341871
   3.7899999873   0.0006193710  -0.0004470718   0.0006163089
   3.7949999873   0.0006891484  -0.0004720773   0.0006856270
   3.7999999872   0.0007235284  -0.0004868463   0.0007203764
   3.8049999872   0.0007097136  -0.0004826399   0.0007076387
   3.8099999872   0.0006472844  -0.0004549325   0.0006467141
   3.8149999872   0.0005482580  -0.0004047947   0.0005492502
   3.8199999872   0.0004338175  -0.0003387983   0.0004360602
   3.8249999872   0.0003285786  -0.0002674470   0.0003314791
   3.8299999871   0.0002539530  -0.0002025416   0.0002567907
   3.8349999871   0.0002224205  -0.0001541880   0.0002245265
   3.8399999871   0.0002342860  -0.0001282576   0.0002352040
   3.8449999871   0.0002778112  -0.0001249917   0.0002774013
   3.8499999871   0.0003326804  -0.0001391256   0.0003311412
   3.8549999871   0.0003758297  -0.0001614922   0.0003736364
   3.8599999870   0.0003880123  -0.0001816550   0.0003857886
   3.8649999870   0.0003592629  -0.0001908363   0.0003576210
   3.8699999870   0.0002917327  -0.0001843262   0.0002911220
   3.8749999870   0.0001991014  -0.0001627071   0.0001997048
   3.8799999870   0.0001027353  -0.0001315595   0.0001044358
   3.8849999870   0.0000256723  -0.0000997429   0.0000280957
   3.8899999869  -0.0000138719  -0.0000767462  -0.0000112513
   3.8949999869  -0.0000076483  -0.0000698630  -0.0000053701
   3.8999999869   0.0000402773  -0.0000819922   0.0000417936
   3.9049999869   0.0001146307  -0.0001106905   0.0001151819
   3.9099999869   0.0001931737  -0.0001487464   0.0001928085
   3.9149999869   0.0002528849  -0.0001861145   0.0002518731
   3.9199999868   0.0002763335  -0.0002126673   0.0002750811
   3.9249999868   0.0002564521  -0.0002209886   0.0002553871
   3.9299999868   0.0001983759  -0.0002084231   0.0001978360
   3.9349999868   0.0001178453  -0.0001778088   0.0001179983
   3.9399999868   0.0000366487  -0.0001366875   0.0000374626
   3.9449999868  -0.0000235895  -0.0000952220  -0.0000223205
   3.9499999867  -0.0000475082  -0.0000634051  -0.0000460936
   3.9549999867  -0.0000302752  -0.0000483464  -0.0000290347
   3.9599999867   0.0000211702  -0.0000523902   0.0000219952
   3.9649999867   0.0000902186  -0.0000725813   0.0000905259
   3.9699999867   0.0001554066  -0.0001016105   0.0001552513
   3.9749999867   0.0001965552  -0.0001299553   0.0001961226
   3.9799999866   0.0002004758  -0.0001485979   0.0002000200
   3.9849999866   0.0001646320  -0.0001515501   0.0001643993
   3.9899999866   0.0000977432  -0.0001374781   0.0000979031
   3.9949999866   0.0000171980  -0.0001099861   0.0000178001
   3.9999999866  -0.0000559484  -0.0000765022  -0.0000549808
   4.0049999866  -0.0001029425  -0.0000461060  -0.0001017827
   4.0099999865  -0.0001125621  -0.0000269297  -0.0001114253
   4.0149999865  -0.0000841393  -0.0000238770  -0.0000832197
   4.0199999865  -0.0000275565  -0.0000372960  -0.0000269749
   4.0249999865   0.0000397296  -0.0000629656   0.0000399544
   4.0299999865   0.0000977416  -0.0000933712   0.0000976899
   4.0349999864   0.0001296425  -0.0001198834   0.0001294641
   4.0399999864   0.0001263932  -0.0001352052   0.0001262597
   4.0449999864   0.0000891088  -0.0001353875   0.0000891646
   4.0499999864   0.0000285010  -0.0001208546   0.0000288258
   4.0549999864  -0.0000383713  -0.0000961705  -0.0000377788
   4.0599999864  -0.0000930602  -0.0000686430  -0.0000922737
   4.0649999863  -0.0001209537  -0.0000461867  -0.0001200919
   4.0699999863  -0.0001152868  -0.0000350702  -0.0001144755
   4.0749999863  -0.0000788378  -0.0000381856  -0.0000781753
   4.0799999863  -0.0000228985  -0.0000543162  -0.0000224319
   4.0849999863   0.0000361169  -0.0000785843   0.0000363969
   4.0899999863   0.0000813966  -0.0001039194   0.0000815447
   4.0949999862   0.0001004225  -0.0001231043   0.0001005168
   4.0999999862   0.0000883114  -0.0001308081   0.0000884277
   4.1049999862   0.0000489138  -0.0001250323   0.0000491056
   4.1099999862  -0.0000065586  -0.0001075825  -0.0000062693
   4.1149999862  -0.0000629032  -0.0000834644  -0.0000625237
   4.1199999862  -0.0001052774  -0.0000594063  -0.0001048330
   4.1249999861  -0.0001232759  -0.0000419504  -0.0001227961
   4.1299999861  -0.0001136117  -0.0000356596  -0.0001131192
   4.1349999861  -0.0000807101  -0.0000419345  -0.0000802171
   4.1399999861  -0.0000351460  -0.0000587434  -0.0000346574
   4.1449999861   0.0000095460  -0.0000813060   0.0000100244
   4.1499999861   0.0000407262  -0.0001035010   0.0000411798
   4.1549999860   0.0000500699  -0.0001195793   0.0000504732
   4.1599999860   0.0000356304  -0.0001256977   0.0000359529
   4.1649999860   0.0000020475  -0.0001208631   0.0000022666
   4.1699999860  -0.0000410571  -0.0001070551  -0.0000409403
   4.1749999860  -0.0000819544  -0.0000885391  -0.0000819037
   4.1799999860  -0.0001100940  -0.0000705968  -0.0001100362
   4.1849999859  -0.0001188786  -0.0000580521  -0.0001187164
   4.1899999859  -0.0001072046  -0.0000540026  -0.0001068411
   4.1949999859  -0.0000794287  -0.0000590869  -0.0000787987
   4.1999999859  -0.0000438735  -0.0000714525  -0.0000429713
   4.2049999859  -0.0000103730  -0.0000873889  -0.0000092665
   4.2099999859   0.0000124176  -0.0001024161   0.0000135927
   4.2149999858   0.0000192123  -0.0001125087   0.0000202808
   4.2199999858   0.0000092427  -0.0001151237   0.0000100345
   4.2249999858  -0.0000138582  -0.0001097767  -0.0000134592
   4.2299999858  -0.0000433066  -0.0000980474  -0.0000433228
   4.2349999858  -0.0000711328  -0.0000830560  -0.0000714764
   4.2399999858  -0.0000902942  -0.0000685830  -0.0000907805
   4.2449999857  -0.0000963815  -0.0000580846  -0.0000967720
   4.2499999857  -0.0000885229  -0.0000538600  -0.0000885872
   4.2549999857  -0.0000693308  -0.0000565663  -0.0000689118
   4.2599999857  -0.0000439960  -0.0000651723  -0.0000430589
   4.2649999857  -0.0000188310  -0.0000773264  -0.0000174811
   4.2699999857   0.0000003327  -0.0000900158   0.0000018699
   4.2749999856   0.0000094951  -0.0001003345   0.0000109301
   4.2799999856   0.0000072977  -0.0001061707   0.0000083531
   4.2849999856  -0.0000048442  -0.0001066598  -0.0000043567
   4.2899999856  -0.0000232521  -0.0001023156  -0.0000233756
   4.2949999856  -0.0000429650  -0.0000948349  -0.0000435798
   4.2999999856  -0.0000589397  -0.0000866394  -0.0000597899
   4.3049999855  -0.0000671955  -0.0000802742  -0.0000679541
   4.3099999855  -0.0000656690  -0.0000778011  -0.0000660249
   4.3149999855  -0.0000546191  -0.0000803220  -0.0000543620
   4.3199999855  -0.0000365198  -0.0000877302  -0.0000355992
   4.3249999855  -0.0000154776  -0.0000987413  -0.0000140197
   4.3299999855   0.0000036989  -0.0001111920   0.0000054224
   4.3349999854   0.0000165851  -0.0001225429   0.0000182283
   4.3399999854   0.0000201566  -0.0001304736   0.0000213910
   4.3449999854   0.0000135134  -0.0001334372   0.0000141157
   4.3499999854  -0.0000018585  -0.0001310461  -0.0000019473
   4.3549999854  -0.0000223715  -0.0001241905  -0.0000230310
   4.3599999854  -0.0000431321  -0.0001148520  -0.0000440963
   4.3649999853  -0.0000590910  -0.0001056419  -0.0000600200
   4.3699999853  -0.0000662911  -0.0000991651  -0.0000668621
   4.3749999853  -0.0000629095  -0.0000973585  -0.0000629015
   4.3799999853  -0.0000498155  -0.0001009719  -0.0000491647
   4.3849999853  -0.0000304678  -0.0001093306  -0.0000292799
   4.3899999853  -0.0000101324  -0.0001204568  -0.0000086496
   4.3949999852   0.0000054164  -0.0001315366   0.0000068840
   4.3999999852   0.0000113982  -0.0001396277   0.0000125564
   4.4049999852   0.0000053403  -0.0001424301   0.0000059872
   4.4099999852  -0.0000121634  -0.0001389183  -0.0000120886
   4.4149999852  -0.0000374856  -0.0001296596  -0.0000378931
   4.4199999852  -0.0000648207  -0.0001167186  -0.0000655004
   4.4249999851  -0.0000876647  -0.0001031606  -0.0000883462
   4.4299999851  -0.0001005373  -0.0000922720  -0.0001009619
   4.4349999851  -0.0001004792  -0.0000867026  -0.0001004637
   4.4399999851  -0.0000878987  -0.0000877597  -0.0000873755
   4.4449999851  -0.0000665126  -0.0000950505  -0.0000655371
   4.4499999851  -0.0000423726  -0.0001065771  -0.0000410985
   4.4549999850  -0.0000222291  -0.0001192673  -0.0000208609
   4.4599999850  -0.0000116766  -0.0001298005  -0.0000104146
   4.4649999850  -0.0000136022  -0.0001355069  -0.0000125932
   4.4699999850  -0.0000273761  -0.0001350931  -0.0000266844
   4.4749999850  -0.0000490246  -0.0001289922  -0.0000486251
   4.4799999850  -0.0000723420  -0.0001192417  -0.0000721377
   4.4849999849  -0.0000906352  -0.0001089193  -0.0000904882
   4.4899999849  -0.0000986057  -0.0001012935  -0.0000983742
   4.4949999849  -0.0000938373  -0.0000989220  -0.0000934073
   4.4999999849  -0.0000774665  -0.0001029475  -0.0000767720
   4.5049999849  -0.0000538506  -0.0001127849  -0.0000528792
   4.5099999849  -0.0000293311  -0.0001262826  -0.0000281177
   4.5149999848  -0.0000104538  -0.0001403127  -0.0000090662
   4.5199999848  -0.0000021522  -0.0001516228  -0.0000006742
   4.5249999848  -0.0000064097  -0.0001577140  -0.0000049255
   4.5299999848  -0.0000217671  -0.0001575045  -0.0000203499
   4.5349999848  -0.0000437983  -0.0001515994  -0.0000425029
   4.5399999848  -0.0000663982  -0.0001420990  -0.0000652556
   4.5449999847  -0.0000835007  -0.0001320053  -0.0000825150
   4.5499999847  -0.0000907366  -0.0001243939  -0.0000898827
   4.5549999847  -0.0000865704  -0.0001215834  -0.0000857943
   4.5599999847  -0.0000726199  -0.0001245245  -0.0000718432
   4.5649999847  -0.0000531001  -0.0001325735  -0.0000522306
   4.5699999847  -0.0000335806  -0.0001437005  -0.0000325287
   4.5749999846  -0.0000194264  -0.0001550676  -0.0000181252
   4.5799999846  -0.0000143626  -0.0001638129  -0.0000127869
   4.5849999846  -0.0000195471  -0.0001678226  -0.0000177257
   4.5899999846  -0.0000333753  -0.0001662850  -0.0000313913
   4.5949999846  -0.0000520299  -0.0001598844  -0.0000500063
   4.5999999846  -0.0000705853  -0.0001505912  -0.0000686578
   4.6049999845  -0.0000843429  -0.0001411165  -0.0000826255
   4.6099999845  -0.0000900298  -0.0001341865  -0.0000885821
   4.6149999845  -0.0000865597  -0.0001318329  -0.0000853647
   4.6199999845  -0.0000751871  -0.0001348869  -0.0000741485
   4.6249999845  -0.0000590598  -0.0001428023  -0.0000580200
   4.6299999845  -0.0000423242  -0.0001538415  -0.0000411005
   4.6349999844  -0.0000290418  -0.0001655635  -0.0000274728
   4.6399999844  -0.0000221984  -0.0001754732  -0.0000201869
   4.6449999844  -0.0000230416  -0.0001816593  -0.0000205835
   4.6499999844  -0.0000308815  -0.0001832559  -0.0000280711
   4.6549999844  -0.0000433691  -0.0001806179  -0.0000403775
   4.6599999844  -0.0000571502  -0.0001751774  -0.0000541825
   4.6649999843  -0.0000687171  -0.0001690338  -0.0000659587
   4.6699999843  -0.0000752495  -0.0001643915  -0.0000728150
   4.6749999843  -0.0000752525  -0.0001629955  -0.0000731523
   4.6799999843  -0.0000688598  -0.0001657046  -0.0000669932
   4.6849999843  -0.0000577517  -0.0001723018  -0.0000559290
   4.6899999843  -0.0000447210  -0.0001815795  -0.0000427093
   4.6949999842  -0.0000329959  -0.0001916661  -0.0000305769
   4.6999999842  -0.0000254767  -0.0002005055  -0.0000225014
   4.7049999842  -0.0000240567  -0.0002063690  -0.0000204825
   4.7099999842  -0.0000291806  -0.0002082752  -0.0000250803
   4.7149999842  -0.0000397372  -0.0002062206  -0.0000352786
   4.7199999841  -0.0000533156  -0.0002011700  -0.0000487162
   4.7249999841  -0.0000667697  -0.0001948139  -0.0000622382
   4.7299999841  -0.0000769646  -0.0001891532  -0.0000726452
   4.7349999841  -0.0000815348  -0.0001860105  -0.0000774678
   4.7399999841  -0.0000794721  -0.0001865862  -0.0000755806
   4.7449999841  -0.0000713961  -0.0001911648  -0.0000675031
   4.7499999840  -0.0000594327  -0.0001990455  -0.0000553026
   4.7549999840  -0.0000467158  -0.0002087154  -0.0000421098
   4.7599999840  -0.0000366239  -0.0002182271  -0.0000313569
   4.7649999840  -0.0000319364  -0.0002256899  -0.0000259187
   4.7699999840  -0.0000341189  -0.0002297518  -0.0000273745
   4.7749999840  -0.0000429258  -0.0002299501  -0.0000355826
   4.7799999839  -0.0000564332  -0.0002268363  -0.0000486875
   4.7849999839  -0.0000715061  -0.0002218377  -0.0000635712
   4.7899999839  -0.0000845917  -0.0002168892  -0.0000766426
   4.7949999839  -0.0000926387  -0.0002139277  -0.0000847666
   4.7999999839  -0.0000939026  -0.0002143838  -0.0000860909
   4.8049999839  -0.0000884205  -0.0002188064  -0.0000805475
   4.8099999838  -0.0000780188  -0.0002267236  -0.0000698867
   4.8149999838  -0.0000658434  -0.0002367767  -0.0000572272
   4.8199999838  -0.0000555270  -0.0002470906  -0.0000462312
   4.8249999838  -0.0000502151  -0.0002557774  -0.0000401249
   4.8299999838  -0.0000517114  -0.0002614349  -0.0000408260
   4.8349999838  -0.0000599784  -0.0002635047  -0.0000484182
   4.8399999837  -0.0000731331  -0.0002623964  -0.0000611183
   4.8449999837  -0.0000879434  -0.0002593518  -0.0000757497
   4.8499999837  -0.0001006922  -0.0002560943  -0.0000885931
   4.8549999837  -0.0001081715  -0.0002543655  -0.0000963824
   4.8599999837  -0.0001085344  -0.0002554769  -0.0000971716
   4.8649999837  -0.0001017716  -0.0002599929  -0.0000908375
   4.8699999836  -0.0000896841  -0.0002676198  -0.0000790822
   4.8749999836  -0.0000753673  -0.0002773161  -0.0000649441
   4.8799999836  -0.0000623551  -0.0002875840  -0.0000519582
   4.8849999836  -0.0000536672  -0.0002968571  -0.0000432046
   4.8899999836  -0.0000510200  -0.0003038840  -0.0000405057
   4.8949999836  -0.0000544148  -0.0003080169  -0.0000439868
   4.8999999835  -0.0000621998  -0.0003093433  -0.0000521063
   4.9049999835  -0.0000715735  -0.0003086399  -0.0000621296
   4.9099999835  -0.0000793767  -0.0003071689  -0.0000709016
   4.9149999835  -0.0000829459  -0.0003063700  -0.0000756982
   4.9199999835  -0.0000808023  -0.0003075190  -0.0000749286
   4.9249999835  -0.0000730004  -0.0003114307  -0.0000685117
   4.9299999834  -0.0000610661  -0.0003182700  -0.0000578482
   4.9349999834  -0.0000475648  -0.0003275142  -0.0000454181
   4.9399999834  -0.0000354307  -0.0003380750  -0.0000341309
   4.9449999834  -0.0000272446  -0.0003485567  -0.0000266049
   4.9499999834  -0.0000246395  -0.0003575905  -0.0000245591
   4.9549999834  -0.0000279728  -0.0003641702  -0.0000284573
   4.9599999833  -0.0000363216  -0.0003679040  -0.0000374714
   4.9649999833  -0.0000477815  -0.0003691190  -0.0000497501
   4.9699999833  -0.0000599737  -0.0003687858  -0.0000629095
   4.9749999833  -0.0000706302  -0.0003682790  -0.0000746184
   4.9799999833  -0.0000781187  -0.0003690291  -0.0000831375
   4.9849999833  -0.0000817907  -0.0003721574  -0.0000876968
   4.9899999832  -0.0000820873  -0.0003781878  -0.0000886313
   4.9949999832  -0.0000803892  -0.0003869130  -0.0000872582
   4.9999999832  -0.0000786556  -0.0003974513  -0.0000855295
   5.0049999832  -0.0000789382  -0.0004084776  -0.0000855450
   5.0099999832  -0.0000828806  -0.0004185675  -0.0000890361
   5.0149999832  -0.0000913157  -0.0004265624  -0.0000969381
   5.0199999831  -0.0001040505  -0.0004318602  -0.0001091490
   5.0249999831  -0.0001198871  -0.0004345594  -0.0001245298
   5.0299999831  -0.0001368785  -0.0004354234  -0.0001411507
   5.0349999831  -0.0001527595  -0.0004356789  -0.0001567262
   5.0399999831  -0.0001654587  -0.0004367046  -0.0001691408
   5.0449999831  -0.0001735697  -0.0004396899  -0.0001769401
   5.0499999830  -0.0001766697  -0.0004453464  -0.0001796692
   5.0549999830  -0.0001754086  -0.0004537424  -0.0001779734
   5.0599999830  -0.0001713417  -0.0004642950  -0.0001734345
   5.0649999830  -0.0001665436  -0.0004759220  -0.0001681785
   5.0699999830  -0.0001630952  -0.0004873141  -0.0001643493
   5.0749999830  -0.0001625661  -0.0004972639  -0.0001635773
   5.0799999829  -0.0001656229  -0.0005049735  -0.0001665754
   5.0849999829  -0.0001718597  -0.0005102640  -0.0001729637
   5.0899999829  -0.0001798994  -0.0005136347  -0.0001813715
   5.0949999829  -0.0001877434  -0.0005161510  -0.0001897926
   5.0999999829  -0.0001932877  -0.0005191839  -0.0001961094
   5.1049999829  -0.0001948793  -0.0005240624  -0.0001986543
   5.1099999828  -0.0001917721  -0.0005317277  -0.0001966690
   5.1149999828  -0.0001843669  -0.0005424804  -0.0001905420
   5.1199999828  -0.0001741666  -0.0005558915  -0.0001817605
   5.1249999828  -0.0001634541  -0.0005709087  -0.0001725840
   5.1299999828  -0.0001547654  -0.0005861309  -0.0001655164
   5.1349999828  -0.0001502895  -0.0006001792  -0.0001627087
   5.1399999827  -0.0001513447  -0.0006120612  -0.0001654427
   5.1449999827  -0.0001580690  -0.0006214265  -0.0001738293
   5.1499999827  -0.0001694055  -0.0006286397  -0.0001868003
   5.1549999827  -0.0001833917  -0.0006346543  -0.0002023998
   5.1599999827  -0.0001976801  -0.0006407241  -0.0002183006
   5.1649999827  -0.0002101565  -0.0006480385  -0.0002324119
   5.1699999826  -0.0002194936  -0.0006573868  -0.0002434209
   5.1749999826  -0.0002254940  -0.0006689440  -0.0002511246
   5.1799999826  -0.0002291317  -0.0006822323  -0.0002564654
   5.1849999826  -0.0002322810  -0.0006962583  -0.0002612629
   5.1899999826  -0.0002372038  -0.0007097783  -0.0002677126
   5.1949999826  -0.0002459337  -0.0007216106  -0.0002777855
   5.1999999825  -0.0002597180  -0.0007309090  -0.0002926883
   5.2049999825  -0.0002786649  -0.0007373315  -0.0003125226
   5.2099999825  -0.0003016861  -0.0007410719  -0.0003362319
   5.2149999825  -0.0003267462  -0.0007427638  -0.0003618433
   5.2199999825  -0.0003513491  -0.0007432961  -0.0003869382
   5.2249999825  -0.0003731319  -0.0007435956  -0.0004092243
   5.2299999824  -0.0003904120  -0.0007444329  -0.0004270626
   5.2349999824  -0.0004025467  -0.0007462916  -0.0004398138
   5.2399999824  -0.0004100198  -0.0007493226  -0.0004479224
   5.2449999824  -0.0004142378  -0.0007533837  -0.0004527218
   5.2499999824  -0.0004170946  -0.0007581477  -0.0004560192
   5.2549999824  -0.0004204222  -0.0007632528  -0.0004595674
   5.2599999823  -0.0004254661  -0.0007684639  -0.0004645616
   5.2649999823  -0.0004325198  -0.0007738117  -0.0004712851
   5.2699999823  -0.0004408054  -0.0007796824  -0.0004789908
   5.2749999823  -0.0004486274  -0.0007868361  -0.0004860432
   5.2799999823  -0.0004537539  -0.0007963443  -0.0004902811
   5.2849999823  -0.0004539301  -0.0008094521  -0.0004895093
   5.2899999822  -0.0004473925  -0.0008273859  -0.0004819955
   5.2949999822  -0.0004332596  -0.0008511433  -0.0004668524
   5.2999999822  -0.0004117081  -0.0008813058  -0.0004442157
   5.3049999822  -0.0003838965  -0.0009179160  -0.0004151805
   5.3099999822  -0.0003516650  -0.0009604442  -0.0003815189
   5.3149999822  -0.0003170919  -0.0010078512  -0.0003452560
   5.3199999821  -0.0002820212  -0.0010587273  -0.0003082112
   5.3249999821  -0.0002476773  -0.0011114705  -0.0002716202
   5.3299999821  -0.0002144609  -0.0011644544  -0.0002359282
   5.3349999821  -0.0001819703  -0.0012161414  -0.0002008004
   5.3399999821  -0.0001492381  -0.0012651121  -0.0001653449
   5.3449999821  -0.0001151207  -0.0013100051  -0.0001284876
   5.3499999820  -0.0000787445  -0.0013493888  -0.0000894074
   5.3549999820  -0.0000398983  -0.0013816044  -0.0000479240
   5.3599999820   0.0000007214  -0.0014046325  -0.0000047427
   5.3649999820   0.0000414737  -0.0014160287   0.0000385034
   5.3699999820   0.0000799574  -0.0014129592   0.0000794301
   5.3749999820   0.0001133762  -0.0013923451   0.0001152595
   5.3799999819   0.0001390060  -0.0013510973   0.0001432817
   5.3849999819   0.0001546583  -0.0012864037   0.0001613137
   5.3899999819   0.0001590356  -0.0011960194   0.0001680526
   5.3949999819   0.0001518952  -0.0010785087   0.0001632394
   5.3999999819   0.0001339852  -0.0009334003   0.0001475957
   5.4049999818   0.0001067692  -0.0007612332   0.0001225510
   5.4099999818   0.0000720107  -0.0005634952   0.0000898308
   5.4149999818   0.0000313248  -0.0003424771   0.0000510135
   5.4199999818  -0.0000141848  -0.0001010794   0.0000071736
   5.4249999818  -0.0000641053   0.0001573834  -0.0000412910
   5.4299999818  -0.0001186602   0.0004293395  -0.0000946009
   5.4349999817  -0.0001784365   0.0007110522  -0.0001533202
   5.4399999817  -0.0002439664   0.0009986375  -0.0002179434
   5.4449999817  -0.0003152844   0.0012880250  -0.0002884589
   5.4499999817  -0.0003915846   0.0015748955  -0.0003640189
   5.4549999817  -0.0004710812   0.0018546425  -0.0004428107
   5.4599999817  -0.0005511185   0.0021224047  -0.0005221752
   5.4649999816  -0.0006285074   0.0023732012  -0.0005989471
   5.4699999816  -0.0007000075   0.0026021798  -0.0006699320
   5.4749999816  -0.0007628330   0.0028049545  -0.0007324024
   5.4799999816  -0.0008150623   0.0029779831  -0.0007844915
   5.4849999816  -0.0008558564   0.0031189165  -0.0008253970
   5.4899999816  -0.0008854482   0.0032268476  -0.0008553585
   5.4949999815  -0.0009049228   0.0033024090  -0.0008754337
   5.4999999815  -0.0009158587   0.0033476971  -0.0008871433
   5.5049999815  -0.0009199265   0.0033660402  -0.0008920819
   5.5099999815  -0.0009185431   0.0033616646  -0.0008915889
   5.5149999815  -0.0009126561   0.0033393309  -0.0008865486
   5.5199999815  -0.0009026908   0.0033040131  -0.0008773510
   5.5249999814  -0.0008886559   0.0032606730  -0.0008640026
   5.5299999814  -0.0008703629   0.0032141462  -0.0008463428
   5.5349999814  -0.0008476939   0.0031691193  -0.0008243005
   5.5399999814  -0.0008208443   0.0031301484  -0.0007981228
   5.5449999814  -0.0007904791   0.0031016614  -0.0007685136
   5.5499999814  -0.0007577569   0.0030878927  -0.0007366470
   5.5549999813  -0.0007242123   0.0030927288  -0.0007040434
   5.5599999813  -0.0006915137   0.0031194748  -0.0006723299
   5.5649999813  -0.0006611452   0.0031705814  -0.0006429326
   5.5699999813  -0.0006340817   0.0032473887  -0.0006167653
   5.5749999813  -0.0006105295   0.0033499425  -0.0005939867
   5.5799999813  -0.0005897968   0.0034769257  -0.0005738817
   5.5849999812  -0.0005703287   0.0036257200  -0.0005549040
   5.5899999812  -0.0005499072   0.0037925929  -0.0005348734
   5.5949999812  -0.0005259754   0.0039729792  -0.0005112928
   5.5999999812  -0.0004960176   0.0041618212  -0.0004817138
   5.6049999812  -0.0004579112   0.0043539211  -0.0004440739
   5.6099999812  -0.0004101755   0.0045442696  -0.0003969318
   5.6149999811  -0.0003520692   0.0047283162  -0.0003395570
   5.6199999811  -0.0002835262   0.0049021597  -0.0002718638
   5.6249999811  -0.0002049613   0.0050626474  -0.0001942217
   5.6299999811  -0.0001170039   0.0052073846  -0.0001072004
   5.6349999811  -0.0000202367   0.0053346708  -0.0000113208
   5.6399999811   0.0000849966   0.0054433908   0.0000931239
   5.6449999810   0.0001986661   0.0055328954   0.0002061341
   5.6499999810   0.0003210023   0.0056029056   0.0003279460
   5.6549999810   0.0004523336   0.0056534622   0.0004588701
   5.6599999810   0.0005928589   0.0056849227   0.0005990708
   5.6649999810   0.0007424167   0.0056979870   0.0007483446
   5.6699999810   0.0009003082   0.0056937142   0.0009059537
   5.6749999809   0.0010652232   0.0056734905   0.0010705609
   5.6799999809   0.0012352929   0.0056389177   0.0012402881
   5.6849999809   0.0014082686   0.0055916149   0.0014128955
   5.6899999809   0.0015817960   0.0055329547   0.0015860533
   5.6949999809   0.0017537318   0.0054637827   0.0017576509
   5.6999999809   0.0019224375   0.0053841796   0.0019260816
   5.7049999808   0.0020869820   0.0052933221   0.0020904366
   5.7099999808   0.0022472031   0.0051894797   0.0022505590
   5.7149999808   0.0024036047   0.0050701513   0.0024069377
   5.7199999808   0.0025571069   0.0049323153   0.0025604580
   5.7249999808   0.0027086995   0.0047727464   0.0027120613
   5.7299999808   0.0028590801   0.0045883376   0.0028623911
   5.7349999807   0.0030083613   0.0043763790   0.0030115127
   5.7399999807   0.0031559209   0.0041347576   0.0031587728
   5.7449999807   0.0033004278   0.0038620658   0.0033028340
   5.7499999807   0.0034400352   0.0035576289   0.0034418708
   5.7549999807   0.0035726837   0.0032214742   0.0035738702
   5.7599999807   0.0036964309   0.0028542693   0.0036969529
   5.7649999806   0.0038097152   0.0024572574   0.0038096248
   5.7699999806   0.0039114859   0.0020322050   0.0039108940
   5.7749999806   0.0040011689   0.0015813712   0.0040002244
   5.7799999806   0.0040784880   0.0011074949   0.0040773501
   5.7849999806   0.0041432017   0.0006137875   0.0041420111
   5.7899999806   0.0041948381   0.0001039149   0.0041936944
   5.7949999805   0.0042325111  -0.0004180493   0.0042314606
   5.7999999805   0.0042548719  -0.0009477132   0.0042539090
   5.8049999805   0.0042602157  -0.0014805055   0.0042592965
   5.8099999805   0.0042467168  -0.0020118558   0.0042457804
   5.8149999805   0.0042127349  -0.0025373996   0.0042117275
   5.8199999805   0.0041571196  -0.0030531772   0.0041560137
   5.8249999804   0.0040794437  -0.0035557937   0.0040782477
   5.8299999804   0.0039801153  -0.0040425096   0.0039788716
   5.8349999804   0.0038603508  -0.0045112455   0.0038591217
   5.8399999804   0.0037220197  -0.0049604997   0.0037208668
   5.8449999804   0.0035673992  -0.0053891968   0.0035663607
   5.8499999804   0.0033988897  -0.0057964992   0.0033979622
   5.8549999803   0.0032187467  -0.0061816203   0.0032178765
   5.8599999803   0.0030288761  -0.0065436730   0.0030279630
   5.8649999803   0.0028307258  -0.0068815756   0.0028296382
   5.8699999803   0.0026252861  -0.0071940245   0.0026238853
   5.8749999803   0.0024131905  -0.0074795246   0.0024113578
   5.8799999803   0.0021948890  -0.0077364611   0.0021925508
   5.8849999802   0.0019708534  -0.0079631910   0.0019679982
   5.8899999802   0.0017417635  -0.0081581370   0.0017384478
   5.8949999802   0.0015086311  -0.0083198698   0.0015049723
   5.8999999802   0.0012728287  -0.0084471749   0.0012689873
   5.9049999802   0.0010360130  -0.0085391027   0.0010321670
   5.9099999802   0.0007999603  -0.0085950036   0.0007962774
   5.9149999801   0.0005663548  -0.0086145542   0.0005629675
   5.9199999801   0.0003365852  -0.0085977747   0.0003335733
   5.9249999801   0.0001116069  -0.0085450427   0.0001089912
   5.9299999801  -0.0001080862  -0.0084571054  -0.0001103392
   5.9349999801  -0.0003223669  -0.0083350936  -0.0003243309
   5.9399999801  -0.0005312758  -0.0081805367  -0.0005330439
   5.9449999800  -0.0007347657  -0.0079953793  -0.0007364290
   5.9499999800  -0.0009324594  -0.0077819890  -0.0009340891
   5.9549999800  -0.0011234866  -0.0075431455  -0.0011251244
   5.9599999800  -0.0013064495  -0.0072819976  -0.0013081073
   5.9649999800  -0.0014795325  -0.0070019772  -0.0014812020
   5.9699999800  -0.0016407355  -0.0067066673  -0.0016424037
   5.9749999799  -0.0017881750  -0.0063996345  -0.0017898411
   5.9799999799  -0.0019203831  -0.0060842453  -0.0019220725
   5.9849999799  -0.0020365340  -0.0057634959  -0.0020383033
   5.9899999799  -0.0021365473  -0.0054398870  -0.0021384802
   5.9949999799  -0.0022210517  -0.0051153663  -0.0022232438
