   0.0000000000   0.0000000000   0.0000000000   0.0000000000
   0.0050000000   0.0000000000   0.0000000000   0.0000000000
   0.0100000000   0.0000000000   0.0000000000   0.0000000000
   0.0149999999   0.0000000000   0.0000000000   0.0000000000
   0.0199999999   0.0000000000   0.0000000000   0.0000000000
   0.0249999999   0.0000000000   0.0000000000   0.0000000000
   0.0299999999   0.0000000000   0.0000000000   0.0000000000
   0.0349999999   0.0000000000   0.0000000000   0.0000000000
   0.0399999999  -0.0000000000  -0.0000000000  -0.0000000000
   0.0449999998  -0.0000000000  -0.0000000000  -0.0000000000
   0.0499999998  -0.0000000000  -0.0000000000  -0.0000000000
   0.0549999998  -0.0000000000  -0.0000000000  -0.0000000000
   0.0599999998  -0.0000000000  -0.0000000000  -0.0000000000
   0.0649999998  -0.0000000000  -0.0000000000  -0.0000000000
   0.0699999998  -0.0000000000  -0.0000000000  -0.0000000000
   0.0749999997  -0.0000000000  -0.0000000000  -0.0000000000
   0.0799999997  -0.0000000000  -0.0000000000  -0.0000000000
   0.0849999997  -0.0000000000  -0.0000000000  -0.0000000000
   0.0899999997  -0.0000000000  -0.0000000000  -0.0000000000
   0.0949999997  -0.0000000000  -0.0000000000  -0.0000000000
   0.0999999997  -0.0000000000  -0.0000000000  -0.0000000000
   0.1049999996  -0.0000000000  -0.0000000000  -0.0000000000
   0.1099999996  -0.0000000000  -0.0000000000  -0.0000000000
   0.1149999996  -0.0000000000  -0.0000000000  -0.0000000000
   0.1199999996  -0.0000000000  -0.0000000000  -0.0000000000
   0.1249999996  -0.0000000000  -0.0000000000  -0.0000000000
   0.1299999996  -0.0000000000  -0.0000000000  -0.0000000000
   0.1349999995  -0.0000000000  -0.0000000000  -0.0000000000
   0.1399999995   0.0000000000   0.0000000000   0.0000000000
   0.1449999995   0.0000000000   0.0000000000   0.0000000000
   0.1499999995   0.0000000000   0.0000000000   0.0000000000
   0.1549999995   0.0000000000   0.0000000000   0.0000000000
   0.1599999995   0.0000000000   0.0000000000   0.0000000000
   0.1649999994  -0.0000000000   0.0000000000  -0.0000000000
   0.1699999994  -0.0000000000  -0.0000000000  -0.0000000000
   0.1749999994  -0.0000000000  -0.0000000000  -0.0000000000
   0.1799999994  -0.0000000000  -0.0000000000  -0.0000000000
   0.1849999994  -0.0000000000  -0.0000000000  -0.0000000000
   0.1899999994   0.0000000000  -0.0000000000   0.0000000000
   0.1949999993   0.0000000000   0.0000000000   0.0000000000
   0.1999999993   0.0000000000   0.0000000000   0.0000000000
   0.2049999993   0.0000000000   0.0000000000   0.0000000000
   0.2099999993  -0.0000000000   0.0000000000  -0.0000000000
   0.2149999993  -0.0000000000   0.0000000000  -0.0000000000
   0.2199999993  -0.0000000000  -0.0000000000  -0.0000000000
   0.2249999992  -0.0000000000  -0.0000000000  -0.0000000000
   0.2299999992   0.0000000000  -0.0000000000   0.0000000000
   0.2349999992   0.0000000000  -0.0000000000   0.0000000000
   0.2399999992   0.0000000000  -0.0000000000   0.0000000000
   0.2449999992   0.0000000000   0.0000000000   0.0000000000
   0.2499999992  -0.0000000000   0.0000000000  -0.0000000000
   0.2549999991  -0.0000000000   0.0000000000  -0.0000000000
   0.2599999991  -0.0000000000   0.0000000000  -0.0000000000
   0.2649999991  -0.0000000000   0.0000000000  -0.0000000000
   0.2699999991  -0.0000000000  -0.0000000000  -0.0000000000
   0.2749999991   0.0000000000  -0.0000000000   0.0000000000
   0.2799999991   0.0000000000  -0.0000000000   0.0000000000
   0.2849999990   0.0000000000  -0.0000000000   0.0000000000
   0.2899999990   0.0000000000   0.0000000000   0.0000000000
   0.2949999990   0.0000000000   0.0000000000   0.0000000000
   0.2999999990  -0.0000000000   0.0000000000  -0.0000000000
   0.3049999990  -0.0000000000   0.0000000000  -0.0000000000
   0.3099999990  -0.0000000000  -0.0000000000  -0.0000000000
   0.3149999989  -0.0000000000  -0.0000000000  -0.0000000000
   0.3199999989  -0.0000000000  -0.0000000000  -0.0000000000
   0.3249999989   0.0000000000  -0.0000000000   0.0000000000
   0.3299999989   0.0000000000  -0.0000000000   0.0000000000
   0.3349999989   0.0000000000   0.0000000000   0.0000000000
   0.3399999989   0.0000000000   0.0000000001   0.0000000000
   0.3449999988  -0.0000000000   0.0000000001  -0.0000000000
   0.3499999988  -0.0000000001   0.0000000001  -0.0000000001
   0.3549999988  -0.0000000001   0.0000000000  -0.0000000001
   0.3599999988   0.0000000000  -0.0000000001   0.0000000000
   0.3649999988   0.0000000003  -0.0000000002   0.0000000003
   0.3699999988   0.0000000007  -0.0000000001   0.0000000007
   0.3749999987   0.0000000011  -0.0000000000   0.0000000011
   0.3799999987   0.0000000008   0.0000000000   0.0000000008
   0.3849999987  -0.0000000010  -0.0000000004  -0.0000000010
   0.3899999987  -0.0000000050  -0.0000000019  -0.0000000050
   0.3949999987  -0.0000000108  -0.0000000045  -0.0000000108
   0.3999999987  -0.0000000159  -0.0000000069  -0.0000000159
   0.4049999986  -0.0000000143  -0.0000000054  -0.0000000143
   0.4099999986   0.0000000028   0.0000000059   0.0000000028
   0.4149999986   0.0000000448   0.0000000334   0.0000000448
   0.4199999986   0.0000001133   0.0000000784   0.0000001133
   0.4249999986   0.0000001910   0.0000001280   0.0000001910
   0.4299999986   0.0000002291   0.0000001453   0.0000002291
   0.4349999985   0.0000001408   0.0000000640   0.0000001408
   0.4399999985  -0.0000001844  -0.0000001995  -0.0000001844
   0.4449999985  -0.0000008341  -0.0000007084  -0.0000008341
   0.4499999985  -0.0000017834  -0.0000014321  -0.0000017834
   0.4549999985  -0.0000027709  -0.0000021463  -0.0000027709
   0.4599999985  -0.0000031783  -0.0000023377  -0.0000031783
   0.4649999984  -0.0000019866  -0.0000011764  -0.0000019866
   0.4699999984   0.0000020824   0.0000023557   0.0000020824
   0.4749999984   0.0000101229   0.0000090861   0.0000101229
   0.4799999984   0.0000222286   0.0000189700   0.0000222286
   0.4849999984   0.0000363429   0.0000301470   0.0000363429
   0.4899999984   0.0000470095   0.0000379390   0.0000470095
   0.4949999983   0.0000445007   0.0000341892   0.0000445007
   0.4999999983   0.0000150341   0.0000075225   0.0000150341
   0.5049999983  -0.0000570897  -0.0000548040  -0.0000570897
   0.5099999983  -0.0001846929  -0.0001628880  -0.0001846929
   0.5149999983  -0.0003699528  -0.0003177815  -0.0003699528
   0.5199999983  -0.0005941031  -0.0005030911  -0.0005941032
   0.5249999982  -0.0008060624  -0.0006757672  -0.0008060624
   0.5299999982  -0.0009125108  -0.0007580893  -0.0009125108
   0.5349999982  -0.0007727153  -0.0006334369  -0.0007727152
   0.5399999982  -0.0002015355  -0.0001485090  -0.0002015354
   0.5449999982   0.0010167651   0.0008759897   0.0010167653
   0.5499999982   0.0031031272   0.0026255989   0.0031031275
   0.5549999981   0.0062486248   0.0052647175   0.0062486252
   0.5599999981   0.0105746013   0.0089052389   0.0105746018
   0.5649999981   0.0160953952   0.0135767138   0.0160953956
   0.5699999981   0.0226921946   0.0192044117   0.0226921947
   0.5749999981   0.0301057289   0.0256010741   0.0301057286
   0.5799999981   0.0379524671   0.0324760089   0.0379524661
   0.5849999980   0.0457641855   0.0394617736   0.0457641836
   0.5899999980   0.0530452232   0.0461547821   0.0530452202
   0.5949999980   0.0593369264   0.0521627350   0.0593369226
   0.5999999980   0.0642761631   0.0571498301   0.0642761590
   0.6049999980   0.0676353909   0.0608709224   0.0676353873
   0.6099999980   0.0693357655   0.0631883002   0.0693357638
   0.6149999979   0.0694313450   0.0640689552   0.0694313466
   0.6199999979   0.0680698518   0.0635650512   0.0680698579
   0.6249999979   0.0654415747   0.0617843585   0.0654415859
   0.6299999979   0.0617309163   0.0588595303   0.0617309319
   0.6349999979   0.0570837887   0.0549245897   0.0570838064
   0.6399999979   0.0515988008   0.0501040455   0.0515988162
   0.6449999978   0.0453424980   0.0445155770   0.0453425049
   0.6499999978   0.0383812274   0.0382826734   0.0383812190
   0.6549999978   0.0308169913   0.0315504494   0.0308169617
   0.6599999978   0.0228136639   0.0244971042   0.0228136109
   0.6649999978   0.0146035327   0.0173353524   0.0146034613
   0.6699999978   0.0064710957   0.0103019423   0.0064710209
   0.6749999977  -0.0012810054   0.0036377424  -0.0012810551
   0.6799999977  -0.0083728543  -0.0024357229  -0.0083728362
   0.6849999977  -0.0145816572  -0.0077361708  -0.0145815169
   0.6899999977  -0.0197589329  -0.0121311214  -0.0197586114
   0.6949999977  -0.0238261617  -0.0155367799  -0.0238256092
   0.6999999976  -0.0267525346  -0.0179071716  -0.0267517321
   0.7049999976  -0.0285251024  -0.0192190158  -0.0285240913
   0.7099999976  -0.0291245220  -0.0194593890  -0.0291234409
   0.7149999976  -0.0285176285  -0.0186222007  -0.0285167551
   0.7199999976  -0.0266718412  -0.0167162196  -0.0266716346
   0.7249999976  -0.0235881029  -0.0137829557  -0.0235892404
   0.7299999975  -0.0193415583  -0.0099186352  -0.0193449589
   0.7349999975  -0.0141151498  -0.0052921790  -0.0141219762
   0.7399999975  -0.0082121997  -0.0001513192  -0.0082238313
   0.7449999975  -0.0020396278   0.0051882692  -0.0020575986
   0.7499999975   0.0039380477   0.0103714899   0.0039121468
   0.7549999975   0.0092650719   0.0150458112   0.0092297243
   0.7599999974   0.0135660970   0.0189086516   0.0135200135
   0.7649999974   0.0166060930   0.0217502585   0.0165483738
   0.7699999974   0.0183243090   0.0234828097   0.0182545922
   0.7749999974   0.0188345878   0.0241493679   0.0187531649
   0.7799999974   0.0183926232   0.0239107037   0.0183004999
   0.7849999974   0.0173384894   0.0230127962   0.0172373771
   0.7899999973   0.0160280539   0.0217418995   0.0159202848
   0.7949999973   0.0147686082   0.0203765430   0.0146569782
   0.7999999973   0.0137721133   0.0191461777   0.0136596682
   0.8049999973   0.0131346130   0.0182043653   0.0130244030
   0.8099999973   0.0128439241   0.0176208371   0.0127387590
   0.8149999973   0.0128111863   0.0173922550   0.0127134238
   0.8199999972   0.0129166473   0.0174671372   0.0128280446
   0.8249999972   0.0130572621   0.0177772467   0.0129789098
   0.8299999972   0.0131838779   0.0182665996   0.0131162229
   0.8349999972   0.0133189270   0.0189104807   0.0132618751
   0.8399999972   0.0135509682   0.0197201419   0.0135040452
   0.8449999972   0.0140088087   0.0207333012   0.0139713451
   0.8499999971   0.0148236220   0.0219948449   0.0147949263
   0.8549999971   0.0160908314   0.0235349480   0.0160703169
   0.8599999971   0.0178434262   0.0253522686   0.0178306668
   0.8649999971   0.0200446775   0.0274077866   0.0200393827
   0.8699999971   0.0226019083   0.0296309313   0.0226038242
   0.8749999971   0.0253959824   0.0319351958   0.0254047415
   0.8799999970   0.0283158310   0.0342370143   0.0283307862
   0.8849999970   0.0312855250   0.0364704641   0.0313056076
   0.8899999970   0.0342739185   0.0385918054   0.0342975575
   0.8949999970   0.0372829998   0.0405714679   0.0373081295
   0.8999999970   0.0403187467   0.0423755930   0.0403429131
   0.9049999970   0.0433547993   0.0439430430   0.0433753556
   0.9099999969   0.0463022416   0.0451655973   0.0463166075
   0.9149999969   0.0489970916   0.0458782525   0.0490030338
   0.9199999969   0.0512112381   0.0458634792   0.0512071272
   0.9249999969   0.0526846185   0.0448690719   0.0526696180
   0.9299999969   0.0531692324   0.0426353264   0.0531433869
   0.9349999969   0.0524717147   0.0389249878   0.0524359223
   0.9399999968   0.0504820011   0.0335493615   0.0504378744
   0.9449999968   0.0471807148   0.0263860075   0.0471303545
   0.9499999968   0.0426253671   0.0173866413   0.0425710841
   0.9549999968   0.0369225195   0.0065770306   0.0368665522
   0.9599999968   0.0301972167  -0.0059473045   0.0301414836
   0.9649999968   0.0225708823  -0.0200254747   0.0225168057
   0.9699999967   0.0141547593  -0.0354329214   0.0141031783
   0.9749999967   0.0050595704  -0.0518799752   0.0050107472
   0.9799999967  -0.0045841701  -0.0690091736  -0.0046304635
   0.9849999967  -0.0146046085  -0.0863947591  -0.0146489467
   0.9899999967  -0.0247753956  -0.1035479946  -0.0248185295
   0.9949999967  -0.0348173198  -0.1199308454  -0.0348600104
   0.9999999966  -0.0444158470  -0.1349786256  -0.0444587280
   1.0049999966  -0.0532503777  -0.1481300515  -0.0532938653
   1.0099999966  -0.0610275369  -0.1588614316  -0.0610717925
   1.0149999966  -0.0675101436  -0.1667208497  -0.0675550881
   1.0199999966  -0.0725355727  -0.1713582764  -0.0725809417
   1.0249999966  -0.0760209877  -0.1725483947  -0.0760664125
   1.0299999965  -0.0779568971  -0.1702042159  -0.0780019950
   1.0349999965  -0.0783933272  -0.1643809172  -0.0784377844
   1.0399999965  -0.0774238679  -0.1552704977  -0.0774675045
   1.0449999965  -0.0751719718  -0.1431886519  -0.0752147795
   1.0499999965  -0.0717818382  -0.1285557002  -0.0718239904
   1.0549999965  -0.0674139370  -0.1118735294  -0.0674557730
   1.0599999964  -0.0622435432  -0.0937003857  -0.0622855339
   1.0649999964  -0.0564599801  -0.0746251020  -0.0565026833
   1.0699999964  -0.0502645732  -0.0552420185  -0.0503085870
   1.0749999964  -0.0438662030  -0.0361275126  -0.0439121255
   1.0799999964  -0.0374743463  -0.0178187707  -0.0375227449
   1.0849999964  -0.0312902319  -0.0007952313  -0.0313416239
   1.0899999963  -0.0254970928   0.0145369587  -0.0255519363
   1.0949999963  -0.0202505490   0.0278571264  -0.0203092408
   1.0999999963  -0.0156700883   0.0389384844  -0.0157329662
   1.1049999963  -0.0118325673   0.0476523321  -0.0118999140
   1.1099999963  -0.0087686358   0.0539676711  -0.0088406838
   1.1149999963  -0.0064628877   0.0579460715  -0.0065398246
   1.1199999962  -0.0048582140   0.0597319828  -0.0049401888
   1.1249999962  -0.0038642100   0.0595391402  -0.0039513412
   1.1299999962  -0.0033686697   0.0576341630  -0.0034610501
   1.1349999962  -0.0032504121   0.0543187803  -0.0033481102
   1.1399999962  -0.0033912527   0.0499122446  -0.0034943040
   1.1449999962  -0.0036850663   0.0447353543  -0.0037934521
   1.1499999961  -0.0040426458   0.0390971200  -0.0041562590
   1.1549999961  -0.0043922394   0.0332845475  -0.0045108402
   1.1599999961  -0.0046768788   0.0275554100  -0.0048000480
   1.1649999961  -0.0048504680   0.0221333824  -0.0049775677
   1.1699999961  -0.0048747812   0.0172046448  -0.0050049340
   1.1749999961  -0.0047189386   0.0129151036  -0.0048510307
   1.1799999960  -0.0043617957   0.0093677086  -0.0044945073
   1.1849999960  -0.0037963952   0.0066198664  -0.0039282501
   1.1899999960  -0.0030346483   0.0046815130  -0.0031640707
   1.1949999960  -0.0021100889   0.0035148066  -0.0022354484
   1.1999999960  -0.0010769974   0.0030365195  -0.0011966249
   1.2049999960  -0.0000052541   0.0031239514  -0.0001174129
   1.2099999959   0.0010284047   0.0036246247   0.0009255998
   1.2149999959   0.0019509490   0.0043692772   0.0018596590
   1.2199999959   0.0027031013   0.0051869458   0.0026259264
   1.2249999959   0.0032467042   0.0059204226   0.0031868601
   1.2299999959   0.0035680233   0.0064401910   0.0035295063
   1.2349999959   0.0036767148   0.0066551485   0.0036644301
   1.2399999958   0.0036012458   0.0065189210   0.0036210794
   1.2449999958   0.0033822572   0.0060312390   0.0034410766
   1.2499999958   0.0030655328   0.0052345189   0.0031711109
   1.2549999958   0.0026959340   0.0042063463   0.0028567962
   1.2599999958   0.0023130635   0.0030489342   0.0025382631
   1.2649999958   0.0019487876   0.0018768076   0.0022476177
   1.2699999957   0.0016262976   0.0008040059   0.0020079464
   1.2749999957   0.0013602059  -0.0000679719   0.0018333651
   1.2799999957   0.0011572421  -0.0006603857   0.0017296738
   1.2849999957   0.0010172919  -0.0009247286   0.0016953630
   1.2899999957   0.0009346876  -0.0008468074   0.0017228809
   1.2949999957   0.0008997151  -0.0004471067   0.0018001303
   1.2999999956   0.0009002470   0.0002225000   0.0019121114
   1.3049999956   0.0009233209   0.0010852310   0.0020425317
   1.3099999956   0.0009564375   0.0020482552   0.0021751682
   1.3149999956   0.0009884263   0.0030128777   0.0022948283
   1.3199999956   0.0010098886   0.0038849092   0.0023879265
   1.3249999956   0.0010134145   0.0045841349   0.0024428682
   1.3299999955   0.0009938656   0.0050519729   0.0024505282
   1.3349999955   0.0009489486   0.0052566568   0.0024050416
   1.3399999955   0.0008800845   0.0051955366   0.0023048976
   1.3449999955   0.0007932891   0.0048943479   0.0021540379
   1.3499999955   0.0006995600   0.0044035452   0.0019624411
   1.3549999954   0.0006142483   0.0037920404   0.0017456545
   1.3599999954   0.0005551191   0.0031389480   0.0015229691
   1.3649999954   0.0005392321   0.0025241904   0.0013143568
   1.3699999954   0.0005792387   0.0020190286   0.0011367633
   1.3749999954   0.0006800272   0.0016776929   0.0010006838
   1.3799999954   0.0008366888   0.0015312351   0.0009079943
   1.3849999953   0.0010344965   0.0015844783   0.0008517309
   1.3899999953   0.0012510538   0.0018165174   0.0008179762
   1.3949999953   0.0014601617   0.0021846858   0.0007894051
   1.3999999953   0.0016364704   0.0026313530   0.0007495621
   1.4049999953   0.0017597904   0.0030924679   0.0006867574
   1.4099999953   0.0018180855   0.0035065107   0.0005966189
   1.4149999952   0.0018085903   0.0038225097   0.0004827652
   1.4199999952   0.0017370395   0.0040060082   0.0003556132
   1.4249999952   0.0016154718   0.0040422782   0.0002298147
   1.4299999952   0.0014593506   0.0039365663   0.0001210932
   1.4349999952   0.0012847569   0.0037116281   0.0000432672
   1.4399999952   0.0011062120   0.0034031755   0.0000060415
   1.4449999951   0.0009353777   0.0030540771   0.0000138296
   1.4499999951   0.0007805894   0.0027082091   0.0000655714
   1.4549999951   0.0006469971   0.0024047828   0.0001553144
   1.4599999951   0.0005370436   0.0021738046   0.0002732719
   1.4649999951   0.0004510753   0.0020331132   0.0004071258
   1.4699999951   0.0003879812   0.0019872098   0.0005434269
   1.4749999950   0.0003458279   0.0020278685   0.0006690132
   1.4799999950   0.0003224678   0.0021363125   0.0007723656
   1.4849999950   0.0003160552   0.0022865617   0.0008447779
   1.4899999950   0.0003253579   0.0024494297   0.0008811751
   1.4949999950   0.0003497492   0.0025965885   0.0008804167
   1.4999999950   0.0003888334   0.0027041409   0.0008450086
   1.5049999949   0.0004417847   0.0027552584   0.0007802869
   1.5099999949   0.0005066120   0.0027416181   0.0006932931
   1.5149999949   0.0005796328   0.0026635959   0.0005916479
   1.5199999949   0.0006554096   0.0025293657   0.0004827190
   1.5249999949   0.0007272590   0.0023531983   0.0003732478
   1.5299999949   0.0007882389   0.0021533061   0.0002694041
   1.5349999948   0.0008323324   0.0019495531   0.0001770546
   1.5399999948   0.0008554546   0.0017612711   0.0001019361
   1.5449999948   0.0008559534   0.0016053329   0.0000494688
   1.5499999948   0.0008344580   0.0014945667   0.0000241115
   1.5549999948   0.0007931641   0.0014365750   0.0000283912
   1.5599999948   0.0007348562   0.0014330294   0.0000619288
   1.5649999947   0.0006620618   0.0014795309   0.0001208610
   1.5699999947   0.0005766664   0.0015661139   0.0001979706
   1.5749999947   0.0004801287   0.0016784159   0.0002836235
   1.5799999947   0.0003741806   0.0017994292   0.0003673412
   1.5849999947   0.0002616961   0.0019116331   0.0004396143
   1.5899999947   0.0001473268   0.0019992024   0.0004934736
   1.5949999946   0.0000375824   0.0020499444   0.0005254128
   1.5999999946  -0.0000597713   0.0020566590   0.0005354622
   1.6049999946  -0.0001368762   0.0020177211   0.0005264790
   1.6099999946  -0.0001871902   0.0019368417   0.0005029378
   1.6149999946  -0.0002067443   0.0018221183   0.0004696172
   1.6199999946  -0.0001949080   0.0016846012   0.0004305404
   1.6249999945  -0.0001544899   0.0015366544   0.0003883938
   1.6299999945  -0.0000911988   0.0013903770   0.0003444565
   1.6349999945  -0.0000126558   0.0012562894   0.0002989239
   1.6399999945   0.0000727765   0.0011424023   0.0002514313
   1.6449999945   0.0001571003   0.0010537098   0.0002015904
   1.6499999945   0.0002335588   0.0009920846   0.0001494258
   1.6549999944   0.0002972210   0.0009565220   0.0000956746
   1.6599999944   0.0003452799   0.0009436595   0.0000419606
   1.6649999944   0.0003770966   0.0009484878  -0.0000091421
   1.6699999944   0.0003940077   0.0009651582  -0.0000541759
   1.6749999944   0.0003988947   0.0009877812  -0.0000890472
   1.6799999944   0.0003955219   0.0010111068  -0.0001095026
   1.6849999943   0.0003876955   0.0010309946  -0.0001118269
   1.6899999943   0.0003783740   0.0010446178  -0.0000936684
   1.6949999943   0.0003689237   0.0010504038  -0.0000548103
   1.6999999943   0.0003587324   0.0010477754   0.0000023374
   1.7049999943   0.0003453379   0.0010368003   0.0000727127
   1.7099999943   0.0003251005   0.0010178753   0.0001491219
   1.7149999942   0.0002942888   0.0009915405   0.0002232323
   1.7199999942   0.0002503097   0.0009584631   0.0002868193
   1.7249999942   0.0001927469   0.0009195574   0.0003329733
   1.7299999942   0.0001239146   0.0008761494   0.0003569893
   1.7349999942   0.0000487597   0.0008300749   0.0003567663
   1.7399999942  -0.0000258630   0.0007836203   0.0003327016
   1.7449999941  -0.0000923489   0.0007392798   0.0002872144
   1.7499999941  -0.0001436333   0.0006993734   0.0002241212
   1.7549999941  -0.0001743044   0.0006656341   0.0001480811
   1.7599999941  -0.0001813180   0.0006388903   0.0000642490
   1.7649999941  -0.0001642347   0.0006189463  -0.0000218572
   1.7699999941  -0.0001250381   0.0006047014  -0.0001043822
   1.7749999940  -0.0000676881   0.0005944704  -0.0001772165
   1.7799999940   0.0000024241   0.0005864091  -0.0002342787
   1.7849999940   0.0000790004   0.0005789220  -0.0002700488
   1.7899999940   0.0001552994   0.0005709449  -0.0002802867
   1.7949999940   0.0002245733   0.0005620447  -0.0002627744
   1.7999999940   0.0002805346   0.0005523410  -0.0002178837
   1.8049999939   0.0003178829   0.0005423004  -0.0001488054
   1.8099999939   0.0003328590   0.0005324830  -0.0000613659
   1.8149999939   0.0003237307   0.0005233127   0.0000365396
   1.8199999939   0.0002910843   0.0005149195   0.0001357810
   1.8249999939   0.0002378180   0.0005070712   0.0002269464
   1.8299999939   0.0001688020   0.0004991888   0.0003012763
   1.8349999938   0.0000902600   0.0004904290   0.0003514917
   1.8399999938   0.0000089962   0.0004798216   0.0003724706
   1.8449999938  -0.0000683767   0.0004664475   0.0003617547
   1.8499999938  -0.0001360775   0.0004496466   0.0003198640
   1.8549999938  -0.0001895930   0.0004292281   0.0002503729
   1.8599999938  -0.0002259066   0.0004056425   0.0001596882
   1.8649999937  -0.0002435648   0.0003800598   0.0000564846
   1.8699999937  -0.0002426346   0.0003543044  -0.0000491941
   1.8749999937  -0.0002245837   0.0003306218  -0.0001470796
   1.8799999937  -0.0001920771   0.0003112936  -0.0002279018
   1.8849999937  -0.0001486629   0.0002981674  -0.0002844795
   1.8899999937  -0.0000983293   0.0002922068  -0.0003124807
   1.8949999936  -0.0000449606   0.0002931742  -0.0003107283
   1.8999999936   0.0000082207   0.0002995428  -0.0002810327
   1.9049999936   0.0000590913   0.0003086774  -0.0002276469
   1.9099999936   0.0001068040   0.0003172592  -0.0001565122
   1.9149999936   0.0001516166   0.0003218695  -0.0000744777
   1.9199999936   0.0001943766   0.0003196033   0.0000113618
   1.9249999935   0.0002357770   0.0003085874   0.0000941504
   1.9299999935   0.0002755852   0.0002883003   0.0001675965
   1.9349999935   0.0003120757   0.0002596492   0.0002262152
   1.9399999935   0.0003418600   0.0002248131   0.0002655685
   1.9449999935   0.0003602047   0.0001869086   0.0002825480
   1.9499999935   0.0003618024   0.0001495562   0.0002756848
   1.9549999934   0.0003418390   0.0001164227   0.0002454134
   1.9599999934   0.0002971266   0.0000907987   0.0001941973
   1.9649999934   0.0002270596   0.0000752447   0.0001264332
   1.9699999934   0.0001341945   0.0000713220   0.0000481060
   1.9749999934   0.0000243413   0.0000794181  -0.0000337739
   1.9799999934  -0.0000938512   0.0000986778  -0.0001118653
   1.9849999933  -0.0002097519   0.0001270534  -0.0001792163
   1.9899999933  -0.0003119247   0.0001614843  -0.0002299091
   1.9949999933  -0.0003894780   0.0001982036  -0.0002595660
   1.9999999933  -0.0004334280   0.0002331437  -0.0002656900
   2.0049999933  -0.0004379156   0.0002623928  -0.0002478414
   2.0099999933  -0.0004011247   0.0002826350  -0.0002076623
   2.0149999932  -0.0003257606   0.0002915108  -0.0001487517
   2.0199999932  -0.0002189850   0.0002878492  -0.0000763823
   2.0249999932  -0.0000917595   0.0002717504   0.0000029459
   2.0299999932   0.0000423598   0.0002445270   0.0000821071
   2.0349999932   0.0001688416   0.0002085313   0.0001540557
   2.0399999931   0.0002739847   0.0001669021   0.0002125495
   2.0449999931   0.0003466379   0.0001232605   0.0002527804
   2.0499999931   0.0003795637   0.0000813732   0.0002718069
   2.0549999931   0.0003702414   0.0000447973   0.0002687220
   2.0599999931   0.0003210130   0.0000165228   0.0002445559
   2.0649999931   0.0002385935  -0.0000013581   0.0002019692
   2.0699999930   0.0001330753  -0.0000079093   0.0001448404
   2.0749999930   0.0000166179  -0.0000034866   0.0000778490
   2.0799999930  -0.0000979764   0.0000102957   0.0000061284
   2.0849999930  -0.0001986229   0.0000307852  -0.0000649970
   2.0899999930  -0.0002751310   0.0000546798  -0.0001302241
   2.0949999930  -0.0003201191   0.0000785217  -0.0001844977
   2.0999999929  -0.0003296283   0.0000992092  -0.0002233076
   2.1049999929  -0.0003034079   0.0001144255  -0.0002430708
   2.1099999929  -0.0002448515   0.0001229050  -0.0002415587
   2.1149999929  -0.0001605735   0.0001244950  -0.0002182816
   2.1199999929  -0.0000596450   0.0001200179  -0.0001747250
   2.1249999929   0.0000474480   0.0001109830  -0.0001143507
   2.1299999928   0.0001500055   0.0000992243  -0.0000423282
   2.1349999928   0.0002383142   0.0000865447   0.0000349783
   2.1399999928   0.0003046751   0.0000744326   0.0001106853
   2.1449999928   0.0003441094   0.0000638901   0.0001781176
   2.1499999928   0.0003546591   0.0000553786   0.0002314812
   2.1549999928   0.0003372752   0.0000488673   0.0002664031
   2.1599999927   0.0002953674   0.0000439550   0.0002802968
   2.1649999927   0.0002341396   0.0000400336   0.0002725452
   2.1699999927   0.0001598511   0.0000364648   0.0002445147
   2.1749999927   0.0000791244   0.0000327464   0.0001994115
   2.1799999927  -0.0000016257   0.0000286454   0.0001419912
   2.1849999927  -0.0000766138   0.0000242780   0.0000781286
   2.1899999926  -0.0001409658   0.0000201150   0.0000142633
   2.1949999926  -0.0001908897   0.0000169028  -0.0000432380
   2.1999999926  -0.0002237603   0.0000155021  -0.0000887380
   2.2049999926  -0.0002381342   0.0000166694  -0.0001179148
   2.2099999926  -0.0002337026   0.0000208269  -0.0001281900
   2.2149999926  -0.0002111888   0.0000278771  -0.0001189312
   2.2199999925  -0.0001722076   0.0000371181  -0.0000914051
   2.2249999925  -0.0001191166   0.0000472921  -0.0000485083
   2.2299999925  -0.0000548920   0.0000567709   0.0000056541
   2.2349999925   0.0000169467   0.0000638422   0.0000662535
   2.2399999925   0.0000923657   0.0000670352   0.0001282002
   2.2449999925   0.0001668329   0.0000654109   0.0001865289
   2.2499999924   0.0002353825   0.0000587523   0.0002366907
   2.2549999924   0.0002927933   0.0000476145   0.0002747664
   2.2599999924   0.0003339266   0.0000332322   0.0002976330
   2.2649999924   0.0003542237   0.0000173103   0.0003031091
   2.2699999924   0.0003503071   0.0000017480   0.0002900838
   2.2749999924   0.0003205816  -0.0000116484   0.0002586111
   2.2799999923   0.0002657057  -0.0000214151   0.0002099363
   2.2849999923   0.0001888155  -0.0000266098   0.0001464218
   2.2899999923   0.0000954220  -0.0000269044   0.0000713586
   2.2949999923  -0.0000070322  -0.0000225904  -0.0000113246
   2.2999999923  -0.0001099099  -0.0000145055  -0.0000974198
   2.3049999923  -0.0002043082  -0.0000038949  -0.0001828153
   2.3099999922  -0.0002820516   0.0000077727  -0.0002638431
   2.3149999922  -0.0003366176   0.0000190115  -0.0003375632
   2.3199999922  -0.0003638793   0.0000285204  -0.0004019669
   2.3249999922  -0.0003625783   0.0000353505  -0.0004560934
   2.3299999922  -0.0003344735   0.0000390106  -0.0005000575
   2.3349999922  -0.0002841434   0.0000394949  -0.0005349829
   2.3399999921  -0.0002184578   0.0000372285  -0.0005628328
   2.3449999921  -0.0001457681   0.0000329475  -0.0005861319
   2.3499999921  -0.0000749084   0.0000275427  -0.0006075892
   2.3549999921  -0.0000141305   0.0000219021  -0.0006296554
   2.3599999921   0.0000298815   0.0000167863  -0.0006540717
   2.3649999921   0.0000527736   0.0000127553  -0.0006814821
   2.3699999920   0.0000529506   0.0000101498  -0.0007111813
   2.3749999920   0.0000316151   0.0000091130  -0.0007410428
   2.3799999920  -0.0000075665   0.0000096323  -0.0007676388
   2.3849999920  -0.0000590866   0.0000115764  -0.0007865201
   2.3899999920  -0.0001163766   0.0000147191  -0.0007925954
   2.3949999920  -0.0001725976   0.0000187480  -0.0007805404
   2.3999999919  -0.0002213187   0.0000232713  -0.0007451778
   2.4049999919  -0.0002570053   0.0000278361  -0.0006818006
   2.4099999919  -0.0002753010   0.0000319697  -0.0005864389
   2.4149999919  -0.0002731349   0.0000352400  -0.0004560948
   2.4199999919  -0.0002487165   0.0000373224  -0.0002889714
   2.4249999919  -0.0002014822   0.0000380490  -0.0000847071
   2.4299999918  -0.0001320372   0.0000374222   0.0001554002
   2.4349999918  -0.0000421068   0.0000355813   0.0004282209
   2.4399999918   0.0000655149   0.0000327310   0.0007287267
   2.4449999918   0.0001870446   0.0000290531   0.0010500715
   2.4499999918   0.0003178425   0.0000246322   0.0013838405
   2.4549999918   0.0004526074   0.0000194227   0.0017204469
   2.4599999917   0.0005856260   0.0000132699   0.0020496254
   2.4649999917   0.0007110596   0.0000059816   0.0023609524
   2.4699999917   0.0008232425  -0.0000025735   0.0026443235
   2.4749999917   0.0009169780  -0.0000123692   0.0028903410
   2.4799999917   0.0009878188  -0.0000231584   0.0030905877
   2.4849999917   0.0010323268  -0.0000344603   0.0032377970
   2.4899999916   0.0010482999  -0.0000456005   0.0033259401
   2.4949999916   0.0010349428  -0.0000557936   0.0033502576
   2.4999999916   0.0009929500  -0.0000642448   0.0033072556
   2.5049999916   0.0009244646  -0.0000702505   0.0031946760
   2.5099999916   0.0008328883  -0.0000732817   0.0030114448
   2.5149999916   0.0007225447  -0.0000730391   0.0027576055
   2.5199999915   0.0005982286  -0.0000694817   0.0024342525
   2.5249999915   0.0004647064  -0.0000628272   0.0020434907
   2.5299999915   0.0003262497  -0.0000535283   0.0015884485
   2.5349999915   0.0001862769  -0.0000422236   0.0010733642
   2.5399999915   0.0000471597  -0.0000296631   0.0005037469
   2.5449999915  -0.0000897904  -0.0000166124  -0.0001134148
   2.5499999914  -0.0002241732  -0.0000037458  -0.0007694413
   2.5549999914  -0.0003562347   0.0000084548  -0.0014538054
   2.5599999914  -0.0004865404   0.0000197730  -0.0021540824
   2.5649999914  -0.0006156365   0.0000302824  -0.0028560356
   2.5699999914  -0.0007437326   0.0000403094  -0.0035438438
   2.5749999914  -0.0008704240   0.0000503386  -0.0042004474
   2.5799999913  -0.0009944651   0.0000608759  -0.0048079812
   2.5849999913  -0.0011136061   0.0000723003  -0.0053482564
   2.5899999913  -0.0012245145   0.0000847386  -0.0058032710
   2.5949999913  -0.0013228102   0.0000979910  -0.0061557395
   2.5999999913  -0.0014032396   0.0001115242  -0.0063896484
   2.6049999913  -0.0014599997   0.0001245330  -0.0064908464
   2.6099999912  -0.0014871940   0.0001360505  -0.0064476689
   2.6149999912  -0.0014793727   0.0001450849  -0.0062515831
   2.6199999912  -0.0014320866   0.0001507495  -0.0058978165
   2.6249999912  -0.0013423717   0.0001523664  -0.0053859228
   2.6299999912  -0.0012091001   0.0001495263  -0.0047202289
   2.6349999912  -0.0010331560   0.0001421034  -0.0039101149
   2.6399999911  -0.0008174360   0.0001302305  -0.0029700879
   2.6449999911  -0.0005667030   0.0001142450  -0.0019196268
   2.6499999911  -0.0002873438   0.0000946207  -0.0007827917
   2.6549999911   0.0000129193   0.0000718966   0.0004123963
   2.6599999911   0.0003253275   0.0000466168   0.0016347855
   2.6649999911   0.0006403822   0.0000192898   0.0028511006
   2.6699999910   0.0009481463  -0.0000096228   0.0040270806
   2.6749999910   0.0012385682  -0.0000396889   0.0051286880
   2.6799999910   0.0015018435  -0.0000704598   0.0061233192
   2.6849999910   0.0017288124  -0.0001014108   0.0069809481
   2.6899999910   0.0019113768  -0.0001318850   0.0076751408
   2.6949999909   0.0020428995  -0.0001610618   0.0081839022
   2.6999999909   0.0021185459  -0.0001879674   0.0084903368
   2.7049999909   0.0021355306  -0.0002115344   0.0085831318
   2.7099999909   0.0020932439  -0.0002307025   0.0084568815
   2.7149999909   0.0019932524  -0.0002445402   0.0081122740
   2.7199999909   0.0018391799  -0.0002523589   0.0075561480
   2.7249999908   0.0016364870  -0.0002537907   0.0068014104
   2.7299999908   0.0013921726  -0.0002488134   0.0058667920
   2.7349999908   0.0011144207  -0.0002377191   0.0047764136
   2.7399999908   0.0008122164  -0.0002210405   0.0035591510
   2.7449999908   0.0004949545  -0.0001994600   0.0022478102
   2.7499999908   0.0001720644  -0.0001737280   0.0008781522
   2.7549999907  -0.0001473243  -0.0001446092  -0.0005121677
   2.7599999907  -0.0004546595  -0.0001128625  -0.0018846810
   2.7649999907  -0.0007421734  -0.0000792468  -0.0032011526
   2.7699999907  -0.0010030193  -0.0000445357  -0.0044245670
   2.7749999907  -0.0012313455  -0.0000095226  -0.0055200594
   2.7799999907  -0.0014223215   0.0000249926  -0.0064558164
   2.7849999906  -0.0015721318   0.0000582350  -0.0072039743
   2.7899999906  -0.0016779502   0.0000894923  -0.0077415227
   2.7949999906  -0.0017379038   0.0001181419  -0.0080511875
   2.7999999906  -0.0017510314   0.0001436545  -0.0081222311
   2.8049999906  -0.0017172441   0.0001655731  -0.0079510886
   2.8099999906  -0.0016372999   0.0001834756  -0.0075417540
   2.8149999905  -0.0015128076   0.0001969430  -0.0069058595
   2.8199999905  -0.0013462756   0.0002055534  -0.0060624284
   2.8249999905  -0.0011412093   0.0002089153  -0.0050373281
   2.8299999905  -0.0009022460   0.0002067392  -0.0038624810
   2.8349999905  -0.0006352885   0.0001989291  -0.0025749015
   2.8399999905  -0.0003475856   0.0001856659  -0.0012156146
   2.8449999904  -0.0000476959   0.0001674510   0.0001715166
   2.8499999904   0.0002547098   0.0001450911   0.0015410567
   2.8549999904   0.0005492258   0.0001196194   0.0028473774
   2.8599999904   0.0008252414   0.0000921731   0.0040461650
   2.8649999904   0.0010725567   0.0000638571   0.0050960430
   2.8699999904   0.0012819943   0.0000356329   0.0059602537
   2.8749999903   0.0014459128   0.0000082609   0.0066082991
   2.8799999903   0.0015585589  -0.0000176925   0.0070174103
   2.8849999903   0.0016162347  -0.0000417916   0.0071737120
   2.8899999903   0.0016173076  -0.0000636399   0.0070729694
   2.8949999903   0.0015621251  -0.0000827954   0.0067208522
   2.8999999903   0.0014529047  -0.0000987260   0.0061327044
   2.9049999902   0.0012936550  -0.0001108238   0.0053328602
   2.9099999902   0.0010901409  -0.0001184785   0.0043535812
   2.9149999902   0.0008498654  -0.0001211913   0.0032337059
   2.9199999902   0.0005820013  -0.0001186986   0.0020170963
   2.9249999902   0.0002972034  -0.0001110714   0.0007509498
   2.9299999902   0.0000072461  -0.0000987628  -0.0005159761
   2.9349999901  -0.0002755235  -0.0000825898  -0.0017351906
   2.9399999901  -0.0005388753  -0.0000636516  -0.0028603155
   2.9449999901  -0.0007714473  -0.0000432029  -0.0038489078
   2.9499999901  -0.0009634558  -0.0000225086  -0.0046641975
   2.9549999901  -0.0011072712  -0.0000027101  -0.0052766575
   2.9599999901  -0.0011977984   0.0000152709  -0.0056653129
   2.9649999900  -0.0012326429   0.0000307779  -0.0058186885
   2.9699999900  -0.0012120854   0.0000434109  -0.0057353103
   2.9749999900  -0.0011389113   0.0000529771  -0.0054237056
   2.9799999900  -0.0010181450   0.0000594200  -0.0049018838
   2.9849999900  -0.0008567281   0.0000627517  -0.0041963309
   2.9899999900  -0.0006631565   0.0000630095  -0.0033405951
   2.9949999899  -0.0004470760   0.0000602488  -0.0023735744
   2.9999999899  -0.0002188283   0.0000545709  -0.0013376369
   3.0049999899   0.0000110525   0.0000461739  -0.0002767019
   3.0099999899   0.0002323763   0.0000354044   0.0007656118
   3.0149999899   0.0004358261   0.0000227871   0.0017476959
   3.0199999899   0.0006134298   0.0000090169   0.0026314831
   3.0249999898   0.0007589215  -0.0000050951   0.0033837856
   3.0299999898   0.0008679551  -0.0000187087   0.0039774424
   3.0349999898   0.0009381569  -0.0000310569   0.0043922698
   3.0399999898   0.0009690312  -0.0000415338   0.0046157914
   3.0449999898   0.0009617567  -0.0000497462   0.0046437002
   3.0499999898   0.0009189215  -0.0000555163   0.0044799952
   3.0549999897   0.0008442450  -0.0000588373   0.0041367388
   3.0599999897   0.0007423212  -0.0000598021   0.0036334074
   3.0649999897   0.0006184004  -0.0000585308   0.0029958536
   3.0699999897   0.0004782081  -0.0000551240   0.0022549470
   3.0749999897   0.0003277857  -0.0000496574   0.0014450020
   3.0799999897   0.0001733328  -0.0000422194   0.0006021226
   3.0849999896   0.0000210302  -0.0000329734  -0.0002374119
   3.0899999896  -0.0001231641  -0.0000222191  -0.0010386285
   3.0949999896  -0.0002537471  -0.0000104251  -0.0017691574
   3.0999999896  -0.0003659144   0.0000017862  -0.0024003386
   3.1049999896  -0.0004557904   0.0000137023  -0.0029081566
   3.1099999896  -0.0005206131   0.0000246175  -0.0032740281
   3.1149999895  -0.0005588440   0.0000339356  -0.0034854511
   3.1199999895  -0.0005701817   0.0000412472  -0.0035364931
   3.1249999895  -0.0005554738   0.0000463611  -0.0034280720
   3.1299999895  -0.0005165428   0.0000492830  -0.0031679667
   3.1349999895  -0.0004559592   0.0000501525  -0.0027705074
   3.1399999895  -0.0003768076   0.0000491636  -0.0022559237
   3.1449999894  -0.0002824931   0.0000464949  -0.0016493715
   3.1499999894  -0.0001766211   0.0000422737  -0.0009797040
   3.1549999894  -0.0000629615   0.0000365792  -0.0002780801
   3.1599999894   0.0000545221   0.0000294818   0.0004234884
   3.1649999894   0.0001716195   0.0000210974   0.0010935580
   3.1699999894   0.0002838546   0.0000116344   0.0017025800
   3.1749999893   0.0003865482   0.0000014165   0.0022240949
   3.1799999893   0.0004749915  -0.0000091289   0.0026357791
   3.1849999893   0.0005447258  -0.0000195128   0.0029203376
   3.1899999893   0.0005918917  -0.0000292419   0.0030662291
   3.1949999893   0.0006135851  -0.0000378764   0.0030681979
   3.1999999893   0.0006081552  -0.0000450712   0.0029275733
   3.2049999892   0.0005753897  -0.0000505944   0.0026522927
   3.2099999892   0.0005165632  -0.0000543225   0.0022566132
   3.2149999892   0.0004343515  -0.0000562211   0.0017604976
   3.2199999892   0.0003326467  -0.0000563210   0.0011886873
   3.2249999892   0.0002163147  -0.0000547000   0.0005695056
   3.2299999892   0.0000909357  -0.0000514738  -0.0000665415
   3.2349999891  -0.0000374488  -0.0000467975  -0.0006882871
   3.2399999891  -0.0001625794  -0.0000408728  -0.0012654581
   3.2449999891  -0.0002782249  -0.0000339543  -0.0017701797
   3.2499999891  -0.0003784491  -0.0000263517  -0.0021783519
   3.2549999891  -0.0004579069  -0.0000184234  -0.0024708288
   3.2599999891  -0.0005121614  -0.0000105612  -0.0026343462
   3.2649999890  -0.0005379955  -0.0000031680  -0.0026621513
   3.2699999890  -0.0005336785   0.0000033703  -0.0025543076
   3.2749999890  -0.0004991451   0.0000087154  -0.0023176598
   3.2799999890  -0.0004360575   0.0000126074  -0.0019654653
   3.2849999890  -0.0003477369   0.0000148912  -0.0015167112
   3.2899999890  -0.0002389728   0.0000155340  -0.0009951523
   3.2949999889  -0.0001157347   0.0000146288  -0.0004281128
   3.2999999889   0.0000151830   0.0000123823   0.0001548958
   3.3049999889   0.0001465526   0.0000090856   0.0007236838
   3.3099999889   0.0002711177   0.0000050742   0.0012489524
   3.3149999889   0.0003819946   0.0000006852   0.0017038490
   3.3199999889   0.0004730589  -0.0000037780   0.0020654219
   3.3249999888   0.0005393032  -0.0000080647   0.0023158845
   3.3299999888   0.0005771472  -0.0000119772   0.0024435972
   3.3349999888   0.0005846765  -0.0000153549   0.0024436917
   3.3399999888   0.0005617824  -0.0000180512   0.0023182846
   3.3449999888   0.0005101848  -0.0000199169   0.0020762668
   3.3499999888   0.0004333253  -0.0000207987   0.0017326885
   3.3549999887   0.0003361389  -0.0000205566   0.0013077993
   3.3599999887   0.0002247218  -0.0000190991   0.0008258231
   3.3649999887   0.0001059284  -0.0000164218   0.0003135584
   3.3699999887  -0.0000130705  -0.0000126382  -0.0002011060
   3.3749999887  -0.0001252356  -0.0000079885  -0.0006906842
   3.3799999886  -0.0002240842  -0.0000028217  -0.0011295282
   3.3849999886  -0.0003040740   0.0000024465  -0.0014951484
   3.3899999886  -0.0003609251   0.0000073903  -0.0017693657
   3.3949999886  -0.0003918650   0.0000116297  -0.0019392397
   3.3999999886  -0.0003957796   0.0000148731  -0.0019977208
   3.4049999886  -0.0003732564   0.0000169386  -0.0019439765
   3.4099999885  -0.0003265116   0.0000177527  -0.0017833615
   3.4149999885  -0.0002592030   0.0000173349  -0.0015270239
   3.4199999885  -0.0001761440   0.0000157741  -0.0011911726
   3.4249999885  -0.0000829442   0.0000132087  -0.0007960567
   3.4299999885   0.0000143887   0.0000098129  -0.0003647334
   3.4349999885   0.0001098497   0.0000057898   0.0000782912
   3.4399999884   0.0001978100   0.0000013674   0.0005084611
   3.4449999884   0.0002733399  -0.0000032095   0.0009025304
   3.4499999884   0.0003324692  -0.0000076905   0.0012398166
   3.4549999884   0.0003723792  -0.0000118378   0.0015032867
   3.4599999884   0.0003915253  -0.0000154425   0.0016804251
   3.4649999884   0.0003896858  -0.0000183369   0.0017638367
   3.4699999883   0.0003679365  -0.0000203973   0.0017515474
   3.4749999883   0.0003285466  -0.0000215385   0.0016469802
   3.4799999883   0.0002747980  -0.0000217049   0.0014586055
   3.4849999883   0.0002107361  -0.0000208649   0.0011992922
   3.4899999883   0.0001408702  -0.0000190153   0.0008854149
   3.4949999883   0.0000698485  -0.0000161960   0.0005357901
   3.4999999882   0.0000021372  -0.0000125120   0.0001705284
   3.5049999882  -0.0000582698  -0.0000081517  -0.0001901176
   3.5099999882  -0.0001080880  -0.0000033912  -0.0005268411
   3.5149999882  -0.0001449136   0.0000014232  -0.0008222589
   3.5199999882  -0.0001673254   0.0000059146  -0.0010617473
   3.5249999882  -0.0001749163   0.0000097301  -0.0012341187
   3.5299999881  -0.0001682600   0.0000125954  -0.0013321199
   3.5349999881  -0.0001488148   0.0000143546  -0.0013527344
   3.5399999881  -0.0001187718   0.0000149831  -0.0012972632
   3.5449999881  -0.0000808549   0.0000145708  -0.0011711668
   3.5499999881  -0.0000380863   0.0000132826  -0.0009836602
   3.5549999881   0.0000064610   0.0000113097  -0.0007470784
   3.5599999880   0.0000498983   0.0000088272  -0.0004760546
   3.5649999880   0.0000897186   0.0000059717  -0.0001865780
   3.5699999880   0.0001239353   0.0000028412   0.0001049876
   3.5749999880   0.0001511536  -0.0000004859   0.0003828480
   3.5799999880   0.0001705776  -0.0000039250   0.0006326178
   3.5849999880   0.0001819687  -0.0000073644   0.0008420159
   3.5899999879   0.0001855738  -0.0000106602   0.0010013969
   3.5949999879   0.0001820429  -0.0000136474   0.0011041193
   3.5999999879   0.0001723456  -0.0000161637   0.0011467580
   3.6049999879   0.0001576889  -0.0000180754   0.0011291662
   3.6099999879   0.0001394307  -0.0000192964   0.0010543894
   3.6149999879   0.0001189826  -0.0000197926   0.0009284278
   3.6199999878   0.0000977033  -0.0000195737   0.0007598472
   3.6249999878   0.0000767885  -0.0000186779   0.0005592508
   3.6299999878   0.0000571772  -0.0000171568   0.0003386369
   3.6349999878   0.0000394928  -0.0000150697   0.0001106883
   3.6399999878   0.0000240357  -0.0000124870  -0.0001119548
   3.6449999878   0.0000108306  -0.0000095021  -0.0003173816
   3.6499999877  -0.0000002818  -0.0000062421  -0.0004950152
   3.6549999877  -0.0000095326  -0.0000028697  -0.0006361032
   3.6599999877  -0.0000171205   0.0000004280  -0.0007340867
   3.6649999877  -0.0000231402   0.0000034641  -0.0007848459
   3.6699999877  -0.0000275570   0.0000060819  -0.0007868325
   3.6749999877  -0.0000302234   0.0000081819  -0.0007410919
   3.6799999876  -0.0000309247   0.0000097344  -0.0006511745
   3.6849999876  -0.0000294310   0.0000107740  -0.0005229331
   3.6899999876  -0.0000255390   0.0000113780  -0.0003641993
   3.6949999876  -0.0000190959   0.0000116345  -0.0001843482
   3.6999999876  -0.0000100101   0.0000116136   0.0000062338
   3.7049999876   0.0000017396   0.0000113487   0.0001967409
   3.7099999875   0.0000160815   0.0000108355   0.0003765582
   3.7149999875   0.0000328106   0.0000100461   0.0005358427
   3.7199999875   0.0000515336   0.0000089521   0.0006660358
   3.7249999875   0.0000716186   0.0000075462   0.0007602805
   3.7299999875   0.0000921696   0.0000058569   0.0008137313
   3.7349999875   0.0001120471   0.0000039479   0.0008237563
   3.7399999874   0.0001299408   0.0000019080   0.0007900350
   3.7449999874   0.0001444894  -0.0000001667   0.0007145588
   3.7499999874   0.0001544242  -0.0000021897   0.0006015308
   3.7549999874   0.0001587113  -0.0000040941   0.0004571634
   3.7599999874   0.0001566655  -0.0000058351   0.0002893708
   3.7649999874   0.0001480230  -0.0000073854   0.0001073591
   3.7699999873   0.0001329679  -0.0000087289  -0.0000788699
   3.7749999873   0.0001121249  -0.0000098567  -0.0002590732
   3.7799999873   0.0000865284  -0.0000107675  -0.0004233427
   3.7849999873   0.0000575797  -0.0000114728  -0.0005626610
   3.7899999873   0.0000269925  -0.0000120014  -0.0006693981
   3.7949999873  -0.0000032807  -0.0000124011  -0.0007377222
   3.7999999872  -0.0000311512  -0.0000127323  -0.0007639037
   3.8049999872  -0.0000545343  -0.0000130550  -0.0007465070
   3.8099999872  -0.0000715224  -0.0000134125  -0.0006864660
   3.8149999872  -0.0000805732  -0.0000138159  -0.0005870437
   3.8199999872  -0.0000806841  -0.0000142373  -0.0004536769
   3.8249999872  -0.0000715195  -0.0000146129  -0.0002937037
   3.8299999871  -0.0000534678  -0.0000148562  -0.0001159813
   3.8349999871  -0.0000276148  -0.0000148770   0.0000695978
   3.8399999871   0.0000043549  -0.0000146001   0.0002526666
   3.8449999871   0.0000403088  -0.0000139773   0.0004229888
   3.8499999871   0.0000778384  -0.0000129892   0.0005710671
   3.8549999871   0.0001144262  -0.0000116380   0.0006887107
   3.8599999870   0.0001475953  -0.0000099346   0.0007695194
   3.8649999870   0.0001750378  -0.0000078856   0.0008092554
   3.8699999870   0.0001947343  -0.0000054862   0.0008060784
   3.8749999870   0.0002050722  -0.0000027222   0.0007606381
   3.8799999870   0.0002049696   0.0000004206   0.0006760207
   3.8849999870   0.0001939947   0.0000039407   0.0005575601
   3.8899999869   0.0001724610   0.0000078065   0.0004125213
   3.8949999869   0.0001414709   0.0000119446   0.0002496744
   3.8999999869   0.0001028867   0.0000162375   0.0000787774
   3.9049999869   0.0000592163   0.0000205267  -0.0000900050
   3.9099999869   0.0000134216   0.0000246234  -0.0002467144
   3.9149999869  -0.0000313253   0.0000283214  -0.0003822058
   3.9199999868  -0.0000719064   0.0000314121  -0.0004887086
   3.9249999868  -0.0001055053   0.0000336978  -0.0005603016
   3.9299999868  -0.0001298137   0.0000350048  -0.0005932711
   3.9349999868  -0.0001431816   0.0000351953  -0.0005863268
   3.9399999868  -0.0001447118   0.0000341772  -0.0005406650
   3.9449999868  -0.0001343044   0.0000319126  -0.0004598748
   3.9499999867  -0.0001126599   0.0000284213  -0.0003496976
   3.9549999867  -0.0000812422   0.0000237801  -0.0002176534
   3.9599999867  -0.0000422003   0.0000181161  -0.0000725573
   3.9649999867   0.0000017600   0.0000115971   0.0000760468
   3.9699999867   0.0000475562   0.0000044185   0.0002185008
   3.9749999867   0.0000919555  -0.0000032061   0.0003456571
   3.9799999866   0.0001318310  -0.0000110525   0.0004494719
   3.9849999866   0.0001644175  -0.0000188878   0.0005235242
   3.9899999866   0.0001875366  -0.0000264704   0.0005634259
   3.9949999866   0.0001997605  -0.0000335494   0.0005670904
   3.9999999866   0.0002004988  -0.0000398671   0.0005348449
   4.0049999866   0.0001900064  -0.0000451675   0.0004693801
   4.0099999865   0.0001693229  -0.0000492100   0.0003755445
   4.0149999865   0.0001401642  -0.0000517874   0.0002600025
   4.0199999865   0.0001047858  -0.0000527444   0.0001307792
   4.0249999865   0.0000658316  -0.0000519931  -0.0000032756
   4.0299999865   0.0000261729  -0.0000495214  -0.0001330725
   4.0349999864  -0.0000112625  -0.0000453949  -0.0002498793
   4.0399999864  -0.0000436757  -0.0000397507  -0.0003458941
   4.0449999864  -0.0000685914  -0.0000327858  -0.0004147558
   4.0499999864  -0.0000840533  -0.0000247432  -0.0004519599
   4.0549999864  -0.0000887984  -0.0000158963  -0.0004551479
   4.0599999864  -0.0000823855  -0.0000065333  -0.0004242526
   4.0649999863  -0.0000652548   0.0000030556  -0.0003614865
   4.0699999863  -0.0000387048   0.0000125910  -0.0002711776
   4.0749999863  -0.0000047868   0.0000218134  -0.0001594651
   4.0799999863   0.0000338713   0.0000304895  -0.0000338779
   4.0849999863   0.0000742866   0.0000384153   0.0000971752
   4.0899999863   0.0001133630   0.0000454148   0.0002249697
   4.0949999862   0.0001481275   0.0000513365   0.0003410476
   4.0999999862   0.0001759431   0.0000560492   0.0004377824
   4.1049999862   0.0001946889   0.0000594406   0.0005088874
   4.1099999862   0.0002029004   0.0000614188   0.0005498349
   4.1149999862   0.0001998687   0.0000619202   0.0005581532
   4.1199999862   0.0001856924   0.0000609199   0.0005335787
   4.1249999861   0.0001612775   0.0000584422   0.0004780512
   4.1299999861   0.0001282803   0.0000545678   0.0003955517
   4.1349999861   0.0000889890   0.0000494338   0.0002917992
   4.1399999861   0.0000461522   0.0000432244   0.0001738324
   4.1449999861   0.0000027646   0.0000361560   0.0000495123
   4.1499999861  -0.0000381662   0.0000284583  -0.0000730159
   4.1549999860  -0.0000738489   0.0000203579  -0.0001858634
   4.1599999860  -0.0001019102   0.0000120682  -0.0002819075
   4.1649999860  -0.0001205519   0.0000037861  -0.0003552422
   4.1699999860  -0.0001286558  -0.0000043036  -0.0004015455
   4.1749999860  -0.0001258345  -0.0000120212  -0.0004183444
   4.1799999860  -0.0001124354  -0.0000191871  -0.0004051612
   4.1849999859  -0.0000895027  -0.0000256212  -0.0003635278
   4.1899999859  -0.0000587029  -0.0000311489  -0.0002968644
   4.1949999859  -0.0000222165  -0.0000356122  -0.0002102257
   4.1999999859   0.0000174041  -0.0000388820  -0.0001099307
   4.2049999859   0.0000574066  -0.0000408675  -0.0000031041
   4.2099999859   0.0000950344  -0.0000415207   0.0001028333
   4.2149999858   0.0001277315  -0.0000408356   0.0002006847
   4.2199999858   0.0001533387  -0.0000388439   0.0002839655
   4.2249999858   0.0001702588  -0.0000356103   0.0003473273
   4.2299999858   0.0001775732  -0.0000312304   0.0003868910
   4.2349999858   0.0001750967  -0.0000258323   0.0004004729
   4.2399999858   0.0001633670  -0.0000195796   0.0003876981
   4.2449999857   0.0001435756  -0.0000126744   0.0003499953
   4.2499999857   0.0001174505  -0.0000053545   0.0002904787
   4.2549999857   0.0000871079   0.0000021158   0.0002137199
   4.2599999857   0.0000548859   0.0000094609   0.0001254206
   4.2649999857   0.0000231734   0.0000164137   0.0000320073
   4.2699999857  -0.0000057564   0.0000227330  -0.0000598295
   4.2749999856  -0.0000299010   0.0000282171  -0.0001436129
   4.2799999856  -0.0000476653   0.0000327078  -0.0002135373
   4.2849999856  -0.0000579708   0.0000360893  -0.0002648667
   4.2899999856  -0.0000603294   0.0000382813  -0.0002942424
   4.2949999856  -0.0000548722   0.0000392341  -0.0002998800
   4.2999999856  -0.0000423286   0.0000389271  -0.0002816466
   4.3049999855  -0.0000239551   0.0000373741  -0.0002410245
   4.3099999855  -0.0000014193   0.0000346315  -0.0001809714
   4.3149999855   0.0000233492   0.0000308072  -0.0001056948
   4.3199999855   0.0000483243   0.0000260639  -0.0000203573
   4.3249999855   0.0000715494   0.0000206142   0.0000692718
   4.3299999855   0.0000912880   0.0000147057   0.0001572002
   4.3349999854   0.0001061481   0.0000086008   0.0002376132
   4.3399999854   0.0001151730   0.0000025545   0.0003052665
   4.3449999854   0.0001178949  -0.0000032033   0.0003558429
   4.3499999854   0.0001143529  -0.0000084775   0.0003862438
   4.3549999854   0.0001050750  -0.0000131099   0.0003947883
   4.3599999854   0.0000910269  -0.0000169753   0.0003813019
   4.3649999853   0.0000735312  -0.0000199766   0.0003470897
   4.3699999853   0.0000541611  -0.0000220437   0.0002948003
   4.3749999853   0.0000346146  -0.0000231363   0.0002282014
   4.3799999853   0.0000165778  -0.0000232511   0.0001518900
   4.3849999853   0.0000015890  -0.0000224286   0.0000709668
   4.3899999853  -0.0000090865  -0.0000207559  -0.0000093044
   4.3949999852  -0.0000145582  -0.0000183612  -0.0000838317
   4.3999999852  -0.0000143808  -0.0000154021  -0.0001480102
   4.4049999852  -0.0000085862  -0.0000120477  -0.0001980049
   4.4099999852   0.0000023260  -0.0000084630  -0.0002309855
   4.4149999852   0.0000174368  -0.0000047970  -0.0002452988
   4.4199999852   0.0000354907  -0.0000011805  -0.0002405615
   4.4249999851   0.0000550060   0.0000022705  -0.0002176613
   4.4299999851   0.0000744008   0.0000054469  -0.0001786630
   4.4349999851   0.0000921245   0.0000082414  -0.0001266259
   4.4399999851   0.0001067830   0.0000105491  -0.0000653510
   4.4449999851   0.0001172476   0.0000122764   0.0000009131
   4.4499999851   0.0001227384   0.0000133548   0.0000677787
   4.4549999850   0.0001228779   0.0000137559   0.0001310107
   4.4599999850   0.0001177110   0.0000134997   0.0001867856
   4.4649999850   0.0001076920   0.0000126538   0.0002319042
   4.4699999850   0.0000936416   0.0000113223   0.0002639552
   4.4749999850   0.0000766776   0.0000096271   0.0002814311
   4.4799999850   0.0000581241   0.0000076882   0.0002837928
   4.4849999849   0.0000394069   0.0000056088   0.0002714834
   4.4899999849   0.0000219420   0.0000034700   0.0002458829
   4.4949999849   0.0000070245   0.0000013347   0.0002092025
   4.4999999849  -0.0000042718  -0.0000007418   0.0001643169
   4.5049999849  -0.0000111766  -0.0000027015   0.0001145455
   4.5099999849  -0.0000132786  -0.0000044779   0.0000634009
   4.5149999848  -0.0000105504  -0.0000059985   0.0000143278
   4.5199999848  -0.0000033398  -0.0000071952  -0.0000295385
   4.5249999848   0.0000076697  -0.0000080180  -0.0000655739
   4.5299999848   0.0000215241  -0.0000084465  -0.0000918113
   4.5349999848   0.0000370820  -0.0000084937  -0.0001070273
   4.5399999848   0.0000531080  -0.0000082018  -0.0001107726
   4.5449999847   0.0000683683  -0.0000076299  -0.0001033564
   4.5499999847   0.0000817221  -0.0000068386  -0.0000857912
   4.5549999847   0.0000922039  -0.0000058793  -0.0000597050
   4.5599999847   0.0000990927  -0.0000047889  -0.0000272246
   4.5649999847   0.0001019638  -0.0000035944   0.0000091705
   4.5699999847   0.0001007196  -0.0000023224   0.0000468194
   4.5749999846   0.0000955946  -0.0000010093   0.0000830664
   4.5799999846   0.0000871334   0.0000002931   0.0001154511
   4.5849999846   0.0000761400   0.0000015193   0.0001418813
   4.5899999846   0.0000636029   0.0000025995   0.0001607717
   4.5949999846   0.0000506038   0.0000034734   0.0001711333
   4.5999999846   0.0000382194   0.0000041014   0.0001726089
   4.6049999845   0.0000274283   0.0000044705   0.0001654565
   4.6099999845   0.0000190330   0.0000045920   0.0001504918
   4.6149999845   0.0000136034   0.0000044920   0.0001290022
   4.6199999845   0.0000114448   0.0000041994   0.0001026440
   4.6249999845   0.0000125894   0.0000037369   0.0000733308
   4.6299999845   0.0000168073   0.0000031178   0.0000431155
   4.6349999844   0.0000236329   0.0000023507   0.0000140658
   4.6399999844   0.0000324054   0.0000014490  -0.0000118650
   4.6449999844   0.0000423189   0.0000004403  -0.0000329670
   4.6499999844   0.0000524850  -0.0000006281  -0.0000478934
   4.6549999844   0.0000620024  -0.0000016915  -0.0000557560
   4.6599999844   0.0000700329  -0.0000026781  -0.0000561837
   4.6649999843   0.0000758750  -0.0000035215  -0.0000493361
   4.6699999843   0.0000790280  -0.0000041742  -0.0000358690
   4.6749999843   0.0000792361  -0.0000046132  -0.0000168609
   4.6799999843   0.0000765086  -0.0000048402   0.0000062874
   4.6849999843   0.0000711117  -0.0000048728   0.0000319645
   4.6899999843   0.0000635351  -0.0000047345   0.0000584588
   4.6949999842   0.0000544412  -0.0000044457   0.0000840599
   4.6999999842   0.0000446030  -0.0000040198   0.0001071493
   4.7049999842   0.0000348408  -0.0000034669   0.0001262837
   4.7099999842   0.0000259607  -0.0000028010   0.0001402716
   4.7149999842   0.0000186991  -0.0000020475   0.0001482445
   4.7199999841   0.0000136718  -0.0000012479   0.0001497160
   4.7249999841   0.0000113277  -0.0000004562   0.0001446200
   4.7299999841   0.0000119098   0.0000002692   0.0001333203
   4.7349999841   0.0000154251   0.0000008778   0.0001165834
   4.7399999841   0.0000216322   0.0000013372   0.0000955170
   4.7449999841   0.0000300494   0.0000016373   0.0000714809
   4.7499999840   0.0000399900   0.0000017877   0.0000459828
   4.7549999840   0.0000506201   0.0000018085   0.0000205738
   4.7599999840   0.0000610367   0.0000017193  -0.0000032443
   4.7649999840   0.0000703519   0.0000015312  -0.0000240966
   4.7699999840   0.0000777738   0.0000012444  -0.0000407954
   4.7749999840   0.0000826735   0.0000008539  -0.0000523887
   4.7799999839   0.0000846313   0.0000003593  -0.0000582024
   4.7849999839   0.0000834614  -0.0000002252  -0.0000578772
   4.7899999839   0.0000792175  -0.0000008652  -0.0000513985
   4.7949999839   0.0000721841  -0.0000015083  -0.0000391117
   4.7999999839   0.0000628568  -0.0000020937  -0.0000217160
   4.8049999839   0.0000519130  -0.0000025665  -0.0000002289
   4.8099999838   0.0000401719  -0.0000028898   0.0000240765
   4.8149999838   0.0000285418  -0.0000030526   0.0000497580
   4.8199999838   0.0000179533  -0.0000030688   0.0000753024
   4.8249999838   0.0000092825  -0.0000029687   0.0000992227
   4.8299999838   0.0000032702  -0.0000027870   0.0001201442
   4.8349999838   0.0000004483  -0.0000025512   0.0001368739
   4.8399999837   0.0000010851  -0.0000022759   0.0001484527
   4.8449999837   0.0000051567  -0.0000019633   0.0001541944
   4.8499999837   0.0000123503  -0.0000016101   0.0001537161
   4.8549999837   0.0000220961  -0.0000012161   0.0001469629
   4.8599999837   0.0000336211  -0.0000007915   0.0001342242
   4.8649999837   0.0000460160  -0.0000003582   0.0001161367
   4.8699999836   0.0000583072   0.0000000540   0.0000936672
   4.8749999836   0.0000695269   0.0000004149   0.0000680698
   4.8799999836   0.0000787808   0.0000007027   0.0000408159
   4.8849999836   0.0000853120   0.0000009082   0.0000135044
   4.8899999836   0.0000885602   0.0000010343  -0.0000122423
   4.8949999836   0.0000882141   0.0000010909  -0.0000348810
   4.8999999835   0.0000842501   0.0000010865  -0.0000530423
   4.9049999835   0.0000769496   0.0000010233  -0.0000656088
   4.9099999835   0.0000668877   0.0000008946  -0.0000717758
   4.9149999835   0.0000548891   0.0000006894  -0.0000710960
   4.9199999835   0.0000419543   0.0000004002  -0.0000635100
   4.9249999835   0.0000291642   0.0000000313  -0.0000493622
   4.9299999834   0.0000175766  -0.0000003966  -0.0000294007
   4.9349999834   0.0000081295  -0.0000008472  -0.0000047543
   4.9399999834   0.0000015627  -0.0000012760   0.0000231176
   4.9449999834  -0.0000016348  -0.0000016408   0.0000525061
   4.9499999834  -0.0000012511  -0.0000019124   0.0000815614
   4.9549999834   0.0000026455  -0.0000020807   0.0001084206
   4.9599999833   0.0000097208  -0.0000021540   0.0001313421
   4.9649999833   0.0000194023  -0.0000021527   0.0001488317
   4.9699999833   0.0000309177  -0.0000020999   0.0001597456
   4.9749999833   0.0000433455  -0.0000020115   0.0001633651
   4.9799999833   0.0000556792  -0.0000018922   0.0001594371
   4.9849999833   0.0000669045  -0.0000017359   0.0001481838
   4.9899999832   0.0000760853  -0.0000015325   0.0001302855
   4.9949999832   0.0000824502  -0.0000012759   0.0001068413
   4.9999999832   0.0000854675  -0.0000009712   0.0000793084
   5.0049999832   0.0000848966  -0.0000006369   0.0000494214
   5.0099999832   0.0000808086  -0.0000003024   0.0000190921
   5.0149999832   0.0000735724  -0.0000000003  -0.0000097102
   5.0199999831   0.0000638113   0.0000002412  -0.0000350907
   5.0249999831   0.0000523382   0.0000004051  -0.0000553641
   5.0299999831   0.0000400811   0.0000004879  -0.0000691804
   5.0349999831   0.0000280074   0.0000004967  -0.0000756261
   5.0399999831   0.0000170539   0.0000004444  -0.0000742915
   5.0449999831   0.0000080641   0.0000003437  -0.0000652967
   5.0499999830   0.0000017327   0.0000002041  -0.0000492765
   5.0549999830  -0.0000014441   0.0000000311  -0.0000273292
   5.0599999830  -0.0000012093  -0.0000001700  -0.0000009364
   5.0649999830   0.0000024261  -0.0000003912   0.0000281374
   5.0699999830   0.0000091742  -0.0000006185   0.0000579586
   5.0749999830   0.0000184858  -0.0000008330   0.0000865464
   5.0799999829   0.0000295945  -0.0000010144   0.0001119983
   5.0849999829   0.0000415846  -0.0000011468   0.0001326152
   5.0899999829   0.0000534771  -0.0000012235   0.0001470173
   5.0949999829   0.0000643188  -0.0000012488   0.0001542448
   5.0999999829   0.0000732644  -0.0000012356   0.0001538304
   5.1049999829   0.0000796399  -0.0000012000   0.0001458363
   5.1099999828   0.0000829844  -0.0000011533   0.0001308500
   5.1149999828   0.0000830697  -0.0000010971   0.0001099386
   5.1199999828   0.0000799037  -0.0000010212   0.0000845652
   5.1249999828   0.0000737213  -0.0000009076   0.0000564803
   5.1299999828   0.0000649672  -0.0000007375   0.0000275956
   5.1349999828   0.0000542716  -0.0000004996  -0.0000001451
   5.1399999827   0.0000424142  -0.0000001972  -0.0000248921
   5.1449999827   0.0000302765   0.0000001504  -0.0000450049
   5.1499999827   0.0000187792   0.0000005103  -0.0000591544
   5.1549999827   0.0000088084   0.0000008442  -0.0000664077
   5.1599999827   0.0000011391   0.0000011168  -0.0000662927
   5.1649999827  -0.0000036344   0.0000013036  -0.0000588365
   5.1699999826  -0.0000051508   0.0000013946  -0.0000445722
   5.1749999826  -0.0000033088   0.0000013941  -0.0000245106
   5.1799999826   0.0000017326   0.0000013166  -0.0000000734
   5.1849999826   0.0000095781   0.0000011808   0.0000270067
   5.1899999826   0.0000196360   0.0000010060   0.0000548125
   5.1949999826   0.0000311677   0.0000008085   0.0000813837
   5.1999999825   0.0000433398   0.0000006027   0.0001048588
   5.2049999825   0.0000552756   0.0000004021   0.0001236073
   5.2099999825   0.0000661080   0.0000002215   0.0001363406
   5.2149999825   0.0000750326   0.0000000766   0.0001421971
   5.2199999825   0.0000813651  -0.0000000169   0.0001407975
   5.2249999825   0.0000845965  -0.0000000470   0.0001322689
   5.2299999824   0.0000844435  -0.0000000079   0.0001172380
   5.2349999824   0.0000808825   0.0000000977   0.0000967919
   5.2399999824   0.0000741621   0.0000002600   0.0000724075
   5.2449999824   0.0000647873   0.0000004647   0.0000458513
   5.2499999824   0.0000534767   0.0000006970   0.0000190547
   5.2549999824   0.0000410996   0.0000009453  -0.0000060281
   5.2599999823   0.0000286005   0.0000012020  -0.0000275663
   5.2649999823   0.0000169227   0.0000014623  -0.0000439910
   5.2699999823   0.0000069388   0.0000017209  -0.0000541130
   5.2749999823  -0.0000006067   0.0000019681  -0.0000572094
   5.2799999823  -0.0000051432   0.0000021877  -0.0000530723
   5.2849999823  -0.0000063087   0.0000023582  -0.0000420188
   5.2899999822  -0.0000039753   0.0000024567  -0.0000248629
   5.2949999822   0.0000017356   0.0000024650  -0.0000028547
   5.2999999822   0.0000104501   0.0000023758   0.0000224091
   5.3049999822   0.0000215570   0.0000021963   0.0000490962
   5.3099999822   0.0000342435   0.0000019475   0.0000752668
   5.3149999822   0.0000475546   0.0000016607   0.0000990108
   5.3199999821   0.0000604704   0.0000013702   0.0001185870
   5.3249999821   0.0000719948   0.0000011058   0.0001325535
   5.3299999821   0.0000812434   0.0000008885   0.0001398801
   5.3349999821   0.0000875193   0.0000007274   0.0001400305
   5.3399999821   0.0000903676   0.0000006224   0.0001330066
   5.3449999821   0.0000896058   0.0000005673   0.0001193494
   5.3499999820   0.0000853279   0.0000005550   0.0001000964
   5.3549999820   0.0000778887   0.0000005800   0.0000767003
   5.3599999820   0.0000678715   0.0000006397   0.0000509156
   5.3649999820   0.0000560444   0.0000007328   0.0000246664
   5.3699999820   0.0000433078   0.0000008572  -0.0000000973
   5.3749999820   0.0000306330   0.0000010075  -0.0000215407
   5.3799999819   0.0000189939   0.0000011750  -0.0000380764
   5.3849999819   0.0000092933   0.0000013480  -0.0000484779
   5.3899999819   0.0000022886   0.0000015143  -0.0000519686
   5.3949999819  -0.0000014749   0.0000016634  -0.0000482795
   5.3999999819  -0.0000017136   0.0000017874  -0.0000376720
   5.4049999818   0.0000015680   0.0000018810  -0.0000209211
   5.4099999818   0.0000080805   0.0000019404   0.0000007407
   5.4149999818   0.0000172796   0.0000019615   0.0000257143
   5.4199999818   0.0000284204   0.0000019397   0.0000521554
   5.4249999818   0.0000406248   0.0000018707   0.0000781140
   5.4299999818   0.0000529557   0.0000017527   0.0001016819
   5.4349999817   0.0000644873   0.0000015892   0.0001211338
   5.4399999817   0.0000743703   0.0000013903   0.0001350533
   5.4449999817   0.0000818874   0.0000011730   0.0001424320
   5.4499999817   0.0000864997   0.0000009586   0.0001427394
   5.4549999817   0.0000878840   0.0000007687   0.0001359565
   5.4599999817   0.0000859589   0.0000006210   0.0001225745
   5.4649999816   0.0000808956   0.0000005259   0.0001035594
   5.4699999816   0.0000731101   0.0000004854   0.0000802828
   5.4749999816   0.0000632326   0.0000004940   0.0000544252
   5.4799999816   0.0000520564   0.0000005416   0.0000278561
   5.4849999816   0.0000404681   0.0000006176   0.0000024986
   5.4899999816   0.0000293691   0.0000007131  -0.0000198106
   5.4949999815   0.0000195985   0.0000008228  -0.0000374568
   5.4999999815   0.0000118649   0.0000009442  -0.0000491662
   5.5049999815   0.0000066975   0.0000010759  -0.0000540987
   5.5099999815   0.0000044153   0.0000012158  -0.0000519078
   5.5149999815   0.0000051168   0.0000013591  -0.0000427630
   5.5199999815   0.0000086837   0.0000014979  -0.0000273341
   5.5249999814   0.0000147969   0.0000016222  -0.0000067393
   5.5299999814   0.0000229607   0.0000017212   0.0000175365
   5.5349999814   0.0000325354   0.0000017852   0.0000437498
   5.5399999814   0.0000427783   0.0000018072   0.0000700218
   5.5449999814   0.0000528955   0.0000017837   0.0000944717
   5.5499999814   0.0000621004   0.0000017155   0.0001153502
   5.5549999813   0.0000696772   0.0000016068   0.0001311636
   5.5599999813   0.0000750414   0.0000014657   0.0001407814
   5.5649999813   0.0000777890   0.0000013037   0.0001435171
   5.5699999813   0.0000777282   0.0000011347   0.0001391778
   5.5749999813   0.0000748893   0.0000009744   0.0001280772
   5.5799999813   0.0000695131   0.0000008385   0.0001110107
   5.5849999812   0.0000620217   0.0000007410   0.0000891967
   5.5899999812   0.0000529778   0.0000006918   0.0000641865
   5.5949999812   0.0000430389   0.0000006953   0.0000377528
   5.5999999812   0.0000329099   0.0000007493   0.0000117631
   5.6049999812   0.0000232973   0.0000008454  -0.0000119518
   5.6099999812   0.0000148642   0.0000009707  -0.0000317257
   5.6149999811   0.0000081856   0.0000011101  -0.0000461744
   5.6199999811   0.0000037064   0.0000012487  -0.0000542934
   5.6249999811   0.0000017036   0.0000013747  -0.0000555300
   5.6299999811   0.0000022582   0.0000014804  -0.0000498249
   5.6349999811   0.0000052427   0.0000015629  -0.0000376174
   5.6399999811   0.0000103282   0.0000016229  -0.0000198147
   5.6449999810   0.0000170116   0.0000016638   0.0000022743
   5.6499999810   0.0000246618   0.0000016893   0.0000270360
   5.6549999810   0.0000325758   0.0000017025   0.0000526720
   5.6599999810   0.0000400409   0.0000017051   0.0000773312
   5.6649999810   0.0000463914   0.0000016969   0.0000992461
   5.6699999810   0.0000510579   0.0000016772   0.0001168585
   5.6749999809   0.0000536039   0.0000016458   0.0001289303
   5.6799999809   0.0000537514   0.0000016039   0.0001346275
   5.6849999809   0.0000513961   0.0000015546   0.0001335758
   5.6899999809   0.0000466121   0.0000015031   0.0001258830
   5.6949999809   0.0000396488   0.0000014555   0.0001121270
   5.6999999809   0.0000309154   0.0000014180   0.0000933122
   5.7049999808   0.0000209552   0.0000013952   0.0000707944
   5.7099999808   0.0000104059   0.0000013901   0.0000461824
   5.7149999808  -0.0000000493   0.0000014035   0.0000212203
   5.7199999808  -0.0000097382   0.0000014341  -0.0000023390
   5.7249999808  -0.0000180557   0.0000014796  -0.0000228597
   5.7299999808  -0.0000245148   0.0000015367  -0.0000389397
   5.7349999807  -0.0000287837   0.0000016016  -0.0000495091
   5.7399999807  -0.0000307086   0.0000016702  -0.0000539016
   5.7449999807  -0.0000303189   0.0000017375  -0.0000518976
   5.7499999807  -0.0000278176   0.0000017987  -0.0000437328
   5.7549999807  -0.0000235594   0.0000018492  -0.0000300757
   5.7599999807  -0.0000180199   0.0000018858  -0.0000119741
   5.7649999806  -0.0000117579   0.0000019073   0.0000092241
   5.7699999806  -0.0000053740   0.0000019147   0.0000319698
   5.7749999806   0.0000005344   0.0000019113   0.0000546255
   5.7799999806   0.0000054199   0.0000019011   0.0000755824
   5.7849999806   0.0000088290   0.0000018879   0.0000933749
   5.7899999806   0.0000104424   0.0000018736   0.0001067829
   5.7949999805   0.0000101039   0.0000018583   0.0001149157
   5.7999999805   0.0000078358   0.0000018403   0.0001172708
   5.8049999805   0.0000038373   0.0000018170   0.0001137636
   5.8099999805  -0.0000015340   0.0000017870   0.0001047275
   5.8149999805  -0.0000077953   0.0000017504   0.0000908833
   5.8199999805  -0.0000143814   0.0000017101   0.0000732825
   5.8249999804  -0.0000206924   0.0000016704   0.0000532281
   5.8299999804  -0.0000261403   0.0000016369   0.0000321783
   5.8349999804  -0.0000301908   0.0000016143   0.0000116415
   5.8399999804  -0.0000323987   0.0000016057  -0.0000069313
   5.8449999804  -0.0000324355   0.0000016115  -0.0000222490
   5.8499999804  -0.0000301095   0.0000016297  -0.0000332692
   5.8549999803  -0.0000253787   0.0000016561  -0.0000392694
   5.8599999803  -0.0000183546   0.0000016848  -0.0000398929
   5.8649999803  -0.0000092970   0.0000017089  -0.0000351688
   5.8699999803   0.0000014023   0.0000017217  -0.0000255026
   5.8749999803   0.0000132470   0.0000017170  -0.0000116416
   5.8799999803   0.0000256744   0.0000016903   0.0000053849
   5.8849999802   0.0000380991   0.0000016399   0.0000243427
   5.8899999802   0.0000499598   0.0000015679   0.0000438834
   5.8949999802   0.0000607620   0.0000014798   0.0000626412
   5.8999999802   0.0000701132   0.0000013841   0.0000793286
   5.9049999802   0.0000777469   0.0000012910   0.0000928268
   5.9099999802   0.0000835344   0.0000012095   0.0001022617
   5.9149999801   0.0000874858   0.0000011463   0.0001070627
   5.9199999801   0.0000897416   0.0000011033   0.0001069996
   5.9249999801   0.0000905564   0.0000010779   0.0001021936
   5.9299999801   0.0000902777   0.0000010642   0.0000931040
   5.9349999801   0.0000893184   0.0000010542   0.0000804889
   5.9399999801   0.0000881258   0.0000010409   0.0000653449
   5.9449999800   0.0000871452   0.0000010194   0.0000488302
   5.9499999800   0.0000867818   0.0000009880   0.0000321773
   5.9549999800   0.0000873641   0.0000009477   0.0000166013
   5.9599999800   0.0000891113   0.0000009010   0.0000032131
   5.9649999800   0.0000921106   0.0000008506  -0.0000070593
   5.9699999800   0.0000963076   0.0000007980  -0.0000135332
   5.9749999799   0.0001015100   0.0000007435  -0.0000158151
   5.9799999799   0.0001074043   0.0000006864  -0.0000138234
   5.9849999799   0.0001135839   0.0000006258  -0.0000077875
   5.9899999799   0.0001195816   0.0000005614   0.0000017746
   5.9949999799   0.0001249069   0.0000004937   0.0000140992
