   0.0000000000   0.0000000000   0.0000000000   0.0000000000
   0.0050000000   0.0000000000   0.0000000000   0.0000000000
   0.0100000000   0.0000000000   0.0000000000   0.0000000000
   0.0149999999   0.0000000000   0.0000000000   0.0000000000
   0.0199999999   0.0000000000   0.0000000000   0.0000000000
   0.0249999999   0.0000000000   0.0000000000   0.0000000000
   0.0299999999   0.0000000000   0.0000000000   0.0000000000
   0.0349999999   0.0000000000   0.0000000000   0.0000000000
   0.0399999999   0.0000000000   0.0000000000   0.0000000000
   0.0449999998   0.0000000000   0.0000000000   0.0000000000
   0.0499999998  -0.0000000000  -0.0000000000  -0.0000000000
   0.0549999998  -0.0000000000  -0.0000000000  -0.0000000000
   0.0599999998  -0.0000000000  -0.0000000000  -0.0000000000
   0.0649999998  -0.0000000000  -0.0000000000  -0.0000000000
   0.0699999998  -0.0000000000  -0.0000000000  -0.0000000000
   0.0749999997  -0.0000000000  -0.0000000000  -0.0000000000
   0.0799999997  -0.0000000000  -0.0000000000  -0.0000000000
   0.0849999997  -0.0000000000  -0.0000000000  -0.0000000000
   0.0899999997  -0.0000000000  -0.0000000000  -0.0000000000
   0.0949999997  -0.0000000000  -0.0000000000  -0.0000000000
   0.0999999997  -0.0000000000  -0.0000000000  -0.0000000000
   0.1049999996  -0.0000000000  -0.0000000000  -0.0000000000
   0.1099999996  -0.0000000000  -0.0000000000  -0.0000000000
   0.1149999996  -0.0000000000  -0.0000000000  -0.0000000000
   0.1199999996  -0.0000000000  -0.0000000000  -0.0000000000
   0.1249999996  -0.0000000000  -0.0000000000  -0.0000000000
   0.1299999996  -0.0000000000  -0.0000000000  -0.0000000000
   0.1349999995  -0.0000000000  -0.0000000000  -0.0000000000
   0.1399999995  -0.0000000000  -0.0000000000  -0.0000000000
   0.1449999995  -0.0000000000  -0.0000000000  -0.0000000000
   0.1499999995  -0.0000000000  -0.0000000000  -0.0000000000
   0.1549999995  -0.0000000000  -0.0000000000  -0.0000000000
   0.1599999995  -0.0000000000  -0.0000000000  -0.0000000000
   0.1649999994  -0.0000000000  -0.0000000000  -0.0000000000
   0.1699999994  -0.0000000000  -0.0000000000  -0.0000000000
   0.1749999994  -0.0000000000  -0.0000000000  -0.0000000000
   0.1799999994  -0.0000000000  -0.0000000000  -0.0000000000
   0.1849999994  -0.0000000000   0.0000000000  -0.0000000000
   0.1899999994   0.0000000000   0.0000000000   0.0000000000
   0.1949999993   0.0000000000   0.0000000000   0.0000000000
   0.1999999993   0.0000000000   0.0000000000   0.0000000000
   0.2049999993   0.0000000000   0.0000000000   0.0000000000
   0.2099999993   0.0000000000   0.0000000000   0.0000000000
   0.2149999993   0.0000000000   0.0000000000   0.0000000000
   0.2199999993   0.0000000000   0.0000000000   0.0000000000
   0.2249999992   0.0000000000   0.0000000000   0.0000000000
   0.2299999992   0.0000000000  -0.0000000000   0.0000000000
   0.2349999992   0.0000000000  -0.0000000000   0.0000000000
   0.2399999992   0.0000000000  -0.0000000000   0.0000000000
   0.2449999992   0.0000000000  -0.0000000000   0.0000000000
   0.2499999992   0.0000000000  -0.0000000000   0.0000000000
   0.2549999991   0.0000000000  -0.0000000000   0.0000000000
   0.2599999991  -0.0000000000   0.0000000000  -0.0000000000
   0.2649999991  -0.0000000000   0.0000000000  -0.0000000000
   0.2699999991  -0.0000000000   0.0000000000  -0.0000000000
   0.2749999991  -0.0000000000   0.0000000000  -0.0000000000
   0.2799999991  -0.0000000000   0.0000000000  -0.0000000000
   0.2849999990  -0.0000000000   0.0000000000  -0.0000000000
   0.2899999990  -0.0000000000   0.0000000000  -0.0000000000
   0.2949999990   0.0000000000  -0.0000000000   0.0000000000
   0.2999999990   0.0000000000  -0.0000000000   0.0000000000
   0.3049999990   0.0000000000  -0.0000000000   0.0000000000
   0.3099999990   0.0000000000  -0.0000000000   0.0000000000
   0.3149999989   0.0000000000  -0.0000000000   0.0000000000
   0.3199999989   0.0000000000  -0.0000000000   0.0000000000
   0.3249999989  -0.0000000000   0.0000000000  -0.0000000000
   0.3299999989  -0.0000000000   0.0000000000  -0.0000000000
   0.3349999989  -0.0000000000   0.0000000000  -0.0000000000
   0.3399999989  -0.0000000000   0.0000000000  -0.0000000000
   0.3449999988  -0.0000000000   0.0000000000  -0.0000000000
   0.3499999988  -0.0000000000   0.0000000000  -0.0000000000
   0.3549999988   0.0000000000  -0.0000000000   0.0000000000
   0.3599999988   0.0000000000  -0.0000000000   0.0000000000
   0.3649999988   0.0000000000  -0.0000000000   0.0000000000
   0.3699999988   0.0000000000  -0.0000000000   0.0000000000
   0.3749999987   0.0000000000  -0.0000000000   0.0000000000
   0.3799999987   0.0000000000  -0.0000000000   0.0000000000
   0.3849999987  -0.0000000000   0.0000000000  -0.0000000000
   0.3899999987  -0.0000000000   0.0000000000  -0.0000000000
   0.3949999987  -0.0000000000   0.0000000000  -0.0000000000
   0.3999999987  -0.0000000000   0.0000000000  -0.0000000000
   0.4049999986  -0.0000000000   0.0000000000  -0.0000000000
   0.4099999986  -0.0000000000   0.0000000000  -0.0000000000
   0.4149999986   0.0000000000  -0.0000000000   0.0000000000
   0.4199999986   0.0000000000  -0.0000000000   0.0000000000
   0.4249999986   0.0000000000  -0.0000000000   0.0000000000
   0.4299999986   0.0000000000  -0.0000000000   0.0000000000
   0.4349999985   0.0000000000  -0.0000000000   0.0000000000
   0.4399999985   0.0000000000  -0.0000000000   0.0000000000
   0.4449999985  -0.0000000000   0.0000000000  -0.0000000000
   0.4499999985  -0.0000000000   0.0000000000  -0.0000000000
   0.4549999985  -0.0000000001   0.0000000000  -0.0000000001
   0.4599999985  -0.0000000001   0.0000000001  -0.0000000001
   0.4649999984  -0.0000000001   0.0000000001  -0.0000000001
   0.4699999984  -0.0000000000   0.0000000000  -0.0000000000
   0.4749999984   0.0000000000  -0.0000000000   0.0000000000
   0.4799999984   0.0000000001  -0.0000000001   0.0000000001
   0.4849999984   0.0000000002  -0.0000000001   0.0000000002
   0.4899999984   0.0000000002  -0.0000000001   0.0000000002
   0.4949999983   0.0000000002  -0.0000000001   0.0000000002
   0.4999999983   0.0000000001  -0.0000000000   0.0000000001
   0.5049999983  -0.0000000002  -0.0000000000  -0.0000000002
   0.5099999983  -0.0000000004  -0.0000000000  -0.0000000004
   0.5149999983  -0.0000000007  -0.0000000001  -0.0000000007
   0.5199999983  -0.0000000008  -0.0000000002  -0.0000000008
   0.5249999982  -0.0000000006  -0.0000000003  -0.0000000006
   0.5299999982  -0.0000000002  -0.0000000002  -0.0000000002
   0.5349999982   0.0000000004   0.0000000003   0.0000000004
   0.5399999982   0.0000000011   0.0000000012   0.0000000011
   0.5449999982   0.0000000018   0.0000000024   0.0000000019
   0.5499999982   0.0000000024   0.0000000036   0.0000000024
   0.5549999981   0.0000000027   0.0000000041   0.0000000027
   0.5599999981   0.0000000025   0.0000000032   0.0000000025
   0.5649999981   0.0000000017   0.0000000000   0.0000000017
   0.5699999981  -0.0000000001  -0.0000000057  -0.0000000002
   0.5749999981  -0.0000000035  -0.0000000134  -0.0000000035
   0.5799999981  -0.0000000089  -0.0000000218  -0.0000000090
   0.5849999980  -0.0000000165  -0.0000000282  -0.0000000166
   0.5899999980  -0.0000000251  -0.0000000293  -0.0000000253
   0.5949999980  -0.0000000314  -0.0000000210  -0.0000000315
   0.5999999980  -0.0000000288   0.0000000001  -0.0000000287
   0.6049999980  -0.0000000081   0.0000000362  -0.0000000078
   0.6099999980   0.0000000399   0.0000000870   0.0000000405
   0.6149999979   0.0000001192   0.0000001466   0.0000001200
   0.6199999979   0.0000002196   0.0000002017   0.0000002204
   0.6249999979   0.0000003065   0.0000002273   0.0000003071
   0.6299999979   0.0000003143   0.0000001853   0.0000003144
   0.6349999979   0.0000001493   0.0000000268   0.0000001487
   0.6399999979  -0.0000002885  -0.0000002960  -0.0000002899
   0.6449999978  -0.0000010568  -0.0000008049  -0.0000010589
   0.6499999978  -0.0000020959  -0.0000014548  -0.0000020982
   0.6549999978  -0.0000031360  -0.0000020817  -0.0000031379
   0.6599999978  -0.0000036194  -0.0000023551  -0.0000036200
   0.6649999978  -0.0000026847  -0.0000017630  -0.0000026834
   0.6699999978   0.0000007197   0.0000003314   0.0000007229
   0.6749999977   0.0000075267   0.0000045188   0.0000075314
   0.6799999977   0.0000180086   0.0000110271   0.0000180133
   0.6849999977   0.0000310231   0.0000192654   0.0000310259
   0.6899999977   0.0000431732   0.0000272933   0.0000431722
   0.6949999977   0.0000481307   0.0000313581   0.0000481246
   0.6999999976   0.0000364997   0.0000257282   0.0000364889
   0.7049999976  -0.0000033201   0.0000031067  -0.0000033328
   0.7099999976  -0.0000828234  -0.0000440804  -0.0000828330
   0.7149999976  -0.0002093501  -0.0001213085  -0.0002093496
   0.7199999976  -0.0003803224  -0.0002284567  -0.0003803045
   0.7249999976  -0.0005762671  -0.0003554328  -0.0005762264
   0.7299999975  -0.0007536746  -0.0004775098  -0.0007536103
   0.7349999975  -0.0008392666  -0.0005512925  -0.0008391863
   0.7399999975  -0.0007275688  -0.0005124789  -0.0007274903
   0.7449999975  -0.0002836537  -0.0002766162  -0.0002836074
   0.7499999975   0.0006475778   0.0002561715   0.0006475497
   0.7549999975   0.0022252073   0.0011920417   0.0022250533
   0.7599999974   0.0045902208   0.0026302289   0.0045898863
   0.7649999974   0.0078401084   0.0046470572   0.0078395460
   0.7699999974   0.0120040632   0.0072793419   0.0120032474
   0.7749999974   0.0170234890   0.0105099680   0.0170224348
   0.7799999974   0.0227424145   0.0142585879   0.0227411999
   0.7849999974   0.0289112518   0.0183799318   0.0289100412
   0.7899999973   0.0352051909   0.0226711713   0.0352042573
   0.7949999973   0.0412557552   0.0268882619   0.0412554950
   0.7999999973   0.0466912034   0.0307694820   0.0466921406
   0.8049999973   0.0511792411   0.0340628579   0.0511820160
   0.8099999973   0.0544645071   0.0365531717   0.0544698471
   0.8149999973   0.0563939086   0.0380840891   0.0564025821
   0.8199999972   0.0569251089   0.0385717108   0.0569378672
   0.8249999972   0.0561169180   0.0380074525   0.0561344334
   0.8299999972   0.0541042403   0.0364502636   0.0541270511
   0.8349999972   0.0510636499   0.0340103407   0.0510921236
   0.8399999972   0.0471777109   0.0308281716   0.0472120336
   0.8449999972   0.0426062485   0.0270535357   0.0426464434
   0.8499999971   0.0374708183   0.0228287862   0.0375167883
   0.8549999971   0.0318550649   0.0182794034   0.0319066496
   0.8599999971   0.0258194180   0.0135127830   0.0258764473
   0.8649999971   0.0194247667   0.0086240259   0.0194870969
   0.8699999971   0.0127574358   0.0037057129   0.0128249540
   0.8749999971   0.0059475970  -0.0011422494   0.0060201905
   0.8799999970  -0.0008247438  -0.0058064044  -0.0007472462
   0.8849999970  -0.0073384081  -0.0101595798  -0.0072563078
   0.8899999970  -0.0133523758  -0.0140673104  -0.0132661656
   0.8949999970  -0.0186342530  -0.0173993795  -0.0185446462
   0.8999999970  -0.0229884900  -0.0200435212  -0.0228964020
   0.9049999970  -0.0262773466  -0.0219177719  -0.0261838248
   0.9099999969  -0.0284300749  -0.0229785011  -0.0283361897
   0.9149999969  -0.0294395617  -0.0232225704  -0.0293462818
   0.9199999969  -0.0293495290  -0.0226839191  -0.0292576115
   0.9249999969  -0.0282380870  -0.0214265168  -0.0281480120
   0.9299999969  -0.0262040826  -0.0195365277  -0.0261160488
   0.9349999969  -0.0233610505  -0.0171163832  -0.0232750342
   0.9399999968  -0.0198401889  -0.0142823064  -0.0197560485
   0.9449999968  -0.0157997643  -0.0111650689  -0.0157173591
   0.9499999968  -0.0114350989  -0.0079119935  -0.0113543850
   0.9549999968  -0.0069819985  -0.0046871176  -0.0069030720
   0.9599999968  -0.0027077479  -0.0016664351  -0.0026308192
   0.9649999968   0.0011126013   0.0009736316   0.0011872950
   0.9699999967   0.0042320100   0.0030742222   0.0043043274
   0.9749999967   0.0064719600   0.0045157485   0.0065419720
   0.9799999967   0.0077574316   0.0052386325   0.0078254909
   0.9849999967   0.0081360613   0.0052576223   0.0082027933
   0.9899999967   0.0077742920   0.0046650144   0.0078405014
   0.9949999967   0.0069288804   0.0036203590   0.0069953909
   0.9999999966   0.0058986117   0.0023273860   0.0059660810
   1.0049999966   0.0049666389   0.0010021343   0.0050354016
   1.0099999966   0.0043468370  -0.0001613221   0.0044168230
   1.0149999966   0.0041469850  -0.0010202891   0.0042177440
   1.0199999966   0.0043575002  -0.0015017205   0.0044283301
   1.0249999966   0.0048679335  -0.0016056502   0.0049380842
   1.0299999965   0.0055062770  -0.0013936648   0.0055751735
   1.0349999965   0.0060903305  -0.0009658749   0.0061577539
   1.0399999965   0.0064775335  -0.0004324948   0.0065437070
   1.0449999965   0.0066005496   0.0001128344   0.0066661034
   1.0499999965   0.0064801942   0.0006116917   0.0065460159
   1.0549999965   0.0062137470   0.0010476598   0.0062807590
   1.0599999964   0.0059434406   0.0014407705   0.0060123673
   1.0649999964   0.0058150787   0.0018324570   0.0058862710
   1.0699999964   0.0059389149   0.0022662449   0.0060122823
   1.0749999964   0.0063636185   0.0027702253   0.0064386916
   1.0799999964   0.0070698721   0.0033464372   0.0071459762
   1.0849999964   0.0079842047   0.0039699456   0.0080606955
   1.0899999963   0.0090078250   0.0045973635   0.0090843152
   1.0949999963   0.0100511337   0.0051817284   0.0101276415
   1.0999999963   0.0110633601   0.0056888130   0.0111403323
   1.1049999963   0.0120486292   0.0061096543   0.0121268254
   1.1099999963   0.0130640635   0.0064653405   0.0131443308
   1.1149999963   0.0142009384   0.0068025213   0.0142839392
   1.1199999962   0.0155548315   0.0071809185   0.0156408009
   1.1249999962   0.0171937306   0.0076564928   0.0172823393
   1.1299999962   0.0191333841   0.0082651480   0.0192237514
   1.1349999962   0.0213267870   0.0090116020   0.0214176506
   1.1399999962   0.0236703844   0.0098664440   0.0237603898
   1.1449999962   0.0260246662   0.0107719494   0.0261127028
   1.1499999961   0.0282427769   0.0116547051   0.0283282738
   1.1549999961   0.0301987364   0.0124412597   0.0302818397
   1.1599999961   0.0318073878   0.0130723714   0.0318889701
   1.1649999961   0.0330310105   0.0135121224   0.0331125082
   1.1699999961   0.0338717492   0.0137499144   0.0339548679
   1.1749999961   0.0343532918   0.0137955818   0.0344396563
   1.1799999960   0.0344983107   0.0136698643   0.0345891483
   1.1849999960   0.0343091687   0.0133936854   0.0344051059
   1.1899999960   0.0337580712   0.0129797777   0.0338590928
   1.1949999960   0.0327897046   0.0124292278   0.0328952772
   1.1999999960   0.0313354491   0.0117338385   0.0314447702
   1.2049999960   0.0293347280   0.0108833602   0.0294470251
   1.2099999959   0.0267569864   0.0098751810   0.0268717827
   1.2149999959   0.0236177515   0.0087233728   0.0237350237
   1.2199999959   0.0199841285   0.0074642268   0.0201043154
   1.2249999959   0.0159682737   0.0061564430   0.0160921383
   1.2299999959   0.0117108519   0.0048756300   0.0118392390
   1.2349999959   0.0073591869   0.0037042921   0.0074927486
   1.2399999958   0.0030460013   0.0027196155   0.0031849690
   1.2449999958  -0.0011259316   0.0019818364  -0.0009818643
   1.2499999958  -0.0050899651   0.0015256973  -0.0049416168
   1.2549999958  -0.0088121619   0.0013565906  -0.0086607036
   1.2599999958  -0.0122805952   0.0014517234  -0.0121273032
   1.2649999958  -0.0154915289   0.0017653721  -0.0153375184
   1.2699999957  -0.0184371188   0.0022363760  -0.0182831318
   1.2749999957  -0.0210983718   0.0027956712  -0.0209446741
   1.2799999957  -0.0234451662   0.0033719688  -0.0232915766
   1.2849999957  -0.0254428212   0.0038945208  -0.0252888586
   1.2899999957  -0.0270627130   0.0042930232  -0.0269078137
   1.2949999957  -0.0282933147   0.0044957406  -0.0281370574
   1.2999999956  -0.0291480633   0.0044275881  -0.0289903355
   1.3049999956  -0.0296675263   0.0040099682  -0.0295085912
   1.3099999956  -0.0299150864   0.0031636300  -0.0297555357
   1.3149999956  -0.0299672275   0.0018148594  -0.0298078445
   1.3199999956  -0.0299009522  -0.0000957671  -0.0297425341
   1.3249999956  -0.0297815097  -0.0026037021  -0.0296247129
   1.3299999955  -0.0296533379  -0.0057118450  -0.0294986038
   1.3349999955  -0.0295360796  -0.0093849021  -0.0293836760
   1.3399999955  -0.0294260776  -0.0135478629  -0.0292762595
   1.3449999955  -0.0293023322  -0.0180888337  -0.0291555902
   1.3499999955  -0.0291349125  -0.0228655746  -0.0289922513
   1.3549999954  -0.0288934746  -0.0277144730  -0.0287566510
   1.3599999954  -0.0285538759  -0.0324604913  -0.0284255310
   1.3649999954  -0.0281016932  -0.0369268246  -0.0279853352
   1.3699999954  -0.0275324650  -0.0409434591  -0.0274322896
   1.3749999954  -0.0268493641  -0.0443543310  -0.0267699352
   1.3799999954  -0.0260595473  -0.0470231765  -0.0260053876
   1.3849999953  -0.0251705338  -0.0488383446  -0.0251456953
   1.3899999953  -0.0241876969  -0.0497168158  -0.0241953797
   1.3949999953  -0.0231134558  -0.0496075227  -0.0231557330
   1.3999999953  -0.0219482203  -0.0484938895  -0.0220259024
   1.4049999953  -0.0206926949  -0.0463953956  -0.0208053374
   1.4099999953  -0.0193508809  -0.0433679344  -0.0194969129
   1.4149999952  -0.0179330122  -0.0395027698  -0.0181099433
   1.4199999952  -0.0164577003  -0.0349239457  -0.0166623561
   1.4249999952  -0.0149527002  -0.0297840534  -0.0151814426
   1.4299999952  -0.0134539260  -0.0242583050  -0.0137028296
   1.4349999952  -0.0120026357  -0.0185369532  -0.0122676117
   1.4399999952  -0.0106410587  -0.0128162521  -0.0109179412
   1.4449999951  -0.0094071179  -0.0072884074  -0.0096917410
   1.4499999951  -0.0083292140  -0.0021312508  -0.0086175117
   1.4549999951  -0.0074221802   0.0025013822  -0.0077103357
   1.4599999951  -0.0066853926   0.0064874994  -0.0069700426
   1.4649999951  -0.0061036050   0.0097420955  -0.0063820840
   1.4699999951  -0.0056504370   0.0122190406  -0.0059210207
   1.4749999950  -0.0052937488   0.0139097032  -0.0055558420
   1.4799999950  -0.0050016013   0.0148388571  -0.0052558105
   1.4849999950  -0.0047473130   0.0150588413  -0.0049953558
   1.4899999950  -0.0045123783   0.0146430987  -0.0047568060
   1.4949999950  -0.0042866504   0.0136800783  -0.0045303918
   1.4999999950  -0.0040660267   0.0122681032  -0.0043117949
   1.5049999949  -0.0038486305   0.0105113265  -0.0040982634
   1.5099999949  -0.0036309204   0.0085164792  -0.0038847422
   1.5149999949  -0.0034051220   0.0063898886  -0.0036614138
   1.5199999949  -0.0031588820   0.0042342754  -0.0034135388
   1.5249999949  -0.0028772717   0.0021450814  -0.0031237009
   1.5299999949  -0.0025464688   0.0002064359  -0.0027757548
   1.5349999948  -0.0021578958  -0.0015128039  -0.0023592283
   1.5399999948  -0.0017114634  -0.0029623122  -0.0018728033
   1.5449999948  -0.0012168772  -0.0041122451  -0.0013258129
   1.5499999948  -0.0006925897  -0.0049534755  -0.0007373297
   1.5549999948  -0.0001626985  -0.0054960224  -0.0001331355
   1.5599999948   0.0003473394  -0.0057659224   0.0004585584
   1.5649999947   0.0008150501  -0.0058010445   0.0010115174
   1.5699999947   0.0012243137  -0.0056464705   0.0015049912
   1.5749999947   0.0015671215  -0.0053500369   0.0019256844
   1.5799999947   0.0018435843  -0.0049585002   0.0022680531
   1.5849999947   0.0020605085  -0.0045145897   0.0025332419
   1.5899999947   0.0022291334  -0.0040550239   0.0027272397
   1.5949999946   0.0023626690  -0.0036094146   0.0028588719
   1.5999999946   0.0024741357  -0.0031998963   0.0029380949
   1.6049999946   0.0025747795  -0.0028412862   0.0029748291
   1.6099999946   0.0026731222  -0.0025415887   0.0029783364
   1.6149999946   0.0027745629  -0.0023026922   0.0029570193
   1.6199999946   0.0028814089  -0.0021211467   0.0029184739
   1.6249999945   0.0029932275  -0.0019889595   0.0028696657
   1.6299999945   0.0031074403  -0.0018943945   0.0028171403
   1.6349999945   0.0032200810  -0.0018228075   0.0027672047
   1.6399999945   0.0033265988  -0.0017575861   0.0027260003
   1.6449999945   0.0034225471  -0.0016812744   0.0026993654
   1.6499999945   0.0035039856  -0.0015769347   0.0026923919
   1.6549999944   0.0035674890  -0.0014297352   0.0027086495
   1.6599999944   0.0036097843  -0.0012286499   0.0027491808
   1.6649999944   0.0036272045  -0.0009680560   0.0028115219
   1.6699999944   0.0036152715  -0.0006489344   0.0028891085
   1.6749999944   0.0035687402  -0.0002793705   0.0029714214
   1.6799999944   0.0034823262   0.0001258790   0.0030450861
   1.6849999943   0.0033521019   0.0005468293   0.0030958803
   1.6899999943   0.0031772727   0.0009605942   0.0031113039
   1.6949999943   0.0029618223   0.0013442625   0.0030831325
   1.6999999943   0.0027154462   0.0016778448   0.0030092930
   1.7049999943   0.0024533131   0.0019467683   0.0028945210
   1.7099999943   0.0021944923   0.0021434821   0.0027495629
   1.7149999942   0.0019592632   0.0022679204   0.0025890744
   1.7199999942   0.0017658701   0.0023268203   0.0024287291
   1.7249999942   0.0016274759   0.0023321226   0.0022822605
   1.7299999942   0.0015500407   0.0022988544   0.0021591587
   1.7349999942   0.0015316107   0.0022429396   0.0020635223
   1.7399999942   0.0015631241   0.0021793261   0.0019942180
   1.7449999941   0.0016304528   0.0021206698   0.0019461293
   1.7499999941   0.0017171094   0.0020766350   0.0019120063
   1.7549999941   0.0018069517   0.0020537189   0.0018843390
   1.7599999941   0.0018863135   0.0020554135   0.0018567691
   1.7649999941   0.0019452333   0.0020825137   0.0018247897
   1.7699999941   0.0019777465   0.0021334331   0.0017857487
   1.7749999940   0.0019814512   0.0022044815   0.0017383888
   1.7799999940   0.0019566820   0.0022901384   0.0016822486
   1.7849999940   0.0019056239   0.0023834042   0.0016172112
   1.7899999940   0.0018315884   0.0024763045   0.0015433528
   1.7949999940   0.0017385300   0.0025605772   0.0014610834
   1.7999999940   0.0016307631   0.0026285068   0.0013714450
   1.8049999939   0.0015127855   0.0026738079   0.0012763908
   1.8099999939   0.0013891252   0.0026924240   0.0011788985
   1.8149999939   0.0012641803   0.0026831066   0.0010828509
   1.8199999939   0.0011420692   0.0026476674   0.0009927058
   1.8249999939   0.0010265269   0.0025908446   0.0009130240
   1.8299999939   0.0009208600   0.0025197812   0.0008479386
   1.8349999938   0.0008279314   0.0024431628   0.0008006246
   1.8399999938   0.0007501098   0.0023701106   0.0007728017
   1.8449999938   0.0006891255   0.0023089601   0.0007643018
   1.8499999938   0.0006458203   0.0022660830   0.0007727569
   1.8549999938   0.0006198522   0.0022449215   0.0007935014
   1.8599999938   0.0006094785   0.0022454002   0.0008198046
   1.8649999937   0.0006115591   0.0022638432   0.0008435215
   1.8699999937   0.0006218696   0.0022934574   0.0008561674
   1.8749999937   0.0006357144   0.0023253505   0.0008502894
   1.8799999937   0.0006487057   0.0023499442   0.0008208827
   1.8849999937   0.0006574886   0.0023585520   0.0007665182
   1.8899999937   0.0006601762   0.0023448344   0.0006898649
   1.8949999936   0.0006563393   0.0023058533   0.0005974089
   1.8999999936   0.0006465384   0.0022425183   0.0004983651
   1.9049999936   0.0006315540   0.0021593450   0.0004029987
   1.9099999936   0.0006115901   0.0020635931   0.0003207342
   1.9149999936   0.0005857588   0.0019639845   0.0002584974
   1.9199999936   0.0005520705   0.0018692829   0.0002196653
   1.9249999935   0.0005079880   0.0017870193   0.0002038251
   1.9299999935   0.0004514030   0.0017225860   0.0002073239
   1.9349999935   0.0003817378   0.0016788015   0.0002243830
   1.9399999935   0.0003008066   0.0016559307   0.0002484338
   1.9449999935   0.0002131307   0.0016520404   0.0002733295
   1.9499999935   0.0001255559   0.0016635306   0.0002941783
   1.9549999934   0.0000462237   0.0016856949   0.0003077092
   1.9599999934  -0.0000168628   0.0017132175   0.0003122289
   1.9649999934  -0.0000573352   0.0017405865   0.0003073356
   1.9699999934  -0.0000716675   0.0017624548   0.0002935723
   1.9749999934  -0.0000598432   0.0017739937   0.0002721502
   1.9799999934  -0.0000253776   0.0017712668   0.0002447807
   1.9849999933   0.0000252507   0.0017516069   0.0002135717
   1.9899999933   0.0000835961   0.0017139353   0.0001809029
   1.9949999933   0.0001404593   0.0016589466   0.0001492118
   1.9999999933   0.0001871215   0.0015890924   0.0001206840
   2.0049999933   0.0002164534   0.0015083391   0.0000969077
   2.0099999933   0.0002238027   0.0014217299   0.0000785981
   2.0149999932   0.0002075963   0.0013348186   0.0000654914
   2.0199999932   0.0001696009   0.0012530678   0.0000564557
   2.0249999932   0.0001147851   0.0011812932   0.0000497921
   2.0299999932   0.0000507439   0.0011232086   0.0000436314
   2.0349999932  -0.0000133055   0.0010810990   0.0000363072
   2.0399999931  -0.0000678643   0.0010556255   0.0000266090
   2.0449999931  -0.0001046403   0.0010457649   0.0000138783
   2.0499999931  -0.0001179259   0.0010488958  -0.0000020167
   2.0549999931  -0.0001055875   0.0010610489  -0.0000207509
   2.0599999931  -0.0000694501   0.0010773365  -0.0000415775
   2.0649999931  -0.0000149843   0.0010925482  -0.0000632923
   2.0699999930   0.0000496423   0.0011018547  -0.0000841630
   2.0749999930   0.0001149381   0.0011015161  -0.0001019099
   2.0799999930   0.0001715938   0.0010894570  -0.0001138453
   2.0849999930   0.0002118206   0.0010655756  -0.0001172356
   2.0899999930   0.0002302948   0.0010316995  -0.0001098679
   2.0949999930   0.0002246052   0.0009911748  -0.0000907078
   2.0999999929   0.0001952263   0.0009481691  -0.0000604654
   2.1049999929   0.0001451330   0.0009068392  -0.0000218724
   2.1099999929   0.0000792133   0.0008705531   0.0000204649
   2.1149999929   0.0000036102   0.0008413375   0.0000606682
   2.1199999929  -0.0000749235   0.0008196596   0.0000925422
   2.1249999929  -0.0001496336   0.0008045624   0.0001106801
   2.1299999928  -0.0002143415   0.0007940831   0.0001114700
   2.1349999928  -0.0002639929   0.0007858213   0.0000937769
   2.1399999928  -0.0002951483   0.0007775053   0.0000591652
   2.1449999928  -0.0003063462   0.0007674279   0.0000116365
   2.1499999928  -0.0002982539   0.0007546785  -0.0000430275
   2.1549999928  -0.0002735345   0.0007391614  -0.0000981615
   2.1599999927  -0.0002364128   0.0007214432  -0.0001471727
   2.1649999927  -0.0001919991   0.0007024986  -0.0001844030
   2.1699999927  -0.0001454929   0.0006834261  -0.0002057946
   2.1749999927  -0.0001014288   0.0006651900  -0.0002093098
   2.1799999927  -0.0000631140   0.0006484203  -0.0001950951
   2.1849999927  -0.0000323565   0.0006332900  -0.0001653980
   2.1899999926  -0.0000095050   0.0006194776  -0.0001242542
   2.1949999926   0.0000062515   0.0006062225  -0.0000769695
   2.1999999926   0.0000164284   0.0005924743  -0.0000294403
   2.2049999926   0.0000227480   0.0005771249   0.0000126139
   2.2099999926   0.0000266983   0.0005592895   0.0000443983
   2.2149999926   0.0000292061   0.0005385790   0.0000626467
   2.2199999925   0.0000304496   0.0005152939   0.0000659706
   2.2249999925   0.0000298125   0.0004904744   0.0000548887
   2.2299999925   0.0000259816   0.0004657741   0.0000315443
   2.2349999925   0.0000171877   0.0004431694  -0.0000008043
   2.2399999925   0.0000015901   0.0004245677  -0.0000383840
   2.2449999925  -0.0000222204   0.0004114123  -0.0000774497
   2.2499999924  -0.0000546674   0.0004043844  -0.0001146594
   2.2549999924  -0.0000946931   0.0004032768  -0.0001472397
   2.2599999924  -0.0001394667   0.0004070630  -0.0001729807
   2.2649999924  -0.0001844265   0.0004141267  -0.0001901525
   2.2699999924  -0.0002237369   0.0004225757  -0.0001974505
   2.2749999924  -0.0002511385   0.0004305483  -0.0001940428
   2.2799999923  -0.0002610627   0.0004364383  -0.0001797296
   2.2849999923  -0.0002497872   0.0004390050  -0.0001551555
   2.2899999923  -0.0002163734   0.0004373832  -0.0001219753
   2.2949999923  -0.0001631505   0.0004310386  -0.0000828682
   2.2999999923  -0.0000956112   0.0004197288  -0.0000413445
   2.3049999923  -0.0000217109   0.0004035077  -0.0000013504
   2.3099999922   0.0000492974   0.0003827812   0.0000332495
   2.3149999922   0.0001082677   0.0003583827   0.0000591945
   2.3199999922   0.0001475363   0.0003316152   0.0000742354
   2.3249999922   0.0001620267   0.0003042094   0.0000773480
   2.3299999922   0.0001499192   0.0002781713   0.0000687331
   2.3349999922   0.0001128148   0.0002555315   0.0000496456
   2.3399999921   0.0000554206   0.0002380450   0.0000221316
   2.3449999921  -0.0000151517   0.0002269107  -0.0000112462
   2.3499999921  -0.0000903467   0.0002225789  -0.0000476383
   2.3549999921  -0.0001612494   0.0002246883  -0.0000840799
   2.3599999921  -0.0002196647   0.0002321399  -0.0001176275
   2.3649999921  -0.0002590781   0.0002432796  -0.0001454956
   2.3699999920  -0.0002753942   0.0002561415  -0.0001652257
   2.3749999920  -0.0002673671   0.0002687003  -0.0001748856
   2.3799999920  -0.0002366613   0.0002790944  -0.0001732700
   2.3849999920  -0.0001875260   0.0002858033  -0.0001600571
   2.3899999920  -0.0001261208   0.0002877748  -0.0001358730
   2.3949999920  -0.0000595969   0.0002845088  -0.0001022463
   2.3999999919   0.0000049131   0.0002760963  -0.0000614634
   2.4049999919   0.0000612198   0.0002632053  -0.0000163628
   2.4099999919   0.0001047600   0.0002469985   0.0000298840
   2.4149999919   0.0001329360   0.0002289770   0.0000739706
   2.4199999919   0.0001450948   0.0002107577   0.0001126262
   2.4249999919   0.0001422110   0.0001938209   0.0001427811
   2.4299999918   0.0001263959   0.0001792807   0.0001617599
   2.4349999918   0.0001003779   0.0001677356   0.0001675268
   2.4399999918   0.0000670710   0.0001592422   0.0001589745
   2.4449999918   0.0000292976   0.0001534191   0.0001362047
   2.4499999918  -0.0000103318   0.0001496483   0.0001007195
   2.4549999918  -0.0000494311   0.0001473121   0.0000554368
   2.4599999917  -0.0000858119   0.0001459873   0.0000044703
   2.4649999917  -0.0001174784   0.0001455381  -0.0000473263
   2.4699999917  -0.0001426728   0.0001460803  -0.0000949913
   2.4749999917  -0.0001599658   0.0001478359  -0.0001341453
   2.4799999917  -0.0001683631   0.0001509342  -0.0001616048
   2.4849999917  -0.0001673943   0.0001552314  -0.0001758004
   2.4899999916  -0.0001571647   0.0001602127  -0.0001769301
   2.4949999916  -0.0001383736   0.0001650131  -0.0001668452
   2.4999999916  -0.0001123155   0.0001685521  -0.0001487217
   2.5049999916  -0.0000808824   0.0001697440  -0.0001266071
   2.5099999916  -0.0000465655   0.0001677248  -0.0001049338
   2.5149999916  -0.0000124324   0.0001620397  -0.0000880695
   2.5199999915   0.0000179668   0.0001527483  -0.0000799392
   2.5249999915   0.0000408085   0.0001404356  -0.0000837239
   2.5299999915   0.0000523453   0.0001261348  -0.0001016266
   2.5349999915   0.0000493735   0.0001111899  -0.0001346951
   2.5399999915   0.0000297542   0.0000970830  -0.0001827102
   2.5449999915  -0.0000071158   0.0000852519  -0.0002441546
   2.5499999914  -0.0000599909   0.0000769138  -0.0003162863
   2.5549999914  -0.0001257079   0.0000729088  -0.0003953237
   2.5599999914  -0.0001993977   0.0000735754  -0.0004767294
   2.5649999914  -0.0002749526   0.0000786775  -0.0005555539
   2.5699999914  -0.0003456743   0.0000874030  -0.0006267852
   2.5749999914  -0.0004049947   0.0000984503  -0.0006856556
   2.5799999913  -0.0004471643   0.0001102028  -0.0007278745
   2.5849999913  -0.0004678190   0.0001209742  -0.0007497848
   2.5899999913  -0.0004643745   0.0001292780  -0.0007484683
   2.5949999913  -0.0004362292   0.0001340681  -0.0007218326
   2.5999999913  -0.0003847774   0.0001348916  -0.0006687098
   2.6049999913  -0.0003132481   0.0001319171  -0.0005889667
   2.6099999912  -0.0002263811   0.0001258321  -0.0004836024
   2.6149999912  -0.0001299612   0.0001176391  -0.0003547857
   2.6199999912  -0.0000302352   0.0001084055  -0.0002057847
   2.6249999912   0.0000667391   0.0000990345  -0.0000407579
   2.6299999912   0.0001557411   0.0000901127   0.0001355820
   2.6349999912   0.0002329412   0.0000818636   0.0003183865
   2.6399999911   0.0002962710   0.0000742037   0.0005030948
   2.6449999911   0.0003455386   0.0000668669   0.0006857794
   2.6499999911   0.0003822660   0.0000595517   0.0008633501
   2.6549999911   0.0004092796   0.0000520447   0.0010335875
   2.6599999911   0.0004301333   0.0000442921   0.0011950168
   2.6649999911   0.0004484809   0.0000364131   0.0013466671
   2.6699999910   0.0004675091   0.0000286656   0.0014877745
   2.6749999910   0.0004895220   0.0000213878   0.0016174833
   2.6799999910   0.0005157166   0.0000149355   0.0017345822
   2.6849999910   0.0005461434   0.0000096259   0.0018372933
   2.6899999910   0.0005798035   0.0000056934   0.0019231164
   2.6949999909   0.0006148210   0.0000032516   0.0019887335
   2.6999999909   0.0006486329   0.0000022633   0.0020299843
   2.7049999909   0.0006781620   0.0000025221   0.0020419336
   2.7099999909   0.0006999659   0.0000036595   0.0020190568
   2.7149999909   0.0007103762   0.0000051874   0.0019555572
   2.7199999909   0.0007056499   0.0000065839   0.0018458062
   2.7249999908   0.0006821517   0.0000074109   0.0016848696
   2.7299999908   0.0006365714   0.0000074414   0.0014690568
   2.7349999908   0.0005661706   0.0000067593   0.0011964218
   2.7399999908   0.0004690396   0.0000057999   0.0008671527
   2.7449999908   0.0003443480   0.0000053080   0.0004838112
   2.7499999908   0.0001925690   0.0000062179   0.0000514177
   2.7549999907   0.0000156638   0.0000094786  -0.0004225986
   2.7599999907  -0.0001827947   0.0000158675  -0.0009285478
   2.7649999907  -0.0003975804   0.0000258395  -0.0014546978
   2.7699999907  -0.0006218869   0.0000394454  -0.0019875494
   2.7749999907  -0.0008475428   0.0000563330  -0.0025121765
   2.7799999907  -0.0010653881   0.0000758203  -0.0030126539
   2.7849999906  -0.0012658064   0.0000970076  -0.0034725899
   2.7899999906  -0.0014393760   0.0001188942  -0.0038757630
   2.7949999906  -0.0015775690   0.0001404672  -0.0042068331
   2.7999999906  -0.0016734111   0.0001607511  -0.0044520691
   2.8049999906  -0.0017220068   0.0001788242  -0.0046000156
   2.8099999906  -0.0017208602   0.0001938234  -0.0046420314
   2.8149999905  -0.0016699512   0.0002049588  -0.0045726477
   2.8199999905  -0.0015715758   0.0002115543  -0.0043897342
   2.8249999905  -0.0014299933   0.0002131116  -0.0040944932
   2.8299999905  -0.0012509509   0.0002093796  -0.0036913256
   2.8349999905  -0.0010411610   0.0002004042  -0.0031876211
   2.8399999905  -0.0008077953   0.0001865344  -0.0025935118
   2.8449999904  -0.0005580426   0.0001683739  -0.0019216076
   2.8499999904  -0.0002987553   0.0001466874  -0.0011867104
   2.8549999904  -0.0000361955   0.0001222849  -0.0004054885
   2.8599999904   0.0002241157   0.0000959156   0.0004039049
   2.8649999904   0.0004774439   0.0000681990   0.0012222754
   2.8699999904   0.0007197854   0.0000396088   0.0020298789
   2.8749999903   0.0009477194   0.0000105057   0.0028069319
   2.8799999903   0.0011581952  -0.0000187995   0.0035341054
   2.8849999903   0.0013482961  -0.0000479765   0.0041929730
   2.8899999903   0.0015150359  -0.0000766249   0.0047663984
   2.8949999903   0.0016552425  -0.0001042557   0.0052388686
   2.8999999903   0.0017655655  -0.0001303060   0.0055967906
   2.9049999902   0.0018426155  -0.0001541785   0.0058287790
   2.9099999902   0.0018832069  -0.0001752893   0.0059259504
   2.9149999902   0.0018846467  -0.0001931116   0.0058822334
   2.9199999902   0.0018450010  -0.0002072060   0.0056946814
   2.9249999902   0.0017632825  -0.0002172350   0.0053637691
   2.9299999902   0.0016395325  -0.0002229655   0.0048936402
   2.9349999901   0.0014748120  -0.0002242635   0.0042922829
   2.9399999901   0.0012711468  -0.0002210853   0.0035716050
   2.9449999901   0.0010314889  -0.0002134669   0.0027473946
   2.9499999901   0.0007597439  -0.0002015140   0.0018391478
   2.9549999901   0.0004608810  -0.0001853914   0.0008697516
   2.9599999901   0.0001410997  -0.0001653179  -0.0001349894
   2.9649999900  -0.0001920131  -0.0001415671  -0.0011469894
   2.9699999900  -0.0005294215  -0.0001144798  -0.0021366770
   2.9749999900  -0.0008607493  -0.0000844881  -0.0030739316
   2.9799999900  -0.0011746072  -0.0000521438  -0.0039291267
   2.9849999900  -0.0014591298  -0.0000181440  -0.0046742305
   2.9899999900  -0.0017026732   0.0000166591  -0.0052839095
   2.9949999899  -0.0018945811   0.0000512742  -0.0057365787
   2.9999999899  -0.0020259217   0.0000846150  -0.0060153466
   3.0049999899  -0.0020901068   0.0001155678  -0.0061088160
   3.0099999899  -0.0020833342   0.0001430703  -0.0060117054
   3.0149999899  -0.0020048341   0.0001661848  -0.0057252610
   3.0199999899  -0.0018569263   0.0001841533  -0.0052574314
   3.0249999898  -0.0016449163   0.0001964271  -0.0046227771
   3.0299999898  -0.0013768586   0.0002026756  -0.0038420921
   3.0349999898  -0.0010632094   0.0002027829  -0.0029417319
   3.0399999898  -0.0007163776   0.0001968455  -0.0019526609
   3.0449999898  -0.0003501801   0.0001851778  -0.0009092616
   3.0499999898   0.0000207930   0.0001683240   0.0001520254
   3.0549999897   0.0003818800   0.0001470653   0.0011941480
   3.0599999897   0.0007190790   0.0001224058   0.0021808874
   3.0649999897   0.0010197527   0.0000955232   0.0030782262
   3.0699999897   0.0012732466   0.0000676821   0.0038555864
   3.0749999897   0.0014713616   0.0000401200   0.0044869086
   3.0799999897   0.0016086439   0.0000139320   0.0049515598
   3.0849999896   0.0016824782  -0.0000100173   0.0052350652
   3.0899999896   0.0016929975  -0.0000311291   0.0053296494
   3.0949999896   0.0016428453  -0.0000490435   0.0052345603
   3.0999999896   0.0015368388  -0.0000635632   0.0049561378
   3.1049999896   0.0013815822  -0.0000745565   0.0045075846
   3.1099999896   0.0011850700  -0.0000818773   0.0039084176
   3.1149999895   0.0009563087  -0.0000853366   0.0031836051
   3.1199999895   0.0007049640  -0.0000847382   0.0023624365
   3.1249999895   0.0004410311  -0.0000799719   0.0014772054
   3.1299999895   0.0001745152  -0.0000711312   0.0005618114
   3.1349999895  -0.0000848891  -0.0000586123  -0.0003496174
   3.1399999895  -0.0003281257  -0.0000431555  -0.0012239983
   3.1449999894  -0.0005471035  -0.0000258032  -0.0020304135
   3.1499999894  -0.0007350039  -0.0000077801  -0.0027410677
   3.1549999894  -0.0008865348   0.0000096784  -0.0033320935
   3.1599999894  -0.0009980981   0.0000255047  -0.0037842347
   3.1649999894  -0.0010678417   0.0000389366  -0.0040834193
   3.1699999894  -0.0010955824   0.0000495809  -0.0042212193
   3.1749999893  -0.0010826116   0.0000573921  -0.0041951680
   3.1799999893  -0.0010314181   0.0000625781  -0.0040088911
   3.1849999893  -0.0009453810   0.0000654681  -0.0036720059
   3.1899999893  -0.0008284930   0.0000663827  -0.0031997620
   3.1949999893  -0.0006851613   0.0000655420  -0.0026124218
   3.1999999893  -0.0005201131   0.0000630319  -0.0019344123
   3.2049999892  -0.0003383965   0.0000588286  -0.0011933035
   3.2099999892  -0.0001454417   0.0000528647  -0.0004186823
   3.2149999892   0.0000528769   0.0000451098   0.0003590123
   3.2199999892   0.0002502351   0.0000356393   0.0011096368
   3.2249999892   0.0004399550   0.0000246723   0.0018044377
   3.2299999892   0.0006152147   0.0000125741   0.0024170724
   3.2349999891   0.0007693549  -0.0000001734   0.0029245421
   3.2399999891   0.0008962357  -0.0000130186   0.0033080256
   3.2449999891   0.0009905883  -0.0000253906   0.0035535955
   3.2499999891   0.0010483106  -0.0000367422   0.0036527875
   3.2549999891   0.0010666790  -0.0000465813   0.0036029912
   3.2599999891   0.0010444715  -0.0000544907   0.0034076267
   3.2649999890   0.0009820222  -0.0000601414   0.0030760799
   3.2699999890   0.0008812340  -0.0000633035   0.0026233816
   3.2749999890   0.0007455709  -0.0000638575   0.0020696307
   3.2799999890   0.0005800339  -0.0000618048   0.0014391802
   3.2849999890   0.0003911001  -0.0000572752   0.0007596167
   3.2899999890   0.0001865903  -0.0000505278   0.0000605790
   3.2949999889  -0.0000245725  -0.0000419428  -0.0006275321
   3.2999999889  -0.0002327361  -0.0000320029  -0.0012748928
   3.3049999889  -0.0004280197  -0.0000212651  -0.0018535834
   3.3099999889  -0.0006009027  -0.0000103249  -0.0023388403
   3.3149999889  -0.0007428402   0.0000002234  -0.0027101742
   3.3199999889  -0.0008468297   0.0000098270  -0.0029523027
   3.3249999888  -0.0009078604   0.0000180104  -0.0030558525
   3.3299999888  -0.0009232016   0.0000244026  -0.0030177993
   3.3349999888  -0.0008925153   0.0000287495  -0.0028416221
   3.3399999888  -0.0008178086   0.0000309135  -0.0025371609
   3.3449999888  -0.0007032602   0.0000308574  -0.0021201765
   3.3499999888  -0.0005549599   0.0000286224  -0.0016116211
   3.3549999887  -0.0003805929   0.0000243050  -0.0010366435
   3.3599999887  -0.0001890827   0.0000180450  -0.0004233673
   3.3649999887   0.0000098045   0.0000100273   0.0001985024
   3.3699999887   0.0002059035   0.0000005006   0.0007991694
   3.3749999887   0.0003891421  -0.0000101959   0.0013502463
   3.3799999886   0.0005500750  -0.0000216088   0.0018261744
   3.3849999886   0.0006804300  -0.0000331649   0.0022054727
   3.3899999886   0.0007736252  -0.0000441944   0.0024717478
   3.3949999886   0.0008252035  -0.0000539857   0.0026144125
   3.3999999886   0.0008331365  -0.0000618653   0.0026290913
   3.4049999886   0.0007979599  -0.0000672851   0.0025177099
   3.4099999885   0.0007227221  -0.0000698985   0.0022882862
   3.4149999885   0.0006127508  -0.0000696026   0.0019544451
   3.4199999885   0.0004752620  -0.0000665394   0.0015346866
   3.4249999885   0.0003188496  -0.0000610527   0.0010514353
   3.4299999885   0.0001529020  -0.0000536166   0.0005299045
   3.4349999885  -0.0000130050  -0.0000447549  -0.0000031833
   3.4399999884  -0.0001696952  -0.0000349727  -0.0005209658
   3.4449999884  -0.0003089182  -0.0000247183  -0.0009978292
   3.4499999884  -0.0004237853  -0.0000143770  -0.0014107343
   3.4549999884  -0.0005090940  -0.0000042938  -0.0017403938
   3.4599999884  -0.0005615288   0.0000051941  -0.0019722227
   3.4649999884  -0.0005797394   0.0000137319  -0.0020970008
   3.4699999883  -0.0005643022   0.0000209436  -0.0021112125
   3.4749999883  -0.0005175807   0.0000264557  -0.0020170599
   3.4799999883  -0.0004435025   0.0000299438  -0.0018221685
   3.4849999883  -0.0003472714   0.0000311872  -0.0015390251
   3.4899999883  -0.0002350330   0.0000301155  -0.0011841978
   3.4949999883  -0.0001135074   0.0000268336  -0.0007773885
   3.4999999882   0.0000103934   0.0000216172  -0.0003403697
   3.5049999882   0.0001299497   0.0000148818   0.0001041473
   3.5099999882   0.0002390004   0.0000071334   0.0005336634
   3.5149999882   0.0003322693  -0.0000010868   0.0009270126
   3.5199999882   0.0004056305  -0.0000092529   0.0012653979
   3.5249999882   0.0004562912  -0.0000168923   0.0015332904
   3.5299999881   0.0004828796  -0.0000236114   0.0017191401
   3.5349999881   0.0004854348  -0.0000291083   0.0018158616
   3.5399999881   0.0004653041  -0.0000331796   0.0018210710
   3.5449999881   0.0004249667  -0.0000357199   0.0017370689
   3.5499999881   0.0003678037  -0.0000367177   0.0015705821
   3.5549999881   0.0002978383  -0.0000362454   0.0013322913
   3.5599999880   0.0002194659  -0.0000344424   0.0010361785
   3.5649999880   0.0001371895  -0.0000314930   0.0006987357
   3.5699999880   0.0000553717  -0.0000276014   0.0003380756
   3.5749999880  -0.0000219873  -0.0000229707  -0.0000270139
   3.5799999880  -0.0000914357  -0.0000177900  -0.0003780249
   3.5849999880  -0.0001502110  -0.0000122338  -0.0006976514
   3.5899999879  -0.0001963248  -0.0000064720  -0.0009706290
   3.5949999879  -0.0002285872  -0.0000006858  -0.0011844511
   3.5999999879  -0.0002465694   0.0000049185  -0.0013299222
   3.6049999879  -0.0002505160   0.0000101045  -0.0014015231
   3.6099999879  -0.0002412246   0.0000146160  -0.0013975752
   3.6149999879  -0.0002199146   0.0000182001  -0.0013202073
   3.6199999878  -0.0001881073   0.0000206398  -0.0011751371
   3.6249999878  -0.0001475337   0.0000217859  -0.0009712933
   3.6299999878  -0.0001000726   0.0000215801  -0.0007203028
   3.6349999878  -0.0000477158   0.0000200635  -0.0004358719
   3.6399999878   0.0000074543   0.0000173673  -0.0001330880
   3.6449999878   0.0000632897   0.0000136914   0.0001723309
   3.6499999877   0.0001176176   0.0000092760   0.0004648110
   3.6549999877   0.0001682994   0.0000043746   0.0007296885
   3.6599999877   0.0002133072  -0.0000007658   0.0009539317
   3.6649999877   0.0002508063  -0.0000059148   0.0011267807
   3.6699999877   0.0002792337  -0.0000108616   0.0012402698
   3.6749999877   0.0002973640  -0.0000154135   0.0012896002
   3.6799999876   0.0003043597  -0.0000193959   0.0012733447
   3.6849999876   0.0002998073  -0.0000226561   0.0011934723
   3.6899999876   0.0002837455  -0.0000250708   0.0010551993
   3.6949999876   0.0002566861  -0.0000265567   0.0008666754
   3.6999999876   0.0002196293  -0.0000270787   0.0006385298
   3.7049999876   0.0001740642  -0.0000266549   0.0003832999
   3.7099999875   0.0001219461  -0.0000253541   0.0001147723
   3.7149999875   0.0000656404  -0.0000232890  -0.0001527331
   3.7199999875   0.0000078276  -0.0000206051  -0.0004051017
   3.7249999875  -0.0000486262  -0.0000174686  -0.0006291534
   3.7299999875  -0.0001008244  -0.0000140558  -0.0008133223
   3.7349999875  -0.0001460028  -0.0000105437  -0.0009482550
   3.7399999874  -0.0001816854  -0.0000071027  -0.0010272928
   3.7449999874  -0.0002058190  -0.0000038912  -0.0010468123
   3.7499999874  -0.0002168834  -0.0000010494  -0.0010064043
   3.7549999874  -0.0002139762   0.0000013047  -0.0009088835
   3.7599999874  -0.0001968778   0.0000030787  -0.0007601265
   3.7649999874  -0.0001660992   0.0000042073  -0.0005687476
   3.7699999873  -0.0001229098   0.0000046519  -0.0003456278
   3.7749999873  -0.0000693359   0.0000043992  -0.0001033209
   3.7799999873  -0.0000081155   0.0000034609   0.0001446357
   3.7849999873   0.0000574051   0.0000018753   0.0003844672
   3.7899999873   0.0001234407  -0.0000002883   0.0006029266
   3.7949999873   0.0001859982  -0.0000029243   0.0007880341
   3.7999999872   0.0002411539  -0.0000058870   0.0009297461
   3.8049999872   0.0002853460  -0.0000089911   0.0010205147
   3.8099999872   0.0003156513  -0.0000120203   0.0010557029
   3.8149999872   0.0003300129  -0.0000147436   0.0010338320
   3.8199999872   0.0003273944  -0.0000169387   0.0009566488
   3.8249999872   0.0003078520  -0.0000184168   0.0008290106
   3.8299999871   0.0002725225  -0.0000190446   0.0006585968
   3.8349999871   0.0002235397  -0.0000187593   0.0004554641
   3.8399999871   0.0001638917  -0.0000175722   0.0002314687
   3.8449999871   0.0000972347  -0.0000155628  -0.0000004138
   3.8499999871   0.0000276739  -0.0000128657  -0.0002268358
   3.8549999871  -0.0000404796  -0.0000096537  -0.0004348504
   3.8599999870  -0.0001029684  -0.0000061218  -0.0006126654
   3.8649999870  -0.0001558537  -0.0000024749  -0.0007503320
   3.8699999870  -0.0001957716   0.0000010828  -0.0008403233
   3.8749999870  -0.0002201627   0.0000043551  -0.0008779661
   3.8799999870  -0.0002274540   0.0000071625  -0.0008616969
   3.8849999870  -0.0002171747   0.0000093521  -0.0007931278
   3.8899999869  -0.0001899941   0.0000108089  -0.0006769210
   3.8949999869  -0.0001476781   0.0000114650  -0.0005204835
   3.8999999869  -0.0000929679   0.0000113049  -0.0003335032
   3.9049999869  -0.0000293961   0.0000103640  -0.0001273565
   3.9099999869   0.0000389465   0.0000087200   0.0000855776
   3.9149999869   0.0001076733   0.0000064789   0.0002926599
   3.9199999868   0.0001723798   0.0000037617   0.0004817455
   3.9249999868   0.0002289217   0.0000006939   0.0006419102
   3.9299999868   0.0002736805  -0.0000025982   0.0007641026
   3.9349999868   0.0003038035  -0.0000059851   0.0008416803
   3.9399999868   0.0003174014  -0.0000093283   0.0008707938
   3.9449999868   0.0003136879  -0.0000124774   0.0008505907
   3.9499999867   0.0002930446  -0.0000152727   0.0007832276
   3.9549999867   0.0002570003  -0.0000175579   0.0006736899
   3.9599999867   0.0002081207  -0.0000191980   0.0005294380
   3.9649999867   0.0001498151  -0.0000201005   0.0003599060
   3.9699999867   0.0000860773  -0.0000202309   0.0001758931
   3.9749999867   0.0000211844  -0.0000196188  -0.0000111132
   3.9799999866  -0.0000406149  -0.0000183508  -0.0001896408
   3.9849999866  -0.0000953975  -0.0000165535  -0.0003489224
   3.9899999866  -0.0001398216  -0.0000143712  -0.0004795356
   3.9949999866  -0.0001713268  -0.0000119451  -0.0005739580
   3.9999999866  -0.0001882705  -0.0000094006  -0.0006270058
   4.0049999866  -0.0001899965  -0.0000068430  -0.0006361289
   4.0099999865  -0.0001768424  -0.0000043616  -0.0006015410
   4.0149999865  -0.0001500873  -0.0000020376  -0.0005261731
   4.0199999865  -0.0001118475   0.0000000514  -0.0004154536
   4.0249999865  -0.0000649257   0.0000018325  -0.0002769275
   4.0299999865  -0.0000126201   0.0000032450  -0.0001197467
   4.0349999864   0.0000414968   0.0000042530   0.0000459330
   4.0399999864   0.0000938182   0.0000048556   0.0002096023
   4.0449999864   0.0001409453   0.0000050912   0.0003610523
   4.0499999864   0.0001799161   0.0000050327   0.0004909935
   4.0549999864   0.0002084005   0.0000047741   0.0005916023
   4.0599999864   0.0002248476   0.0000044123   0.0006569710
   4.0649999863   0.0002285734   0.0000040301   0.0006834367
   4.0699999863   0.0002197824   0.0000036851   0.0006697751
   4.0749999863   0.0001995249   0.0000034075   0.0006172460
   4.0799999863   0.0001695965   0.0000032057   0.0005294875
   4.0849999863   0.0001323890   0.0000030749   0.0004122619
   4.0899999863   0.0000907066   0.0000030056   0.0002730669
   4.0949999862   0.0000475620   0.0000029859   0.0001206391
   4.0999999862   0.0000059646   0.0000029982  -0.0000356168
   4.1049999862  -0.0000312846   0.0000030120  -0.0001862304
   4.1099999862  -0.0000617792   0.0000029769  -0.0003222546
   4.1149999862  -0.0000836631   0.0000028215  -0.0004358032
   4.1199999862  -0.0000957446   0.0000024610  -0.0005205024
   4.1249999861  -0.0000975606   0.0000018123  -0.0005718323
   4.1299999861  -0.0000893857   0.0000008137  -0.0005873472
   4.1349999861  -0.0000721847  -0.0000005574  -0.0005667670
   4.1399999861  -0.0000475129  -0.0000022746  -0.0005119426
   4.1449999861  -0.0000173753  -0.0000042633  -0.0004267001
   4.1499999861   0.0000159443  -0.0000064124  -0.0003165743
   4.1549999860   0.0000500650  -0.0000085924  -0.0001884462
   4.1599999860   0.0000826851  -0.0000106741  -0.0000501038
   4.1649999860   0.0001117397  -0.0000125425   0.0000902463
   4.1699999860   0.0001355266  -0.0000141026   0.0002244862
   4.1749999860   0.0001527954  -0.0000152767   0.0003450776
   4.1799999860   0.0001627977  -0.0000159977   0.0004455039
   4.1849999859   0.0001653014  -0.0000162017   0.0005206327
   4.1899999859   0.0001605707  -0.0000158250   0.0005669796
   4.1949999859   0.0001493190  -0.0000148070   0.0005828598
   4.1999999859   0.0001326377  -0.0000130989   0.0005684257
   4.2049999859   0.0001119059  -0.0000106735   0.0005255951
   4.2099999859   0.0000886848  -0.0000075338   0.0004578806
   4.2149999858   0.0000646040  -0.0000037164   0.0003701336
   4.2199999858   0.0000412454   0.0000007102   0.0002682182
   4.2249999858   0.0000200340   0.0000056510   0.0001586355
   4.2299999858   0.0000021451   0.0000109912   0.0000481164
   4.2349999858  -0.0000115646   0.0000166000  -0.0000567909
   4.2399999858  -0.0000205950   0.0000223314  -0.0001501138
   4.2449999857  -0.0000248103   0.0000280222  -0.0002268027
   4.2499999857  -0.0000244164   0.0000334910  -0.0002830089
   4.2549999857  -0.0000199144   0.0000385406  -0.0003162767
   4.2599999857  -0.0000120389   0.0000429674  -0.0003256386
   4.2649999857  -0.0000016863   0.0000465764  -0.0003116143
   4.2699999857   0.0000101589   0.0000492001  -0.0002761190
   4.2749999856   0.0000224960   0.0000507154  -0.0002222941
   4.2799999856   0.0000343770   0.0000510544  -0.0001542755
   4.2849999856   0.0000449681   0.0000502049  -0.0000769158
   4.2899999856   0.0000536031   0.0000482023   0.0000045238
   4.2949999856   0.0000598235   0.0000451141   0.0000846967
   4.2999999856   0.0000634023   0.0000410242   0.0001584935
   4.3049999855   0.0000643457   0.0000360214   0.0002213470
   4.3099999855   0.0000628727   0.0000301963   0.0002695034
   4.3149999855   0.0000593740   0.0000236460   0.0003002400
   4.3199999855   0.0000543555   0.0000164846   0.0003120154
   4.3249999855   0.0000483760   0.0000088541   0.0003045411
   4.3299999855   0.0000419882   0.0000009296   0.0002787691
   4.3349999854   0.0000356920  -0.0000070824   0.0002367992
   4.3399999854   0.0000299051  -0.0000149543   0.0001817159
   4.3449999854   0.0000249501  -0.0000224529   0.0001173690
   4.3499999854   0.0000210553  -0.0000293558   0.0000481169
   4.3549999854   0.0000183646  -0.0000354646  -0.0000214516
   4.3599999854   0.0000169481  -0.0000406118  -0.0000867983
   4.3649999853   0.0000168131  -0.0000446627  -0.0001437069
   4.3699999853   0.0000179124  -0.0000475121  -0.0001885316
   4.3749999853   0.0000201526  -0.0000490824  -0.0002184094
   4.3799999853   0.0000234058  -0.0000493217  -0.0002314276
   4.3849999853   0.0000275236  -0.0000482067  -0.0002267335
   4.3899999853   0.0000323555  -0.0000457471  -0.0002045806
   4.3949999852   0.0000377649  -0.0000419894  -0.0001663053
   4.3999999852   0.0000436404  -0.0000370197  -0.0001142351
   4.4049999852   0.0000498964  -0.0000309614  -0.0000515354
   4.4099999852   0.0000564620  -0.0000239694   0.0000179945
   4.4149999852   0.0000632601  -0.0000162229   0.0000901606
   4.4199999852   0.0000701829  -0.0000079177   0.0001606309
   4.4249999851   0.0000770701   0.0000007384   0.0002251950
   4.4299999851   0.0000836976   0.0000095280   0.0002800108
   4.4349999851   0.0000897804   0.0000182241   0.0003218259
   4.4399999851   0.0000949887   0.0000265910   0.0003481654
   4.4449999851   0.0000989739   0.0000343876   0.0003574750
   4.4499999851   0.0001013990   0.0000413751   0.0003492144
   4.4549999850   0.0001019665   0.0000473293   0.0003238923
   4.4599999850   0.0001004422   0.0000520549   0.0002830406
   4.4649999850   0.0000966733   0.0000553980   0.0002291245
   4.4699999850   0.0000906036   0.0000572563   0.0001653943
   4.4749999850   0.0000822883   0.0000575817   0.0000956850
   4.4799999850   0.0000719101   0.0000563780   0.0000241772
   4.4849999849   0.0000597934   0.0000536935  -0.0000448622
   4.4899999849   0.0000464132   0.0000496129  -0.0001073443
   4.4949999849   0.0000323918   0.0000442498  -0.0001596072
   4.4999999849   0.0000184768   0.0000377430  -0.0001986351
   4.5049999849   0.0000055002   0.0000302561  -0.0002222348
   4.5099999849  -0.0000056816   0.0000219786  -0.0002291609
   4.5149999848  -0.0000142575   0.0000131269  -0.0002191832
   4.5199999848  -0.0000195331   0.0000039432  -0.0001930951
   4.5249999848  -0.0000209925  -0.0000053106  -0.0001526606
   4.5299999848  -0.0000183441  -0.0000143616  -0.0001005050
   4.5349999848  -0.0000115463  -0.0000229380  -0.0000399528
   4.5399999848  -0.0000008139  -0.0000307809   0.0000251779
   4.5449999847   0.0000133912  -0.0000376549   0.0000908123
   4.5499999847   0.0000303822  -0.0000433569   0.0001528734
   4.5549999847   0.0000492782  -0.0000477212   0.0002075362
   4.5599999847   0.0000690462  -0.0000506241   0.0002514671
   4.5649999847   0.0000885525  -0.0000519866   0.0002820307
   4.5699999847   0.0001066283  -0.0000517778   0.0002974530
   4.5749999846   0.0001221452  -0.0000500177   0.0002969287
   4.5799999846   0.0001340992  -0.0000467785   0.0002806694
   4.5849999846   0.0001416919  -0.0000421842   0.0002498879
   4.5899999846   0.0001444010  -0.0000364061   0.0002067204
   4.5949999846   0.0001420286  -0.0000296555   0.0001540909
   4.5999999846   0.0001347204  -0.0000221729   0.0000955259
   4.6049999845   0.0001229547  -0.0000142158   0.0000349284
   4.6099999845   0.0001075032  -0.0000060471  -0.0000236732
   4.6149999845   0.0000893711   0.0000020743  -0.0000763876
   4.6199999845   0.0000697254   0.0000099006  -0.0001197147
   4.6249999845   0.0000498172   0.0000171991  -0.0001507758
   4.6299999845   0.0000309044   0.0000237549  -0.0001675031
   4.6349999844   0.0000141760   0.0000293734  -0.0001687750
   4.6399999844   0.0000006789   0.0000338842  -0.0001544887
   4.6449999844  -0.0000087520   0.0000371474  -0.0001255655
   4.6499999844  -0.0000135552   0.0000390609  -0.0000838890
   4.6549999844  -0.0000134921   0.0000395692  -0.0000321815
   4.6599999844  -0.0000086746   0.0000386699   0.0000261732
   4.6649999843   0.0000004345   0.0000364183   0.0000873493
   4.6699999843   0.0000130537   0.0000329266   0.0001473259
   4.6749999843   0.0000281449   0.0000283587   0.0002021478
   4.6799999843   0.0000445006   0.0000229211   0.0002481821
   4.6849999843   0.0000608442   0.0000168502   0.0002823561
   4.6899999843   0.0000759336   0.0000103980   0.0003023598
   4.6949999842   0.0000886542   0.0000038188   0.0003068000
   4.6999999842   0.0000980969  -0.0000026435   0.0002952949
   4.7049999842   0.0001036156  -0.0000087648   0.0002685024
   4.7099999842   0.0001048640  -0.0000143481   0.0002280794
   4.7149999842   0.0001018137  -0.0000192285   0.0001765745
   4.7199999841   0.0000947548  -0.0000232758   0.0001172614
   4.7249999841   0.0000842770  -0.0000263952   0.0000539233
   4.7299999841   0.0000712325  -0.0000285278  -0.0000093955
   4.7349999841   0.0000566772  -0.0000296495  -0.0000686558
   4.7399999841   0.0000417924  -0.0000297696  -0.0001200882
   4.7449999841   0.0000277912  -0.0000289297  -0.0001604402
   4.7499999840   0.0000158166  -0.0000272012  -0.0001871872
   4.7549999840   0.0000068442  -0.0000246834  -0.0001986959
   4.7599999840   0.0000015987  -0.0000215001  -0.0001943275
   4.7649999840   0.0000004961  -0.0000177961  -0.0001744756
   4.7699999840   0.0000036154  -0.0000137321  -0.0001405346
   4.7749999840   0.0000107011  -0.0000094791  -0.0000948029
   4.7799999839   0.0000211926  -0.0000052112  -0.0000403259
   4.7849999839   0.0000342751  -0.0000010979   0.0000193094
   4.7899999839   0.0000489434   0.0000027033   0.0000802145
   4.7949999839   0.0000640751   0.0000060547   0.0001384587
   4.7999999839   0.0000785079   0.0000088445   0.0001903278
   4.8049999839   0.0000911206   0.0000109918   0.0002325680
   4.8099999838   0.0001009124   0.0000124491   0.0002625947
   4.8149999838   0.0001070794   0.0000132022   0.0002786565
   4.8199999838   0.0001090814   0.0000132686   0.0002799398
   4.8249999838   0.0001066911   0.0000126926   0.0002666112
   4.8299999838   0.0001000195   0.0000115408   0.0002397934
   4.8349999838   0.0000895119   0.0000098960   0.0002014775
   4.8399999837   0.0000759131   0.0000078518   0.0001543802
   4.8449999837   0.0000602067   0.0000055083   0.0001017538
   4.8499999837   0.0000435330   0.0000029686   0.0000471630
   4.8549999837   0.0000270988   0.0000003362  -0.0000057557
   4.8599999837   0.0000120848  -0.0000022872  -0.0000535379
   4.8649999837  -0.0000004378  -0.0000048044  -0.0000931208
   4.8699999836  -0.0000095804  -0.0000071253  -0.0001220443
   4.8749999836  -0.0000146938  -0.0000091706  -0.0001386094
   4.8799999836  -0.0000154104  -0.0000108756  -0.0001419836
   4.8849999836  -0.0000116697  -0.0000121930  -0.0001322457
   4.8899999836  -0.0000037260  -0.0000130953  -0.0001103673
   4.8949999836   0.0000078640  -0.0000135746  -0.0000781323
   4.8999999835   0.0000222764  -0.0000136413  -0.0000380008
   4.9049999835   0.0000384769  -0.0000133209   0.0000070716
   4.9099999835   0.0000552979  -0.0000126506   0.0000538465
   4.9149999835   0.0000715292  -0.0000116752   0.0000990315
   4.9199999835   0.0000860125  -0.0000104451   0.0001395081
   4.9249999835   0.0000977316  -0.0000090146   0.0001725444
   4.9299999834   0.0001058858  -0.0000074411   0.0001959769
   4.9349999834   0.0001099436  -0.0000057849   0.0002083510
   4.9399999834   0.0001096713  -0.0000041090   0.0002090109
   4.9449999834   0.0001051388  -0.0000024772   0.0001981324
   4.9499999834   0.0000967045  -0.0000009514   0.0001766994
   4.9549999834   0.0000849853   0.0000004110   0.0001464226
   4.9599999833   0.0000708120   0.0000015606   0.0001096099
   4.9649999833   0.0000551752   0.0000024583   0.0000689952
   4.9699999833   0.0000391609   0.0000030763   0.0000275397
   4.9749999833   0.0000238787   0.0000033987  -0.0000117804
   4.9799999833   0.0000103843   0.0000034200  -0.0000461839
   4.9849999833  -0.0000003971   0.0000031456  -0.0000732775
   4.9899999832  -0.0000077412   0.0000025910  -0.0000912188
   4.9949999832  -0.0000111803   0.0000017827  -0.0000988368
   4.9999999832  -0.0000105376   0.0000007591  -0.0000957051
   5.0049999832  -0.0000059368  -0.0000004292  -0.0000821623
   5.0099999832   0.0000022137  -0.0000017210  -0.0000592794
   5.0149999832   0.0000132603  -0.0000030474  -0.0000287776
   5.0199999831   0.0000263595  -0.0000043368   0.0000070978
   5.0249999831   0.0000405443  -0.0000055212   0.0000457388
   5.0299999831   0.0000547946  -0.0000065420   0.0000843608
   5.0349999831   0.0000681072  -0.0000073537   0.0001202004
   5.0399999831   0.0000795626  -0.0000079264   0.0001507112
   5.0449999831   0.0000883845  -0.0000082453   0.0001737423
   5.0499999830   0.0000939924  -0.0000083087   0.0001876885
   5.0549999830   0.0000960416  -0.0000081257   0.0001915990
   5.0599999830   0.0000944493  -0.0000077137   0.0001852388
   5.0649999830   0.0000894015  -0.0000070977   0.0001690975
   5.0699999830   0.0000813385  -0.0000063102   0.0001443480
   5.0749999830   0.0000709195  -0.0000053914   0.0001127572
   5.0799999829   0.0000589680  -0.0000043886   0.0000765583
   5.0849999829   0.0000464037  -0.0000033546   0.0000382919
   5.0899999829   0.0000341686  -0.0000023448   0.0000006290
   5.0949999829   0.0000231546  -0.0000014126  -0.0000338136
   5.0999999829   0.0000141384  -0.0000006056  -0.0000626535
   5.1049999829   0.0000077302   0.0000000378  -0.0000839059
   5.1099999828   0.0000043356   0.0000004903  -0.0000961199
   5.1149999828   0.0000041335   0.0000007353  -0.0000984769
   5.1199999828   0.0000070676   0.0000007667  -0.0000908452
   5.1249999828   0.0000128529   0.0000005866  -0.0000737852
   5.1299999828   0.0000209963   0.0000002057  -0.0000485058
   5.1349999828   0.0000308321  -0.0000003574  -0.0000167751
   5.1399999827   0.0000415713  -0.0000010743   0.0000192079
   5.1449999827   0.0000523631  -0.0000019065   0.0000569694
   5.1499999827   0.0000623639  -0.0000028060   0.0000939339
   5.1549999827   0.0000708081  -0.0000037174   0.0001276016
   5.1599999827   0.0000770717  -0.0000045830   0.0001557177
   5.1649999827   0.0000807229  -0.0000053484   0.0001764224
   5.1699999826   0.0000815532  -0.0000059682   0.0001883734
   5.1749999826   0.0000795869  -0.0000064105   0.0001908324
   5.1799999826   0.0000750692  -0.0000066587   0.0001837098
   5.1849999826   0.0000684366  -0.0000067101   0.0001675660
   5.1899999826   0.0000602740  -0.0000065729   0.0001435676
   5.1949999826   0.0000512634  -0.0000062622   0.0001134011
   5.1999999825   0.0000421293  -0.0000057977   0.0000791522
   5.2049999825   0.0000335837  -0.0000052019   0.0000431563
   5.2099999825   0.0000262743  -0.0000045009   0.0000078348
   5.2149999825   0.0000207370  -0.0000037261  -0.0000244728
   5.2199999825   0.0000173568  -0.0000029153  -0.0000516665
   5.2249999825   0.0000163400  -0.0000021116  -0.0000720237
   5.2299999824   0.0000177001  -0.0000013611  -0.0000843072
   5.2349999824   0.0000212593  -0.0000007075  -0.0000878375
   5.2399999824   0.0000266687  -0.0000001871  -0.0000825267
   5.2449999824   0.0000334416   0.0000001760  -0.0000688724
   5.2499999824   0.0000409996   0.0000003716  -0.0000479137
   5.2549999824   0.0000487249   0.0000004033  -0.0000211538
   5.2599999823   0.0000560118   0.0000002851   0.0000095482
   5.2649999823   0.0000623148   0.0000000379   0.0000421064
   5.2699999823   0.0000671870  -0.0000003143   0.0000743507
   5.2749999823   0.0000703084  -0.0000007464   0.0001041743
   5.2799999823   0.0000715031  -0.0000012321   0.0001296741
   5.2849999823   0.0000707455  -0.0000017439   0.0001492740
   5.2899999822   0.0000681578  -0.0000022514   0.0001618245
   5.2949999822   0.0000639968  -0.0000027222   0.0001666686
   5.2999999822   0.0000586333  -0.0000031238   0.0001636739
   5.3049999822   0.0000525223  -0.0000034274   0.0001532271
   5.3099999822   0.0000461667  -0.0000036111   0.0001361959
   5.3149999822   0.0000400764  -0.0000036637   0.0001138593
   5.3199999821   0.0000347265  -0.0000035856   0.0000878143
   5.3249999821   0.0000305182  -0.0000033874   0.0000598651
   5.3299999821   0.0000277483  -0.0000030875   0.0000319004
   5.3349999821   0.0000265882  -0.0000027081   0.0000057680
   5.3399999821   0.0000270772  -0.0000022726  -0.0000168459
   5.3449999821   0.0000291262  -0.0000018040  -0.0000345258
   5.3499999820   0.0000325337  -0.0000013251  -0.0000462161
   5.3549999820   0.0000370076  -0.0000008593  -0.0000512844
   5.3599999820   0.0000421929  -0.0000004316  -0.0000495545
   5.3649999820   0.0000477005  -0.0000000674  -0.0000413073
   5.3699999820   0.0000531352   0.0000002091  -0.0000272490
   5.3749999820   0.0000581235   0.0000003791  -0.0000084521
   5.3799999819   0.0000623379   0.0000004328   0.0000137269
   5.3849999819   0.0000655189   0.0000003718   0.0000377460
   5.3899999819   0.0000674911   0.0000002091   0.0000619843
   5.3949999819   0.0000681746  -0.0000000323   0.0000848499
   5.3999999819   0.0000675878  -0.0000003251   0.0001048837
   5.4049999818   0.0000658422  -0.0000006414   0.0001208504
   5.4099999818   0.0000631294  -0.0000009577   0.0001318151
   5.4149999818   0.0000597013  -0.0000012566   0.0001371983
   5.4199999818   0.0000558476  -0.0000015269   0.0001368069
   5.4249999818   0.0000518710  -0.0000017613   0.0001308395
   5.4299999818   0.0000480655  -0.0000019545   0.0001198646
   5.4349999817   0.0000446979  -0.0000021010   0.0001047730
   5.4399999817   0.0000419935  -0.0000021949   0.0000867090
   5.4449999817   0.0000401255  -0.0000022309   0.0000669853
   5.4499999817   0.0000392078  -0.0000022062   0.0000469887
   5.4549999817   0.0000392890  -0.0000021228   0.0000280833
   5.4599999817   0.0000403495  -0.0000019877   0.0000115201
   5.4649999816   0.0000423008  -0.0000018126  -0.0000016440
   5.4699999816   0.0000449899  -0.0000016114  -0.0000106101
   5.4749999816   0.0000482082  -0.0000013985  -0.0000148836
   5.4799999816   0.0000517072  -0.0000011858  -0.0000142995
   5.4849999816   0.0000552190  -0.0000009830  -0.0000090249
   5.4899999816   0.0000584792  -0.0000007972   0.0000004580
   5.4949999815   0.0000612511  -0.0000006346   0.0000133919
   5.4999999815   0.0000633451  -0.0000005019   0.0000288014
   5.5049999815   0.0000646338  -0.0000004065   0.0000455650
   5.5099999815   0.0000650588  -0.0000003557   0.0000624964
   5.5149999815   0.0000646317  -0.0000003547   0.0000784296
   5.5199999815   0.0000634285  -0.0000004045   0.0000922993
   5.5249999814   0.0000615804  -0.0000004997   0.0001032130
   5.5299999814   0.0000592609  -0.0000006291   0.0001105069
   5.5349999814   0.0000566727  -0.0000007767   0.0001137844
   5.5399999814   0.0000540321  -0.0000009255   0.0001129346
   5.5449999814   0.0000515531  -0.0000010609   0.0001081310
   5.5499999814   0.0000494308  -0.0000011731   0.0000998119
   5.5549999813   0.0000478253  -0.0000012588   0.0000886444
   5.5599999813   0.0000468478  -0.0000013195   0.0000754745
   5.5649999813   0.0000465508  -0.0000013592   0.0000612667
   5.5699999813   0.0000469237  -0.0000013812   0.0000470355
   5.5749999813   0.0000478955  -0.0000013855   0.0000337752
   5.5799999813   0.0000493437  -0.0000013687   0.0000223896
   5.5849999812   0.0000511083  -0.0000013247   0.0000136306
   5.5899999812   0.0000530087  -0.0000012480   0.0000080472
   5.5949999812   0.0000548620  -0.0000011367   0.0000059513
   5.5999999812   0.0000564984  -0.0000009944   0.0000074012
   5.6049999812   0.0000577752  -0.0000008306   0.0000122053
   5.6099999812   0.0000585876  -0.0000006591   0.0000199424
   5.6149999811   0.0000588750  -0.0000004945   0.0000299979
   5.6199999811   0.0000586257  -0.0000003492   0.0000416120
   5.6249999811   0.0000578773  -0.0000002308   0.0000539348
   5.6299999811   0.0000567139  -0.0000001417   0.0000660855
   5.6349999811   0.0000552597  -0.0000000800   0.0000772129
   5.6399999811   0.0000536671  -0.0000000420   0.0000865514
   5.6449999810   0.0000521027  -0.0000000243   0.0000934720
   5.6499999810   0.0000507291  -0.0000000247   0.0000975231
   5.6549999810   0.0000496873  -0.0000000419   0.0000984602
   5.6599999810   0.0000490804  -0.0000000745   0.0000962595
   5.6649999810   0.0000489615  -0.0000001185   0.0000911168
   5.6699999810   0.0000493281  -0.0000001671   0.0000834304
   5.6749999809   0.0000501224  -0.0000002110   0.0000737689
   5.6799999809   0.0000512387  -0.0000002406   0.0000628289
   5.6849999809   0.0000525353  -0.0000002487   0.0000513834
   5.6899999809   0.0000538500  -0.0000002327   0.0000402283
   5.6949999809   0.0000550165  -0.0000001957   0.0000301277
   5.6999999809   0.0000558812  -0.0000001450   0.0000217644
   5.7049999808   0.0000563173  -0.0000000895   0.0000156956
   5.7099999808   0.0000562375  -0.0000000363   0.0000123177
   5.7149999808   0.0000556022   0.0000000121   0.0000118413
   5.7199999808   0.0000544246   0.0000000581   0.0000142777
   5.7249999808   0.0000527704   0.0000001077   0.0000194378
   5.7299999808   0.0000507530   0.0000001677   0.0000269450
   5.7349999807   0.0000485236   0.0000002420   0.0000362600
   5.7399999807   0.0000462564   0.0000003299   0.0000467184
   5.7449999807   0.0000441317   0.0000004256   0.0000575771
   5.7499999807   0.0000423167   0.0000005204   0.0000680663
   5.7549999807   0.0000409486   0.0000006054   0.0000774436
   5.7599999807   0.0000401208   0.0000006752   0.0000850455
   5.7649999806   0.0000398740   0.0000007287   0.0000903329
   5.7699999806   0.0000401932   0.0000007694   0.0000929267
   5.7749999806   0.0000410107   0.0000008034   0.0000926326
   5.7799999806   0.0000422126   0.0000008365   0.0000894537
   5.7849999806   0.0000436494   0.0000008719   0.0000835891
   5.7899999806   0.0000451479   0.0000009093   0.0000754216
   5.7949999805   0.0000465240   0.0000009456   0.0000654916
   5.7999999805   0.0000475954   0.0000009770   0.0000544623
   5.8049999805   0.0000481950   0.0000010008   0.0000430745
   5.8099999805   0.0000481832   0.0000010173   0.0000320967
   5.8149999805   0.0000474602   0.0000010295   0.0000222714
   5.8199999805   0.0000459757   0.0000010418   0.0000142633
   5.8249999804   0.0000437359   0.0000010585   0.0000086126
   5.8299999804   0.0000408059   0.0000010817   0.0000056964
   5.8349999804   0.0000373059   0.0000011114   0.0000057032
   5.8399999804   0.0000334021   0.0000011454   0.0000086196
   5.8449999804   0.0000292922   0.0000011815   0.0000142324
   5.8499999804   0.0000251875   0.0000012187   0.0000221430
   5.8549999803   0.0000212947   0.0000012582   0.0000317954
   5.8599999803   0.0000177984   0.0000013026   0.0000425131
   5.8649999803   0.0000148469   0.0000013549   0.0000535441
   5.8699999803   0.0000125421   0.0000014161   0.0000641112
   5.8749999803   0.0000109337   0.0000014844   0.0000734644
   5.8799999803   0.0000100175   0.0000015548   0.0000809319
   5.8849999802   0.0000097366   0.0000016203   0.0000859672
   5.8899999802   0.0000099856   0.0000016738   0.0000881880
   5.8949999802   0.0000106186   0.0000017107   0.0000874042
   5.8999999802   0.0000114594   0.0000017306   0.0000836325
   5.9049999802   0.0000123149   0.0000017369   0.0000770960
   5.9099999802   0.0000129912   0.0000017359   0.0000682091
   5.9149999801   0.0000133099   0.0000017350   0.0000575486
   5.9199999801   0.0000131252   0.0000017398   0.0000458137
   5.9249999801   0.0000123362   0.0000017531   0.0000337784
   5.9299999801   0.0000108966   0.0000017740   0.0000222387
   5.9349999801   0.0000088178   0.0000017990   0.0000119599
   5.9399999801   0.0000061673   0.0000018233   0.0000036251
   5.9449999800   0.0000030632   0.0000018428  -0.0000022101
   5.9499999800  -0.0000003351   0.0000018547  -0.0000051554
   5.9549999800  -0.0000038367   0.0000018587  -0.0000050130
   5.9599999800  -0.0000072306   0.0000018560  -0.0000017924
   5.9649999800  -0.0000102971   0.0000018487   0.0000042892
   5.9699999800  -0.0000128201   0.0000018386   0.0000128205
   5.9749999799  -0.0000146002   0.0000018271   0.0000232239
   5.9799999799  -0.0000154684   0.0000018143   0.0000347953
   5.9849999799  -0.0000152999   0.0000018000   0.0000467530
   5.9899999799  -0.0000140250   0.0000017842   0.0000582921
   5.9949999799  -0.0000116376   0.0000017670   0.0000686391
