   0.0000000000   0.0000000000   0.0000000000   0.0000000000
   0.0050000000   0.0000000000   0.0000000000   0.0000000000
   0.0100000000   0.0000000000   0.0000000000   0.0000000000
   0.0149999999   0.0000000000   0.0000000000   0.0000000000
   0.0199999999   0.0000000000   0.0000000000   0.0000000000
   0.0249999999   0.0000000000   0.0000000000   0.0000000000
   0.0299999999   0.0000000000   0.0000000000   0.0000000000
   0.0349999999   0.0000000000   0.0000000000   0.0000000000
   0.0399999999   0.0000000000   0.0000000000   0.0000000000
   0.0449999998   0.0000000000   0.0000000000   0.0000000000
   0.0499999998   0.0000000000   0.0000000000   0.0000000000
   0.0549999998   0.0000000000   0.0000000000   0.0000000000
   0.0599999998   0.0000000000   0.0000000000   0.0000000000
   0.0649999998   0.0000000000   0.0000000000   0.0000000000
   0.0699999998   0.0000000000   0.0000000000   0.0000000000
   0.0749999997   0.0000000000  -0.0000000000   0.0000000000
   0.0799999997  -0.0000000000   0.0000000000  -0.0000000000
   0.0849999997   0.0000000000  -0.0000000000   0.0000000000
   0.0899999997  -0.0000000000   0.0000000000  -0.0000000000
   0.0949999997  -0.0000000000   0.0000000000  -0.0000000000
   0.0999999997  -0.0000000000   0.0000000000  -0.0000000000
   0.1049999996  -0.0000000000   0.0000000000  -0.0000000000
   0.1099999996  -0.0000000000   0.0000000000  -0.0000000000
   0.1149999996   0.0000000000   0.0000000000   0.0000000000
   0.1199999996   0.0000000000  -0.0000000000   0.0000000000
   0.1249999996   0.0000000000  -0.0000000000   0.0000000000
   0.1299999996   0.0000000000  -0.0000000000   0.0000000000
   0.1349999995   0.0000000000  -0.0000000000   0.0000000000
   0.1399999995   0.0000000000  -0.0000000000   0.0000000000
   0.1449999995   0.0000000000  -0.0000000000   0.0000000000
   0.1499999995   0.0000000000  -0.0000000000   0.0000000000
   0.1549999995   0.0000000000  -0.0000000000   0.0000000000
   0.1599999995   0.0000000000  -0.0000000000   0.0000000000
   0.1649999994   0.0000000000  -0.0000000000   0.0000000000
   0.1699999994   0.0000000000  -0.0000000000   0.0000000000
   0.1749999994   0.0000000000  -0.0000000000   0.0000000000
   0.1799999994   0.0000000000  -0.0000000000   0.0000000000
   0.1849999994   0.0000000000  -0.0000000000   0.0000000000
   0.1899999994  -0.0000000000   0.0000000000  -0.0000000000
   0.1949999993  -0.0000000000   0.0000000000  -0.0000000000
   0.1999999993  -0.0000000000   0.0000000000  -0.0000000000
   0.2049999993  -0.0000000000   0.0000000000  -0.0000000000
   0.2099999993  -0.0000000000   0.0000000000  -0.0000000000
   0.2149999993  -0.0000000000   0.0000000000  -0.0000000000
   0.2199999993   0.0000000000   0.0000000000  -0.0000000000
   0.2249999992   0.0000000000  -0.0000000000   0.0000000000
   0.2299999992   0.0000000000  -0.0000000000   0.0000000000
   0.2349999992   0.0000000000  -0.0000000000   0.0000000000
   0.2399999992   0.0000000000  -0.0000000000   0.0000000000
   0.2449999992   0.0000000000  -0.0000000000   0.0000000000
   0.2499999992   0.0000000000  -0.0000000000   0.0000000000
   0.2549999991   0.0000000000  -0.0000000000   0.0000000000
   0.2599999991   0.0000000000  -0.0000000000   0.0000000000
   0.2649999991   0.0000000000  -0.0000000000   0.0000000000
   0.2699999991   0.0000000000  -0.0000000000   0.0000000000
   0.2749999991   0.0000000000  -0.0000000000   0.0000000000
   0.2799999991   0.0000000000  -0.0000000000   0.0000000000
   0.2849999990   0.0000000000  -0.0000000000   0.0000000000
   0.2899999990   0.0000000000  -0.0000000000   0.0000000000
   0.2949999990   0.0000000000  -0.0000000000   0.0000000000
   0.2999999990   0.0000000000  -0.0000000000   0.0000000000
   0.3049999990   0.0000000000  -0.0000000000   0.0000000000
   0.3099999990   0.0000000000  -0.0000000000   0.0000000000
   0.3149999989   0.0000000000  -0.0000000000   0.0000000000
   0.3199999989   0.0000000000  -0.0000000000   0.0000000000
   0.3249999989   0.0000000000  -0.0000000000   0.0000000000
   0.3299999989   0.0000000000  -0.0000000000   0.0000000000
   0.3349999989   0.0000000000  -0.0000000000   0.0000000000
   0.3399999989   0.0000000000  -0.0000000000   0.0000000000
   0.3449999988   0.0000000000  -0.0000000000   0.0000000000
   0.3499999988   0.0000000000  -0.0000000000   0.0000000000
   0.3549999988   0.0000000000   0.0000000000   0.0000000000
   0.3599999988   0.0000000000   0.0000000000  -0.0000000000
   0.3649999988  -0.0000000000   0.0000000000  -0.0000000000
   0.3699999988  -0.0000000000   0.0000000000  -0.0000000000
   0.3749999987  -0.0000000000   0.0000000000  -0.0000000000
   0.3799999987  -0.0000000000   0.0000000000  -0.0000000000
   0.3849999987  -0.0000000000   0.0000000000  -0.0000000000
   0.3899999987  -0.0000000000   0.0000000000  -0.0000000000
   0.3949999987  -0.0000000000   0.0000000000  -0.0000000000
   0.3999999987  -0.0000000000   0.0000000000  -0.0000000000
   0.4049999986  -0.0000000000   0.0000000000  -0.0000000000
   0.4099999986  -0.0000000000   0.0000000000  -0.0000000000
   0.4149999986  -0.0000000000   0.0000000000  -0.0000000000
   0.4199999986  -0.0000000000   0.0000000000  -0.0000000000
   0.4249999986  -0.0000000000   0.0000000000  -0.0000000000
   0.4299999986  -0.0000000000   0.0000000000  -0.0000000000
   0.4349999985  -0.0000000000   0.0000000000  -0.0000000000
   0.4399999985  -0.0000000000   0.0000000000  -0.0000000000
   0.4449999985  -0.0000000000   0.0000000000  -0.0000000000
   0.4499999985  -0.0000000000   0.0000000000  -0.0000000000
   0.4549999985  -0.0000000000   0.0000000000  -0.0000000000
   0.4599999985  -0.0000000000   0.0000000000  -0.0000000000
   0.4649999984  -0.0000000000   0.0000000000  -0.0000000000
   0.4699999984  -0.0000000000   0.0000000000  -0.0000000000
   0.4749999984  -0.0000000000  -0.0000000000  -0.0000000000
   0.4799999984  -0.0000000000  -0.0000000000  -0.0000000000
   0.4849999984  -0.0000000000  -0.0000000000  -0.0000000000
   0.4899999984  -0.0000000000  -0.0000000000  -0.0000000000
   0.4949999983  -0.0000000000  -0.0000000000  -0.0000000000
   0.4999999983  -0.0000000000  -0.0000000000  -0.0000000000
   0.5049999983  -0.0000000000  -0.0000000000  -0.0000000000
   0.5099999983  -0.0000000000   0.0000000000  -0.0000000000
   0.5149999983  -0.0000000000   0.0000000000  -0.0000000000
   0.5199999983  -0.0000000000   0.0000000000  -0.0000000000
   0.5249999982  -0.0000000000   0.0000000000  -0.0000000000
   0.5299999982   0.0000000000   0.0000000000   0.0000000000
   0.5349999982   0.0000000000   0.0000000000   0.0000000000
   0.5399999982   0.0000000000   0.0000000000   0.0000000000
   0.5449999982   0.0000000000   0.0000000000   0.0000000000
   0.5499999982   0.0000000000   0.0000000000   0.0000000000
   0.5549999981   0.0000000000   0.0000000000   0.0000000000
   0.5599999981   0.0000000000   0.0000000000   0.0000000000
   0.5649999981   0.0000000000   0.0000000000   0.0000000000
   0.5699999981   0.0000000000   0.0000000000   0.0000000000
   0.5749999981   0.0000000000   0.0000000000   0.0000000000
   0.5799999981   0.0000000000   0.0000000000   0.0000000000
   0.5849999980   0.0000000000   0.0000000000   0.0000000000
   0.5899999980   0.0000000000   0.0000000000   0.0000000000
   0.5949999980   0.0000000000  -0.0000000000   0.0000000000
   0.5999999980   0.0000000000  -0.0000000000   0.0000000000
   0.6049999980   0.0000000000  -0.0000000000   0.0000000000
   0.6099999980  -0.0000000000  -0.0000000000  -0.0000000000
   0.6149999979  -0.0000000000  -0.0000000000  -0.0000000000
   0.6199999979  -0.0000000000  -0.0000000000  -0.0000000000
   0.6249999979  -0.0000000000  -0.0000000000  -0.0000000000
   0.6299999979  -0.0000000000  -0.0000000000  -0.0000000000
   0.6349999979  -0.0000000000  -0.0000000000  -0.0000000000
   0.6399999979  -0.0000000000  -0.0000000000  -0.0000000000
   0.6449999978  -0.0000000000  -0.0000000000  -0.0000000000
   0.6499999978  -0.0000000000  -0.0000000000  -0.0000000000
   0.6549999978  -0.0000000000   0.0000000000  -0.0000000000
   0.6599999978  -0.0000000000   0.0000000000  -0.0000000000
   0.6649999978   0.0000000000   0.0000000000   0.0000000000
   0.6699999978   0.0000000000   0.0000000000   0.0000000000
   0.6749999977   0.0000000000   0.0000000000   0.0000000000
   0.6799999977   0.0000000000   0.0000000000   0.0000000000
   0.6849999977   0.0000000000   0.0000000000   0.0000000000
   0.6899999977   0.0000000000   0.0000000000   0.0000000000
   0.6949999977   0.0000000000   0.0000000000   0.0000000000
   0.6999999976   0.0000000000   0.0000000000   0.0000000000
   0.7049999976   0.0000000000   0.0000000000   0.0000000000
   0.7099999976   0.0000000000   0.0000000000   0.0000000000
   0.7149999976   0.0000000000   0.0000000000   0.0000000000
   0.7199999976   0.0000000000   0.0000000000   0.0000000000
   0.7249999976   0.0000000000   0.0000000000   0.0000000000
   0.7299999975   0.0000000000   0.0000000000   0.0000000000
   0.7349999975   0.0000000000   0.0000000000   0.0000000000
   0.7399999975   0.0000000000   0.0000000000   0.0000000000
   0.7449999975   0.0000000000   0.0000000000   0.0000000000
   0.7499999975   0.0000000000   0.0000000000   0.0000000000
   0.7549999975   0.0000000000   0.0000000000   0.0000000000
   0.7599999974   0.0000000000   0.0000000000   0.0000000000
   0.7649999974   0.0000000000   0.0000000000   0.0000000000
   0.7699999974   0.0000000000   0.0000000000   0.0000000000
   0.7749999974   0.0000000000   0.0000000000   0.0000000000
   0.7799999974   0.0000000000   0.0000000000   0.0000000000
   0.7849999974   0.0000000000   0.0000000000   0.0000000000
   0.7899999973   0.0000000000   0.0000000000   0.0000000000
   0.7949999973   0.0000000000   0.0000000000   0.0000000000
   0.7999999973   0.0000000000   0.0000000000   0.0000000000
   0.8049999973   0.0000000000   0.0000000000   0.0000000000
   0.8099999973   0.0000000000   0.0000000000   0.0000000000
   0.8149999973   0.0000000000   0.0000000000   0.0000000000
   0.8199999972   0.0000000000   0.0000000000   0.0000000000
   0.8249999972   0.0000000000   0.0000000000   0.0000000000
   0.8299999972   0.0000000000   0.0000000000   0.0000000000
   0.8349999972   0.0000000000   0.0000000000   0.0000000000
   0.8399999972   0.0000000000   0.0000000000   0.0000000000
   0.8449999972   0.0000000000   0.0000000000   0.0000000000
   0.8499999971   0.0000000000   0.0000000000   0.0000000000
   0.8549999971   0.0000000000   0.0000000000   0.0000000000
   0.8599999971   0.0000000000   0.0000000000   0.0000000000
   0.8649999971   0.0000000000   0.0000000000   0.0000000000
   0.8699999971   0.0000000000   0.0000000000   0.0000000000
   0.8749999971   0.0000000000   0.0000000000   0.0000000000
   0.8799999970   0.0000000000   0.0000000000   0.0000000000
   0.8849999970   0.0000000000   0.0000000000   0.0000000000
   0.8899999970   0.0000000000   0.0000000000   0.0000000000
   0.8949999970   0.0000000000   0.0000000000   0.0000000000
   0.8999999970   0.0000000000   0.0000000000   0.0000000000
   0.9049999970   0.0000000000   0.0000000000  -0.0000000000
   0.9099999969   0.0000000000  -0.0000000000  -0.0000000000
   0.9149999969  -0.0000000000  -0.0000000000  -0.0000000000
   0.9199999969  -0.0000000000  -0.0000000000  -0.0000000000
   0.9249999969  -0.0000000000  -0.0000000000  -0.0000000000
   0.9299999969  -0.0000000000  -0.0000000000  -0.0000000000
   0.9349999969  -0.0000000000  -0.0000000000  -0.0000000000
   0.9399999968  -0.0000000000  -0.0000000000  -0.0000000000
   0.9449999968  -0.0000000000  -0.0000000000  -0.0000000000
   0.9499999968  -0.0000000000  -0.0000000000  -0.0000000000
   0.9549999968  -0.0000000000  -0.0000000000  -0.0000000000
   0.9599999968  -0.0000000000  -0.0000000000  -0.0000000000
   0.9649999968  -0.0000000000  -0.0000000000  -0.0000000000
   0.9699999967  -0.0000000000  -0.0000000000  -0.0000000000
   0.9749999967  -0.0000000000  -0.0000000000  -0.0000000000
   0.9799999967  -0.0000000000  -0.0000000000   0.0000000000
   0.9849999967   0.0000000000   0.0000000000   0.0000000000
   0.9899999967   0.0000000000   0.0000000000   0.0000000000
   0.9949999967   0.0000000000   0.0000000000   0.0000000000
   0.9999999966   0.0000000000   0.0000000000   0.0000000000
   1.0049999966   0.0000000000   0.0000000000   0.0000000000
   1.0099999966   0.0000000000   0.0000000000   0.0000000000
   1.0149999966   0.0000000000   0.0000000000   0.0000000000
   1.0199999966   0.0000000000   0.0000000000   0.0000000000
   1.0249999966   0.0000000000   0.0000000000   0.0000000000
   1.0299999965   0.0000000000   0.0000000000   0.0000000000
   1.0349999965   0.0000000000   0.0000000000   0.0000000000
   1.0399999965   0.0000000000   0.0000000000  -0.0000000000
   1.0449999965   0.0000000000  -0.0000000000  -0.0000000000
   1.0499999965  -0.0000000000  -0.0000000000  -0.0000000000
   1.0549999965  -0.0000000000  -0.0000000000  -0.0000000000
   1.0599999964  -0.0000000000  -0.0000000000  -0.0000000000
   1.0649999964  -0.0000000000  -0.0000000000  -0.0000000000
   1.0699999964  -0.0000000000  -0.0000000000  -0.0000000000
   1.0749999964  -0.0000000000  -0.0000000000  -0.0000000000
   1.0799999964  -0.0000000000  -0.0000000000  -0.0000000000
   1.0849999964  -0.0000000000  -0.0000000000  -0.0000000000
   1.0899999963  -0.0000000000  -0.0000000000  -0.0000000000
   1.0949999963  -0.0000000000  -0.0000000000   0.0000000000
   1.0999999963   0.0000000000   0.0000000000   0.0000000000
   1.1049999963   0.0000000000   0.0000000000   0.0000000000
   1.1099999963   0.0000000000   0.0000000000   0.0000000000
   1.1149999963   0.0000000000   0.0000000000   0.0000000000
   1.1199999962   0.0000000000   0.0000000000   0.0000000000
   1.1249999962   0.0000000000   0.0000000000   0.0000000000
   1.1299999962   0.0000000000   0.0000000000   0.0000000000
   1.1349999962   0.0000000000   0.0000000000   0.0000000000
   1.1399999962   0.0000000000   0.0000000000   0.0000000000
   1.1449999962   0.0000000000   0.0000000000  -0.0000000000
   1.1499999961   0.0000000000  -0.0000000000  -0.0000000000
   1.1549999961  -0.0000000000  -0.0000000000  -0.0000000000
   1.1599999961  -0.0000000000  -0.0000000000  -0.0000000000
   1.1649999961  -0.0000000000  -0.0000000000  -0.0000000000
   1.1699999961  -0.0000000000  -0.0000000000  -0.0000000000
   1.1749999961  -0.0000000000  -0.0000000000  -0.0000000000
   1.1799999960  -0.0000000000  -0.0000000000  -0.0000000000
   1.1849999960  -0.0000000000  -0.0000000000  -0.0000000000
   1.1899999960  -0.0000000000  -0.0000000000  -0.0000000000
   1.1949999960  -0.0000000000  -0.0000000000   0.0000000000
   1.1999999960   0.0000000000   0.0000000000   0.0000000000
   1.2049999960   0.0000000000   0.0000000000   0.0000000000
   1.2099999959   0.0000000000   0.0000000000   0.0000000000
   1.2149999959   0.0000000000   0.0000000000   0.0000000000
   1.2199999959   0.0000000000   0.0000000000   0.0000000000
   1.2249999959   0.0000000000   0.0000000000   0.0000000000
   1.2299999959   0.0000000000   0.0000000000   0.0000000000
   1.2349999959   0.0000000000   0.0000000000   0.0000000000
   1.2399999958   0.0000000000   0.0000000000   0.0000000000
   1.2449999958   0.0000000000   0.0000000000  -0.0000000000
   1.2499999958  -0.0000000000  -0.0000000000  -0.0000000000
   1.2549999958  -0.0000000000  -0.0000000000  -0.0000000000
   1.2599999958  -0.0000000000  -0.0000000000  -0.0000000000
   1.2649999958  -0.0000000000  -0.0000000000  -0.0000000000
   1.2699999957  -0.0000000000  -0.0000000000  -0.0000000000
   1.2749999957  -0.0000000000  -0.0000000000  -0.0000000000
   1.2799999957  -0.0000000000  -0.0000000000  -0.0000000000
   1.2849999957  -0.0000000000  -0.0000000000  -0.0000000000
   1.2899999957  -0.0000000000  -0.0000000000   0.0000000000
   1.2949999957   0.0000000000   0.0000000000   0.0000000000
   1.2999999956   0.0000000000   0.0000000000   0.0000000000
   1.3049999956   0.0000000000   0.0000000000   0.0000000000
   1.3099999956   0.0000000000   0.0000000000   0.0000000000
   1.3149999956   0.0000000000   0.0000000000   0.0000000000
   1.3199999956   0.0000000000   0.0000000000   0.0000000000
   1.3249999956   0.0000000000   0.0000000000   0.0000000000
   1.3299999955   0.0000000000   0.0000000000  -0.0000000000
   1.3349999955  -0.0000000000  -0.0000000000  -0.0000000000
   1.3399999955  -0.0000000000  -0.0000000000  -0.0000000000
   1.3449999955  -0.0000000000  -0.0000000000  -0.0000000000
   1.3499999955  -0.0000000000  -0.0000000000  -0.0000000000
   1.3549999954  -0.0000000000  -0.0000000000  -0.0000000000
   1.3599999954  -0.0000000000  -0.0000000000  -0.0000000000
   1.3649999954  -0.0000000000  -0.0000000000  -0.0000000000
   1.3699999954  -0.0000000000  -0.0000000000  -0.0000000000
   1.3749999954  -0.0000000000  -0.0000000000   0.0000000000
   1.3799999954   0.0000000000   0.0000000000   0.0000000000
   1.3849999953   0.0000000000   0.0000000000   0.0000000000
   1.3899999953   0.0000000000   0.0000000000   0.0000000000
   1.3949999953   0.0000000000   0.0000000000   0.0000000000
   1.3999999953   0.0000000000   0.0000000000   0.0000000000
   1.4049999953   0.0000000000   0.0000000000   0.0000000000
   1.4099999953   0.0000000000   0.0000000000   0.0000000000
   1.4149999952   0.0000000000   0.0000000000  -0.0000000000
   1.4199999952  -0.0000000000  -0.0000000000  -0.0000000000
   1.4249999952  -0.0000000000  -0.0000000000  -0.0000000000
   1.4299999952  -0.0000000000  -0.0000000000  -0.0000000000
   1.4349999952  -0.0000000000  -0.0000000000  -0.0000000000
   1.4399999952  -0.0000000000  -0.0000000000  -0.0000000000
   1.4449999951  -0.0000000000  -0.0000000000  -0.0000000000
   1.4499999951  -0.0000000000  -0.0000000000  -0.0000000000
   1.4549999951  -0.0000000000  -0.0000000000  -0.0000000000
   1.4599999951  -0.0000000000  -0.0000000000   0.0000000000
   1.4649999951  -0.0000000000  -0.0000000000   0.0000000000
   1.4699999951   0.0000000000   0.0000000000   0.0000000000
   1.4749999950   0.0000000000   0.0000000000   0.0000000000
   1.4799999950   0.0000000000   0.0000000000   0.0000000000
   1.4849999950   0.0000000000   0.0000000000   0.0000000000
   1.4899999950   0.0000000000   0.0000000000   0.0000000000
   1.4949999950   0.0000000000   0.0000000000   0.0000000000
   1.4999999950   0.0000000000   0.0000000000   0.0000000000
   1.5049999949   0.0000000000   0.0000000000   0.0000000000
   1.5099999949   0.0000000000   0.0000000000   0.0000000000
   1.5149999949   0.0000000000   0.0000000000   0.0000000000
   1.5199999949   0.0000000000   0.0000000000   0.0000000000
   1.5249999949   0.0000000000   0.0000000000   0.0000000000
   1.5299999949   0.0000000000   0.0000000000  -0.0000000000
   1.5349999948  -0.0000000000  -0.0000000000  -0.0000000000
   1.5399999948  -0.0000000000  -0.0000000000  -0.0000000000
   1.5449999948  -0.0000000000  -0.0000000000  -0.0000000000
   1.5499999948  -0.0000000000  -0.0000000000  -0.0000000000
   1.5549999948  -0.0000000000  -0.0000000000  -0.0000000000
   1.5599999948  -0.0000000000  -0.0000000000  -0.0000000000
   1.5649999947  -0.0000000000  -0.0000000000  -0.0000000000
   1.5699999947  -0.0000000000  -0.0000000000  -0.0000000000
   1.5749999947  -0.0000000000  -0.0000000000  -0.0000000000
   1.5799999947  -0.0000000000  -0.0000000000  -0.0000000000
   1.5849999947  -0.0000000000  -0.0000000000   0.0000000000
   1.5899999947   0.0000000000   0.0000000000   0.0000000000
   1.5949999946   0.0000000000   0.0000000000   0.0000000000
   1.5999999946   0.0000000000   0.0000000000   0.0000000000
   1.6049999946   0.0000000000   0.0000000000   0.0000000000
   1.6099999946   0.0000000000   0.0000000000   0.0000000000
   1.6149999946   0.0000000000   0.0000000000   0.0000000000
   1.6199999946   0.0000000000   0.0000000000   0.0000000000
   1.6249999945   0.0000000000   0.0000000000   0.0000000000
   1.6299999945   0.0000000000   0.0000000000   0.0000000000
   1.6349999945   0.0000000000   0.0000000000  -0.0000000000
   1.6399999945   0.0000000000   0.0000000000  -0.0000000000
   1.6449999945  -0.0000000000  -0.0000000000  -0.0000000000
   1.6499999945  -0.0000000000  -0.0000000000  -0.0000000000
   1.6549999944  -0.0000000000  -0.0000000000  -0.0000000000
   1.6599999944  -0.0000000000  -0.0000000000  -0.0000000000
   1.6649999944  -0.0000000000  -0.0000000000  -0.0000000000
   1.6699999944  -0.0000000000  -0.0000000000  -0.0000000000
   1.6749999944  -0.0000000000  -0.0000000000  -0.0000000000
   1.6799999944  -0.0000000000  -0.0000000000  -0.0000000000
   1.6849999943  -0.0000000000  -0.0000000000  -0.0000000000
   1.6899999943  -0.0000000000  -0.0000000000   0.0000000000
   1.6949999943   0.0000000000  -0.0000000000   0.0000000000
   1.6999999943   0.0000000000   0.0000000000   0.0000000000
   1.7049999943   0.0000000000   0.0000000000   0.0000000000
   1.7099999943   0.0000000000   0.0000000000   0.0000000000
   1.7149999942   0.0000000000   0.0000000000   0.0000000000
   1.7199999942   0.0000000000   0.0000000000   0.0000000000
   1.7249999942   0.0000000000   0.0000000000   0.0000000000
   1.7299999942   0.0000000000   0.0000000000   0.0000000000
   1.7349999942   0.0000000000   0.0000000000   0.0000000000
   1.7399999942   0.0000000000   0.0000000000  -0.0000000000
   1.7449999941  -0.0000000000   0.0000000000  -0.0000000000
   1.7499999941  -0.0000000000  -0.0000000000  -0.0000000000
   1.7549999941  -0.0000000000  -0.0000000000  -0.0000000000
   1.7599999941  -0.0000000000  -0.0000000000  -0.0000000000
   1.7649999941  -0.0000000000  -0.0000000000  -0.0000000000
   1.7699999941  -0.0000000000  -0.0000000000   0.0000000000
   1.7749999940  -0.0000000000  -0.0000000000   0.0000000000
   1.7799999940  -0.0000000000  -0.0000000000   0.0000000000
   1.7849999940  -0.0000000000  -0.0000000000   0.0000000000
   1.7899999940  -0.0000000000  -0.0000000000   0.0000000000
   1.7949999940   0.0000000000   0.0000000000  -0.0000000000
   1.7999999940   0.0000000000   0.0000000000  -0.0000000000
   1.8049999939   0.0000000000   0.0000000000  -0.0000000000
   1.8099999939   0.0000000000   0.0000000000  -0.0000000000
   1.8149999939   0.0000000000   0.0000000000  -0.0000000000
   1.8199999939   0.0000000000   0.0000000000  -0.0000000000
   1.8249999939   0.0000000000   0.0000000000  -0.0000000000
   1.8299999939   0.0000000000   0.0000000000  -0.0000000000
   1.8349999938  -0.0000000000   0.0000000000  -0.0000000000
   1.8399999938  -0.0000000000  -0.0000000000   0.0000000000
   1.8449999938  -0.0000000000  -0.0000000000   0.0000000000
   1.8499999938  -0.0000000001  -0.0000000000   0.0000000001
   1.8549999938  -0.0000000001  -0.0000000000   0.0000000001
   1.8599999938  -0.0000000001  -0.0000000000   0.0000000001
   1.8649999937  -0.0000000001  -0.0000000001   0.0000000001
   1.8699999937  -0.0000000001  -0.0000000001   0.0000000001
   1.8749999937  -0.0000000001  -0.0000000001   0.0000000001
   1.8799999937  -0.0000000000  -0.0000000000   0.0000000001
   1.8849999937  -0.0000000000  -0.0000000000   0.0000000000
   1.8899999937   0.0000000000  -0.0000000000  -0.0000000000
   1.8949999936   0.0000000000   0.0000000000  -0.0000000001
   1.8999999936   0.0000000000   0.0000000000  -0.0000000001
   1.9049999936   0.0000000001   0.0000000001  -0.0000000002
   1.9099999936   0.0000000001   0.0000000001  -0.0000000003
   1.9149999936   0.0000000002   0.0000000002  -0.0000000004
   1.9199999936   0.0000000004   0.0000000002  -0.0000000006
   1.9249999935   0.0000000006   0.0000000003  -0.0000000008
   1.9299999935   0.0000000010   0.0000000005  -0.0000000011
   1.9349999935   0.0000000014   0.0000000007  -0.0000000014
   1.9399999935   0.0000000017   0.0000000008  -0.0000000016
   1.9449999935   0.0000000019   0.0000000009  -0.0000000016
   1.9499999935   0.0000000016   0.0000000008  -0.0000000010
   1.9549999934   0.0000000005   0.0000000003   0.0000000005
   1.9599999934  -0.0000000017  -0.0000000007   0.0000000031
   1.9649999934  -0.0000000054  -0.0000000025   0.0000000074
   1.9699999934  -0.0000000112  -0.0000000052   0.0000000136
   1.9749999934  -0.0000000192  -0.0000000090   0.0000000219
   1.9799999934  -0.0000000295  -0.0000000141   0.0000000323
   1.9849999933  -0.0000000419  -0.0000000202   0.0000000441
   1.9899999933  -0.0000000554  -0.0000000270   0.0000000564
   1.9949999933  -0.0000000686  -0.0000000338   0.0000000676
   1.9999999933  -0.0000000794  -0.0000000396   0.0000000752
   2.0049999933  -0.0000000850  -0.0000000430   0.0000000763
   2.0099999933  -0.0000000821  -0.0000000422   0.0000000678
   2.0149999932  -0.0000000671  -0.0000000355   0.0000000464
   2.0199999932  -0.0000000369  -0.0000000211   0.0000000094
   2.0249999932   0.0000000109   0.0000000024  -0.0000000447
   2.0299999932   0.0000000770   0.0000000355  -0.0000001152
   2.0349999932   0.0000001596   0.0000000776  -0.0000001987
   2.0399999931   0.0000002536   0.0000001263  -0.0000002882
   2.0449999931   0.0000003501   0.0000001771  -0.0000003729
   2.0499999931   0.0000004361   0.0000002233  -0.0000004377
   2.0549999931   0.0000004946   0.0000002561  -0.0000004642
   2.0599999931   0.0000005056   0.0000002647  -0.0000004316
   2.0649999931   0.0000004477   0.0000002372  -0.0000003186
   2.0699999930   0.0000002999   0.0000001618  -0.0000001060
   2.0749999930   0.0000000449   0.0000000283   0.0000002204
   2.0799999930  -0.0000003279  -0.0000001706   0.0000006665
   2.0849999930  -0.0000008195  -0.0000004366   0.0000012266
   2.0899999930  -0.0000014180  -0.0000007650   0.0000018816
   2.0949999930  -0.0000020974  -0.0000011431   0.0000025971
   2.0999999929  -0.0000028164  -0.0000015492   0.0000033240
   2.1049999929  -0.0000035203  -0.0000019539   0.0000040009
   2.1099999929  -0.0000041441  -0.0000023205   0.0000045582
   2.1149999929  -0.0000046175  -0.0000026088   0.0000049243
   2.1199999929  -0.0000048724  -0.0000027778   0.0000050335
   2.1249999929  -0.0000048505  -0.0000027909   0.0000048346
   2.1299999928  -0.0000045116  -0.0000026205   0.0000042986
   2.1349999928  -0.0000038414  -0.0000022526   0.0000034257
   2.1399999928  -0.0000028562  -0.0000016908   0.0000022496
   2.1449999928  -0.0000016057  -0.0000009582   0.0000008379
   2.1499999928  -0.0000001714  -0.0000000978  -0.0000007112
   2.1549999928   0.0000013394   0.0000008301  -0.0000022770
   2.1599999927   0.0000028029   0.0000017522  -0.0000037274
   2.1649999927   0.0000040917   0.0000025896  -0.0000049336
   2.1699999927   0.0000050890   0.0000032657  -0.0000057850
   2.1749999927   0.0000057034   0.0000037156  -0.0000062032
   2.1799999927   0.0000058807   0.0000038938  -0.0000061535
   2.1849999927   0.0000056121   0.0000037813  -0.0000056506
   2.1899999926   0.0000049370   0.0000033886  -0.0000047586
   2.1949999926   0.0000039391   0.0000027562  -0.0000035839
   2.1999999926   0.0000027365   0.0000019503  -0.0000022625
   2.2049999926   0.0000014662   0.0000010554  -0.0000009416
   2.2099999926   0.0000002662   0.0000001639   0.0000002393
   2.2149999926  -0.0000007436  -0.0000006355   0.0000011685
   2.2199999925  -0.0000014780  -0.0000012692   0.0000017768
   2.2249999925  -0.0000018977  -0.0000016884   0.0000020467
   2.2299999925  -0.0000020136  -0.0000018749   0.0000020134
   2.2349999925  -0.0000018833  -0.0000018427   0.0000017569
   2.2399999925  -0.0000015989  -0.0000016345   0.0000013865
   2.2449999925  -0.0000012701  -0.0000013137   0.0000010210
   2.2499999924  -0.0000010030  -0.0000009533   0.0000007656
   2.2549999924  -0.0000008798  -0.0000006232   0.0000006921
   2.2599999924  -0.0000009426  -0.0000003779   0.0000008244
   2.2649999924  -0.0000011845  -0.0000002476   0.0000011322
   2.2699999924  -0.0000015493  -0.0000002329   0.0000015359
   2.2749999924  -0.0000019417  -0.0000003055   0.0000019200
   2.2799999923  -0.0000022450  -0.0000004139   0.0000021548
   2.2849999923  -0.0000023442  -0.0000004940   0.0000021219
   2.2899999923  -0.0000021502  -0.0000004820   0.0000017386
   2.2949999923  -0.0000016208  -0.0000003279   0.0000009781
   2.2999999923  -0.0000007728  -0.0000000073  -0.0000001203
   2.3049999923   0.0000003148   0.0000004714  -0.0000014519
   2.3099999922   0.0000015112   0.0000010657  -0.0000028587
   2.3149999922   0.0000026540   0.0000017026  -0.0000041512
   2.3199999922   0.0000035772   0.0000022892  -0.0000051367
   2.3249999922   0.0000041418   0.0000027257  -0.0000056483
   2.3299999922   0.0000042640   0.0000029208  -0.0000055706
   2.3349999922   0.0000039339   0.0000028062  -0.0000048576
   2.3399999921   0.0000032207   0.0000023480  -0.0000035409
   2.3449999921   0.0000022632   0.0000015538  -0.0000017267
   2.3499999921   0.0000012431   0.0000004743   0.0000004156
   2.3549999921   0.0000003467  -0.0000007990   0.0000026704
   2.3599999921  -0.0000002812  -0.0000021404   0.0000047945
   2.3649999921  -0.0000005825  -0.0000033979   0.0000065346
   2.3699999920  -0.0000006207  -0.0000044030   0.0000076404
   2.3749999920  -0.0000005983  -0.0000049801   0.0000078754
   2.3799999920  -0.0000008470  -0.0000049576   0.0000070273
   2.3849999920  -0.0000017865  -0.0000041817   0.0000049239
   2.3899999920  -0.0000038503  -0.0000025343   0.0000014586
   2.3949999920  -0.0000073811   0.0000000414  -0.0000033680
   2.3999999919  -0.0000125034   0.0000035065  -0.0000093910
   2.4049999919  -0.0000189889   0.0000076861  -0.0000162117
   2.4099999919  -0.0000261323   0.0000122250  -0.0000231260
   2.4149999919  -0.0000326639   0.0000165486  -0.0000290677
   2.4199999919  -0.0000367263   0.0000198407  -0.0000325901
   2.4249999919  -0.0000359457   0.0000210515  -0.0000319097
   2.4299999918  -0.0000276230   0.0000189539  -0.0000250387
   2.4349999918  -0.0000090672   0.0000122587  -0.0000100242
   2.4399999918   0.0000219233  -0.0000001978   0.0000146976
   2.4449999918   0.0000664416  -0.0000191951   0.0000498391
   2.4499999918   0.0001237465  -0.0000448046   0.0000947172
   2.4549999918   0.0001904906  -0.0000760244   0.0001466745
   2.4599999917   0.0002599829  -0.0001104055   0.0002005322
   2.4649999917   0.0003215925  -0.0001437179   0.0002481555
   2.4699999917   0.0003604090  -0.0001697124   0.0002782203
   2.4749999917   0.0003572775  -0.0001800370   0.0002762685
   2.4799999917   0.0002893105  -0.0001643655   0.0002251234
   2.4849999917   0.0001309428  -0.0001107815   0.0001057111
   2.4899999916  -0.0001444513  -0.0000064418  -0.0001017075
   2.4949999916  -0.0005624281   0.0001614850  -0.0004159319
   2.4999999916  -0.0011449500   0.0004046430  -0.0008529412
   2.5049999916  -0.0019076575   0.0007321522  -0.0014238775
   2.5099999916  -0.0028571893   0.0011492182  -0.0021330821
   2.5149999916  -0.0039888382   0.0016558250  -0.0029763944
   2.5199999915  -0.0052848440   0.0022456628  -0.0039399319
   2.5249999915  -0.0067135924   0.0029054415  -0.0049995482
   2.5299999915  -0.0082299284   0.0036147219  -0.0061211186
   2.5349999915  -0.0097766932   0.0043463618  -0.0072617301
   2.5399999915  -0.0112874702   0.0050676134  -0.0083717623
   2.5449999915  -0.0126903918   0.0057418493  -0.0093977478
   2.5499999914  -0.0139127280   0.0063308164  -0.0102858004
   2.5549999914  -0.0148858711   0.0067972522  -0.0109853234
   2.5599999914  -0.0155502602   0.0071076419  -0.0114526551
   2.5649999914  -0.0158597709   0.0072348598  -0.0116542973
   2.5699999914  -0.0157851331   0.0071604338  -0.0115694007
   2.5749999914  -0.0153160310   0.0068761970  -0.0111912531
   2.5799999913  -0.0144616778   0.0063851428  -0.0105276224
   2.5849999913  -0.0132498259   0.0057013847  -0.0095999350
   2.5899999913  -0.0117243473   0.0048492126  -0.0084414044
   2.5949999913  -0.0099416812   0.0038613429  -0.0070943427
   2.5999999913  -0.0079665686   0.0027765429  -0.0056069809
   2.6049999913  -0.0058675591   0.0016368847  -0.0040301630
   2.6099999912  -0.0037127804   0.0004849153  -0.0024142773
   2.6149999912  -0.0015663912  -0.0006389710  -0.0008067269
   2.6199999912   0.0005139801  -0.0016987089   0.0007498581
   2.6249999912   0.0024786760  -0.0026641126   0.0022185884
   2.6299999912   0.0042863685  -0.0035117153   0.0035685191
   2.6349999912   0.0059035415  -0.0042249148   0.0047742616
   2.6399999911   0.0073034263  -0.0047935357   0.0058152562
   2.6449999911   0.0084647867  -0.0052129866   0.0066749961
   2.6499999911   0.0093709418  -0.0054832313   0.0073404685
   2.6549999911   0.0100093367  -0.0056077936   0.0078020142
   2.6599999911   0.0103718374  -0.0055929761   0.0080536949
   2.6649999911   0.0104557483  -0.0054474082   0.0080941344
   2.6699999910   0.0102653760  -0.0051819528   0.0079276754
   2.6749999910   0.0098138054  -0.0048099095   0.0075655952
   2.6799999910   0.0091244579  -0.0043473799   0.0070270741
   2.6849999910   0.0082319776  -0.0038136083   0.0063396067
   2.6899999910   0.0071820511  -0.0032310958   0.0055386110
   2.6949999909   0.0060299070  -0.0026253147   0.0046660936
   2.6999999909   0.0048374388  -0.0020239075   0.0037683723
   2.7049999909   0.0036691207  -0.0014553454   0.0028930110
   2.7099999909   0.0025870992  -0.0009471204   0.0020852591
   2.7149999909   0.0016460185  -0.0005236416   0.0013843910
   2.7199999909   0.0008882246  -0.0002040809   0.0008203912
   2.7249999908   0.0003399919  -0.0000004563   0.0004114131
   2.7299999908   0.0000093125   0.0000837653   0.0001623633
   2.7349999908  -0.0001144066   0.0000543065   0.0000648276
   2.7399999908  -0.0000586385  -0.0000741901   0.0000983867
   2.7449999908   0.0001357971  -0.0002793762   0.0002331890
   2.7499999908   0.0004196687  -0.0005332660   0.0004334801
   2.7549999907   0.0007410458  -0.0008049503   0.0006616608
   2.7599999907   0.0010510646  -0.0010636523   0.0008823758
   2.7649999907   0.0013090217  -0.0012817708   0.0010661343
   2.7699999907   0.0014861766  -0.0014375455   0.0011920288
   2.7749999907   0.0015678400  -0.0015170298   0.0012492511
   2.7799999907   0.0015535683  -0.0015151393   0.0012372671
   2.7849999906   0.0014555572  -0.0014356712   0.0011647012
   2.7899999906   0.0012955648  -0.0012903169   0.0010471524
   2.7949999906   0.0011008842  -0.0010968284   0.0009043032
   2.7999999906   0.0008999819  -0.0008765963   0.0007567606
   2.8049999906   0.0007184269  -0.0006519699   0.0006230860
   2.8099999906   0.0005756468  -0.0004436673   0.0005174138
   2.8149999905   0.0004828925  -0.0002685919   0.0004479497
   2.8199999905   0.0004425853  -0.0001383017   0.0004164892
   2.8249999905   0.0004490087  -0.0000582716   0.0004189349
   2.8299999905   0.0004901108  -0.0000279728   0.0004466395
   2.8349999905   0.0005500387  -0.0000416789   0.0004882906
   2.8399999905   0.0006119521  -0.0000898162   0.0005319854
   2.8449999904   0.0006606568  -0.0001606154   0.0005671489
   2.8499999904   0.0006846695  -0.0002418060   0.0005859966
   2.8549999904   0.0006774434  -0.0003221113   0.0005843470
   2.8599999904   0.0006376404  -0.0003923628   0.0005617089
   2.8649999904   0.0005684938  -0.0004461258   0.0005206995
   2.8699999904   0.0004764464  -0.0004798183   0.0004659521
   2.8749999903   0.0003693521  -0.0004923823   0.0004027506
   2.8799999903   0.0002545773  -0.0004846313   0.0003356502
   2.8849999903   0.0001373325  -0.0004584322   0.0002673291
   2.8899999903   0.0000195067  -0.0004158880   0.0001978563
   2.8949999903  -0.0001008241  -0.0003586637   0.0001244765
   2.8999999903  -0.0002291590  -0.0002875596   0.0000419236
   2.9049999902  -0.0003736751  -0.0002023782  -0.0000568180
   2.9099999902  -0.0005438424  -0.0001020794  -0.0001794446
   2.9149999902  -0.0007487938   0.0000148339  -0.0003331388
   2.9199999902  -0.0009957170   0.0001497883  -0.0005234319
   2.9249999902  -0.0012885214   0.0003035755  -0.0007532843
   2.9299999902  -0.0016269690   0.0004758526  -0.0010224958
   2.9349999901  -0.0020063769   0.0006647884  -0.0013275005
   2.9399999901  -0.0024178978   0.0008669073  -0.0016615419
   2.9449999901  -0.0028492945   0.0010771464  -0.0020151698
   2.9499999901  -0.0032860508   0.0012891074  -0.0023769660
   2.9549999901  -0.0037126267   0.0014954578  -0.0027343860
   2.9599999901  -0.0041136583   0.0016884185  -0.0030746032
   2.9649999900  -0.0044749426   0.0018602707  -0.0033852605
   2.9699999900  -0.0047841020   0.0020038194  -0.0036550608
   2.9749999900  -0.0050308998   0.0021127665  -0.0038741646
   2.9799999900  -0.0052072462   0.0021819704  -0.0040343955
   2.9849999900  -0.0053069919   0.0022075852  -0.0041292885
   2.9899999900  -0.0053256351   0.0021870987  -0.0041540340
   2.9949999899  -0.0052600670   0.0021192990  -0.0041053821
   2.9999999899  -0.0051084550   0.0020042060  -0.0039815681
   3.0049999899  -0.0048703108   0.0018430028  -0.0037823033
   3.0099999899  -0.0045467394   0.0016379918  -0.0035088535
   3.0149999899  -0.0041408070   0.0013925847  -0.0031641969
   3.0199999899  -0.0036579318   0.0011113183  -0.0027532278
   3.0249999898  -0.0031061854   0.0007998761  -0.0022829479
   3.0299999898  -0.0024964033   0.0004650798  -0.0017625815
   3.0349999898  -0.0018420353   0.0001148189  -0.0012035475
   3.0399999898  -0.0011587111  -0.0002421138  -0.0006192429
   3.0449999898  -0.0004635492  -0.0005962943  -0.0000246160
   3.0499999898   0.0002257196  -0.0009380459   0.0005644576
   3.0549999897   0.0008917130  -0.0012579016   0.0011319493
   3.0599999897   0.0015183296  -0.0015471087   0.0016625297
   3.0649999897   0.0020915502  -0.0017981251   0.0021424090
   3.0699999897   0.0026000303  -0.0020050495   0.0025600741
   3.0749999897   0.0030354423  -0.0021639387   0.0029068479
   3.0799999897   0.0033925641  -0.0022729737   0.0031772178
   3.0849999896   0.0036691468  -0.0023324621   0.0033689152
   3.0899999896   0.0038656157  -0.0023446832   0.0034827630
   3.0949999896   0.0039846715  -0.0023136033   0.0035223337
   3.0999999896   0.0040308592  -0.0022445051   0.0034934811
   3.1049999896   0.0040101571  -0.0021435782   0.0034038159
   3.1099999896   0.0039296217  -0.0020175209   0.0032621853
   3.1149999895   0.0037971041  -0.0018731883   0.0030782047
   3.1199999895   0.0036210304  -0.0017173107   0.0028618644
   3.1249999895   0.0034102284  -0.0015562869   0.0026232129
   3.1299999895   0.0031737710  -0.0013960427   0.0023721008
   3.1349999895   0.0029208052  -0.0012419341   0.0021179573
   3.1399999895   0.0026603450  -0.0010986694   0.0018695732
   3.1449999894   0.0024010130  -0.0009702302   0.0016348687
   3.1499999894   0.0021507345  -0.0008597768   0.0014206441
   3.1549999894   0.0019164024  -0.0007695380   0.0012323228
   3.1599999894   0.0017035471  -0.0007006992   0.0010737165
   3.1649999894   0.0015160551  -0.0006533102   0.0009468490
   3.1699999894   0.0013559845  -0.0006262415   0.0008518788
   3.1749999893   0.0012235184  -0.0006172175   0.0007871486
   3.1799999893   0.0011170805  -0.0006229416   0.0007493784
   3.1849999893   0.0010336182  -0.0006393210   0.0007339922
   3.1899999893   0.0009690265  -0.0006617771   0.0007355487
   3.1949999893   0.0009186623  -0.0006856133   0.0007482275
   3.1999999893   0.0008778801  -0.0007063996   0.0007663090
   3.2049999892   0.0008425123  -0.0007203276   0.0007845926
   3.2099999892   0.0008092236  -0.0007244919   0.0007987030
   3.2149999892   0.0007756934  -0.0007170638   0.0008052618
   3.2199999892   0.0007406110  -0.0006973421   0.0008019243
   3.2249999892   0.0007035052  -0.0006656820   0.0007873060
   3.2299999892   0.0006644626  -0.0006233266   0.0007608429
   3.2349999891   0.0006238093  -0.0005721735   0.0007226346
   3.2399999891   0.0005818328  -0.0005145211   0.0006733139
   3.2449999891   0.0005386085  -0.0004528331   0.0006139676
   3.2499999891   0.0004939627  -0.0003895491   0.0005461117
   3.2549999891   0.0004475685  -0.0003269570   0.0004716980
   3.2599999891   0.0003991362  -0.0002671229   0.0003931158
   3.2649999890   0.0003486324  -0.0002118631   0.0003131464
   3.2699999890   0.0002964598  -0.0001627342   0.0002348397
   3.2749999890   0.0002435368  -0.0001210191   0.0001613039
   3.2799999890   0.0001912471  -0.0000876944   0.0000954275
   3.2849999890   0.0001412642  -0.0000633761   0.0000395788
   3.2899999890   0.0000952906  -0.0000482560  -0.0000046595
   3.2949999889   0.0000547745  -0.0000420474  -0.0000366580
   3.2999999889   0.0000206723  -0.0000439656  -0.0000567718
   3.3049999889  -0.0000066853  -0.0000527607  -0.0000662220
   3.3099999889  -0.0000275967  -0.0000668104  -0.0000668510
   3.3149999889  -0.0000428669  -0.0000842667  -0.0000608058
   3.3199999889  -0.0000535971  -0.0001032341  -0.0000502200
   3.3249999888  -0.0000609437  -0.0001219504  -0.0000369621
   3.3299999888  -0.0000659079  -0.0001389390  -0.0000224982
   3.3349999888  -0.0000692032  -0.0001531068  -0.0000078809
   3.3399999888  -0.0000712222  -0.0001637780   0.0000061557
   3.3449999888  -0.0000720952  -0.0001706667   0.0000190501
   3.3499999888  -0.0000718072  -0.0001738067   0.0000302774
   3.3549999887  -0.0000703291  -0.0001734624   0.0000392792
   3.3599999887  -0.0000677198  -0.0001700486   0.0000454888
   3.3649999887  -0.0000641726  -0.0001640744   0.0000484425
   3.3699999887  -0.0000600007  -0.0001561179   0.0000479387
   3.3749999887  -0.0000555807  -0.0001468235   0.0000441813
   3.3799999886  -0.0000512826  -0.0001369059   0.0000378481
   3.3849999886  -0.0000474198  -0.0001271408   0.0000300441
   3.3899999886  -0.0000442372  -0.0001183279   0.0000221352
   3.3949999886  -0.0000419395  -0.0001112255   0.0000154991
   3.3999999886  -0.0000407409  -0.0001064638   0.0000112584
   3.4049999886  -0.0000409064  -0.0001044597   0.0000100713
   3.4099999885  -0.0000427568  -0.0001053563   0.0000120416
   3.4149999885  -0.0000466200  -0.0001090075   0.0000167731
   3.4199999885  -0.0000527369  -0.0001150149   0.0000235516
   3.4249999885  -0.0000611488  -0.0001228106   0.0000315935
   3.4299999885  -0.0000716090  -0.0001317638   0.0000402815
   3.4349999885  -0.0000835586  -0.0001412806   0.0000493076
   3.4399999884  -0.0000961929  -0.0001508712   0.0000586772
   3.4449999884  -0.0001086123  -0.0001601652   0.0000685716
   3.4499999884  -0.0001200242  -0.0001688772   0.0000791189
   3.4549999884  -0.0001299390  -0.0001767396   0.0000901549
   3.4599999884  -0.0001382965  -0.0001834363   0.0001010684
   3.4649999884  -0.0001454747  -0.0001885676   0.0001107980
   3.4699999883  -0.0001521678  -0.0001916728   0.0001180026
   3.4749999883  -0.0001591594  -0.0001923145   0.0001213678
   3.4799999883  -0.0001670539  -0.0001902061   0.0001199602
   3.4849999883  -0.0001760499  -0.0001853448   0.0001135181
   3.4899999883  -0.0001858298  -0.0001781052   0.0001025762
   3.4949999883  -0.0001956111  -0.0001692527   0.0000883698
   3.4999999882  -0.0002043543  -0.0001598573   0.0000725300
   3.5049999882  -0.0002110713  -0.0001511165   0.0000566498
   3.5099999882  -0.0002151417  -0.0001441271   0.0000418469
   3.5149999882  -0.0002165345  -0.0001396621   0.0000284597
   3.5199999882  -0.0002158557  -0.0001380155   0.0000159767
   3.5249999882  -0.0002141918  -0.0001389613   0.0000032334
   3.5299999881  -0.0002127835  -0.0001418436  -0.0000111742
   3.5349999881  -0.0002126201  -0.0001457760  -0.0000283804
   3.5399999881  -0.0002140775  -0.0001498980  -0.0000488023
   3.5449999881  -0.0002167182  -0.0001536149  -0.0000718996
   3.5499999881  -0.0002193292  -0.0001567534  -0.0000962274
   3.5549999881  -0.0002202053  -0.0001595856  -0.0001197795
   3.5599999880  -0.0002176092  -0.0001627141  -0.0001405277
   3.5649999880  -0.0002102838  -0.0001668514  -0.0001569963
   3.5699999880  -0.0001978650  -0.0001725599  -0.0001686940
   3.5749999880  -0.0001810708  -0.0001800311  -0.0001762627
   3.5799999880  -0.0001615983  -0.0001889727  -0.0001812890
   3.5849999880  -0.0001417505  -0.0001986396  -0.0001858250
   3.5899999879  -0.0001238900  -0.0002080018  -0.0001917611
   3.5949999879  -0.0001098765  -0.0002160015  -0.0002002402
   3.5999999879  -0.0001006489  -0.0002218217  -0.0002112989
   3.6049999879  -0.0000960745  -0.0002250856  -0.0002238495
   3.6099999879  -0.0000951075  -0.0002259280  -0.0002360145
   3.6149999879  -0.0000962075  -0.0002249178  -0.0002457127
   3.6199999878  -0.0000978851  -0.0002228560  -0.0002513147
   3.6249999878  -0.0000992063  -0.0002205158  -0.0002521584
   3.6299999878  -0.0001000935  -0.0002184069  -0.0002487572
   3.6349999878  -0.0001013274  -0.0002166395  -0.0002426272
   3.6399999878  -0.0001042444  -0.0002149330  -0.0002357830
   3.6449999878  -0.0001102215  -0.0002127658  -0.0002300555
   3.6499999877  -0.0001201110  -0.0002096195  -0.0002264517
   3.6549999877  -0.0001338073  -0.0002052347  -0.0002247640
   3.6599999877  -0.0001500893  -0.0001997938  -0.0002235651
   3.6649999877  -0.0001668045  -0.0001939626  -0.0002206037
   3.6699999877  -0.0001813494  -0.0001887698  -0.0002134859
   3.6749999877  -0.0001913139  -0.0001853537  -0.0002004371
   3.6799999876  -0.0001951001  -0.0001846473  -0.0001809026
   3.6849999876  -0.0001923311  -0.0001870993  -0.0001557935
   3.6899999876  -0.0001839271  -0.0001925187  -0.0001272921
   3.6949999876  -0.0001718247  -0.0002000952  -0.0000982657
   3.6999999876  -0.0001584236  -0.0002085958  -0.0000714673
   3.7049999876  -0.0001459285  -0.0002166845  -0.0000487685
   3.7099999875  -0.0001357837  -0.0002232692  -0.0000306679
   3.7149999875  -0.0001283696  -0.0002277766  -0.0000162343
   3.7199999875  -0.0001230476  -0.0002302688  -0.0000035077
   3.7249999875  -0.0001185296  -0.0002313697   0.0000097616
   3.7299999875  -0.0001134503  -0.0002320232   0.0000252673
   3.7349999875  -0.0001069529  -0.0002331594   0.0000434650
   3.7399999874  -0.0000990975  -0.0002353719   0.0000632763
   3.7449999874  -0.0000909578  -0.0002387092   0.0000822851
   3.7499999874  -0.0000843699  -0.0002426439   0.0000973774
   3.7549999874  -0.0000814061  -0.0002462328   0.0001056351
   3.7599999874  -0.0000837387  -0.0002484167   0.0001052090
   3.7649999874  -0.0000920902  -0.0002483698   0.0000958992
   3.7699999873  -0.0001059460  -0.0002457873   0.0000792556
   3.7749999873  -0.0001236223  -0.0002410233   0.0000581610
   3.7799999873  -0.0001426735  -0.0002350329   0.0000360186
   3.7849999873  -0.0001605184  -0.0002291370   0.0000157916
   3.7899999873  -0.0001750965  -0.0002246783  -0.0000008059
   3.7949999873  -0.0001853557  -0.0002226753  -0.0000137156
   3.7999999872  -0.0001914282  -0.0002235769  -0.0000244069
   3.8049999872  -0.0001944446  -0.0002271929  -0.0000352524
   3.8099999872  -0.0001960532  -0.0002328162  -0.0000485990
   3.8149999872  -0.0001977992  -0.0002394972  -0.0000658281
   3.8199999872  -0.0002005620  -0.0002463814  -0.0000867042
   3.8249999872  -0.0002042308  -0.0002530022  -0.0001092271
   3.8299999871  -0.0002077212  -0.0002594367  -0.0001300499
   3.8349999871  -0.0002093264  -0.0002662748  -0.0001453492
   3.8399999871  -0.0002072953  -0.0002744105  -0.0001518916
   3.8449999871  -0.0002004528  -0.0002847206  -0.0001479778
   3.8499999871  -0.0001886670  -0.0002977316  -0.0001339769
   3.8549999871  -0.0001730146  -0.0003133790  -0.0001122844
   3.8599999870  -0.0001555858  -0.0003309365  -0.0000867117
   3.8649999870  -0.0001389873  -0.0003491397  -0.0000614847
   3.8699999870  -0.0001256866  -0.0003664688  -0.0000401470
   3.8749999870  -0.0001173980  -0.0003815087  -0.0000246927
   3.8799999870  -0.0001146886  -0.0003932793  -0.0000151812
   3.8849999870  -0.0001169221  -0.0004014392  -0.0000099409
   3.8899999869  -0.0001225480  -0.0004063069  -0.0000062909
   3.8949999869  -0.0001296440  -0.0004086953  -0.0000015496
   3.8999999869  -0.0001365404  -0.0004096171   0.0000059812
   3.9049999869  -0.0001423335  -0.0004099533   0.0000163636
   3.9099999869  -0.0001471339  -0.0004101886   0.0000279027
   3.9149999869  -0.0001519754  -0.0004102954   0.0000375981
   3.9199999868  -0.0001584186  -0.0004098007   0.0000420310
   3.9249999868  -0.0001679759  -0.0004080144   0.0000384184
   3.9299999868  -0.0001815361  -0.0004043450   0.0000255161
   3.9349999868  -0.0001989698  -0.0003986033   0.0000040955
   3.9399999868  -0.0002190367  -0.0003911965  -0.0000231539
   3.9449999868  -0.0002396275  -0.0003831477  -0.0000522694
   3.9499999867  -0.0002582699  -0.0003759277  -0.0000790249
   3.9549999867  -0.0002727508  -0.0003711431  -0.0001000096
   3.9599999867  -0.0002816745  -0.0003701670  -0.0001134671
   3.9649999867  -0.0002847958  -0.0003738170  -0.0001196568
   3.9699999867  -0.0002830357  -0.0003821710  -0.0001206419
   3.9749999867  -0.0002781820  -0.0003945737  -0.0001195787
   3.9799999866  -0.0002723663  -0.0004098283  -0.0001197227
   3.9849999866  -0.0002674737  -0.0004265191  -0.0001234497
   3.9899999866  -0.0002646548  -0.0004433706  -0.0001315740
   3.9949999866  -0.0002640773  -0.0004595430  -0.0001431596
   3.9999999866  -0.0002649794  -0.0004747806  -0.0001558659
   4.0049999866  -0.0002659986  -0.0004893780  -0.0001667171
   4.0099999865  -0.0002656705  -0.0005039793  -0.0001730592
   4.0149999865  -0.0002629451  -0.0005192748  -0.0001734195
   4.0199999865  -0.0002575673  -0.0005356902  -0.0001680163
   4.0249999865  -0.0002502127  -0.0005531605  -0.0001587716
   4.0299999865  -0.0002423415  -0.0005710583  -0.0001488257
   4.0349999864  -0.0002358179  -0.0005882979  -0.0001416981
   4.0399999864  -0.0002324081  -0.0006035846  -0.0001403354
   4.0449999864  -0.0002333016  -0.0006157387  -0.0001463169
   4.0499999864  -0.0002387925  -0.0006240001  -0.0001594415
   4.0549999864  -0.0002482082  -0.0006282269  -0.0001778028
   4.0599999864  -0.0002601006  -0.0006289327  -0.0001983257
   4.0649999863  -0.0002726414  -0.0006271544  -0.0002176052
   4.0699999863  -0.0002841083  -0.0006241878  -0.0002328099
   4.0749999863  -0.0002933235  -0.0006212689  -0.0002423987
   4.0799999863  -0.0002999272  -0.0006192891  -0.0002464614
   4.0849999863  -0.0003044137  -0.0006186222  -0.0002465991
   4.0899999863  -0.0003079296  -0.0006191064  -0.0002453944
   4.0949999862  -0.0003118963  -0.0006201809  -0.0002456332
   4.0999999862  -0.0003175695  -0.0006211305  -0.0002495027
   4.1049999862  -0.0003256593  -0.0006213648  -0.0002579904
   4.1099999862  -0.0003361187  -0.0006206482  -0.0002706479
   4.1149999862  -0.0003481539  -0.0006192164  -0.0002857710
   4.1199999862  -0.0003604537  -0.0006177456  -0.0003009353
   4.1249999861  -0.0003715681  -0.0006171866  -0.0003137211
   4.1299999861  -0.0003803331  -0.0006185117  -0.0003224171
   4.1349999861  -0.0003862241  -0.0006224484  -0.0003264980
   4.1399999861  -0.0003895453  -0.0006292739  -0.0003267425
   4.1449999861  -0.0003914067  -0.0006387277  -0.0003249576
   4.1499999861  -0.0003935038  -0.0006500660  -0.0003233902
   4.1549999860  -0.0003977623  -0.0006622397  -0.0003239900
   4.1599999860  -0.0004059516  -0.0006741483  -0.0003277312
   4.1649999860  -0.0004193697  -0.0006848961  -0.0003341807
   4.1699999860  -0.0004386850  -0.0006939849  -0.0003414316
   4.1749999860  -0.0004639681  -0.0007013891  -0.0003464226
   4.1799999860  -0.0004948949  -0.0007074968  -0.0003455589
   4.1849999859  -0.0005310515  -0.0007129363  -0.0003354713
   4.1899999859  -0.0005722405  -0.0007183362  -0.0003137221
   4.1949999859  -0.0006186884  -0.0007240885  -0.0002792837
   4.1999999859  -0.0006710772  -0.0007301796  -0.0002326896
   4.2049999859  -0.0007303721  -0.0007361375  -0.0001758483
   4.2099999859  -0.0007974715  -0.0007411097  -0.0001116082
   4.2149999858  -0.0008727524  -0.0007440511  -0.0000432293
   4.2199999858  -0.0009556120  -0.0007439732   0.0000260625
   4.2249999858  -0.0010441082  -0.0007401873   0.0000932867
   4.2299999858  -0.0011347747  -0.0007324770   0.0001556093
   4.2349999858  -0.0012226423  -0.0007211563   0.0002099464
   4.2399999858  -0.0013014459  -0.0007070002   0.0002523750
   4.2449999857  -0.0013639548  -0.0006910696   0.0002775153
   4.2499999857  -0.0014023395  -0.0006744826   0.0002780667
   4.2549999857  -0.0014084894  -0.0006581974   0.0002446454
   4.2599999857  -0.0013742245  -0.0006428678   0.0001660023
   4.2649999857  -0.0012913846  -0.0006288124   0.0000296065
   4.2699999857  -0.0011518295  -0.0006161029  -0.0001775042
   4.2749999856  -0.0009474182  -0.0006047442  -0.0004677621
   4.2799999856  -0.0006700557  -0.0005948889  -0.0008521716
   4.2849999856  -0.0003118845  -0.0005870217  -0.0013396128
   4.2899999856   0.0001343336  -0.0005820506  -0.0019364225
   4.2949999856   0.0006746458  -0.0005812716  -0.0026462445
   4.2999999856   0.0013132015  -0.0005862056  -0.0034700630
   4.3049999855   0.0020515021  -0.0005983410  -0.0044062886
   4.3099999855   0.0028877182  -0.0006188406  -0.0054507588
   4.3149999855   0.0038161804  -0.0006482819  -0.0065965523
   4.3199999855   0.0048271135  -0.0006864885  -0.0078335885
   4.3249999855   0.0059066410  -0.0007324854  -0.0091480630
   4.3299999855   0.0070370349  -0.0007845785  -0.0105218486
   4.3349999854   0.0081971462  -0.0008405264  -0.0119320261
   4.3399999854   0.0093629363  -0.0008977513  -0.0133507170
   4.3449999854   0.0105080315  -0.0009535303  -0.0147453378
   4.3499999854   0.0116042549  -0.0010051189  -0.0160793248
   4.3549999854   0.0126221296  -0.0010497839  -0.0173132885
   4.3599999854   0.0135313873  -0.0010847513  -0.0184064763
   4.3649999853   0.0143015440  -0.0011071030  -0.0193183800
   4.3699999853   0.0149026090  -0.0011136734  -0.0200103138
   4.3749999853   0.0153059715  -0.0011009985  -0.0204468274
   4.3799999853   0.0154854712  -0.0010653588  -0.0205968809
   4.3849999853   0.0154186053  -0.0010029314  -0.0204347801
   4.3899999853   0.0150877814  -0.0009100408  -0.0199409336
   4.3949999852   0.0144814952  -0.0007834694  -0.0191025192
   4.3999999852   0.0135953059  -0.0006207726  -0.0179141427
   4.4049999852   0.0124325076  -0.0004205420  -0.0163785267
   4.4099999852   0.0110044325  -0.0001825682  -0.0145072034
   4.4149999852   0.0093303777   0.0000921195  -0.0123211196
   4.4199999852   0.0074371897   0.0004013335  -0.0098510142
   4.4249999851   0.0053585786   0.0007418992  -0.0071374161
   4.4299999851   0.0031342393   0.0011098691  -0.0042301347
   4.4349999851   0.0008088509   0.0015007301  -0.0011871774
   4.4399999851  -0.0015690041   0.0019095601   0.0019268925
   4.4449999851  -0.0039479915   0.0023311136   0.0050430624
   4.4499999851  -0.0062752613   0.0027598432   0.0080902825
   4.4549999850  -0.0084977978   0.0031898831   0.0109979951
   4.4599999850  -0.0105638996   0.0036150425   0.0136985956
   4.4649999850  -0.0124247846   0.0040288530   0.0161296786
   4.4699999850  -0.0140362731   0.0044247046   0.0182359813
   4.4749999850  -0.0153604641   0.0047960796   0.0199709921
   4.4799999850  -0.0163672931   0.0051368676   0.0212982449
   4.4849999849  -0.0170358402   0.0054417180   0.0221923396
   4.4899999849  -0.0173552757   0.0057063743   0.0226397245
   4.4949999849  -0.0173253530   0.0059279332   0.0226392496
   4.4999999849  -0.0169564068   0.0061049864   0.0222024593
   4.5049999849  -0.0162688660   0.0062376253   0.0213535561
   4.5099999849  -0.0152923336   0.0063273208   0.0201289453
   4.5149999848  -0.0140643201   0.0063767093   0.0185762791
   4.5199999848  -0.0126287319   0.0063893342   0.0167529510
   4.5249999848  -0.0110342107   0.0063693917   0.0147240495
   4.5299999848  -0.0093324036   0.0063215186   0.0125598506
   4.5349999848  -0.0075762181   0.0062506406   0.0103329922
   4.5399999848  -0.0058180942   0.0061618770   0.0081155207
   4.5449999847  -0.0041083104   0.0060604782   0.0059760186
   4.5499999847  -0.0024933422   0.0059517612   0.0039770072
   4.5549999847  -0.0010143015   0.0058410105   0.0021727734
   4.5599999847   0.0002944907   0.0057333198   0.0006077133
   4.5649999847   0.0014067256   0.0056333705  -0.0006847848
   4.5699999847   0.0023050332   0.0055451637  -0.0016829438
   4.5749999846   0.0029815250   0.0054717403  -0.0023767516
   4.5799999846   0.0034378794   0.0054149357  -0.0027677323
   4.5849999846   0.0036849323   0.0053752142  -0.0028683935
   4.5899999846   0.0037417815   0.0053516188  -0.0027013771
   4.5949999846   0.0036344623   0.0053418512  -0.0022983177
   4.5999999846   0.0033942986   0.0053424734  -0.0016983950
   4.6049999845   0.0030560597   0.0053491984  -0.0009465717
   4.6099999845   0.0026560648   0.0053572232  -0.0000915352
   4.6149999845   0.0022303663   0.0053615511   0.0008165971
   4.6199999845   0.0018131123   0.0053572592   0.0017286988
   4.6249999845   0.0014351562   0.0053396834   0.0025990274
   4.6299999845   0.0011229399   0.0053045170   0.0033874135
   4.6349999844   0.0008976504   0.0052478415   0.0040610711
   4.6399999844   0.0007746326   0.0051661243   0.0045958882
   4.6449999844   0.0007630379   0.0050562210   0.0049771111
   4.6499999844   0.0008657004   0.0049154145   0.0051994065
   4.6549999844   0.0010792413   0.0047415060   0.0052663507
   4.6599999844   0.0013944186   0.0045329474   0.0051894526
   4.6649999843   0.0017967379   0.0042889904   0.0049868432
   4.6699999843   0.0022673295   0.0040098108   0.0046817735
   4.6749999843   0.0027840766   0.0036965663   0.0043010376
   4.6799999843   0.0033229436   0.0033513602   0.0038734102
   4.6849999843   0.0038594246   0.0029770996   0.0034281460
   4.6899999843   0.0043700040   0.0025772641   0.0029935627
   4.6949999842   0.0048335087   0.0021556205   0.0025957136
   4.6999999842   0.0052322398   0.0017159313   0.0022571612
   4.7049999842   0.0055527937   0.0012617080   0.0019958815
   4.7099999842   0.0057865197   0.0007960477   0.0018243520
   4.7149999842   0.0059296093   0.0003215703   0.0017488991
   4.7199999841   0.0059828525  -0.0001595453   0.0017693853
   4.7249999841   0.0059511301  -0.0006454539   0.0018793061
   4.7299999841   0.0058427273  -0.0011345027   0.0020663309
   4.7349999841   0.0056685559  -0.0016250992   0.0023132738
   4.7399999841   0.0054413531  -0.0021156185   0.0025994250
   4.7449999841   0.0051749060  -0.0026043694   0.0029021204
   4.7499999840   0.0048833208  -0.0030896153   0.0031983983
   4.7549999840   0.0045803394  -0.0035696292   0.0034665778
   4.7599999840   0.0042786986  -0.0040427543   0.0036876160
   4.7649999840   0.0039895290  -0.0045074375   0.0038461394
   4.7699999840   0.0037218069  -0.0049622145   0.0039310990
   4.7749999840   0.0034818915  -0.0054056396   0.0039360529
   4.7799999839   0.0032731913  -0.0058361706   0.0038591279
   4.7849999839   0.0030960124  -0.0062520350   0.0037027333
   4.7899999839   0.0029476297  -0.0066511114   0.0034731059
   4.7949999839   0.0028226022  -0.0070308603   0.0031797514
   4.7999999839   0.0027133211  -0.0073883278   0.0028348206
   4.8049999839   0.0026107451  -0.0077202327   0.0024524322
   4.8099999838   0.0025052491  -0.0080231273   0.0020479369
   4.8149999838   0.0023874935  -0.0082936082   0.0016371158
   4.8199999838   0.0022492217  -0.0085285426   0.0012353173
   4.8249999838   0.0020839039  -0.0087252739   0.0008565610
   4.8299999838   0.0018871767  -0.0088817746   0.0005126692
   4.8349999838   0.0016570551  -0.0089967295   0.0002125046
   4.8399999837   0.0013939315  -0.0090695444  -0.0000385949
   4.8449999837   0.0011003976  -0.0091002927  -0.0002391039
   4.8499999837   0.0007809410  -0.0090896234  -0.0003912661
   4.8549999837   0.0004415719  -0.0090386563  -0.0005007116
   4.8599999837   0.0000894228  -0.0089488922  -0.0005757703
   4.8649999837  -0.0002676484  -0.0088221518  -0.0006265629
   4.8699999836  -0.0006214425  -0.0086605509  -0.0006639821
   4.8749999836  -0.0009637909  -0.0084665007  -0.0006986859
   4.8799999836  -0.0012869258  -0.0082427176  -0.0007402165
   4.8849999836  -0.0015838551  -0.0079922195  -0.0007963277
   4.8899999836  -0.0018487351  -0.0077182887  -0.0008725637
   4.8949999836  -0.0020772242  -0.0074243923  -0.0009720875
   4.8999999835  -0.0022667791  -0.0071140594  -0.0010957202
   4.9049999835  -0.0024168518  -0.0067907297  -0.0012421314
   4.9099999835  -0.0025289449  -0.0064575972  -0.0014081136
   4.9149999835  -0.0026064932  -0.0061174758  -0.0015888899
   4.9199999835  -0.0026545672  -0.0057727131  -0.0017784260
   4.9249999835  -0.0026794180  -0.0054251671  -0.0019697460
   4.9299999834  -0.0026879112  -0.0050762506  -0.0021552711
   4.9349999834  -0.0026869196  -0.0047270329  -0.0023272086
   4.9399999834  -0.0026827476  -0.0043783753  -0.0024780097
   4.9449999834  -0.0026806570  -0.0040310739  -0.0026008909
   4.9499999834  -0.0026845422  -0.0036859787  -0.0026903860
   4.9549999834  -0.0026967759  -0.0033440670  -0.0027428661
   4.9599999833  -0.0027182174  -0.0030064607  -0.0027569491
   4.9649999833  -0.0027483529  -0.0026743886  -0.0027337230
   4.9699999833  -0.0027855206  -0.0023491099  -0.0026767257
   4.9749999833  -0.0028271751  -0.0020318226  -0.0025916621
   4.9799999833  -0.0028701521  -0.0017235833  -0.0024858821
   4.9849999833  -0.0029109107  -0.0014252589  -0.0023676849
   4.9899999832  -0.0029457485  -0.0011375249  -0.0022455443
   4.9949999832  -0.0029709979  -0.0008609051  -0.0021273612
   4.9999999832  -0.0029832176  -0.0005958417  -0.0020198372
   5.0049999832  -0.0029793925  -0.0003427716  -0.0019280393
   5.0099999832  -0.0029571444  -0.0001021833  -0.0018551833
   5.0149999832  -0.0029149419   0.0001253645  -0.0018026261
   5.0199999831  -0.0028522864   0.0003392727  -0.0017700237
   5.0249999831  -0.0027698422   0.0005389759  -0.0017555929
   5.0299999831  -0.0026694784   0.0007240435  -0.0017564137
   5.0349999831  -0.0025541984   0.0008942820  -0.0017687220
   5.0399999831  -0.0024279510   0.0010498127  -0.0017881670
   5.0449999831  -0.0022953329   0.0011911015  -0.0018100329
   5.0499999830  -0.0021612136   0.0013189327  -0.0018294427
   5.0549999830  -0.0020303291   0.0014343281  -0.0018415762
   5.0599999830  -0.0019068936   0.0015384298  -0.0018419234
   5.0649999830  -0.0017942767   0.0016323693  -0.0018265831
   5.0699999830  -0.0016947835   0.0017171521  -0.0017925903
   5.0749999830  -0.0016095541   0.0017935788  -0.0017382335
   5.0799999829  -0.0015385829   0.0018622166  -0.0016633086
   5.0849999829  -0.0014808394   0.0019234234  -0.0015692527
   5.0899999829  -0.0014344611   0.0019774110  -0.0014591130
   5.0949999829  -0.0013969858   0.0020243310  -0.0013373318
   5.0999999829  -0.0013655891   0.0020643567  -0.0012093593
   5.1049999829  -0.0013373071   0.0020977419  -0.0010811387
   5.1099999828  -0.0013092272   0.0021248424  -0.0009585311
   5.1149999828  -0.0012786465   0.0021460952  -0.0008467597
   5.1199999828  -0.0012432005   0.0021619661  -0.0007499487
   5.1249999828  -0.0012009714   0.0021728812  -0.0006708138
   5.1299999828  -0.0011505822   0.0021791657  -0.0006105349
   5.1349999828  -0.0010912800   0.0021810093  -0.0005688080
   5.1399999827  -0.0010230034   0.0021784724  -0.0005440481
   5.1449999827  -0.0009464245   0.0021715349  -0.0005336898
   5.1499999827  -0.0008629502   0.0021601767  -0.0005345306
   5.1549999827  -0.0007746669   0.0021444704  -0.0005430576
   5.1599999827  -0.0006842188   0.0021246602  -0.0005557220
   5.1649999827  -0.0005946181   0.0021012054  -0.0005691375
   5.1699999826  -0.0005089974   0.0020747744  -0.0005802093
   5.1749999826  -0.0004303272   0.0020461866  -0.0005862118
   5.1799999826  -0.0003611339   0.0020163163  -0.0005848466
   5.1849999826  -0.0003032535   0.0019859793  -0.0005743090
   5.1899999826  -0.0002576599   0.0019558289  -0.0005533808
   5.1949999826  -0.0002243919   0.0019262838  -0.0005215468
   5.1999999825  -0.0002025886   0.0018975036  -0.0004791166
   5.2049999825  -0.0001906264   0.0018694126  -0.0004273122
   5.2099999825  -0.0001863313   0.0018417622  -0.0003682815
   5.2149999825  -0.0001872304   0.0018142153  -0.0003050019
   5.2199999825  -0.0001908025   0.0017864280  -0.0002410573
   5.2249999825  -0.0001946932   0.0017581139  -0.0001803002
   5.2299999824  -0.0001968715   0.0017290757  -0.0001264361
   5.2349999824  -0.0001957214   0.0016992044  -0.0000825938
   5.2399999824  -0.0001900751   0.0016684520  -0.0000509505
   5.2449999824  -0.0001792077   0.0016367887  -0.0000324775
   5.2499999824  -0.0001628138   0.0016041626  -0.0000268511
   5.2549999824  -0.0001409840   0.0015704721  -0.0000325411
   5.2599999823  -0.0001141908   0.0015355628  -0.0000470566
   5.2649999823  -0.0000832811   0.0014992494  -0.0000672988
   5.2699999823  -0.0000494626   0.0014613602  -0.0000899541
   5.2749999823  -0.0000142674   0.0014217939  -0.0001118584
   5.2799999823   0.0000205220   0.0013805773  -0.0001302789
   5.2849999823   0.0000529940   0.0013379093  -0.0001430828
   5.2899999822   0.0000812709   0.0012941794  -0.0001487915
   5.2949999822   0.0001036989   0.0012499565  -0.0001465447
   5.2999999822   0.0001190381   0.0012059439  -0.0001360144
   5.3049999822   0.0001266208   0.0011629092  -0.0001173132
   5.3099999822   0.0001264523   0.0011216006  -0.0000909296
   5.3149999822   0.0001192303   0.0010826655  -0.0000577080
   5.3199999821   0.0001062799   0.0010465860  -0.0000188655
   5.3249999821   0.0000894082   0.0010136456   0.0000239772
   5.3299999821   0.0000707035   0.0009839301   0.0000687879
   5.3349999821   0.0000523071   0.0009573615   0.0001131716
   5.3399999821   0.0000361911   0.0009337537   0.0001544977
   5.3449999821   0.0000239739   0.0009128750   0.0001901104
   5.3499999820   0.0000167931   0.0008944996   0.0002175992
   5.3549999820   0.0000152464   0.0008784369   0.0002350922
   5.3599999820   0.0000193976   0.0008645302   0.0002415179
   5.3649999820   0.0000288342   0.0008526292   0.0002367858
   5.3699999820   0.0000427587   0.0008425437   0.0002218446
   5.3749999820   0.0000600920   0.0008339975   0.0001985999
   5.3799999819   0.0000795732   0.0008265939   0.0001696996
   5.3849999819   0.0000998464   0.0008198098   0.0001382208
   5.3899999819   0.0001195322   0.0008130207   0.0001073086
   5.3949999819   0.0001372906   0.0008055557   0.0000798287
   5.3999999819   0.0001518837   0.0007967707   0.0000580861
   5.4049999818   0.0001622462   0.0007861247   0.0000436509
   5.4099999818   0.0001675672   0.0007732420   0.0000373046
   5.4149999818   0.0001673783   0.0007579471   0.0000390970
   5.4199999818   0.0001616357   0.0007402654   0.0000484834
   5.4249999818   0.0001507767   0.0007203901   0.0000644969
   5.4299999818   0.0001357336   0.0006986260   0.0000859145
   5.4349999817   0.0001178876   0.0006753250   0.0001113799
   5.4399999817   0.0000989593   0.0006508274   0.0001394722
   5.4449999817   0.0000808420   0.0006254262   0.0001687221
   5.4499999817   0.0000654000   0.0005993593   0.0001976013
   5.4549999817   0.0000542580   0.0005728299   0.0002245171
   5.4599999817   0.0000486166   0.0005460470   0.0002478416
   5.4649999816   0.0000491214   0.0005192705   0.0002659961
   5.4699999816   0.0000558052   0.0004928463   0.0002775912
   5.4749999816   0.0000681078   0.0004672169   0.0002816015
   5.4799999816   0.0000849660   0.0004429013   0.0002775414
   5.4849999816   0.0001049521   0.0004204451   0.0002655991
   5.4899999816   0.0001264371   0.0004003511   0.0002466910
   5.4949999815   0.0001477502   0.0003830051   0.0002224139
   5.4999999815   0.0001673169   0.0003686149   0.0001948924
   5.5049999815   0.0001837619   0.0003571772   0.0001665427
   5.5099999815   0.0001959761   0.0003484791   0.0001397897
   5.5149999815   0.0002031520   0.0003421360   0.0001167875
   5.5199999815   0.0002047972   0.0003376555   0.0000991867
   5.5249999814   0.0002007356   0.0003345140   0.0000879870
   5.5299999814   0.0001911019   0.0003322285   0.0000834896
   5.5349999814   0.0001763334   0.0003304098   0.0000853504
   5.5399999814   0.0001571539   0.0003287880   0.0000927098
   5.5449999814   0.0001345481   0.0003272071   0.0001043699
   5.5499999814   0.0001097176   0.0003255953   0.0001189800
   5.5549999813   0.0000840169   0.0003239216   0.0001352001
   5.5599999813   0.0000588688   0.0003221508   0.0001518168
   5.5649999813   0.0000356629   0.0003202106   0.0001678049
   5.5699999813   0.0000156471   0.0003179768   0.0001823374
   5.5749999813  -0.0000001763   0.0003152827   0.0001947598
   5.5799999813  -0.0000111374   0.0003119448   0.0002045517
   5.5849999812  -0.0000169535   0.0003078011   0.0002112947
   5.5899999812  -0.0000177446   0.0003027480   0.0002146658
   5.5949999812  -0.0000140042   0.0002967668   0.0002144614
   5.5999999812  -0.0000065285   0.0002899320   0.0002106473
   5.6049999812   0.0000036880   0.0002823978   0.0002034190
   5.6099999812   0.0000155750   0.0002743671   0.0001932507
   5.6149999811   0.0000281089   0.0002660483   0.0001809094
   5.6199999811   0.0000404176   0.0002576123   0.0001674195
   5.6249999811   0.0000518540   0.0002491606   0.0001539686
   5.6299999811   0.0000620276   0.0002407109   0.0001417679
   5.6349999811   0.0000707971   0.0002322069   0.0001318850
   5.6399999811   0.0000782276   0.0002235473   0.0001250831
   5.6449999810   0.0000845289   0.0002146294   0.0001216988
   5.6499999810   0.0000899859   0.0002053942   0.0001215854
   5.6549999810   0.0000948980   0.0001958627   0.0001241360
   5.6599999810   0.0000995332   0.0001861541   0.0001283849
   5.6649999810   0.0001041033   0.0001764801   0.0001331658
   5.6699999810   0.0001087547   0.0001671178   0.0001372984
   5.6749999809   0.0001135706   0.0001583678   0.0001397652
   5.6799999809   0.0001185743   0.0001505058   0.0001398472
   5.6849999809   0.0001237307   0.0001437419   0.0001371962
   5.6899999809   0.0001289401   0.0001381937   0.0001318359
   5.6949999809   0.0001340283   0.0001338806   0.0001241024
   5.6999999809   0.0001387374   0.0001307372   0.0001145427
   5.7049999808   0.0001427236   0.0001286422   0.0001038007
   5.7099999808   0.0001455698   0.0001274529   0.0000925156
   5.7149999808   0.0001468157   0.0001270367   0.0000812543
   5.7199999808   0.0001460053   0.0001272913   0.0000704847
   5.7249999808   0.0001427463   0.0001281491   0.0000605883
   5.7299999808   0.0001367742   0.0001295655   0.0000518969
   5.7349999807   0.0001280094   0.0001314951   0.0000447340
   5.7399999807   0.0001165978   0.0001338628   0.0000394407
   5.7449999807   0.0001029259   0.0001365387   0.0000363708
   5.7499999807   0.0000876081   0.0001393229   0.0000358498
   5.7549999807   0.0000714445   0.0001419473   0.0000381027
   5.7599999807   0.0000553568   0.0001440923   0.0000431670
   5.7649999806   0.0000403094   0.0001454191   0.0000508130
   5.7699999806   0.0000272290   0.0001456078   0.0000604956
   5.7749999806   0.0000169319   0.0001443965   0.0000713562
   5.7799999806   0.0000100698   0.0001416108   0.0000822838
   5.7849999806   0.0000070971   0.0001371791   0.0000920310
   5.7899999806   0.0000082625   0.0001311312   0.0000993690
   5.7949999805   0.0000136185   0.0001235804   0.0001032533
   5.7999999805   0.0000230437   0.0001146953   0.0001029720
   5.8049999805   0.0000362673   0.0001046675   0.0000982463
   5.8099999805   0.0000528893   0.0000936841   0.0000892673
   5.8149999805   0.0000723931   0.0000819098   0.0000766624
   5.8199999805   0.0000941488   0.0000694831   0.0000614021
   5.8249999804   0.0001174135   0.0000565253   0.0000446663
   5.8299999804   0.0001413350   0.0000431586   0.0000277005
   5.8349999804   0.0001649682   0.0000295272   0.0000116863
   5.8399999804   0.0001873106   0.0000158143  -0.0000023518
   5.8449999804   0.0002073574   0.0000022500  -0.0000135941
   5.8499999804   0.0002241752  -0.0000108927  -0.0000214314
   5.8549999803   0.0002369830  -0.0000233130  -0.0000254418
   5.8599999803   0.0002452297  -0.0000347054  -0.0000253580
   5.8649999803   0.0002486519  -0.0000447842  -0.0000210426
   5.8699999803   0.0002473035  -0.0000533043  -0.0000124867
   5.8749999803   0.0002415486  -0.0000600718   0.0000001673
   5.8799999803   0.0002320180  -0.0000649445   0.0000165843
   5.8849999802   0.0002195376  -0.0000678192   0.0000361925
   5.8899999802   0.0002050388  -0.0000686122   0.0000581566
   5.8949999802   0.0001894658  -0.0000672366   0.0000813848
   5.8999999802   0.0001736928  -0.0000635828   0.0001045834
   5.9049999802   0.0001584611  -0.0000575089   0.0001263576
   5.9099999802   0.0001443397  -0.0000488427   0.0001453496
   5.9149999801   0.0001317097  -0.0000373991   0.0001603932
   5.9199999801   0.0001207679  -0.0000230086   0.0001706600
   5.9249999801   0.0001115414  -0.0000055540   0.0001757696
   5.9299999801   0.0001039087   0.0000149903   0.0001758453
   5.9349999801   0.0000976208   0.0000385247   0.0001715012
   5.9399999801   0.0000923228   0.0000648005   0.0001637638
   5.9449999800   0.0000875756   0.0000934098   0.0001539388
   5.9499999800   0.0000828820   0.0001237921   0.0001434449
   5.9549999800   0.0000777209   0.0001552537   0.0001336421
   5.9599999800   0.0000715904   0.0001869987   0.0001256796
   5.9649999800   0.0000640604   0.0002181657   0.0001203830
   5.9699999800   0.0000548301   0.0002478649   0.0001181959
   5.9749999799   0.0000437839   0.0002752122   0.0001191742
   5.9799999799   0.0000310366   0.0002993570   0.0001230271
   5.9849999799   0.0000169594   0.0003195035   0.0001291906
   5.9899999799   0.0000021793   0.0003349271   0.0001369146
   5.9949999799  -0.0000124529   0.0003449892   0.0001453490
