   0.0000000000   0.0000000000   0.0000000000   0.0000000000
   0.0050000000   0.0000000000   0.0000000000   0.0000000000
   0.0100000000   0.0000000000   0.0000000000   0.0000000000
   0.0149999999   0.0000000000   0.0000000000   0.0000000000
   0.0199999999   0.0000000000   0.0000000000   0.0000000000
   0.0249999999   0.0000000000   0.0000000000   0.0000000000
   0.0299999999   0.0000000000   0.0000000000   0.0000000000
   0.0349999999   0.0000000000   0.0000000000   0.0000000000
   0.0399999999   0.0000000000   0.0000000000   0.0000000000
   0.0449999998   0.0000000000   0.0000000000   0.0000000000
   0.0499999998   0.0000000000   0.0000000000   0.0000000000
   0.0549999998   0.0000000000   0.0000000000   0.0000000000
   0.0599999998   0.0000000000   0.0000000000   0.0000000000
   0.0649999998   0.0000000000   0.0000000000   0.0000000000
   0.0699999998   0.0000000000   0.0000000000   0.0000000000
   0.0749999997   0.0000000000   0.0000000000   0.0000000000
   0.0799999997   0.0000000000   0.0000000000   0.0000000000
   0.0849999997   0.0000000000   0.0000000000   0.0000000000
   0.0899999997   0.0000000000   0.0000000000  -0.0000000000
   0.0949999997   0.0000000000  -0.0000000000   0.0000000000
   0.0999999997  -0.0000000000   0.0000000000  -0.0000000000
   0.1049999996  -0.0000000000  -0.0000000000  -0.0000000000
   0.1099999996  -0.0000000000   0.0000000000  -0.0000000000
   0.1149999996  -0.0000000000   0.0000000000  -0.0000000000
   0.1199999996  -0.0000000000   0.0000000000  -0.0000000000
   0.1249999996  -0.0000000000   0.0000000000  -0.0000000000
   0.1299999996  -0.0000000000   0.0000000000  -0.0000000000
   0.1349999995  -0.0000000000   0.0000000000  -0.0000000000
   0.1399999995   0.0000000000   0.0000000000   0.0000000000
   0.1449999995   0.0000000000  -0.0000000000   0.0000000000
   0.1499999995   0.0000000000  -0.0000000000   0.0000000000
   0.1549999995   0.0000000000  -0.0000000000   0.0000000000
   0.1599999995   0.0000000000  -0.0000000000   0.0000000000
   0.1649999994   0.0000000000  -0.0000000000   0.0000000000
   0.1699999994   0.0000000000  -0.0000000000   0.0000000000
   0.1749999994   0.0000000000  -0.0000000000   0.0000000000
   0.1799999994   0.0000000000  -0.0000000000   0.0000000000
   0.1849999994   0.0000000000  -0.0000000000   0.0000000000
   0.1899999994   0.0000000000  -0.0000000000   0.0000000000
   0.1949999993   0.0000000000  -0.0000000000   0.0000000000
   0.1999999993   0.0000000000  -0.0000000000   0.0000000000
   0.2049999993   0.0000000000  -0.0000000000   0.0000000000
   0.2099999993   0.0000000000  -0.0000000000   0.0000000000
   0.2149999993   0.0000000000  -0.0000000000   0.0000000000
   0.2199999993   0.0000000000  -0.0000000000   0.0000000000
   0.2249999992  -0.0000000000   0.0000000000  -0.0000000000
   0.2299999992  -0.0000000000   0.0000000000  -0.0000000000
   0.2349999992  -0.0000000000   0.0000000000  -0.0000000000
   0.2399999992  -0.0000000000   0.0000000000  -0.0000000000
   0.2449999992  -0.0000000000   0.0000000000  -0.0000000000
   0.2499999992  -0.0000000000   0.0000000000  -0.0000000000
   0.2549999991  -0.0000000000   0.0000000000  -0.0000000000
   0.2599999991   0.0000000000  -0.0000000000   0.0000000000
   0.2649999991   0.0000000000  -0.0000000000   0.0000000000
   0.2699999991   0.0000000000  -0.0000000000   0.0000000000
   0.2749999991   0.0000000000  -0.0000000000   0.0000000000
   0.2799999991   0.0000000000  -0.0000000000   0.0000000000
   0.2849999990   0.0000000000  -0.0000000000   0.0000000000
   0.2899999990   0.0000000000  -0.0000000000   0.0000000000
   0.2949999990   0.0000000000  -0.0000000000   0.0000000000
   0.2999999990   0.0000000000  -0.0000000000   0.0000000000
   0.3049999990   0.0000000000  -0.0000000000   0.0000000000
   0.3099999990   0.0000000000  -0.0000000000   0.0000000000
   0.3149999989   0.0000000000  -0.0000000000   0.0000000000
   0.3199999989   0.0000000000  -0.0000000000   0.0000000000
   0.3249999989   0.0000000000  -0.0000000000   0.0000000000
   0.3299999989   0.0000000000  -0.0000000000   0.0000000000
   0.3349999989   0.0000000000  -0.0000000000   0.0000000000
   0.3399999989   0.0000000000  -0.0000000000   0.0000000000
   0.3449999988   0.0000000000  -0.0000000000   0.0000000000
   0.3499999988   0.0000000000  -0.0000000000   0.0000000000
   0.3549999988   0.0000000000  -0.0000000000   0.0000000000
   0.3599999988   0.0000000000  -0.0000000000   0.0000000000
   0.3649999988   0.0000000000  -0.0000000000   0.0000000000
   0.3699999988   0.0000000000  -0.0000000000   0.0000000000
   0.3749999987   0.0000000000  -0.0000000000   0.0000000000
   0.3799999987   0.0000000000  -0.0000000000   0.0000000000
   0.3849999987   0.0000000000  -0.0000000000   0.0000000000
   0.3899999987   0.0000000000  -0.0000000000   0.0000000000
   0.3949999987   0.0000000000  -0.0000000000   0.0000000000
   0.3999999987   0.0000000000  -0.0000000000   0.0000000000
   0.4049999986   0.0000000000  -0.0000000000   0.0000000000
   0.4099999986   0.0000000000   0.0000000000   0.0000000000
   0.4149999986   0.0000000000   0.0000000000   0.0000000000
   0.4199999986  -0.0000000000   0.0000000000  -0.0000000000
   0.4249999986  -0.0000000000   0.0000000000  -0.0000000000
   0.4299999986  -0.0000000000   0.0000000000  -0.0000000000
   0.4349999985  -0.0000000000   0.0000000000  -0.0000000000
   0.4399999985  -0.0000000000   0.0000000000  -0.0000000000
   0.4449999985  -0.0000000000   0.0000000000  -0.0000000000
   0.4499999985  -0.0000000000   0.0000000000  -0.0000000000
   0.4549999985  -0.0000000000   0.0000000000  -0.0000000000
   0.4599999985  -0.0000000000   0.0000000000  -0.0000000000
   0.4649999984  -0.0000000000   0.0000000000  -0.0000000000
   0.4699999984  -0.0000000000   0.0000000000  -0.0000000000
   0.4749999984  -0.0000000000   0.0000000000  -0.0000000000
   0.4799999984  -0.0000000000   0.0000000000  -0.0000000000
   0.4849999984  -0.0000000000   0.0000000000  -0.0000000000
   0.4899999984  -0.0000000000   0.0000000000  -0.0000000000
   0.4949999983  -0.0000000000   0.0000000000  -0.0000000000
   0.4999999983  -0.0000000000   0.0000000000  -0.0000000000
   0.5049999983  -0.0000000000   0.0000000000  -0.0000000000
   0.5099999983  -0.0000000000   0.0000000000  -0.0000000000
   0.5149999983  -0.0000000000   0.0000000000  -0.0000000000
   0.5199999983  -0.0000000000   0.0000000000  -0.0000000000
   0.5249999982  -0.0000000000   0.0000000000  -0.0000000000
   0.5299999982  -0.0000000000   0.0000000000  -0.0000000000
   0.5349999982  -0.0000000000   0.0000000000  -0.0000000000
   0.5399999982  -0.0000000000   0.0000000000  -0.0000000000
   0.5449999982  -0.0000000000   0.0000000000  -0.0000000000
   0.5499999982  -0.0000000000   0.0000000000  -0.0000000000
   0.5549999981  -0.0000000000   0.0000000000  -0.0000000000
   0.5599999981  -0.0000000000   0.0000000000  -0.0000000000
   0.5649999981  -0.0000000000   0.0000000000  -0.0000000000
   0.5699999981  -0.0000000000   0.0000000000  -0.0000000000
   0.5749999981  -0.0000000000   0.0000000000  -0.0000000000
   0.5799999981  -0.0000000000   0.0000000000  -0.0000000000
   0.5849999980  -0.0000000000   0.0000000000  -0.0000000000
   0.5899999980  -0.0000000000   0.0000000000  -0.0000000000
   0.5949999980  -0.0000000000   0.0000000000  -0.0000000000
   0.5999999980  -0.0000000000   0.0000000000  -0.0000000000
   0.6049999980  -0.0000000000   0.0000000000  -0.0000000000
   0.6099999980  -0.0000000000   0.0000000000   0.0000000000
   0.6149999979   0.0000000000   0.0000000000   0.0000000000
   0.6199999979   0.0000000000   0.0000000000   0.0000000000
   0.6249999979   0.0000000000   0.0000000000   0.0000000000
   0.6299999979   0.0000000000   0.0000000000   0.0000000000
   0.6349999979   0.0000000000   0.0000000000   0.0000000000
   0.6399999979   0.0000000000   0.0000000000   0.0000000000
   0.6449999978   0.0000000000   0.0000000000   0.0000000000
   0.6499999978   0.0000000000   0.0000000000   0.0000000000
   0.6549999978   0.0000000000   0.0000000000   0.0000000000
   0.6599999978   0.0000000000   0.0000000000   0.0000000000
   0.6649999978   0.0000000000   0.0000000000   0.0000000000
   0.6699999978   0.0000000000   0.0000000000   0.0000000000
   0.6749999977   0.0000000000   0.0000000000   0.0000000000
   0.6799999977   0.0000000000   0.0000000000   0.0000000000
   0.6849999977   0.0000000000  -0.0000000000   0.0000000000
   0.6899999977   0.0000000000  -0.0000000000   0.0000000000
   0.6949999977   0.0000000000  -0.0000000000   0.0000000000
   0.6999999976   0.0000000000  -0.0000000000   0.0000000000
   0.7049999976  -0.0000000000  -0.0000000000  -0.0000000000
   0.7099999976  -0.0000000000  -0.0000000000  -0.0000000000
   0.7149999976  -0.0000000000  -0.0000000000  -0.0000000000
   0.7199999976  -0.0000000000  -0.0000000000  -0.0000000000
   0.7249999976  -0.0000000000  -0.0000000000  -0.0000000000
   0.7299999975  -0.0000000000  -0.0000000000  -0.0000000000
   0.7349999975  -0.0000000000  -0.0000000000  -0.0000000000
   0.7399999975  -0.0000000000   0.0000000000  -0.0000000000
   0.7449999975  -0.0000000000   0.0000000000  -0.0000000000
   0.7499999975   0.0000000000   0.0000000000   0.0000000000
   0.7549999975   0.0000000000   0.0000000000   0.0000000000
   0.7599999974   0.0000000000   0.0000000000   0.0000000000
   0.7649999974   0.0000000000   0.0000000000   0.0000000000
   0.7699999974   0.0000000000   0.0000000000   0.0000000000
   0.7749999974   0.0000000000   0.0000000000   0.0000000000
   0.7799999974   0.0000000000   0.0000000000   0.0000000000
   0.7849999974   0.0000000000   0.0000000000   0.0000000000
   0.7899999973   0.0000000000   0.0000000000   0.0000000000
   0.7949999973   0.0000000000   0.0000000000   0.0000000000
   0.7999999973   0.0000000000   0.0000000000   0.0000000000
   0.8049999973   0.0000000000   0.0000000000   0.0000000000
   0.8099999973   0.0000000000   0.0000000000   0.0000000000
   0.8149999973   0.0000000000   0.0000000000   0.0000000000
   0.8199999972   0.0000000000   0.0000000000   0.0000000000
   0.8249999972   0.0000000000   0.0000000000   0.0000000000
   0.8299999972   0.0000000000   0.0000000000   0.0000000000
   0.8349999972   0.0000000000   0.0000000000   0.0000000000
   0.8399999972   0.0000000000   0.0000000000   0.0000000000
   0.8449999972   0.0000000000   0.0000000000   0.0000000000
   0.8499999971   0.0000000000   0.0000000000   0.0000000000
   0.8549999971   0.0000000000   0.0000000000   0.0000000000
   0.8599999971   0.0000000000   0.0000000000   0.0000000000
   0.8649999971   0.0000000000   0.0000000000   0.0000000000
   0.8699999971   0.0000000000   0.0000000000   0.0000000000
   0.8749999971   0.0000000000   0.0000000000   0.0000000000
   0.8799999970   0.0000000000   0.0000000000   0.0000000000
   0.8849999970   0.0000000000   0.0000000000   0.0000000000
   0.8899999970   0.0000000000   0.0000000000   0.0000000000
   0.8949999970   0.0000000000   0.0000000000   0.0000000000
   0.8999999970   0.0000000000   0.0000000000   0.0000000000
   0.9049999970   0.0000000000   0.0000000000   0.0000000000
   0.9099999969   0.0000000000   0.0000000000   0.0000000000
   0.9149999969   0.0000000000   0.0000000000   0.0000000000
   0.9199999969   0.0000000000   0.0000000000   0.0000000000
   0.9249999969   0.0000000000   0.0000000000   0.0000000000
   0.9299999969   0.0000000000   0.0000000000   0.0000000000
   0.9349999969   0.0000000000   0.0000000000   0.0000000000
   0.9399999968   0.0000000000   0.0000000000   0.0000000000
   0.9449999968   0.0000000000   0.0000000000   0.0000000000
   0.9499999968   0.0000000000   0.0000000000   0.0000000000
   0.9549999968   0.0000000000   0.0000000000   0.0000000000
   0.9599999968   0.0000000000   0.0000000000   0.0000000000
   0.9649999968   0.0000000000   0.0000000000   0.0000000000
   0.9699999967   0.0000000000   0.0000000000   0.0000000000
   0.9749999967   0.0000000000   0.0000000000   0.0000000000
   0.9799999967   0.0000000000   0.0000000000   0.0000000000
   0.9849999967   0.0000000000   0.0000000000   0.0000000000
   0.9899999967   0.0000000000   0.0000000000   0.0000000000
   0.9949999967   0.0000000000   0.0000000000   0.0000000000
   0.9999999966   0.0000000000   0.0000000000   0.0000000000
   1.0049999966   0.0000000000   0.0000000000   0.0000000000
   1.0099999966   0.0000000000   0.0000000000   0.0000000000
   1.0149999966   0.0000000000   0.0000000000   0.0000000000
   1.0199999966   0.0000000000   0.0000000000   0.0000000000
   1.0249999966   0.0000000000   0.0000000000   0.0000000000
   1.0299999965   0.0000000000   0.0000000000   0.0000000000
   1.0349999965   0.0000000000   0.0000000000   0.0000000000
   1.0399999965   0.0000000000   0.0000000000   0.0000000000
   1.0449999965   0.0000000000   0.0000000000   0.0000000000
   1.0499999965   0.0000000000   0.0000000000   0.0000000000
   1.0549999965   0.0000000000   0.0000000000   0.0000000000
   1.0599999964   0.0000000000   0.0000000000   0.0000000000
   1.0649999964   0.0000000000   0.0000000000   0.0000000000
   1.0699999964   0.0000000000   0.0000000000   0.0000000000
   1.0749999964   0.0000000000   0.0000000000   0.0000000000
   1.0799999964   0.0000000000   0.0000000000   0.0000000000
   1.0849999964   0.0000000000   0.0000000000   0.0000000000
   1.0899999963   0.0000000000   0.0000000000   0.0000000000
   1.0949999963   0.0000000000   0.0000000000   0.0000000000
   1.0999999963   0.0000000000   0.0000000000   0.0000000000
   1.1049999963   0.0000000000   0.0000000000   0.0000000000
   1.1099999963   0.0000000000   0.0000000000   0.0000000000
   1.1149999963   0.0000000000   0.0000000000   0.0000000000
   1.1199999962   0.0000000000   0.0000000000   0.0000000000
   1.1249999962   0.0000000000   0.0000000000   0.0000000000
   1.1299999962   0.0000000000   0.0000000000   0.0000000000
   1.1349999962   0.0000000000   0.0000000000   0.0000000000
   1.1399999962   0.0000000000   0.0000000000   0.0000000000
   1.1449999962   0.0000000000   0.0000000000   0.0000000000
   1.1499999961   0.0000000000   0.0000000000   0.0000000000
   1.1549999961   0.0000000000   0.0000000000   0.0000000000
   1.1599999961  -0.0000000000  -0.0000000000  -0.0000000000
   1.1649999961  -0.0000000000  -0.0000000000  -0.0000000000
   1.1699999961  -0.0000000000  -0.0000000000  -0.0000000000
   1.1749999961  -0.0000000000  -0.0000000000  -0.0000000000
   1.1799999960  -0.0000000000  -0.0000000000  -0.0000000000
   1.1849999960  -0.0000000000  -0.0000000000  -0.0000000000
   1.1899999960  -0.0000000000  -0.0000000000  -0.0000000000
   1.1949999960  -0.0000000000  -0.0000000000  -0.0000000000
   1.1999999960  -0.0000000000  -0.0000000000  -0.0000000000
   1.2049999960  -0.0000000000  -0.0000000000  -0.0000000000
   1.2099999959  -0.0000000000  -0.0000000000  -0.0000000000
   1.2149999959  -0.0000000000  -0.0000000000  -0.0000000000
   1.2199999959  -0.0000000000  -0.0000000000  -0.0000000000
   1.2249999959  -0.0000000000  -0.0000000000  -0.0000000000
   1.2299999959  -0.0000000000  -0.0000000000  -0.0000000000
   1.2349999959  -0.0000000000  -0.0000000000   0.0000000000
   1.2399999958   0.0000000000   0.0000000000   0.0000000000
   1.2449999958   0.0000000000   0.0000000000   0.0000000000
   1.2499999958   0.0000000000   0.0000000000   0.0000000000
   1.2549999958   0.0000000000   0.0000000000   0.0000000000
   1.2599999958   0.0000000000   0.0000000000   0.0000000000
   1.2649999958   0.0000000000   0.0000000000   0.0000000000
   1.2699999957   0.0000000000   0.0000000000   0.0000000000
   1.2749999957   0.0000000000   0.0000000000   0.0000000000
   1.2799999957   0.0000000000   0.0000000000   0.0000000000
   1.2849999957   0.0000000000   0.0000000000   0.0000000000
   1.2899999957   0.0000000000   0.0000000000   0.0000000000
   1.2949999957   0.0000000000   0.0000000000   0.0000000000
   1.2999999956   0.0000000000   0.0000000000  -0.0000000000
   1.3049999956  -0.0000000000  -0.0000000000  -0.0000000000
   1.3099999956  -0.0000000000  -0.0000000000  -0.0000000000
   1.3149999956  -0.0000000000  -0.0000000000  -0.0000000000
   1.3199999956  -0.0000000000  -0.0000000000  -0.0000000000
   1.3249999956  -0.0000000000  -0.0000000000  -0.0000000000
   1.3299999955  -0.0000000000  -0.0000000000  -0.0000000000
   1.3349999955  -0.0000000000  -0.0000000000  -0.0000000000
   1.3399999955  -0.0000000000  -0.0000000000  -0.0000000000
   1.3449999955  -0.0000000000  -0.0000000000  -0.0000000000
   1.3499999955  -0.0000000000  -0.0000000000  -0.0000000000
   1.3549999954  -0.0000000000  -0.0000000000  -0.0000000000
   1.3599999954  -0.0000000000  -0.0000000000   0.0000000000
   1.3649999954   0.0000000000   0.0000000000   0.0000000000
   1.3699999954   0.0000000000   0.0000000000   0.0000000000
   1.3749999954   0.0000000000   0.0000000000   0.0000000000
   1.3799999954   0.0000000000   0.0000000000   0.0000000000
   1.3849999953   0.0000000000   0.0000000000   0.0000000000
   1.3899999953   0.0000000000   0.0000000000   0.0000000000
   1.3949999953   0.0000000000   0.0000000000   0.0000000000
   1.3999999953   0.0000000000   0.0000000000   0.0000000000
   1.4049999953   0.0000000000   0.0000000000   0.0000000000
   1.4099999953   0.0000000000   0.0000000000   0.0000000000
   1.4149999952   0.0000000000   0.0000000000  -0.0000000000
   1.4199999952  -0.0000000000  -0.0000000000  -0.0000000000
   1.4249999952  -0.0000000000  -0.0000000000  -0.0000000000
   1.4299999952  -0.0000000000  -0.0000000000  -0.0000000000
   1.4349999952  -0.0000000000  -0.0000000000  -0.0000000000
   1.4399999952  -0.0000000000  -0.0000000000  -0.0000000000
   1.4449999951  -0.0000000000  -0.0000000000  -0.0000000000
   1.4499999951  -0.0000000000  -0.0000000000  -0.0000000000
   1.4549999951  -0.0000000000  -0.0000000000  -0.0000000000
   1.4599999951  -0.0000000000  -0.0000000000  -0.0000000000
   1.4649999951  -0.0000000000  -0.0000000000  -0.0000000000
   1.4699999951   0.0000000000   0.0000000000   0.0000000000
   1.4749999950   0.0000000000   0.0000000000   0.0000000000
   1.4799999950   0.0000000000   0.0000000000   0.0000000000
   1.4849999950   0.0000000000   0.0000000000   0.0000000000
   1.4899999950   0.0000000000   0.0000000000   0.0000000000
   1.4949999950   0.0000000000   0.0000000000   0.0000000000
   1.4999999950   0.0000000000   0.0000000000   0.0000000000
   1.5049999949   0.0000000000   0.0000000000   0.0000000000
   1.5099999949   0.0000000000   0.0000000000   0.0000000000
   1.5149999949   0.0000000000   0.0000000000   0.0000000000
   1.5199999949  -0.0000000000  -0.0000000000  -0.0000000000
   1.5249999949  -0.0000000000  -0.0000000000  -0.0000000000
   1.5299999949  -0.0000000000  -0.0000000000  -0.0000000000
   1.5349999948  -0.0000000000  -0.0000000000  -0.0000000000
   1.5399999948  -0.0000000000  -0.0000000000  -0.0000000000
   1.5449999948  -0.0000000000  -0.0000000000  -0.0000000000
   1.5499999948  -0.0000000000  -0.0000000000  -0.0000000000
   1.5549999948  -0.0000000000  -0.0000000000  -0.0000000000
   1.5599999948  -0.0000000000  -0.0000000000  -0.0000000000
   1.5649999947  -0.0000000000  -0.0000000000   0.0000000000
   1.5699999947   0.0000000000   0.0000000000   0.0000000000
   1.5749999947   0.0000000000   0.0000000000   0.0000000000
   1.5799999947   0.0000000000   0.0000000000   0.0000000000
   1.5849999947   0.0000000000   0.0000000000   0.0000000000
   1.5899999947   0.0000000000   0.0000000000   0.0000000000
   1.5949999946   0.0000000000   0.0000000000   0.0000000000
   1.5999999946   0.0000000000   0.0000000000   0.0000000000
   1.6049999946   0.0000000000   0.0000000000   0.0000000000
   1.6099999946   0.0000000000   0.0000000000   0.0000000000
   1.6149999946   0.0000000000   0.0000000000  -0.0000000000
   1.6199999946  -0.0000000000  -0.0000000000  -0.0000000000
   1.6249999945  -0.0000000000  -0.0000000000  -0.0000000000
   1.6299999945  -0.0000000000  -0.0000000000  -0.0000000000
   1.6349999945  -0.0000000000  -0.0000000000  -0.0000000000
   1.6399999945  -0.0000000000  -0.0000000000  -0.0000000000
   1.6449999945  -0.0000000000  -0.0000000000  -0.0000000000
   1.6499999945  -0.0000000000  -0.0000000000  -0.0000000000
   1.6549999944  -0.0000000000  -0.0000000000  -0.0000000000
   1.6599999944  -0.0000000000  -0.0000000000  -0.0000000000
   1.6649999944  -0.0000000000  -0.0000000000  -0.0000000000
   1.6699999944  -0.0000000000  -0.0000000000  -0.0000000000
   1.6749999944  -0.0000000000  -0.0000000000  -0.0000000000
   1.6799999944  -0.0000000000  -0.0000000000  -0.0000000000
   1.6849999943  -0.0000000000  -0.0000000000  -0.0000000000
   1.6899999943  -0.0000000000  -0.0000000000  -0.0000000000
   1.6949999943  -0.0000000000  -0.0000000000  -0.0000000000
   1.6999999943  -0.0000000000  -0.0000000000  -0.0000000000
   1.7049999943  -0.0000000000  -0.0000000000  -0.0000000000
   1.7099999943  -0.0000000000  -0.0000000000  -0.0000000000
   1.7149999942   0.0000000000   0.0000000000   0.0000000000
   1.7199999942   0.0000000000   0.0000000000   0.0000000000
   1.7249999942   0.0000000000   0.0000000000   0.0000000000
   1.7299999942   0.0000000000   0.0000000000   0.0000000000
   1.7349999942   0.0000000000   0.0000000000   0.0000000000
   1.7399999942   0.0000000000   0.0000000000   0.0000000000
   1.7449999941   0.0000000000   0.0000000000   0.0000000000
   1.7499999941   0.0000000000   0.0000000000   0.0000000000
   1.7549999941   0.0000000000   0.0000000000   0.0000000000
   1.7599999941   0.0000000000   0.0000000000   0.0000000000
   1.7649999941   0.0000000000   0.0000000000   0.0000000000
   1.7699999941   0.0000000000   0.0000000000   0.0000000000
   1.7749999940  -0.0000000000  -0.0000000000  -0.0000000000
   1.7799999940  -0.0000000000  -0.0000000000  -0.0000000000
   1.7849999940  -0.0000000000  -0.0000000000  -0.0000000000
   1.7899999940  -0.0000000000  -0.0000000000  -0.0000000000
   1.7949999940  -0.0000000000  -0.0000000000  -0.0000000000
   1.7999999940  -0.0000000000  -0.0000000000  -0.0000000000
   1.8049999939  -0.0000000000  -0.0000000000  -0.0000000000
   1.8099999939  -0.0000000000  -0.0000000000  -0.0000000000
   1.8149999939  -0.0000000000  -0.0000000000  -0.0000000000
   1.8199999939  -0.0000000000  -0.0000000000  -0.0000000000
   1.8249999939  -0.0000000000  -0.0000000000  -0.0000000000
   1.8299999939  -0.0000000000  -0.0000000000   0.0000000000
   1.8349999938   0.0000000000   0.0000000000   0.0000000000
   1.8399999938   0.0000000000   0.0000000000   0.0000000000
   1.8449999938   0.0000000000   0.0000000000   0.0000000000
   1.8499999938   0.0000000000   0.0000000000   0.0000000000
   1.8549999938   0.0000000000   0.0000000000   0.0000000000
   1.8599999938   0.0000000000   0.0000000000   0.0000000000
   1.8649999937   0.0000000000   0.0000000000   0.0000000000
   1.8699999937   0.0000000000   0.0000000000   0.0000000000
   1.8749999937   0.0000000000   0.0000000000   0.0000000000
   1.8799999937   0.0000000000   0.0000000000   0.0000000000
   1.8849999937  -0.0000000000   0.0000000000  -0.0000000000
   1.8899999937  -0.0000000000  -0.0000000000  -0.0000000000
   1.8949999936  -0.0000000000  -0.0000000000  -0.0000000000
   1.8999999936  -0.0000000000  -0.0000000000  -0.0000000000
   1.9049999936  -0.0000000000  -0.0000000000  -0.0000000000
   1.9099999936  -0.0000000000  -0.0000000000  -0.0000000000
   1.9149999936  -0.0000000000  -0.0000000000  -0.0000000000
   1.9199999936  -0.0000000000  -0.0000000000  -0.0000000000
   1.9249999935  -0.0000000000  -0.0000000000  -0.0000000000
   1.9299999935  -0.0000000000  -0.0000000000  -0.0000000000
   1.9349999935   0.0000000000  -0.0000000000   0.0000000000
   1.9399999935   0.0000000000   0.0000000000   0.0000000000
   1.9449999935   0.0000000000   0.0000000000   0.0000000000
   1.9499999935   0.0000000001   0.0000000000   0.0000000000
   1.9549999934   0.0000000001   0.0000000000   0.0000000000
   1.9599999934   0.0000000001   0.0000000000   0.0000000000
   1.9649999934   0.0000000001   0.0000000000   0.0000000000
   1.9699999934   0.0000000001   0.0000000000   0.0000000000
   1.9749999934   0.0000000000   0.0000000000   0.0000000000
   1.9799999934   0.0000000000   0.0000000000  -0.0000000000
   1.9849999933  -0.0000000000  -0.0000000000  -0.0000000000
   1.9899999933  -0.0000000000  -0.0000000000  -0.0000000000
   1.9949999933  -0.0000000001  -0.0000000000  -0.0000000001
   1.9999999933  -0.0000000001  -0.0000000000  -0.0000000001
   2.0049999933  -0.0000000001  -0.0000000001  -0.0000000001
   2.0099999933  -0.0000000001  -0.0000000001  -0.0000000001
   2.0149999932  -0.0000000001  -0.0000000000  -0.0000000000
   2.0199999932  -0.0000000000  -0.0000000000  -0.0000000000
   2.0249999932   0.0000000000  -0.0000000000   0.0000000000
   2.0299999932   0.0000000000   0.0000000000   0.0000000000
   2.0349999932   0.0000000001   0.0000000000   0.0000000001
   2.0399999931   0.0000000001   0.0000000000   0.0000000001
   2.0449999931   0.0000000001   0.0000000001   0.0000000001
   2.0499999931   0.0000000001   0.0000000001   0.0000000001
   2.0549999931   0.0000000001   0.0000000001   0.0000000000
   2.0599999931   0.0000000000   0.0000000000   0.0000000000
   2.0649999931  -0.0000000000   0.0000000000  -0.0000000000
   2.0699999930  -0.0000000001  -0.0000000000  -0.0000000001
   2.0749999930  -0.0000000001  -0.0000000000  -0.0000000001
   2.0799999930  -0.0000000001  -0.0000000001  -0.0000000001
   2.0849999930  -0.0000000001  -0.0000000001  -0.0000000001
   2.0899999930  -0.0000000001  -0.0000000001  -0.0000000001
   2.0949999930  -0.0000000001  -0.0000000001  -0.0000000000
   2.0999999929  -0.0000000000  -0.0000000000   0.0000000000
   2.1049999929   0.0000000000  -0.0000000000   0.0000000001
   2.1099999929   0.0000000001   0.0000000000   0.0000000001
   2.1149999929   0.0000000001   0.0000000001   0.0000000001
   2.1199999929   0.0000000002   0.0000000001   0.0000000001
   2.1249999929   0.0000000002   0.0000000001   0.0000000001
   2.1299999928   0.0000000001   0.0000000001   0.0000000001
   2.1349999928   0.0000000001   0.0000000001   0.0000000000
   2.1399999928   0.0000000000   0.0000000000  -0.0000000000
   2.1449999928  -0.0000000001  -0.0000000000  -0.0000000001
   2.1499999928  -0.0000000001  -0.0000000000  -0.0000000001
   2.1549999928  -0.0000000002  -0.0000000001  -0.0000000002
   2.1599999927  -0.0000000002  -0.0000000001  -0.0000000001
   2.1649999927  -0.0000000002  -0.0000000001  -0.0000000001
   2.1699999927  -0.0000000001  -0.0000000001  -0.0000000001
   2.1749999927  -0.0000000001  -0.0000000001  -0.0000000000
   2.1799999927   0.0000000000  -0.0000000000   0.0000000001
   2.1849999927   0.0000000001   0.0000000000   0.0000000001
   2.1899999926   0.0000000001   0.0000000000   0.0000000001
   2.1949999926   0.0000000002   0.0000000001   0.0000000001
   2.1999999926   0.0000000002   0.0000000001   0.0000000001
   2.2049999926   0.0000000001   0.0000000001   0.0000000001
   2.2099999926   0.0000000001   0.0000000001   0.0000000000
   2.2149999926   0.0000000000   0.0000000000  -0.0000000000
   2.2199999925  -0.0000000000   0.0000000000  -0.0000000001
   2.2249999925  -0.0000000001  -0.0000000000  -0.0000000001
   2.2299999925  -0.0000000001  -0.0000000001  -0.0000000001
   2.2349999925  -0.0000000001  -0.0000000001  -0.0000000001
   2.2399999925  -0.0000000001  -0.0000000001  -0.0000000001
   2.2449999925  -0.0000000001  -0.0000000001  -0.0000000001
   2.2499999924  -0.0000000001  -0.0000000001  -0.0000000000
   2.2549999924  -0.0000000000  -0.0000000000   0.0000000000
   2.2599999924   0.0000000000  -0.0000000000   0.0000000000
   2.2649999924   0.0000000000   0.0000000000   0.0000000000
   2.2699999924   0.0000000000   0.0000000000   0.0000000000
   2.2749999924   0.0000000000   0.0000000000   0.0000000001
   2.2799999923   0.0000000000   0.0000000001   0.0000000001
   2.2849999923  -0.0000000000   0.0000000001   0.0000000001
   2.2899999923  -0.0000000000   0.0000000001   0.0000000001
   2.2949999923  -0.0000000000   0.0000000001   0.0000000001
   2.2999999923  -0.0000000000   0.0000000001   0.0000000001
   2.3049999923  -0.0000000000   0.0000000001   0.0000000001
   2.3099999922  -0.0000000001   0.0000000000  -0.0000000001
   2.3149999922  -0.0000000001  -0.0000000001  -0.0000000002
   2.3199999922  -0.0000000002  -0.0000000002  -0.0000000005
   2.3249999922  -0.0000000004  -0.0000000004  -0.0000000008
   2.3299999922  -0.0000000005  -0.0000000006  -0.0000000011
   2.3349999922  -0.0000000008  -0.0000000008  -0.0000000015
   2.3399999921  -0.0000000011  -0.0000000010  -0.0000000018
   2.3449999921  -0.0000000014  -0.0000000012  -0.0000000021
   2.3499999921  -0.0000000017  -0.0000000014  -0.0000000024
   2.3549999921  -0.0000000021  -0.0000000015  -0.0000000026
   2.3599999921  -0.0000000026  -0.0000000016  -0.0000000027
   2.3649999921  -0.0000000030  -0.0000000017  -0.0000000028
   2.3699999920  -0.0000000035  -0.0000000017  -0.0000000028
   2.3749999920  -0.0000000039  -0.0000000016  -0.0000000027
   2.3799999920  -0.0000000043  -0.0000000014  -0.0000000025
   2.3849999920  -0.0000000044  -0.0000000012  -0.0000000021
   2.3899999920  -0.0000000044  -0.0000000009  -0.0000000015
   2.3949999920  -0.0000000039  -0.0000000004  -0.0000000006
   2.3999999919  -0.0000000031   0.0000000001   0.0000000007
   2.4049999919  -0.0000000017   0.0000000009   0.0000000023
   2.4099999919   0.0000000002   0.0000000018   0.0000000043
   2.4149999919   0.0000000025   0.0000000028   0.0000000067
   2.4199999919   0.0000000051   0.0000000040   0.0000000092
   2.4249999919   0.0000000079   0.0000000051   0.0000000118
   2.4299999918   0.0000000106   0.0000000063   0.0000000144
   2.4349999918   0.0000000130   0.0000000073   0.0000000167
   2.4399999918   0.0000000149   0.0000000081   0.0000000185
   2.4449999918   0.0000000161   0.0000000086   0.0000000198
   2.4499999918   0.0000000164   0.0000000087   0.0000000203
   2.4549999918   0.0000000158   0.0000000084   0.0000000201
   2.4599999917   0.0000000143   0.0000000078   0.0000000189
   2.4649999917   0.0000000120   0.0000000068   0.0000000168
   2.4699999917   0.0000000091   0.0000000054   0.0000000137
   2.4749999917   0.0000000059   0.0000000039   0.0000000096
   2.4799999917   0.0000000026   0.0000000022   0.0000000044
   2.4849999917  -0.0000000007   0.0000000005  -0.0000000018
   2.4899999916  -0.0000000036  -0.0000000012  -0.0000000088
   2.4949999916  -0.0000000060  -0.0000000027  -0.0000000163
   2.4999999916  -0.0000000080  -0.0000000041  -0.0000000239
   2.5049999916  -0.0000000095  -0.0000000054  -0.0000000306
   2.5099999916  -0.0000000108  -0.0000000066  -0.0000000357
   2.5149999916  -0.0000000123  -0.0000000080  -0.0000000378
   2.5199999915  -0.0000000145  -0.0000000098  -0.0000000359
   2.5249999915  -0.0000000180  -0.0000000122  -0.0000000287
   2.5299999915  -0.0000000234  -0.0000000157  -0.0000000155
   2.5349999915  -0.0000000312  -0.0000000205   0.0000000040
   2.5399999915  -0.0000000417  -0.0000000269   0.0000000293
   2.5449999915  -0.0000000546  -0.0000000348   0.0000000589
   2.5499999914  -0.0000000690  -0.0000000438   0.0000000901
   2.5549999914  -0.0000000829  -0.0000000529   0.0000001191
   2.5599999914  -0.0000000935  -0.0000000606   0.0000001407
   2.5649999914  -0.0000000970  -0.0000000646   0.0000001491
   2.5699999914  -0.0000000886  -0.0000000624   0.0000001376
   2.5749999914  -0.0000000637  -0.0000000506   0.0000001001
   2.5799999913  -0.0000000176  -0.0000000264   0.0000000314
   2.5849999913   0.0000000527   0.0000000129  -0.0000000715
   2.5899999913   0.0000001481   0.0000000686  -0.0000002086
   2.5949999913   0.0000002662   0.0000001402  -0.0000003749
   2.5999999913   0.0000004004   0.0000002250  -0.0000005606
   2.6049999913   0.0000005395   0.0000003168  -0.0000007494
   2.6099999912   0.0000006675   0.0000004068  -0.0000009192
   2.6149999912   0.0000007645   0.0000004827  -0.0000010428
   2.6199999912   0.0000008079   0.0000005300  -0.0000010894
   2.6249999912   0.0000007745   0.0000005328  -0.0000010274
   2.6299999912   0.0000006431   0.0000004755  -0.0000008281
   2.6349999912   0.0000003980   0.0000003448  -0.0000004698
   2.6399999911   0.0000000321   0.0000001320   0.0000000575
   2.6449999911  -0.0000004502  -0.0000001649   0.0000007481
   2.6499999911  -0.0000010306  -0.0000005391   0.0000015772
   2.6549999911  -0.0000016761  -0.0000009738   0.0000024995
   2.6599999911  -0.0000023393  -0.0000014415   0.0000034494
   2.6649999911  -0.0000029608  -0.0000019052   0.0000043447
   2.6699999910  -0.0000034741  -0.0000023203   0.0000050924
   2.6749999910  -0.0000038108  -0.0000026384   0.0000055972
   2.6799999910  -0.0000039089  -0.0000028115   0.0000057720
   2.6849999910  -0.0000037205  -0.0000027980   0.0000055488
   2.6899999910  -0.0000032190  -0.0000025680   0.0000048901
   2.6949999909  -0.0000024064  -0.0000021092   0.0000037969
   2.6999999909  -0.0000013163  -0.0000014306   0.0000023145
   2.7049999909  -0.0000000149  -0.0000005649   0.0000005332
   2.7099999909   0.0000014023   0.0000004318  -0.0000014166
   2.7149999909   0.0000028183   0.0000014831  -0.0000033744
   2.7199999909   0.0000041050   0.0000024987  -0.0000051646
   2.7249999908   0.0000051368   0.0000033823  -0.0000066152
   2.7299999908   0.0000058058   0.0000040429  -0.0000075771
   2.7349999908   0.0000060347   0.0000044046  -0.0000079436
   2.7399999908   0.0000057888   0.0000044178  -0.0000076652
   2.7449999908   0.0000050816   0.0000040666  -0.0000067584
   2.7499999908   0.0000039761   0.0000033731  -0.0000053074
   2.7549999907   0.0000025780   0.0000023983  -0.0000034556
   2.7599999907   0.0000010238   0.0000012364  -0.0000013907
   2.7649999907  -0.0000005367   0.0000000063   0.0000006793
   2.7699999907  -0.0000019607  -0.0000011618   0.0000025520
   2.7749999907  -0.0000031329  -0.0000021413   0.0000040590
   2.7799999907  -0.0000039824  -0.0000028245   0.0000050894
   2.7849999906  -0.0000044947  -0.0000031360   0.0000056065
   2.7899999906  -0.0000047147  -0.0000030417   0.0000056547
   2.7949999906  -0.0000047419  -0.0000025532   0.0000053538
   2.7999999906  -0.0000047152  -0.0000017251   0.0000048819
   2.8049999906  -0.0000047923  -0.0000006468   0.0000044478
   2.8099999906  -0.0000051232   0.0000005708   0.0000042577
   2.8149999905  -0.0000058245   0.0000018117   0.0000044797
   2.8199999905  -0.0000069571   0.0000029718   0.0000052135
   2.8249999905  -0.0000085110   0.0000039736   0.0000064680
   2.8299999905  -0.0000104011   0.0000047764   0.0000081540
   2.8349999905  -0.0000124740   0.0000053801   0.0000100908
   2.8399999905  -0.0000145264   0.0000058215   0.0000120297
   2.8449999904  -0.0000163318   0.0000061640   0.0000136892
   2.8499999904  -0.0000176728   0.0000064820   0.0000147978
   2.8549999904  -0.0000183726   0.0000068421   0.0000151378
   2.8599999904  -0.0000183225   0.0000072858   0.0000145831
   2.8649999904  -0.0000174980   0.0000078148   0.0000131241
   2.8699999904  -0.0000159640   0.0000083837   0.0000108750
   2.8749999903  -0.0000138646   0.0000089006   0.0000080624
   2.8799999903  -0.0000114004   0.0000092370   0.0000049952
   2.8849999903  -0.0000087969   0.0000092460   0.0000020202
   2.8899999903  -0.0000062682   0.0000087853  -0.0000005285
   2.8949999903  -0.0000039826   0.0000077429  -0.0000023811
   2.8999999903  -0.0000020374   0.0000060612  -0.0000033737
   2.9049999902  -0.0000004467   0.0000037551  -0.0000034759
   2.9099999902   0.0000008537   0.0000009210  -0.0000027984
   2.9149999902   0.0000019846  -0.0000022641  -0.0000015806
   2.9199999902   0.0000030866  -0.0000055554  -0.0000001603
   2.9249999902   0.0000042757  -0.0000086618   0.0000010691
   2.9299999902   0.0000055983  -0.0000112749   0.0000017088
   2.9349999901   0.0000069962  -0.0000131013   0.0000014038
   2.9399999901   0.0000082901  -0.0000138950  -0.0000001127
   2.9449999901   0.0000091914  -0.0000134862  -0.0000029836
   2.9499999901   0.0000093448  -0.0000118058  -0.0000072004
   2.9549999901   0.0000084037  -0.0000089034  -0.0000125827
   2.9599999901   0.0000061312  -0.0000049603  -0.0000187602
   2.9649999900   0.0000025160  -0.0000002972  -0.0000251568
   2.9699999900  -0.0000021143   0.0000046218  -0.0000309749
   2.9749999900  -0.0000070052   0.0000091907  -0.0000351876
   2.9799999900  -0.0000109371   0.0000126721  -0.0000365485
   2.9849999900  -0.0000122616   0.0000142222  -0.0000336368
   2.9899999900  -0.0000090347   0.0000129386  -0.0000249575
   2.9949999899   0.0000007384   0.0000079416  -0.0000091183
   2.9999999899   0.0000187439  -0.0000015023   0.0000149011
   3.0049999899   0.0000458937  -0.0000158091   0.0000473824
   3.0099999899   0.0000817825  -0.0000348572   0.0000874146
   3.0149999899   0.0001241129  -0.0000577292   0.0001323839
   3.0199999899   0.0001681519  -0.0000824355   0.0001774607
   3.0249999898   0.0002062956  -0.0001056525   0.0002151585
   3.0299999898   0.0002278298  -0.0001225182   0.0002350519
   3.0349999898   0.0002189694  -0.0001265365   0.0002237505
   3.0399999898   0.0001632515  -0.0001096398   0.0001652133
   3.0449999898   0.0000423299  -0.0000624567   0.0000414683
   3.0499999898  -0.0001628166   0.0000251865  -0.0001662371
   3.0549999897  -0.0004702977   0.0001635235  -0.0004758811
   3.0599999897  -0.0008954362   0.0003618898  -0.0009027921
   3.0649999897  -0.0014487466   0.0006276063  -0.0014575975
   3.0699999897  -0.0021339566   0.0009647972  -0.0021441955
   3.0749999897  -0.0029462944   0.0013732640  -0.0029579817
   3.0799999897  -0.0038712729   0.0018475524  -0.0038845754
   3.0849999896  -0.0048841813   0.0023763555  -0.0048992703
   3.0899999896  -0.0059504492   0.0029423761  -0.0059673805
   3.0949999896  -0.0070269670   0.0035227413  -0.0070455714
   3.0999999896  -0.0080643470   0.0040900050  -0.0080841574
   3.1049999896  -0.0090099979   0.0046137138  -0.0090302306
   3.1099999896  -0.0098117728   0.0050624391  -0.0098313726
   3.1149999895  -0.0104218625   0.0054061118  -0.0104396050
   3.1199999895  -0.0108005430   0.0056184444  -0.0108151800
   3.1249999895  -0.0109193779   0.0056791940  -0.0109297998
   3.1299999895  -0.0107635108   0.0055760173  -0.0107688987
   3.1349999895  -0.0103327769   0.0053057008  -0.0103327185
   3.1399999895  -0.0096414962   0.0048746083  -0.0096360451
   3.1449999894  -0.0087169681   0.0042982768  -0.0087066369
   3.1499999894  -0.0075968561   0.0036001886  -0.0075825466
   3.1549999894  -0.0063257927   0.0028098515  -0.0063086754
   3.1599999894  -0.0049516380   0.0019604034  -0.0049330040
   3.1649999894  -0.0035218660   0.0010860220  -0.0035029752
   3.1699999894  -0.0020805214   0.0002194384  -0.0020624741
   3.1749999893  -0.0006660919  -0.0006101641  -0.0006497419
   3.1799999893   0.0006895139  -0.0013786433   0.0007035943
   3.1849999893   0.0019608787  -0.0020676602   0.0019723808
   3.1899999893   0.0031280623  -0.0026646919   0.0031368818
   3.1949999893   0.0041750011  -0.0031623973   0.0041811546
   3.1999999893   0.0050877593  -0.0035575304   0.0050912986
   3.2049999892   0.0058530867  -0.0038496596   0.0058540331
   3.2099999892   0.0064576760  -0.0040399694   0.0064559889
   3.2149999892   0.0068883651  -0.0041303884   0.0068839536
   3.2199999892   0.0071333361  -0.0041232122   0.0071261120
   3.2249999892   0.0071841501  -0.0040212813   0.0071741077
   3.2299999892   0.0070382574  -0.0038286543   0.0070255632
   3.2349999891   0.0067014891  -0.0035516034   0.0066865573
   3.2399999891   0.0061899840  -0.0031996788   0.0061735162
   3.2449999891   0.0055310537  -0.0027865523   0.0055140279
   3.2499999891   0.0047626361  -0.0023303709   0.0047462382
   3.2549999891   0.0039312078  -0.0018534232   0.0039167118
   3.2599999891   0.0030882859  -0.0013810380   0.0030768979
   3.2649999890   0.0022859002  -0.0009397722   0.0022785929
   3.2699999890   0.0015716187  -0.0005550815   0.0015689839
   3.2749999890   0.0009838145  -0.0002487778   0.0009859631
   3.2799999890   0.0005478617  -0.0000366397   0.0005543918
   3.2849999890   0.0002738262   0.0000734562   0.0002838701
   3.2899999890   0.0001560025   0.0000825749   0.0001683491
   3.2949999889   0.0001743699   0.0000007418   0.0001876452
   3.2999999889   0.0002977507  -0.0001541045   0.0003106289
   3.3049999889   0.0004882000  -0.0003581093   0.0004996085
   3.3099999889   0.0007059795  -0.0005841898   0.0007152642
   3.3149999889   0.0009144044  -0.0008050561   0.0009214230
   3.3199999889   0.0010838965  -0.0009961612   0.0010890252
   3.3249999888   0.0011947383  -0.0011381962   0.0011987864
   3.3299999888   0.0012382433  -0.0012188245   0.0012422919
   3.3349999888   0.0012163216  -0.0012334727   0.0012215126
   3.3399999888   0.0011396634  -0.0011851348   0.0011469770
   3.3449999888   0.0010249491  -0.0010832917   0.0010350091
   3.3499999888   0.0008916044  -0.0009421603   0.0009045473
   3.3549999887   0.0007586268  -0.0007785596   0.0007740575
   3.3599999887   0.0006419367  -0.0006097077   0.0006589790
   3.3649999887   0.0005525641  -0.0004512340   0.0005699970
   3.3699999887   0.0004958156  -0.0003156327   0.0005122691
   3.3749999887   0.0004713900  -0.0002112901   0.0004855634
   3.3799999886   0.0004742771  -0.0001421271   0.0004851395
   3.3849999886   0.0004961840  -0.0001078116   0.0005031187
   3.3899999886   0.0005272008  -0.0001044294   0.0005300668
   3.3949999886   0.0005574372  -0.0001254646   0.0005565366
   3.3999999886   0.0005784149  -0.0001629270   0.0005743730
   3.4049999886   0.0005840732  -0.0002084755   0.0005776572
   3.4099999885   0.0005713217  -0.0002544096   0.0005632317
   3.4149999885   0.0005401284  -0.0002944376   0.0005308058
   3.4199999885   0.0004931858  -0.0003241608   0.0004826784
   3.4249999885   0.0004352217  -0.0003412526   0.0004231355
   3.4299999885   0.0003720455  -0.0003453388   0.0003575992
   3.4349999885   0.0003094409  -0.0003376162   0.0002916186
   3.4399999884   0.0002520315  -0.0003202747   0.0002298119
   3.4449999884   0.0002022635  -0.0002958089   0.0001748896
   3.4499999884   0.0001596582  -0.0002663248   0.0001269010
   3.4549999884   0.0001204717  -0.0002329522   0.0000828444
   3.4599999884   0.0000778681  -0.0001954659   0.0000367501
   3.4649999884   0.0000226415  -0.0001521922  -0.0000197126
   3.4699999883  -0.0000555652  -0.0001002343  -0.0000961398
   3.4749999883  -0.0001666954  -0.0000359942  -0.0002019419
   3.4799999883  -0.0003186046   0.0000440874  -0.0003447562
   3.4849999883  -0.0005155657   0.0001427050  -0.0005290016
   3.4899999883  -0.0007572400   0.0002609318  -0.0007548542
   3.4949999883  -0.0010383370   0.0003976901  -0.0010178680
   3.4999999882  -0.0013490646   0.0005495677  -0.0013093500
   3.5049999882  -0.0016763199   0.0007110387  -0.0016174484
   3.5099999882  -0.0020054111   0.0008750621  -0.0019287616
   3.5149999882  -0.0023219822   0.0010339514  -0.0022301488
   3.5199999882  -0.0026137523   0.0011803486  -0.0025103716
   3.5249999882  -0.0028717160   0.0013081024  -0.0027612178
   3.5299999881  -0.0030905589   0.0014128737  -0.0029778709
   3.5349999881  -0.0032682255   0.0014923441  -0.0031584626
   3.5399999881  -0.0034047698   0.0015459966  -0.0033029386
   3.5449999881  -0.0035008013   0.0015745365  -0.0034115447
   3.5499999881  -0.0035559404   0.0015791073  -0.0034833423
   3.5549999881  -0.0035677111   0.0015605102  -0.0035151713
   3.5599999880  -0.0035311973   0.0015186362  -0.0035013788
   3.5649999880  -0.0034396079   0.0014522728  -0.0034344472
   3.5699999880  -0.0032856686   0.0013593532  -0.0033064323
   3.5749999880  -0.0030635375   0.0012376053  -0.0031109001
   3.5799999880  -0.0027707973   0.0010854516  -0.0028449105
   3.5849999880  -0.0024100266   0.0009029386  -0.0025105536
   3.5899999879  -0.0019895364   0.0006924554  -0.0021156275
   3.5949999879  -0.0015230388   0.0004590434  -0.0016732394
   3.5999999879  -0.0010282670   0.0002101867  -0.0012003638
   3.6049999879  -0.0005248123  -0.0000449002  -0.0007156429
   3.6099999879  -0.0000316402  -0.0002963533  -0.0002369070
   3.6149999879   0.0004351784  -0.0005348811   0.0002210366
   3.6199999878   0.0008640301  -0.0007528654   0.0006478559
   3.6249999878   0.0012483061  -0.0009451052   0.0010380846
   3.6299999878   0.0015858710  -0.0011090546   0.0013904107
   3.6349999878   0.0018776614  -0.0012445321   0.0017061019
   3.6399999878   0.0021258365  -0.0013530035   0.0019870207
   3.6449999878   0.0023320039  -0.0014366470   0.0022337851
   3.6499999877   0.0024960139  -0.0014974559   0.0024445859
   3.6549999877   0.0026156474  -0.0015366146   0.0026149916
   3.6599999877   0.0026872734  -0.0015543062   0.0027388025
   3.6649999877   0.0027072805  -0.0015499842   0.0028097286
   3.6699999877   0.0026738628  -0.0015230148   0.0028234315
   3.6749999877   0.0025886366  -0.0014734878   0.0027793618
   3.6799999876   0.0024575925  -0.0014029478   0.0026818620
   3.6849999876   0.0022910604  -0.0013148123   0.0025401908
   3.6899999876   0.0021026222  -0.0012143280   0.0023674035
   3.6949999876   0.0019071903  -0.0011080389   0.0021783266
   3.6999999876   0.0017186982  -0.0010028767   0.0019871096
   3.7049999876   0.0015479625  -0.0009050860   0.0018049554
   3.7099999875   0.0014012373  -0.0008192507   0.0016385892
   3.7149999875   0.0012798114  -0.0007476656   0.0014898382
   3.7199999875   0.0011807221  -0.0006902111   0.0013563990
   3.7249999875   0.0010983753  -0.0006447571   0.0012335606
   3.7299999875   0.0010266210  -0.0006079890   0.0011163933
   3.7349999875   0.0009607224  -0.0005764321   0.0010017986
   3.7399999874   0.0008986946  -0.0005474073   0.0008898534
   3.7449999874   0.0008416687  -0.0005196689   0.0007840835
   3.7499999874   0.0007932121  -0.0004935660   0.0006905984
   3.7549999874   0.0007578271  -0.0004707006   0.0006163390
   3.7599999874   0.0007390806  -0.0004531961   0.0005669369
   3.7649999874   0.0007379231  -0.0004427953   0.0005448018
   3.7699999873   0.0007517028  -0.0004400546   0.0005479910
   3.7749999873   0.0007741905  -0.0004438730   0.0005702073
   3.7799999873   0.0007966465  -0.0004515019   0.0006019584
   3.7849999873   0.0008096703  -0.0004590439   0.0006325897
   3.7899999873   0.0008053477  -0.0004623126   0.0006526584
   3.7949999873   0.0007791207  -0.0004578233   0.0006560153
   3.7999999872   0.0007308716  -0.0004436409   0.0006410349
   3.8049999872   0.0006649214  -0.0004198529   0.0006106670
   3.8099999872   0.0005889321  -0.0003885324   0.0005713007
   3.8149999872   0.0005120019  -0.0003531974   0.0005307598
   3.8199999872   0.0004424544  -0.0003179094   0.0004959833
   3.8249999872   0.0003859073  -0.0002862542   0.0004710331
   3.8299999871   0.0003441226  -0.0002604791   0.0004559736
   3.8349999871   0.0003149250  -0.0002410154   0.0004469274
   3.8399999871   0.0002931803  -0.0002265108   0.0004372803
   3.8449999871   0.0002725350  -0.0002143507   0.0004196882
   3.8499999871   0.0002474182  -0.0002015174   0.0003883164
   3.8549999871   0.0002147379  -0.0001855382   0.0003406759
   3.8599999870   0.0001748039  -0.0001652574   0.0002785375
   3.8649999870   0.0001312291  -0.0001412129   0.0002076614
   3.8699999870   0.0000898537  -0.0001155159   0.0001364141
   3.8749999870   0.0000570114  -0.0000912702   0.0000736546
   3.8799999870   0.0000376380  -0.0000716987   0.0000264757
   3.8849999870   0.0000337642  -0.0000592252  -0.0000015746
   3.8899999869   0.0000438194  -0.0000547730  -0.0000113035
   3.8949999869   0.0000629433  -0.0000574787  -0.0000074995
   3.8999999869   0.0000842153  -0.0000649015   0.0000025088
   3.9049999869   0.0001004551  -0.0000736690   0.0000109497
   3.9099999869   0.0001060902  -0.0000803791   0.0000117677
   3.9149999869   0.0000985712  -0.0000825040   0.0000022417
   3.9199999868   0.0000789494  -0.0000790455  -0.0000163838
   3.9249999868   0.0000514664  -0.0000707598  -0.0000394175
   3.9299999868   0.0000222868  -0.0000598940  -0.0000602274
   3.9349999868  -0.0000022613  -0.0000495107  -0.0000722950
   3.9399999868  -0.0000174380  -0.0000425948  -0.0000712255
   3.9449999868  -0.0000213494  -0.0000411924  -0.0000561416
   3.9499999867  -0.0000153711  -0.0000458233  -0.0000300659
   3.9549999867  -0.0000036364  -0.0000553271   0.0000008145
   3.9599999867   0.0000082456  -0.0000671814   0.0000287893
   3.9649999867   0.0000148635  -0.0000781992   0.0000467097
   3.9699999867   0.0000125872  -0.0000854054   0.0000499299
   3.9749999867   0.0000006150  -0.0000868494   0.0000375644
   3.9799999866  -0.0000188042  -0.0000821278   0.0000127176
   3.9849999866  -0.0000410237  -0.0000724796  -0.0000183702
   3.9899999866  -0.0000603268  -0.0000604339  -0.0000480130
   3.9949999866  -0.0000715469  -0.0000491164  -0.0000691297
   3.9999999866  -0.0000715179  -0.0000414124  -0.0000770862
   4.0049999866  -0.0000599511  -0.0000392193  -0.0000708300
   4.0099999865  -0.0000395019  -0.0000429905  -0.0000530204
   4.0149999865  -0.0000150235  -0.0000516868  -0.0000291451
   4.0199999865   0.0000077714  -0.0000631351  -0.0000058932
   4.0249999865   0.0000238548  -0.0000746796   0.0000107456
   4.0299999865   0.0000302030  -0.0000839354   0.0000171194
   4.0349999864   0.0000265290  -0.0000894278   0.0000128412
   4.0399999864   0.0000152423  -0.0000909443   0.0000007659
   4.0449999864   0.0000006658  -0.0000895078  -0.0000139537
   4.0499999864  -0.0000122517  -0.0000869937  -0.0000254419
   4.0549999864  -0.0000193560  -0.0000855106  -0.0000288523
   4.0599999864  -0.0000184446  -0.0000867290  -0.0000217998
   4.0649999863  -0.0000098447  -0.0000913538  -0.0000050785
   4.0699999863   0.0000037297  -0.0000988879   0.0000175222
   4.0749999863   0.0000179836  -0.0001077508   0.0000402361
   4.0799999863   0.0000282667  -0.0001157132   0.0000568780
   4.0849999863   0.0000308701  -0.0001205198   0.0000625038
   4.0899999863   0.0000240356  -0.0001205241   0.0000547179
   4.0949999862   0.0000084074  -0.0001151574   0.0000342820
   4.0999999862  -0.0000131772  -0.0001051055   0.0000048789
   4.1049999862  -0.0000364838  -0.0000921477  -0.0000278833
   4.1099999862  -0.0000570254  -0.0000787100  -0.0000579361
   4.1149999862  -0.0000712355  -0.0000672570  -0.0000802801
   4.1199999862  -0.0000773514  -0.0000596894  -0.0000921692
   4.1249999861  -0.0000757811  -0.0000569077  -0.0000936497
   4.1299999861  -0.0000688751  -0.0000586507  -0.0000873369
   4.1349999861  -0.0000601894  -0.0000636414  -0.0000775229
   4.1399999861  -0.0000534583  -0.0000699879  -0.0000688837
   4.1449999861  -0.0000515656  -0.0000757227  -0.0000651501
   4.1499999861  -0.0000557900  -0.0000793298  -0.0000681014
   4.1549999860  -0.0000655173  -0.0000801198  -0.0000771388
   4.1599999860  -0.0000784747  -0.0000783603  -0.0000895305
   4.1649999860  -0.0000914057  -0.0000751385  -0.0001012342
   4.1699999860  -0.0001009864  -0.0000720045  -0.0001080563
   4.1749999860  -0.0001047301  -0.0000705023  -0.0001068229
   4.1799999860  -0.0001016415  -0.0000717176  -0.0000962499
   4.1849999859  -0.0000924570  -0.0000759663  -0.0000772891
   4.1899999859  -0.0000794245  -0.0000826994  -0.0000528772
   4.1949999859  -0.0000656972  -0.0000906450  -0.0000271697
   4.1999999859  -0.0000545143  -0.0000981413  -0.0000044770
   4.2049999859  -0.0000483878  -0.0001035693   0.0000118119
   4.2099999859  -0.0000485040  -0.0001057680   0.0000200402
   4.2149999858  -0.0000544834  -0.0001043281   0.0000206287
   4.2199999858  -0.0000645450  -0.0000996914   0.0000158832
   4.2249999858  -0.0000760150  -0.0000930373   0.0000093316
   4.2299999858  -0.0000860351  -0.0000859916   0.0000047756
   4.2349999858  -0.0000922826  -0.0000802363   0.0000053069
   4.2399999858  -0.0000935180  -0.0000771199   0.0000125392
   4.2449999857  -0.0000898288  -0.0000773649   0.0000262413
   4.2499999857  -0.0000825209  -0.0000809393   0.0000444512
   4.2549999857  -0.0000736985  -0.0000871189   0.0000640246
   4.2599999857  -0.0000656531  -0.0000947140   0.0000814647
   4.2649999857  -0.0000602246  -0.0001023998   0.0000938130
   4.2699999857  -0.0000583009  -0.0001090614   0.0000993743
   4.2749999856  -0.0000595812  -0.0001140670   0.0000980935
   4.2799999856  -0.0000626596  -0.0001174019   0.0000914994
   4.2849999856  -0.0000654027  -0.0001196326   0.0000822390
   4.2899999856  -0.0000655200  -0.0001217147   0.0000733304
   4.2949999856  -0.0000611805  -0.0001246980   0.0000673326
   4.2999999856  -0.0000515164  -0.0001294062   0.0000656463
   4.3049999855  -0.0000368860  -0.0001361763   0.0000681269
   4.3099999855  -0.0000188295  -0.0001447260   0.0000731069
   4.3149999855   0.0000002727  -0.0001541855   0.0000778208
   4.3199999855   0.0000177514  -0.0001632860   0.0000791230
   4.3249999855   0.0000312723  -0.0001706601   0.0000743142
   4.3299999855   0.0000393740  -0.0001751752   0.0000618625
   4.3349999854   0.0000417844  -0.0001762158   0.0000418356
   4.3399999854   0.0000394370  -0.0001738405   0.0000159298
   4.3449999854   0.0000341825  -0.0001687715  -0.0000129134
   4.3499999854   0.0000282721  -0.0001622168  -0.0000412056
   4.3549999854   0.0000237464  -0.0001555700  -0.0000657487
   4.3599999854   0.0000218897  -0.0001500639  -0.0000843962
   4.3649999853   0.0000228923  -0.0001464673  -0.0000965432
   4.3699999853   0.0000258118  -0.0001449041  -0.0001032186
   4.3749999853   0.0000288457  -0.0001448431  -0.0001067572
   4.3799999853   0.0000298430  -0.0001452611  -0.0001101345
   4.3849999853   0.0000269235  -0.0001449377  -0.0001161411
   4.3899999853   0.0000190369  -0.0001428038  -0.0001266096
   4.3949999852   0.0000063131  -0.0001382520  -0.0001418990
   4.3999999852  -0.0000098946  -0.0001313267  -0.0001607710
   4.4049999852  -0.0000272905  -0.0001227424  -0.0001806923
   4.4099999852  -0.0000431695  -0.0001137237  -0.0001984826
   4.4149999852  -0.0000550679  -0.0001057108  -0.0002111368
   4.4199999852  -0.0000613577  -0.0001000043  -0.0002166051
   4.4249999851  -0.0000616305  -0.0000974445  -0.0002143238
   4.4299999851  -0.0000567687  -0.0000982079  -0.0002053568
   4.4349999851  -0.0000486863  -0.0001017733  -0.0001921119
   4.4399999851  -0.0000398104  -0.0001070646  -0.0001777086
   4.4449999851  -0.0000324436  -0.0001127312  -0.0001651678
   4.4499999851  -0.0000281787  -0.0001174918  -0.0001566384
   4.4549999850  -0.0000275217  -0.0001204502  -0.0001528670
   4.4599999850  -0.0000298209  -0.0001213023  -0.0001530467
   4.4649999850  -0.0000335159  -0.0001203812  -0.0001550817
   4.4699999850  -0.0000366320  -0.0001185338  -0.0001561901
   4.4749999850  -0.0000373794  -0.0001168634  -0.0001536788
   4.4799999850  -0.0000346894  -0.0001164098  -0.0001456806
   4.4849999849  -0.0000285412  -0.0001178530  -0.0001316572
   4.4899999849  -0.0000199891  -0.0001213183  -0.0001125392
   4.4949999849  -0.0000108889  -0.0001263343  -0.0000904729
   4.4999999849  -0.0000034007  -0.0001319516  -0.0000682510
   4.5049999849   0.0000005906  -0.0001369899  -0.0000485873
   4.5099999849  -0.0000000214  -0.0001403463  -0.0000334325
   4.5149999848  -0.0000052750  -0.0001412834  -0.0000235142
   4.5199999848  -0.0000141382  -0.0001396209  -0.0000182177
   4.5249999848  -0.0000247901  -0.0001357818  -0.0000158291
   4.5299999848  -0.0000351034  -0.0001306819  -0.0000140675
   4.5349999848  -0.0000431957  -0.0001254947  -0.0000107559
   4.5399999848  -0.0000478989  -0.0001213521  -0.0000044476
   4.5449999847  -0.0000490276  -0.0001190631   0.0000051562
   4.5499999847  -0.0000473797  -0.0001189214   0.0000171028
   4.5549999847  -0.0000444802  -0.0001206528   0.0000294193
   4.5599999847  -0.0000421449  -0.0001235140   0.0000396101
   4.5649999847  -0.0000419844  -0.0001265137   0.0000452860
   4.5699999847  -0.0000449831  -0.0001286973   0.0000447616
   4.5749999846  -0.0000512583  -0.0001294172   0.0000374694
   4.5799999846  -0.0000600567  -0.0001285172   0.0000240939
   4.5849999846  -0.0000699807  -0.0001263828   0.0000063997
   4.5899999846  -0.0000793746  -0.0001238441  -0.0000131920
   4.5949999846  -0.0000867667  -0.0001219598  -0.0000321651
   4.5999999846  -0.0000912494  -0.0001217377  -0.0000484638
   4.6049999845  -0.0000927008  -0.0001238699  -0.0000609048
   4.6099999845  -0.0000917952  -0.0001285476  -0.0000693504
   4.6149999845  -0.0000898040  -0.0001354076  -0.0000746082
   4.6199999845  -0.0000882436  -0.0001436192  -0.0000780941
   4.6249999845  -0.0000884606  -0.0001520890  -0.0000813527
   4.6299999845  -0.0000912619  -0.0001597272  -0.0000855601
   4.6349999844  -0.0000966789  -0.0001657068  -0.0000911395
   4.6399999844  -0.0001039252  -0.0001696490  -0.0000975856
   4.6449999844  -0.0001115534  -0.0001716887  -0.0001035417
   4.6499999844  -0.0001177709  -0.0001724083  -0.0001071109
   4.6549999844  -0.0001208352  -0.0001726599  -0.0001063200
   4.6599999844  -0.0001194320  -0.0001733249  -0.0000996224
   4.6649999843  -0.0001129454  -0.0001750747  -0.0000863135
   4.6699999843  -0.0001015595  -0.0001781947  -0.0000667539
   4.6749999843  -0.0000861713  -0.0001825133  -0.0000423478
   4.6799999843  -0.0000681461  -0.0001874545  -0.0000152789
   4.6849999843  -0.0000489810  -0.0001921962   0.0000119280
   4.6899999843  -0.0000299668  -0.0001958932   0.0000369127
   4.6949999842  -0.0000119352  -0.0001979075   0.0000579290
   4.6999999842   0.0000048467  -0.0001979859   0.0000741277
   4.7049999842   0.0000206090  -0.0001963418   0.0000856105
   4.7099999842   0.0000358631  -0.0001936186   0.0000932449
   4.7149999842   0.0000510972  -0.0001907441   0.0000982960
   4.7199999841   0.0000664676  -0.0001887132   0.0001019734
   4.7249999841   0.0000815718  -0.0001883515   0.0001050133
   4.7299999841   0.0000953686  -0.0001901206   0.0001074061
   4.7349999841   0.0001062734  -0.0001940146   0.0001083404
   4.7399999841   0.0001124116  -0.0001995735   0.0001063808
   4.7449999841   0.0001119771  -0.0002060117   0.0000998353
   4.7499999840   0.0001036103  -0.0002124265   0.0000872182
   4.7549999840   0.0000867105  -0.0002180352   0.0000676938
   4.7599999840   0.0000616084  -0.0002223763   0.0000413843
   4.7649999840   0.0000295593  -0.0002254230   0.0000094633
   4.7699999840  -0.0000074401  -0.0002275796  -0.0000259933
   4.7749999840  -0.0000469679  -0.0002295619  -0.0000623654
   4.7799999839  -0.0000865511  -0.0002321949  -0.0000969702
   4.7849999839  -0.0001240119  -0.0002361826  -0.0001275495
   4.7899999839  -0.0001577079  -0.0002419121  -0.0001526460
   4.7949999839  -0.0001866190  -0.0002493439  -0.0001717753
   4.7999999839  -0.0002102714  -0.0002580160  -0.0001853587
   4.8049999839  -0.0002285338  -0.0002671580  -0.0001944381
   4.8099999838  -0.0002413548  -0.0002758837  -0.0002002547
   4.8149999838  -0.0002485239  -0.0002834068  -0.0002038061
   4.8199999838  -0.0002495338  -0.0002892260  -0.0002055041
   4.8249999838  -0.0002435917  -0.0002932309  -0.0002050262
   4.8299999838  -0.0002297873  -0.0002957061  -0.0002014039
   4.8349999838  -0.0002073769  -0.0002972381  -0.0001933238
   4.8399999837  -0.0001761108  -0.0002985520  -0.0001795615
   4.8449999837  -0.0001365139  -0.0003003225  -0.0001594310
   4.8499999837  -0.0000900354  -0.0003030072  -0.0001331256
   4.8549999837  -0.0000390206  -0.0003067402  -0.0001018573
   4.8599999837   0.0000135049  -0.0003113095  -0.0000677510
   4.8649999837   0.0000641942  -0.0003162190  -0.0000335193
   4.8699999836   0.0001098045  -0.0003208183  -0.0000019952
   4.8749999836   0.0001475964  -0.0003244682   0.0000243591
   4.8799999836   0.0001756222  -0.0003267041   0.0000438502
   4.8849999836   0.0001928511  -0.0003273587   0.0000557651
   4.8899999836   0.0001991193  -0.0003266176   0.0000603554
   4.8949999836   0.0001949406  -0.0003249937   0.0000586129
   4.8999999835   0.0001812405  -0.0003232240   0.0000519054
   4.9049999835   0.0001590936  -0.0003221116   0.0000415770
   4.9099999835   0.0001295331  -0.0003223491   0.0000286156
   4.9149999835   0.0000934745  -0.0003243641   0.0000134733
   4.9199999835   0.0000517615  -0.0003282263  -0.0000039245
   4.9249999835   0.0000053039  -0.0003336418  -0.0000239916
   4.9299999834  -0.0000447460  -0.0003400376  -0.0000471751
   4.9349999834  -0.0000968451  -0.0003467185  -0.0000736184
   4.9399999834  -0.0001489942  -0.0003530545  -0.0001028879
   4.9449999834  -0.0001987924  -0.0003586505  -0.0001338405
   4.9499999834  -0.0002436152  -0.0003634508  -0.0001646732
   4.9549999834  -0.0002808885  -0.0003677471  -0.0001931514
   4.9599999833  -0.0003084081  -0.0003720880  -0.0002169657
   4.9649999833  -0.0003246394  -0.0003771111  -0.0002341394
   4.9699999833  -0.0003289359  -0.0003833458  -0.0002433912
   4.9749999833  -0.0003216309  -0.0003910406  -0.0002443708
   4.9799999833  -0.0003039827  -0.0004000631  -0.0002377139
   4.9849999833  -0.0002779875  -0.0004099027  -0.0002249036
   4.9899999832  -0.0002460969  -0.0004197742  -0.0002079748
   4.9949999832  -0.0002109007  -0.0004287963  -0.0001891293
   4.9999999832  -0.0001748369  -0.0004361972  -0.0001703539
   5.0049999832  -0.0001399815  -0.0004414945  -0.0001531268
   5.0099999832  -0.0001079491  -0.0004446049  -0.0001382748
   5.0149999832  -0.0000799057  -0.0004458561  -0.0001260027
   5.0199999831  -0.0000566664  -0.0004459043  -0.0001160735
   5.0249999831  -0.0000388330  -0.0004455783  -0.0001080783
   5.0299999831  -0.0000269179  -0.0004456923  -0.0001017162
   5.0349999831  -0.0000214100  -0.0004468744  -0.0000970027
   5.0399999831  -0.0000227584  -0.0004494509  -0.0000943492
   5.0449999831  -0.0000312751  -0.0004534132  -0.0000944919
   5.0499999830  -0.0000469861  -0.0004584717  -0.0000982888
   5.0549999830  -0.0000694740  -0.0004641804  -0.0001064413
   5.0599999830  -0.0000977635  -0.0004700988  -0.0001192146
   5.0649999830  -0.0001302911  -0.0004759484  -0.0001362346
   5.0699999830  -0.0001649811  -0.0004817215  -0.0001564185
   5.0749999830  -0.0001994270  -0.0004877138  -0.0001780654
   5.0799999829  -0.0002311494  -0.0004944678  -0.0001990935
   5.0849999829  -0.0002578883  -0.0005026419  -0.0002173768
   5.0899999829  -0.0002778743  -0.0005128364  -0.0002311102
   5.0949999829  -0.0002900326  -0.0005254221  -0.0002391232
   5.0999999829  -0.0002940821  -0.0005404187  -0.0002410775
   5.1049999829  -0.0002905187  -0.0005574564  -0.0002375042
   5.1099999828  -0.0002804885  -0.0005758331  -0.0002296771
   5.1149999828  -0.0002655849  -0.0005946536  -0.0002193520
   5.1199999828  -0.0002476095  -0.0006130132  -0.0002084313
   5.1249999828  -0.0002283480  -0.0006301771  -0.0001986320
   5.1299999828  -0.0002093995  -0.0006457085  -0.0001912297
   5.1349999828  -0.0001920866  -0.0006595124  -0.0001869325
   5.1399999827  -0.0001774487  -0.0006717876  -0.0001859054
   5.1449999827  -0.0001663021  -0.0006829075  -0.0001879284
   5.1499999827  -0.0001593311  -0.0006932648  -0.0001926356
   5.1549999827  -0.0001571688  -0.0007031301  -0.0001997621
   5.1599999827  -0.0001604301  -0.0007125605  -0.0002093262
   5.1649999827  -0.0001696762  -0.0007213844  -0.0002216891
   5.1699999826  -0.0001853089  -0.0007292592  -0.0002374713
   5.1749999826  -0.0002074214  -0.0007357836  -0.0002573430
   5.1799999826  -0.0002356454  -0.0007406286  -0.0002817451
   5.1849999826  -0.0002690428  -0.0007436516  -0.0003106165
   5.1899999826  -0.0003060837  -0.0007449660  -0.0003432067
   5.1949999826  -0.0003447334  -0.0007449513  -0.0003780333
   5.1999999825  -0.0003826436  -0.0007442078  -0.0004130072
   5.2049999825  -0.0004174193  -0.0007434707  -0.0004457057
   5.2099999825  -0.0004469113  -0.0007435077  -0.0004737364
   5.2149999825  -0.0004694771  -0.0007450235  -0.0004951117
   5.2199999825  -0.0004841601  -0.0007485899  -0.0005085474
   5.2249999825  -0.0004907543  -0.0007546129  -0.0005136211
   5.2299999824  -0.0004897485  -0.0007633377  -0.0005107589
   5.2349999824  -0.0004821707  -0.0007748867  -0.0005010574
   5.2399999824  -0.0004693724  -0.0007893170  -0.0004859928
   5.2449999824  -0.0004528042  -0.0008066851  -0.0004670870
   5.2499999824  -0.0004338287  -0.0008271006  -0.0004456129
   5.2549999824  -0.0004136043  -0.0008507561  -0.0004224050
   5.2599999823  -0.0003930515  -0.0008779246  -0.0003978125
   5.2649999823  -0.0003728893  -0.0009089188  -0.0003717961
   5.2699999823  -0.0003537149  -0.0009440183  -0.0003441301
   5.2749999823  -0.0003360870  -0.0009833746  -0.0003146500
   5.2799999823  -0.0003205767  -0.0010269109  -0.0002834720
   5.2849999823  -0.0003077634  -0.0010742358  -0.0002511232
   5.2899999822  -0.0002981683  -0.0011245875  -0.0002185446
   5.2949999822  -0.0002921395  -0.0011768193  -0.0001869642
   5.2999999822  -0.0002897199  -0.0012294289  -0.0001576720
   5.3049999822  -0.0002905345  -0.0012806244  -0.0001317551
   5.3099999822  -0.0002937340  -0.0013284138  -0.0001098632
   5.3149999822  -0.0002980194  -0.0013706989  -0.0000920665
   5.3199999821  -0.0003017548  -0.0014053581  -0.0000778482
   5.3249999821  -0.0003031551  -0.0014303059  -0.0000662386
   5.3299999821  -0.0003005197  -0.0014435237  -0.0000560630
   5.3349999821  -0.0002924692  -0.0014430683  -0.0000462481
   5.3399999821  -0.0002781447  -0.0014270662  -0.0000361141
   5.3449999821  -0.0002573339  -0.0013937122  -0.0000255853
   5.3499999820  -0.0002305045  -0.0013412854  -0.0000152661
   5.3549999820  -0.0001987440  -0.0012681960  -0.0000063654
   5.3599999820  -0.0001636228  -0.0011730681  -0.0000004844
   5.3649999820  -0.0001270116  -0.0010548539   0.0000006838
   5.3699999820  -0.0000908900  -0.0009129676  -0.0000043256
   5.3749999820  -0.0000571809  -0.0007474201  -0.0000164804
   5.3799999819  -0.0000276347  -0.0005589299  -0.0000360925
   5.3849999819  -0.0000037727  -0.0003489911  -0.0000627993
   5.3899999819   0.0000131194  -0.0001198808  -0.0000956800
   5.3949999819   0.0000219663   0.0001253986  -0.0001334718
   5.3999999819   0.0000218763   0.0003832366  -0.0001748229
   5.4049999818   0.0000121379   0.0006495746  -0.0002185180
   5.4099999818  -0.0000077444   0.0009200856  -0.0002636189
   5.4149999818  -0.0000379730   0.0011903481  -0.0003094901
   5.4199999818  -0.0000783547   0.0014559946  -0.0003557108
   5.4249999818  -0.0001282005   0.0017128231  -0.0004019096
   5.4299999818  -0.0001862606   0.0019568739  -0.0004475767
   5.4349999817  -0.0002507234   0.0021844839  -0.0004919182
   5.4399999817  -0.0003192953   0.0023923366  -0.0005338031
   5.4449999817  -0.0003893583   0.0025775289  -0.0005718300
   5.4499999817  -0.0004581866   0.0027376663  -0.0006045064
   5.4549999817  -0.0005231860   0.0028709873  -0.0006305026
   5.4599999817  -0.0005821174   0.0029765068  -0.0006489217
   5.4649999816  -0.0006332678   0.0030541530  -0.0006595184
   5.4699999816  -0.0006755431   0.0031048676  -0.0006628131
   5.4749999816  -0.0007084771   0.0031306432  -0.0006600688
   5.4799999816  -0.0007321653   0.0031344756  -0.0006531312
   5.4849999816  -0.0007471466   0.0031202290  -0.0006441623
   5.4899999816  -0.0007542631   0.0030924233  -0.0006353198
   5.4949999815  -0.0007545263   0.0030559706  -0.0006284451
   5.4999999815  -0.0007490109   0.0030158946  -0.0006248188
   5.5049999815  -0.0007387861   0.0029770670  -0.0006250239
   5.5099999815  -0.0007248838   0.0029439900  -0.0006289336
   5.5149999815  -0.0007082914   0.0029206389  -0.0006358131
   5.5199999815  -0.0006899542   0.0029103675  -0.0006445027
   5.5249999814  -0.0006707696   0.0029158630  -0.0006536327
   5.5299999814  -0.0006515607   0.0029391320  -0.0006618223
   5.5349999814  -0.0006330248   0.0029814971  -0.0006678187
   5.5399999814  -0.0006156589   0.0030435871  -0.0006705545
   5.5449999814  -0.0005996741   0.0031253169  -0.0006691226
   5.5499999814  -0.0005849174   0.0032258606  -0.0006626905
   5.5549999813  -0.0005708182   0.0033436337  -0.0006503925
   5.5599999813  -0.0005563792   0.0034763035  -0.0006312441
   5.5649999813  -0.0005402206   0.0036208474  -0.0006041176
   5.5699999813  -0.0005206788   0.0037736701  -0.0005678019
   5.5749999813  -0.0004959517   0.0039307823  -0.0005211444
   5.5799999813  -0.0004642670   0.0040880283  -0.0004632512
   5.5849999812  -0.0004240524   0.0042413404  -0.0003937008
   5.5899999812  -0.0003740785   0.0043869906  -0.0003127180
   5.5949999812  -0.0003135534   0.0045218057  -0.0002212613
   5.5999999812  -0.0002421585   0.0046433226  -0.0001209914
   5.6049999812  -0.0001600250   0.0047498635  -0.0000141159
   5.6099999812  -0.0000676615   0.0048405304   0.0000968678
   5.6149999811   0.0000341458   0.0049151266   0.0002094862
   5.6199999811   0.0001444393   0.0049740279   0.0003216027
   5.6249999811   0.0002621814   0.0050180281   0.0004316710
   5.6299999811   0.0003863185   0.0050481858   0.0005388852
   5.6349999811   0.0005158126   0.0050656922   0.0006432053
   5.6399999811   0.0006496478   0.0050717688   0.0007452620
   5.6449999810   0.0007868202   0.0050675955   0.0008461710
   5.6499999810   0.0009263300   0.0050542586   0.0009473015
   5.6549999810   0.0010671847   0.0050327037   0.0010500491
   5.6599999810   0.0012084243   0.0050036812   0.0011556580
   5.6649999810   0.0013491685   0.0049676758   0.0012651183
   5.6699999810   0.0014886778   0.0049248237   0.0013791469
   5.6749999809   0.0016264177   0.0048748255   0.0014982334
   5.6799999809   0.0017621089   0.0048168765   0.0016227217
   5.6849999809   0.0018957496   0.0047496320   0.0017528858
   5.6899999809   0.0020275985   0.0046712251   0.0018889646
   5.6949999809   0.0021581160   0.0045793457   0.0020311308
   5.6999999809   0.0022878678   0.0044713789   0.0021793921
   5.7049999808   0.0024174052   0.0043445861   0.0023334409
   5.7099999808   0.0025471406   0.0041963082   0.0024924898
   5.7149999808   0.0026772382   0.0040241640   0.0026551391
   5.7199999808   0.0028075394   0.0038262161   0.0028193186
   5.7249999808   0.0029375325   0.0036010880   0.0029823362
   5.7299999808   0.0030663699   0.0033480227   0.0031410391
   5.7349999807   0.0031929237   0.0030668845   0.0032920713
   5.7399999807   0.0033158647   0.0027581167   0.0034321848
   5.7449999807   0.0034337452   0.0024226725   0.0035585481
   5.7499999807   0.0035450683   0.0020619377   0.0036689945
   5.7549999807   0.0036483320   0.0016776611   0.0037621643
   5.7599999807   0.0037420463   0.0012719013   0.0038375175
   5.7649999806   0.0038247302   0.0008469899   0.0038952223
   5.7699999806   0.0038949031   0.0004055058   0.0039359507
   5.7749999806   0.0039510861  -0.0000497506   0.0039606320
   5.7799999806   0.0039918281  -0.0005157950   0.0039702186
   5.7849999806   0.0040157617  -0.0009895139   0.0039655124
   5.7899999806   0.0040216855  -0.0014677400   0.0039470794
   5.7949999805   0.0040086614  -0.0019473402   0.0039152570
   5.7999999805   0.0039761072  -0.0024253051   0.0038702326
   5.8049999805   0.0039238648  -0.0028988244   0.0038121577
   5.8099999805   0.0038522287  -0.0033653355   0.0037412533
   5.8149999805   0.0037619257  -0.0038225342   0.0036578710
   5.8199999805   0.0036540483  -0.0042683467   0.0035624886
   5.8249999804   0.0035299513  -0.0047008700   0.0034556400
   5.8299999804   0.0033911314  -0.0051182916   0.0033378004
   5.8349999804   0.0032391085  -0.0055188083   0.0032092611
   5.8399999804   0.0030753280  -0.0059005595   0.0030700346
   5.8449999804   0.0029010977  -0.0062615902   0.0029198247
   5.8499999804   0.0027175641  -0.0065998497   0.0027580816
   5.8549999803   0.0025257269  -0.0069132288   0.0025841425
   5.8599999803   0.0023264803  -0.0071996259   0.0023974361
   5.8649999803   0.0021206692  -0.0074570328   0.0021977156
   5.8699999803   0.0019091434  -0.0076836243   0.0019852703
   5.8749999803   0.0016927975  -0.0078778395   0.0017610748
   5.8799999803   0.0014725888  -0.0080384456   0.0015268386
   5.8849999802   0.0012495306  -0.0081645769   0.0012849430
   5.8899999802   0.0010246665  -0.0082557507   0.0010382736
   5.8949999802   0.0007990362  -0.0083118632   0.0007899762
   5.8999999802   0.0005736432  -0.0083331714   0.0005431807
   5.9049999802   0.0003494386  -0.0083202686   0.0003007439
   5.9099999802   0.0001273259  -0.0082740588   0.0000650530
   5.9149999801  -0.0000918118  -0.0081957334  -0.0001620782
   5.9199999801  -0.0003070685  -0.0080867518  -0.0003794150
   5.9249999801  -0.0005174691  -0.0079488214  -0.0005862205
   5.9299999801  -0.0007219341  -0.0077838761  -0.0007821200
   5.9349999801  -0.0009192699  -0.0075940465  -0.0009669511
   5.9399999801  -0.0011081924  -0.0073816199  -0.0011406385
   5.9449999800  -0.0012873854  -0.0071489878  -0.0013031210
   5.9499999800  -0.0014555858  -0.0068985836  -0.0014543423
   5.9549999800  -0.0016116817  -0.0066328129  -0.0015942952
   5.9599999800  -0.0017548050  -0.0063539852  -0.0017230962
   5.9649999800  -0.0018844031  -0.0060642550  -0.0018410570
   5.9699999800  -0.0020002747  -0.0057655792  -0.0019487202
   5.9749999799  -0.0021025681  -0.0054596982  -0.0020468391
   5.9799999799  -0.0021917408  -0.0051481431  -0.0021362938
   5.9849999799  -0.0022684916  -0.0048322669  -0.0022179563
   5.9899999799  -0.0023336784  -0.0045132940  -0.0022925316
   5.9949999799  -0.0023882330  -0.0041923782  -0.0023604108
