   0.0000000000   0.0000000000   0.0000000000   0.0000000000
   0.0050000000   0.0000000000   0.0000000000   0.0000000000
   0.0100000000   0.0000000000   0.0000000000   0.0000000000
   0.0149999999   0.0000000000   0.0000000000   0.0000000000
   0.0199999999   0.0000000000   0.0000000000   0.0000000000
   0.0249999999   0.0000000000   0.0000000000   0.0000000000
   0.0299999999   0.0000000000   0.0000000000   0.0000000000
   0.0349999999   0.0000000000   0.0000000000   0.0000000000
   0.0399999999   0.0000000000   0.0000000000   0.0000000000
   0.0449999998   0.0000000000   0.0000000000   0.0000000000
   0.0499999998   0.0000000000   0.0000000000   0.0000000000
   0.0549999998   0.0000000000   0.0000000000   0.0000000000
   0.0599999998   0.0000000000   0.0000000000   0.0000000000
   0.0649999998   0.0000000000   0.0000000000   0.0000000000
   0.0699999998   0.0000000000   0.0000000000   0.0000000000
   0.0749999997   0.0000000000   0.0000000000   0.0000000000
   0.0799999997   0.0000000000   0.0000000000   0.0000000000
   0.0849999997   0.0000000000  -0.0000000000   0.0000000000
   0.0899999997  -0.0000000000   0.0000000000  -0.0000000000
   0.0949999997   0.0000000000  -0.0000000000   0.0000000000
   0.0999999997  -0.0000000000   0.0000000000  -0.0000000000
   0.1049999996  -0.0000000000   0.0000000000  -0.0000000000
   0.1099999996  -0.0000000000   0.0000000000  -0.0000000000
   0.1149999996  -0.0000000000   0.0000000000  -0.0000000000
   0.1199999996  -0.0000000000   0.0000000000  -0.0000000000
   0.1249999996  -0.0000000000   0.0000000000  -0.0000000000
   0.1299999996   0.0000000000   0.0000000000   0.0000000000
   0.1349999995   0.0000000000  -0.0000000000   0.0000000000
   0.1399999995   0.0000000000  -0.0000000000   0.0000000000
   0.1449999995   0.0000000000  -0.0000000000   0.0000000000
   0.1499999995   0.0000000000  -0.0000000000   0.0000000000
   0.1549999995   0.0000000000  -0.0000000000   0.0000000000
   0.1599999995   0.0000000000  -0.0000000000   0.0000000000
   0.1649999994   0.0000000000  -0.0000000000   0.0000000000
   0.1699999994   0.0000000000  -0.0000000000   0.0000000000
   0.1749999994   0.0000000000  -0.0000000000   0.0000000000
   0.1799999994   0.0000000000  -0.0000000000   0.0000000000
   0.1849999994   0.0000000000  -0.0000000000   0.0000000000
   0.1899999994   0.0000000000  -0.0000000000   0.0000000000
   0.1949999993   0.0000000000  -0.0000000000   0.0000000000
   0.1999999993   0.0000000000  -0.0000000000   0.0000000000
   0.2049999993  -0.0000000000   0.0000000000  -0.0000000000
   0.2099999993  -0.0000000000   0.0000000000  -0.0000000000
   0.2149999993  -0.0000000000   0.0000000000  -0.0000000000
   0.2199999993  -0.0000000000   0.0000000000  -0.0000000000
   0.2249999992  -0.0000000000   0.0000000000  -0.0000000000
   0.2299999992  -0.0000000000   0.0000000000  -0.0000000000
   0.2349999992  -0.0000000000   0.0000000000  -0.0000000000
   0.2399999992   0.0000000000  -0.0000000000   0.0000000000
   0.2449999992   0.0000000000  -0.0000000000   0.0000000000
   0.2499999992   0.0000000000  -0.0000000000   0.0000000000
   0.2549999991   0.0000000000  -0.0000000000   0.0000000000
   0.2599999991   0.0000000000  -0.0000000000   0.0000000000
   0.2649999991   0.0000000000  -0.0000000000   0.0000000000
   0.2699999991   0.0000000000  -0.0000000000   0.0000000000
   0.2749999991   0.0000000000  -0.0000000000   0.0000000000
   0.2799999991   0.0000000000  -0.0000000000   0.0000000000
   0.2849999990   0.0000000000  -0.0000000000   0.0000000000
   0.2899999990   0.0000000000  -0.0000000000   0.0000000000
   0.2949999990   0.0000000000  -0.0000000000   0.0000000000
   0.2999999990   0.0000000000  -0.0000000000   0.0000000000
   0.3049999990   0.0000000000  -0.0000000000   0.0000000000
   0.3099999990   0.0000000000  -0.0000000000   0.0000000000
   0.3149999989   0.0000000000  -0.0000000000   0.0000000000
   0.3199999989   0.0000000000  -0.0000000000   0.0000000000
   0.3249999989   0.0000000000  -0.0000000000   0.0000000000
   0.3299999989   0.0000000000  -0.0000000000   0.0000000000
   0.3349999989   0.0000000000  -0.0000000000   0.0000000000
   0.3399999989   0.0000000000  -0.0000000000   0.0000000000
   0.3449999988   0.0000000000  -0.0000000000   0.0000000000
   0.3499999988   0.0000000000  -0.0000000000   0.0000000000
   0.3549999988   0.0000000000  -0.0000000000   0.0000000000
   0.3599999988   0.0000000000  -0.0000000000   0.0000000000
   0.3649999988   0.0000000000  -0.0000000000   0.0000000000
   0.3699999988   0.0000000000  -0.0000000000   0.0000000000
   0.3749999987   0.0000000000  -0.0000000000   0.0000000000
   0.3799999987   0.0000000000  -0.0000000000   0.0000000000
   0.3849999987   0.0000000000  -0.0000000000   0.0000000000
   0.3899999987   0.0000000000   0.0000000000   0.0000000000
   0.3949999987   0.0000000000   0.0000000000   0.0000000000
   0.3999999987  -0.0000000000   0.0000000000  -0.0000000000
   0.4049999986  -0.0000000000   0.0000000000  -0.0000000000
   0.4099999986  -0.0000000000   0.0000000000  -0.0000000000
   0.4149999986  -0.0000000000   0.0000000000  -0.0000000000
   0.4199999986  -0.0000000000   0.0000000000  -0.0000000000
   0.4249999986  -0.0000000000   0.0000000000  -0.0000000000
   0.4299999986  -0.0000000000   0.0000000000  -0.0000000000
   0.4349999985  -0.0000000000   0.0000000000  -0.0000000000
   0.4399999985  -0.0000000000   0.0000000000  -0.0000000000
   0.4449999985  -0.0000000000   0.0000000000  -0.0000000000
   0.4499999985  -0.0000000000   0.0000000000  -0.0000000000
   0.4549999985  -0.0000000000   0.0000000000  -0.0000000000
   0.4599999985  -0.0000000000   0.0000000000  -0.0000000000
   0.4649999984  -0.0000000000   0.0000000000  -0.0000000000
   0.4699999984  -0.0000000000   0.0000000000  -0.0000000000
   0.4749999984  -0.0000000000   0.0000000000  -0.0000000000
   0.4799999984  -0.0000000000   0.0000000000  -0.0000000000
   0.4849999984  -0.0000000000   0.0000000000  -0.0000000000
   0.4899999984  -0.0000000000   0.0000000000  -0.0000000000
   0.4949999983  -0.0000000000   0.0000000000  -0.0000000000
   0.4999999983  -0.0000000000   0.0000000000  -0.0000000000
   0.5049999983  -0.0000000000   0.0000000000  -0.0000000000
   0.5099999983  -0.0000000000   0.0000000000  -0.0000000000
   0.5149999983  -0.0000000000   0.0000000000  -0.0000000000
   0.5199999983  -0.0000000000   0.0000000000  -0.0000000000
   0.5249999982  -0.0000000000   0.0000000000  -0.0000000000
   0.5299999982  -0.0000000000   0.0000000000  -0.0000000000
   0.5349999982  -0.0000000000   0.0000000000  -0.0000000000
   0.5399999982  -0.0000000000   0.0000000000  -0.0000000000
   0.5449999982  -0.0000000000   0.0000000000  -0.0000000000
   0.5499999982  -0.0000000000   0.0000000000  -0.0000000000
   0.5549999981  -0.0000000000   0.0000000000  -0.0000000000
   0.5599999981  -0.0000000000   0.0000000000  -0.0000000000
   0.5649999981  -0.0000000000   0.0000000000  -0.0000000000
   0.5699999981  -0.0000000000   0.0000000000  -0.0000000000
   0.5749999981  -0.0000000000   0.0000000000  -0.0000000000
   0.5799999981  -0.0000000000   0.0000000000  -0.0000000000
   0.5849999980   0.0000000000   0.0000000000   0.0000000000
   0.5899999980   0.0000000000   0.0000000000   0.0000000000
   0.5949999980   0.0000000000   0.0000000000   0.0000000000
   0.5999999980   0.0000000000   0.0000000000   0.0000000000
   0.6049999980   0.0000000000   0.0000000000   0.0000000000
   0.6099999980   0.0000000000   0.0000000000   0.0000000000
   0.6149999979   0.0000000000   0.0000000000   0.0000000000
   0.6199999979   0.0000000000   0.0000000000   0.0000000000
   0.6249999979   0.0000000000   0.0000000000   0.0000000000
   0.6299999979   0.0000000000   0.0000000000   0.0000000000
   0.6349999979   0.0000000000   0.0000000000   0.0000000000
   0.6399999979   0.0000000000   0.0000000000   0.0000000000
   0.6449999978   0.0000000000   0.0000000000   0.0000000000
   0.6499999978   0.0000000000  -0.0000000000   0.0000000000
   0.6549999978   0.0000000000  -0.0000000000   0.0000000000
   0.6599999978   0.0000000000  -0.0000000000   0.0000000000
   0.6649999978   0.0000000000  -0.0000000000   0.0000000000
   0.6699999978  -0.0000000000  -0.0000000000  -0.0000000000
   0.6749999977  -0.0000000000  -0.0000000000  -0.0000000000
   0.6799999977  -0.0000000000  -0.0000000000  -0.0000000000
   0.6849999977  -0.0000000000  -0.0000000000  -0.0000000000
   0.6899999977  -0.0000000000  -0.0000000000  -0.0000000000
   0.6949999977  -0.0000000000  -0.0000000000  -0.0000000000
   0.6999999976  -0.0000000000  -0.0000000000  -0.0000000000
   0.7049999976  -0.0000000000  -0.0000000000  -0.0000000000
   0.7099999976  -0.0000000000   0.0000000000  -0.0000000000
   0.7149999976  -0.0000000000   0.0000000000  -0.0000000000
   0.7199999976   0.0000000000   0.0000000000   0.0000000000
   0.7249999976   0.0000000000   0.0000000000   0.0000000000
   0.7299999975   0.0000000000   0.0000000000   0.0000000000
   0.7349999975   0.0000000000   0.0000000000   0.0000000000
   0.7399999975   0.0000000000   0.0000000000   0.0000000000
   0.7449999975   0.0000000000   0.0000000000   0.0000000000
   0.7499999975   0.0000000000   0.0000000000   0.0000000000
   0.7549999975   0.0000000000   0.0000000000   0.0000000000
   0.7599999974   0.0000000000   0.0000000000   0.0000000000
   0.7649999974   0.0000000000   0.0000000000   0.0000000000
   0.7699999974   0.0000000000   0.0000000000   0.0000000000
   0.7749999974   0.0000000000   0.0000000000   0.0000000000
   0.7799999974   0.0000000000   0.0000000000   0.0000000000
   0.7849999974   0.0000000000   0.0000000000   0.0000000000
   0.7899999973   0.0000000000   0.0000000000   0.0000000000
   0.7949999973   0.0000000000   0.0000000000   0.0000000000
   0.7999999973   0.0000000000   0.0000000000   0.0000000000
   0.8049999973   0.0000000000   0.0000000000   0.0000000000
   0.8099999973   0.0000000000   0.0000000000   0.0000000000
   0.8149999973   0.0000000000   0.0000000000   0.0000000000
   0.8199999972   0.0000000000   0.0000000000   0.0000000000
   0.8249999972   0.0000000000   0.0000000000   0.0000000000
   0.8299999972   0.0000000000   0.0000000000   0.0000000000
   0.8349999972   0.0000000000   0.0000000000   0.0000000000
   0.8399999972   0.0000000000   0.0000000000   0.0000000000
   0.8449999972   0.0000000000   0.0000000000   0.0000000000
   0.8499999971   0.0000000000   0.0000000000   0.0000000000
   0.8549999971   0.0000000000   0.0000000000   0.0000000000
   0.8599999971   0.0000000000   0.0000000000   0.0000000000
   0.8649999971   0.0000000000   0.0000000000   0.0000000000
   0.8699999971   0.0000000000   0.0000000000   0.0000000000
   0.8749999971   0.0000000000   0.0000000000   0.0000000000
   0.8799999970   0.0000000000   0.0000000000   0.0000000000
   0.8849999970   0.0000000000   0.0000000000   0.0000000000
   0.8899999970   0.0000000000   0.0000000000   0.0000000000
   0.8949999970   0.0000000000   0.0000000000   0.0000000000
   0.8999999970   0.0000000000   0.0000000000   0.0000000000
   0.9049999970   0.0000000000   0.0000000000   0.0000000000
   0.9099999969   0.0000000000   0.0000000000   0.0000000000
   0.9149999969   0.0000000000   0.0000000000   0.0000000000
   0.9199999969   0.0000000000   0.0000000000   0.0000000000
   0.9249999969   0.0000000000   0.0000000000   0.0000000000
   0.9299999969   0.0000000000   0.0000000000   0.0000000000
   0.9349999969   0.0000000000   0.0000000000   0.0000000000
   0.9399999968   0.0000000000   0.0000000000   0.0000000000
   0.9449999968   0.0000000000   0.0000000000   0.0000000000
   0.9499999968   0.0000000000   0.0000000000   0.0000000000
   0.9549999968   0.0000000000   0.0000000000   0.0000000000
   0.9599999968   0.0000000000   0.0000000000   0.0000000000
   0.9649999968   0.0000000000   0.0000000000   0.0000000000
   0.9699999967   0.0000000000   0.0000000000   0.0000000000
   0.9749999967   0.0000000000   0.0000000000   0.0000000000
   0.9799999967   0.0000000000   0.0000000000   0.0000000000
   0.9849999967   0.0000000000   0.0000000000   0.0000000000
   0.9899999967   0.0000000000   0.0000000000   0.0000000000
   0.9949999967   0.0000000000   0.0000000000   0.0000000000
   0.9999999966   0.0000000000   0.0000000000   0.0000000000
   1.0049999966   0.0000000000   0.0000000000   0.0000000000
   1.0099999966   0.0000000000   0.0000000000   0.0000000000
   1.0149999966   0.0000000000   0.0000000000   0.0000000000
   1.0199999966   0.0000000000   0.0000000000   0.0000000000
   1.0249999966   0.0000000000   0.0000000000   0.0000000000
   1.0299999965   0.0000000000   0.0000000000   0.0000000000
   1.0349999965   0.0000000000   0.0000000000   0.0000000000
   1.0399999965   0.0000000000   0.0000000000   0.0000000000
   1.0449999965   0.0000000000   0.0000000000   0.0000000000
   1.0499999965   0.0000000000   0.0000000000   0.0000000000
   1.0549999965   0.0000000000   0.0000000000   0.0000000000
   1.0599999964   0.0000000000   0.0000000000   0.0000000000
   1.0649999964   0.0000000000  -0.0000000000  -0.0000000000
   1.0699999964  -0.0000000000  -0.0000000000  -0.0000000000
   1.0749999964  -0.0000000000  -0.0000000000  -0.0000000000
   1.0799999964  -0.0000000000  -0.0000000000  -0.0000000000
   1.0849999964  -0.0000000000  -0.0000000000  -0.0000000000
   1.0899999963  -0.0000000000  -0.0000000000  -0.0000000000
   1.0949999963  -0.0000000000  -0.0000000000  -0.0000000000
   1.0999999963  -0.0000000000  -0.0000000000  -0.0000000000
   1.1049999963  -0.0000000000  -0.0000000000  -0.0000000000
   1.1099999963  -0.0000000000  -0.0000000000  -0.0000000000
   1.1149999963  -0.0000000000  -0.0000000000  -0.0000000000
   1.1199999962  -0.0000000000  -0.0000000000  -0.0000000000
   1.1249999962  -0.0000000000  -0.0000000000  -0.0000000000
   1.1299999962  -0.0000000000  -0.0000000000  -0.0000000000
   1.1349999962  -0.0000000000  -0.0000000000  -0.0000000000
   1.1399999962   0.0000000000   0.0000000000   0.0000000000
   1.1449999962   0.0000000000   0.0000000000   0.0000000000
   1.1499999961   0.0000000000   0.0000000000   0.0000000000
   1.1549999961   0.0000000000   0.0000000000   0.0000000000
   1.1599999961   0.0000000000   0.0000000000   0.0000000000
   1.1649999961   0.0000000000   0.0000000000   0.0000000000
   1.1699999961   0.0000000000   0.0000000000   0.0000000000
   1.1749999961   0.0000000000   0.0000000000   0.0000000000
   1.1799999960   0.0000000000   0.0000000000   0.0000000000
   1.1849999960   0.0000000000   0.0000000000   0.0000000000
   1.1899999960   0.0000000000   0.0000000000   0.0000000000
   1.1949999960   0.0000000000   0.0000000000   0.0000000000
   1.1999999960   0.0000000000   0.0000000000  -0.0000000000
   1.2049999960  -0.0000000000  -0.0000000000  -0.0000000000
   1.2099999959  -0.0000000000  -0.0000000000  -0.0000000000
   1.2149999959  -0.0000000000  -0.0000000000  -0.0000000000
   1.2199999959  -0.0000000000  -0.0000000000  -0.0000000000
   1.2249999959  -0.0000000000  -0.0000000000  -0.0000000000
   1.2299999959  -0.0000000000  -0.0000000000  -0.0000000000
   1.2349999959  -0.0000000000  -0.0000000000  -0.0000000000
   1.2399999958  -0.0000000000  -0.0000000000  -0.0000000000
   1.2449999958  -0.0000000000  -0.0000000000  -0.0000000000
   1.2499999958  -0.0000000000  -0.0000000000  -0.0000000000
   1.2549999958  -0.0000000000  -0.0000000000  -0.0000000000
   1.2599999958  -0.0000000000  -0.0000000000   0.0000000000
   1.2649999958   0.0000000000   0.0000000000   0.0000000000
   1.2699999957   0.0000000000   0.0000000000   0.0000000000
   1.2749999957   0.0000000000   0.0000000000   0.0000000000
   1.2799999957   0.0000000000   0.0000000000   0.0000000000
   1.2849999957   0.0000000000   0.0000000000   0.0000000000
   1.2899999957   0.0000000000   0.0000000000   0.0000000000
   1.2949999957   0.0000000000   0.0000000000   0.0000000000
   1.2999999956   0.0000000000   0.0000000000   0.0000000000
   1.3049999956   0.0000000000   0.0000000000   0.0000000000
   1.3099999956   0.0000000000   0.0000000000   0.0000000000
   1.3149999956  -0.0000000000  -0.0000000000  -0.0000000000
   1.3199999956  -0.0000000000  -0.0000000000  -0.0000000000
   1.3249999956  -0.0000000000  -0.0000000000  -0.0000000000
   1.3299999955  -0.0000000000  -0.0000000000  -0.0000000000
   1.3349999955  -0.0000000000  -0.0000000000  -0.0000000000
   1.3399999955  -0.0000000000  -0.0000000000  -0.0000000000
   1.3449999955  -0.0000000000  -0.0000000000  -0.0000000000
   1.3499999955  -0.0000000000  -0.0000000000  -0.0000000000
   1.3549999954  -0.0000000000  -0.0000000000  -0.0000000000
   1.3599999954  -0.0000000000  -0.0000000000  -0.0000000000
   1.3649999954   0.0000000000  -0.0000000000   0.0000000000
   1.3699999954   0.0000000000   0.0000000000   0.0000000000
   1.3749999954   0.0000000000   0.0000000000   0.0000000000
   1.3799999954   0.0000000000   0.0000000000   0.0000000000
   1.3849999953   0.0000000000   0.0000000000   0.0000000000
   1.3899999953   0.0000000000   0.0000000000   0.0000000000
   1.3949999953   0.0000000000   0.0000000000   0.0000000000
   1.3999999953   0.0000000000   0.0000000000   0.0000000000
   1.4049999953   0.0000000000   0.0000000000   0.0000000000
   1.4099999953   0.0000000000   0.0000000000   0.0000000000
   1.4149999952  -0.0000000000  -0.0000000000  -0.0000000000
   1.4199999952  -0.0000000000  -0.0000000000  -0.0000000000
   1.4249999952  -0.0000000000  -0.0000000000  -0.0000000000
   1.4299999952  -0.0000000000  -0.0000000000  -0.0000000000
   1.4349999952  -0.0000000000  -0.0000000000  -0.0000000000
   1.4399999952  -0.0000000000  -0.0000000000  -0.0000000000
   1.4449999951  -0.0000000000  -0.0000000000  -0.0000000000
   1.4499999951  -0.0000000000  -0.0000000000  -0.0000000000
   1.4549999951  -0.0000000000  -0.0000000000  -0.0000000000
   1.4599999951  -0.0000000000  -0.0000000000   0.0000000000
   1.4649999951   0.0000000000   0.0000000000   0.0000000000
   1.4699999951   0.0000000000   0.0000000000   0.0000000000
   1.4749999950   0.0000000000   0.0000000000   0.0000000000
   1.4799999950   0.0000000000   0.0000000000   0.0000000000
   1.4849999950   0.0000000000   0.0000000000   0.0000000000
   1.4899999950   0.0000000000   0.0000000000   0.0000000000
   1.4949999950   0.0000000000   0.0000000000   0.0000000000
   1.4999999950   0.0000000000   0.0000000000   0.0000000000
   1.5049999949   0.0000000000   0.0000000000  -0.0000000000
   1.5099999949  -0.0000000000  -0.0000000000  -0.0000000000
   1.5149999949  -0.0000000000  -0.0000000000  -0.0000000000
   1.5199999949  -0.0000000000  -0.0000000000  -0.0000000000
   1.5249999949  -0.0000000000  -0.0000000000  -0.0000000000
   1.5299999949  -0.0000000000  -0.0000000000  -0.0000000000
   1.5349999948  -0.0000000000  -0.0000000000  -0.0000000000
   1.5399999948  -0.0000000000  -0.0000000000  -0.0000000000
   1.5449999948  -0.0000000000  -0.0000000000  -0.0000000000
   1.5499999948  -0.0000000000  -0.0000000000  -0.0000000000
   1.5549999948  -0.0000000000  -0.0000000000   0.0000000000
   1.5599999948  -0.0000000000  -0.0000000000   0.0000000000
   1.5649999947  -0.0000000000  -0.0000000000   0.0000000000
   1.5699999947  -0.0000000000  -0.0000000000  -0.0000000000
   1.5749999947  -0.0000000000  -0.0000000000  -0.0000000000
   1.5799999947  -0.0000000000  -0.0000000000  -0.0000000000
   1.5849999947  -0.0000000000  -0.0000000000  -0.0000000000
   1.5899999947  -0.0000000000  -0.0000000000  -0.0000000000
   1.5949999946  -0.0000000000  -0.0000000000  -0.0000000000
   1.5999999946  -0.0000000000  -0.0000000000  -0.0000000000
   1.6049999946  -0.0000000000  -0.0000000000  -0.0000000000
   1.6099999946  -0.0000000000  -0.0000000000  -0.0000000000
   1.6149999946   0.0000000000   0.0000000000   0.0000000000
   1.6199999946   0.0000000000   0.0000000000   0.0000000000
   1.6249999945   0.0000000000   0.0000000000   0.0000000000
   1.6299999945   0.0000000000   0.0000000000   0.0000000000
   1.6349999945   0.0000000000   0.0000000000   0.0000000000
   1.6399999945   0.0000000000   0.0000000000   0.0000000000
   1.6449999945   0.0000000000   0.0000000000   0.0000000000
   1.6499999945   0.0000000000   0.0000000000   0.0000000000
   1.6549999944   0.0000000000   0.0000000000   0.0000000000
   1.6599999944   0.0000000000   0.0000000000   0.0000000000
   1.6649999944   0.0000000000   0.0000000000   0.0000000000
   1.6699999944  -0.0000000000  -0.0000000000  -0.0000000000
   1.6749999944  -0.0000000000  -0.0000000000  -0.0000000000
   1.6799999944  -0.0000000000  -0.0000000000  -0.0000000000
   1.6849999943  -0.0000000000  -0.0000000000  -0.0000000000
   1.6899999943  -0.0000000000  -0.0000000000  -0.0000000000
   1.6949999943  -0.0000000000  -0.0000000000  -0.0000000000
   1.6999999943  -0.0000000000  -0.0000000000  -0.0000000000
   1.7049999943  -0.0000000000  -0.0000000000  -0.0000000000
   1.7099999943  -0.0000000000  -0.0000000000  -0.0000000000
   1.7149999942  -0.0000000000  -0.0000000000  -0.0000000000
   1.7199999942  -0.0000000000  -0.0000000000  -0.0000000000
   1.7249999942   0.0000000000   0.0000000000   0.0000000000
   1.7299999942   0.0000000000   0.0000000000   0.0000000000
   1.7349999942   0.0000000000   0.0000000000   0.0000000000
   1.7399999942   0.0000000000   0.0000000000   0.0000000000
   1.7449999941   0.0000000000   0.0000000000   0.0000000000
   1.7499999941   0.0000000000   0.0000000000   0.0000000000
   1.7549999941   0.0000000000   0.0000000000   0.0000000000
   1.7599999941   0.0000000000   0.0000000000   0.0000000000
   1.7649999941   0.0000000000   0.0000000000   0.0000000000
   1.7699999941   0.0000000000   0.0000000000   0.0000000000
   1.7749999940   0.0000000000   0.0000000000  -0.0000000000
   1.7799999940  -0.0000000000  -0.0000000000  -0.0000000000
   1.7849999940  -0.0000000000  -0.0000000000  -0.0000000000
   1.7899999940  -0.0000000000  -0.0000000000  -0.0000000000
   1.7949999940  -0.0000000000  -0.0000000000  -0.0000000000
   1.7999999940  -0.0000000000  -0.0000000000  -0.0000000000
   1.8049999939  -0.0000000000  -0.0000000000  -0.0000000000
   1.8099999939  -0.0000000000  -0.0000000000  -0.0000000000
   1.8149999939  -0.0000000000  -0.0000000000  -0.0000000000
   1.8199999939  -0.0000000000  -0.0000000000  -0.0000000000
   1.8249999939  -0.0000000000  -0.0000000000   0.0000000000
   1.8299999939   0.0000000000   0.0000000000   0.0000000000
   1.8349999938   0.0000000000   0.0000000000   0.0000000000
   1.8399999938   0.0000000001   0.0000000000   0.0000000001
   1.8449999938   0.0000000001   0.0000000000   0.0000000001
   1.8499999938   0.0000000001   0.0000000000   0.0000000001
   1.8549999938   0.0000000001   0.0000000000   0.0000000001
   1.8599999938   0.0000000001   0.0000000000   0.0000000000
   1.8649999937   0.0000000000   0.0000000000   0.0000000000
   1.8699999937   0.0000000000   0.0000000000  -0.0000000000
   1.8749999937  -0.0000000000  -0.0000000000  -0.0000000000
   1.8799999937  -0.0000000001  -0.0000000000  -0.0000000001
   1.8849999937  -0.0000000001  -0.0000000000  -0.0000000001
   1.8899999937  -0.0000000001  -0.0000000001  -0.0000000001
   1.8949999936  -0.0000000001  -0.0000000001  -0.0000000001
   1.8999999936  -0.0000000001  -0.0000000001  -0.0000000001
   1.9049999936  -0.0000000001  -0.0000000000  -0.0000000000
   1.9099999936  -0.0000000000  -0.0000000000   0.0000000000
   1.9149999936   0.0000000000  -0.0000000000   0.0000000000
   1.9199999936   0.0000000001   0.0000000000   0.0000000001
   1.9249999935   0.0000000001   0.0000000000   0.0000000001
   1.9299999935   0.0000000001   0.0000000001   0.0000000001
   1.9349999935   0.0000000001   0.0000000001   0.0000000001
   1.9399999935   0.0000000001   0.0000000001   0.0000000001
   1.9449999935   0.0000000001   0.0000000000   0.0000000000
   1.9499999935   0.0000000000   0.0000000000  -0.0000000000
   1.9549999934  -0.0000000000   0.0000000000  -0.0000000001
   1.9599999934  -0.0000000001  -0.0000000000  -0.0000000001
   1.9649999934  -0.0000000001  -0.0000000001  -0.0000000001
   1.9699999934  -0.0000000002  -0.0000000001  -0.0000000001
   1.9749999934  -0.0000000001  -0.0000000001  -0.0000000001
   1.9799999934  -0.0000000001  -0.0000000001  -0.0000000000
   1.9849999933  -0.0000000000  -0.0000000000   0.0000000000
   1.9899999933   0.0000000000  -0.0000000000   0.0000000001
   1.9949999933   0.0000000001   0.0000000000   0.0000000001
   1.9999999933   0.0000000001   0.0000000001   0.0000000001
   2.0049999933   0.0000000002   0.0000000001   0.0000000001
   2.0099999933   0.0000000002   0.0000000001   0.0000000001
   2.0149999932   0.0000000002   0.0000000001   0.0000000001
   2.0199999932   0.0000000001   0.0000000001   0.0000000000
   2.0249999932   0.0000000000   0.0000000000  -0.0000000000
   2.0299999932  -0.0000000001   0.0000000000  -0.0000000001
   2.0349999932  -0.0000000001  -0.0000000000  -0.0000000001
   2.0399999931  -0.0000000002  -0.0000000001  -0.0000000002
   2.0449999931  -0.0000000002  -0.0000000001  -0.0000000001
   2.0499999931  -0.0000000002  -0.0000000001  -0.0000000001
   2.0549999931  -0.0000000001  -0.0000000001  -0.0000000001
   2.0599999931  -0.0000000000  -0.0000000001  -0.0000000000
   2.0649999931   0.0000000000  -0.0000000000   0.0000000000
   2.0699999930   0.0000000001  -0.0000000000   0.0000000001
   2.0749999930   0.0000000001   0.0000000000   0.0000000001
   2.0799999930   0.0000000001   0.0000000001   0.0000000001
   2.0849999930   0.0000000001   0.0000000001   0.0000000001
   2.0899999930   0.0000000001   0.0000000001   0.0000000001
   2.0949999930   0.0000000000   0.0000000001   0.0000000000
   2.0999999929  -0.0000000001   0.0000000001   0.0000000000
   2.1049999929  -0.0000000002   0.0000000001   0.0000000000
   2.1099999929  -0.0000000002   0.0000000001  -0.0000000000
   2.1149999929  -0.0000000002   0.0000000000   0.0000000000
   2.1199999929  -0.0000000002   0.0000000000   0.0000000000
   2.1249999929  -0.0000000002   0.0000000000  -0.0000000000
   2.1299999928  -0.0000000001  -0.0000000000  -0.0000000000
   2.1349999928   0.0000000000  -0.0000000001  -0.0000000001
   2.1399999928   0.0000000001  -0.0000000001  -0.0000000002
   2.1449999928   0.0000000002  -0.0000000002  -0.0000000003
   2.1499999928   0.0000000003  -0.0000000002  -0.0000000003
   2.1549999928   0.0000000005  -0.0000000003  -0.0000000004
   2.1599999927   0.0000000005  -0.0000000003  -0.0000000003
   2.1649999927   0.0000000006  -0.0000000003  -0.0000000002
   2.1699999927   0.0000000006  -0.0000000002  -0.0000000001
   2.1749999927   0.0000000006  -0.0000000001   0.0000000001
   2.1799999927   0.0000000005  -0.0000000000   0.0000000003
   2.1849999927   0.0000000003   0.0000000001   0.0000000005
   2.1899999926  -0.0000000000   0.0000000003   0.0000000006
   2.1949999926  -0.0000000004   0.0000000004   0.0000000007
   2.1999999926  -0.0000000009   0.0000000005   0.0000000007
   2.2049999926  -0.0000000014   0.0000000006   0.0000000006
   2.2099999926  -0.0000000018   0.0000000005   0.0000000003
   2.2149999926  -0.0000000022   0.0000000005   0.0000000000
   2.2199999925  -0.0000000024   0.0000000003  -0.0000000004
   2.2249999925  -0.0000000025   0.0000000001  -0.0000000008
   2.2299999925  -0.0000000023  -0.0000000002  -0.0000000013
   2.2349999925  -0.0000000021  -0.0000000006  -0.0000000019
   2.2399999925  -0.0000000017  -0.0000000010  -0.0000000025
   2.2449999925  -0.0000000014  -0.0000000014  -0.0000000032
   2.2499999924  -0.0000000011  -0.0000000020  -0.0000000038
   2.2549999924  -0.0000000011  -0.0000000025  -0.0000000045
   2.2599999924  -0.0000000013  -0.0000000031  -0.0000000051
   2.2649999924  -0.0000000017  -0.0000000036  -0.0000000054
   2.2699999924  -0.0000000024  -0.0000000040  -0.0000000054
   2.2749999924  -0.0000000031  -0.0000000042  -0.0000000050
   2.2799999923  -0.0000000037  -0.0000000041  -0.0000000041
   2.2849999923  -0.0000000041  -0.0000000037  -0.0000000027
   2.2899999923  -0.0000000039  -0.0000000028  -0.0000000008
   2.2949999923  -0.0000000031  -0.0000000015   0.0000000014
   2.2999999923  -0.0000000016   0.0000000002   0.0000000036
   2.3049999923   0.0000000008   0.0000000025   0.0000000055
   2.3099999922   0.0000000040   0.0000000050   0.0000000070
   2.3149999922   0.0000000080   0.0000000079   0.0000000078
   2.3199999922   0.0000000123   0.0000000108   0.0000000079
   2.3249999922   0.0000000167   0.0000000137   0.0000000075
   2.3299999922   0.0000000205   0.0000000160   0.0000000071
   2.3349999922   0.0000000231   0.0000000176   0.0000000076
   2.3399999921   0.0000000236   0.0000000178   0.0000000098
   2.3449999921   0.0000000210   0.0000000163   0.0000000148
   2.3499999921   0.0000000144   0.0000000124   0.0000000239
   2.3549999921   0.0000000028   0.0000000056   0.0000000377
   2.3599999921  -0.0000000140  -0.0000000045   0.0000000567
   2.3649999921  -0.0000000360  -0.0000000178   0.0000000802
   2.3699999920  -0.0000000621  -0.0000000339   0.0000001068
   2.3749999920  -0.0000000900  -0.0000000519   0.0000001335
   2.3799999920  -0.0000001162  -0.0000000697   0.0000001559
   2.3849999920  -0.0000001359  -0.0000000848   0.0000001683
   2.3899999920  -0.0000001432  -0.0000000937   0.0000001637
   2.3949999920  -0.0000001316  -0.0000000923   0.0000001346
   2.3999999919  -0.0000000945  -0.0000000764   0.0000000738
   2.4049999919  -0.0000000270  -0.0000000422  -0.0000000246
   2.4099999919   0.0000000740   0.0000000131  -0.0000001635
   2.4149999919   0.0000002075   0.0000000903  -0.0000003412
   2.4199999919   0.0000003680   0.0000001872  -0.0000005503
   2.4249999919   0.0000005441   0.0000002986  -0.0000007762
   2.4299999918   0.0000007186   0.0000004149  -0.0000009963
   2.4349999918   0.0000008684   0.0000005228  -0.0000011808
   2.4399999918   0.0000009665   0.0000006055  -0.0000012940
   2.4449999918   0.0000009834   0.0000006437  -0.0000012971
   2.4499999918   0.0000008910   0.0000006175  -0.0000011521
   2.4549999918   0.0000006658   0.0000005089  -0.0000008270
   2.4599999917   0.0000002931   0.0000003039  -0.0000003015
   2.4649999917  -0.0000002284  -0.0000000040   0.0000004271
   2.4699999917  -0.0000008841  -0.0000004114   0.0000013398
   2.4749999917  -0.0000016405  -0.0000009031   0.0000023922
   2.4799999917  -0.0000024460  -0.0000014507   0.0000035144
   2.4849999917  -0.0000032322  -0.0000020134   0.0000046140
   2.4899999916  -0.0000039191  -0.0000025399   0.0000055819
   2.4949999916  -0.0000044216  -0.0000029722   0.0000063022
   2.4999999916  -0.0000046593  -0.0000032508   0.0000066649
   2.5049999916  -0.0000045657  -0.0000033217   0.0000065789
   2.5099999916  -0.0000040991  -0.0000031435   0.0000059864
   2.5149999916  -0.0000032508  -0.0000026942   0.0000048744
   2.5199999915  -0.0000020512  -0.0000019768   0.0000032827
   2.5249999915  -0.0000005715  -0.0000010232   0.0000013059
   2.5299999915   0.0000010793   0.0000001060  -0.0000009102
   2.5349999915   0.0000027628   0.0000013241  -0.0000031804
   2.5399999915   0.0000043243   0.0000025256  -0.0000052973
   2.5449999915   0.0000056095   0.0000035962  -0.0000070538
   2.5499999914   0.0000064832   0.0000044250  -0.0000082675
   2.5549999914   0.0000068467   0.0000049184  -0.0000088044
   2.5599999914   0.0000066525   0.0000050124  -0.0000085984
   2.5649999914   0.0000059130   0.0000046826  -0.0000076632
   2.5699999914   0.0000047016   0.0000039505  -0.0000060944
   2.5749999914   0.0000031457   0.0000028832  -0.0000040606
   2.5799999913   0.0000014112   0.0000015885  -0.0000017843
   2.5849999913  -0.0000003191   0.0000002035   0.0000004870
   2.5899999913  -0.0000018710  -0.0000011215   0.0000025138
   2.5949999913  -0.0000031048  -0.0000022404   0.0000040988
   2.5999999913  -0.0000039369  -0.0000030303   0.0000051164
   2.6049999913  -0.0000043545  -0.0000034070   0.0000055327
   2.6099999912  -0.0000044196  -0.0000033354   0.0000054128
   2.6149999912  -0.0000042622  -0.0000028332   0.0000049118
   2.6199999912  -0.0000040612  -0.0000019675   0.0000042526
   2.6249999912  -0.0000040174  -0.0000008432   0.0000036905
   2.6299999912  -0.0000043206   0.0000004137   0.0000034710
   2.6349999912  -0.0000051162   0.0000016760   0.0000037882
   2.6399999911  -0.0000064769   0.0000028353   0.0000047482
   2.6449999911  -0.0000083837   0.0000038177   0.0000063471
   2.6499999911  -0.0000107202   0.0000045942   0.0000084662
   2.6549999911  -0.0000132819   0.0000051812   0.0000108860
   2.6599999911  -0.0000157992   0.0000056333   0.0000133189
   2.6649999911  -0.0000179731   0.0000060280   0.0000154540
   2.6699999910  -0.0000195180   0.0000064453   0.0000170075
   2.6749999910  -0.0000202055   0.0000069466   0.0000177681
   2.6799999910  -0.0000199048   0.0000075571   0.0000176298
   2.6849999910  -0.0000186117   0.0000082548   0.0000166041
   2.6899999910  -0.0000164637   0.0000089716   0.0000148082
   2.6949999909  -0.0000137367   0.0000096048   0.0000124305
   2.6999999909  -0.0000108223   0.0000100385   0.0000096798
   2.7049999909  -0.0000081876   0.0000101728   0.0000067295
   2.7099999909  -0.0000063174   0.0000099509   0.0000036697
   2.7149999909  -0.0000056439   0.0000093805   0.0000004836
   2.7199999909  -0.0000064679   0.0000085401  -0.0000029411
   2.7249999908  -0.0000088758   0.0000075641  -0.0000067579
   2.7299999908  -0.0000126612   0.0000066058  -0.0000110652
   2.7349999908  -0.0000172579   0.0000057781  -0.0000157800
   2.7399999908  -0.0000216973   0.0000050803  -0.0000205011
   2.7449999908  -0.0000246032   0.0000043246  -0.0000243943
   2.7499999908  -0.0000242419   0.0000030778  -0.0000261344
   2.7549999907  -0.0000186458   0.0000006415  -0.0000239426
   2.7599999907  -0.0000058268  -0.0000039111  -0.0000157520
   2.7649999907   0.0000159065  -0.0000116222   0.0000004757
   2.7699999907   0.0000475256  -0.0000234505   0.0000262798
   2.7749999907   0.0000887647  -0.0000399880   0.0000620945
   2.7799999907   0.0001375388  -0.0000611054   0.0001065526
   2.7849999906   0.0001893503  -0.0000855570   0.0001557721
   2.7899999906   0.0002367588  -0.0001105897   0.0002027198
   2.7949999906   0.0002690047  -0.0001316151   0.0002367636
   2.7999999906   0.0002718910  -0.0001420074   0.0002435280
   2.8049999906   0.0002280212  -0.0001330960   0.0002051563
   2.8099999906   0.0001174737  -0.0000944065   0.0001010562
   2.8149999905  -0.0000810404  -0.0000141911  -0.0000908390
   2.8199999905  -0.0003885449   0.0001197449  -0.0003923182
   2.8249999905  -0.0008237615   0.0003189436  -0.0008227410
   2.8299999905  -0.0014008095   0.0005929895  -0.0013966484
   2.8349999905  -0.0021268485   0.0009481037  -0.0021213543
   2.8399999905  -0.0029999209   0.0013857770  -0.0029947837
   2.8449999904  -0.0040072752   0.0019016023  -0.0040038368
   2.8499999904  -0.0051244459   0.0024844718  -0.0051235454
   2.8549999904  -0.0063153122   0.0031162908  -0.0063172301
   2.8599999904  -0.0075332789   0.0037723189  -0.0075377818
   2.8649999904  -0.0087235993   0.0044221952  -0.0087300707
   2.8699999904  -0.0098267258   0.0050316291  -0.0098343546
   2.8749999903  -0.0107824359   0.0055646572  -0.0107904233
   2.8799999903  -0.0115343572   0.0059862899  -0.0115421049
   2.8849999903  -0.0120344358   0.0062653064  -0.0120416799
   2.8899999903  -0.0122468592   0.0063769151  -0.0122537291
   2.8949999903  -0.0121509858   0.0063049898  -0.0121579788
   2.8999999903  -0.0117429259   0.0060436232  -0.0117508061
   2.9049999902  -0.0110355810   0.0055978005  -0.0110452212
   2.9099999902  -0.0100571329   0.0049830979  -0.0100693302
   2.9149999902  -0.0088481807   0.0042244208  -0.0088634772
   2.9199999902  -0.0074578994   0.0033539187  -0.0074764392
   2.9249999902  -0.0059397273   0.0024083168  -0.0059611731
   2.9299999902  -0.0043471453   0.0014259797  -0.0043706671
   2.9349999901  -0.0027300839   0.0004440562  -0.0027544220
   2.9399999901  -0.0011323817  -0.0005039667  -0.0011559735
   2.9449999901   0.0004094633  -0.0013900351   0.0003883115
   2.9499999901   0.0018662279  -0.0021924683   0.0018491490
   2.9549999901   0.0032147918  -0.0028960403   0.0032031717
   2.9599999901   0.0044362547  -0.0034913093   0.0044310774
   2.9649999900   0.0055138637  -0.0039734161   0.0055156053
   2.9699999900   0.0064312937  -0.0043406494   0.0064398791
   2.9749999900   0.0071717531  -0.0045930966   0.0071865762
   2.9799999900   0.0077182146  -0.0047316673   0.0077382181
   2.9849999900   0.0080548408  -0.0047576859   0.0080786424
   2.9899999900   0.0081694182  -0.0046731278   0.0081954637
   2.9949999899   0.0080563768  -0.0044814296   0.0080831006
   2.9999999899   0.0077198130  -0.0041886746   0.0077457827
   3.0049999899   0.0071758676  -0.0038048593   0.0071998959
   3.0099999899   0.0064538707  -0.0033449035   0.0064750818
   3.0149999899   0.0055958389  -0.0028290927   0.0056136833
   3.0199999899   0.0046541669  -0.0022827237   0.0046683886
   3.0249999898   0.0036876628  -0.0017348605   0.0036982301
   3.0299999898   0.0027563692  -0.0012162667   0.0027633852
   3.0349999898   0.0019158412  -0.0007567378   0.0019194548
   3.0399999898   0.0012116778  -0.0003821813   0.0012120141
   3.0449999898   0.0006750927  -0.0001118630   0.0006722191
   3.0499999898   0.0003201712   0.0000437638   0.0003141052
   3.0549999897   0.0001432080   0.0000842996   0.0001339661
   3.0599999897   0.0001242051   0.0000194946   0.0001118804
   3.0649999897   0.0002302805  -0.0001318461   0.0002151306
   3.0699999897   0.0004204587  -0.0003440185   0.0004029797
   3.0749999897   0.0006511215  -0.0005873489   0.0006320880
   3.0799999897   0.0008813376  -0.0008315030   0.0008617899
   3.0849999896   0.0010773473  -0.0010487331   0.0010585220
   3.0899999896   0.0012156591  -0.0012166517   0.0011988673
   3.0949999896   0.0012844616  -0.0013202023   0.0012709344
   3.0999999896   0.0012833344  -0.0013526325   0.0012740623
   3.1049999896   0.0012214969  -0.0013154243   0.0012170933
   3.1099999896   0.0011150218  -0.0012172840   0.0011156403
   3.1149999895   0.0009835425  -0.0010724065   0.0009888664
   3.1199999895   0.0008469869  -0.0008983061   0.0008562973
   3.1249999895   0.0007227852  -0.0007135257   0.0007350971
   3.1299999895   0.0006238611  -0.0005355095   0.0006381040
   3.1349999895   0.0005575511  -0.0003788689   0.0005727577
   3.1399999895   0.0005254372  -0.0002541842   0.0005409047
   3.1449999894   0.0005239598  -0.0001674024   0.0005393487
   3.1499999894   0.0005455978  -0.0001198122   0.0005609486
   3.1549999894   0.0005803804  -0.0001085194   0.0005960425
   3.1599999894   0.0006175021  -0.0001273055   0.0006339904
   3.1649999894   0.0006468481  -0.0001677317   0.0006646570
   3.1699999894   0.0006602813  -0.0002203487   0.0006796951
   3.1749999893   0.0006525762  -0.0002758757   0.0006735189
   3.1799999893   0.0006219235  -0.0003262268   0.0006438816
   3.1849999893   0.0005699565  -0.0003652809   0.0005919931
   3.1899999893   0.0005012855  -0.0003893195   0.0005221472
   3.1949999893   0.0004225742  -0.0003970900   0.0004408695
   3.1999999893   0.0003412506  -0.0003894962   0.0003556649
   3.2049999892   0.0002640132  -0.0003689702   0.0002735152
   3.2099999892   0.0001953507  -0.0003386259   0.0001993484
   3.2149999892   0.0001363337  -0.0003013411   0.0001347450
   3.2199999892   0.0000839248  -0.0002589327   0.0000771499
   3.2249999892   0.0000309972  -0.0002115880   0.0000197972
   3.2299999892  -0.0000328596  -0.0001576731  -0.0000475509
   3.2349999891  -0.0001198189  -0.0000939776  -0.0001371089
   3.2399999891  -0.0002418017  -0.0000163656  -0.0002610318
   3.2449999891  -0.0004083167   0.0000792799  -0.0004291900
   3.2499999891  -0.0006245676   0.0001960050  -0.0006471818
   3.2549999891  -0.0008902134   0.0003348441  -0.0009149892
   3.2599999891  -0.0011990615   0.0004941954  -0.0012265766
   3.2649999890  -0.0015397833   0.0006696631  -0.0015705448
   3.2699999890  -0.0018975307   0.0008544175  -0.0019317286
   3.2749999890  -0.0022561237   0.0010400131  -0.0022934137
   3.2799999890  -0.0026003491   0.0012175016  -0.0026397071
   3.2849999890  -0.0029178712   0.0013786057  -0.0029575458
   3.2899999890  -0.0032003415   0.0015167036  -0.0032379157
   3.2949999889  -0.0034434802   0.0016274156  -0.0034760300
   3.2999999889  -0.0036461478   0.0017086787  -0.0036704750
   3.3049999889  -0.0038086793   0.0017603154  -0.0038215827
   3.3099999889  -0.0039309413   0.0017832302  -0.0039294933
   3.3149999889  -0.0040106539   0.0017784592  -0.0039924541
   3.3199999889  -0.0040424660   0.0017463376  -0.0040058541
   3.3249999888  -0.0040180888   0.0016860212  -0.0039623094
   3.3299999888  -0.0039275288   0.0015955103  -0.0038528503
   3.3349999888  -0.0037611736   0.0014721935  -0.0036689638
   3.3399999888  -0.0035122503   0.0013137905  -0.0034050116
   3.3449999888  -0.0031790602   0.0011194620  -0.0030604159
   3.3499999888  -0.0027664182   0.0008907987  -0.0026410403
   3.3549999887  -0.0022859048   0.0006324200  -0.0021593643
   3.3599999887  -0.0017548164   0.0003519967  -0.0016333438
   3.3649999887  -0.0011940148   0.0000596521  -0.0010841677
   3.3699999887  -0.0006251472  -0.0002331558  -0.0005334005
   3.3749999887  -0.0000678639  -0.0005150384  -0.0000001579
   3.3799999886   0.0004623423  -0.0007760614   0.0005010433
   3.3849999886   0.0009552120  -0.0010088112   0.0009612881
   3.3899999886   0.0014055262  -0.0012089206   0.0013769401
   3.3949999886   0.0018117874  -0.0013749696   0.0017481543
   3.3999999886   0.0021742062  -0.0015078302   0.0020766872
   3.4049999886   0.0024925973  -0.0016096648   0.0023636455
   3.4099999885   0.0027648011  -0.0016828637   0.0026078218
   3.4149999885   0.0029860923  -0.0017292160   0.0028050996
   3.4199999885   0.0031497592  -0.0017495296   0.0029491117
   3.4249999885   0.0032487041  -0.0017437863   0.0030329826
   3.4299999885   0.0032776251  -0.0017117623   0.0030516764
   3.4349999885   0.0032351634  -0.0016539095   0.0030042838
   3.4399999884   0.0031253923  -0.0015722148   0.0028955793
   3.4449999884   0.0029581858  -0.0014707541   0.0027363550
   3.4499999884   0.0027482952  -0.0013557379   0.0025423526
   3.4549999884   0.0025133055  -0.0012349837   0.0023319861
   3.4599999884   0.0022709393  -0.0011169051   0.0021233748
   3.4649999884   0.0020363578  -0.0010092492   0.0019313966
   3.4699999883   0.0018201093  -0.0009178849   0.0017654783
   3.4749999883   0.0016272099  -0.0008459434   0.0016286531
   3.4799999883   0.0014575389  -0.0007935239   0.0015180891
   3.4849999883   0.0013073886  -0.0007580338   0.0014269084
   3.4899999883   0.0011717028  -0.0007350716   0.0013467834
   3.4949999883   0.0010463699  -0.0007196168   0.0012706027
   3.4999999882   0.0009299328  -0.0007072228   0.0011944961
   3.5049999882   0.0008242585  -0.0006949083   0.0011186974
   3.5099999882   0.0007340077  -0.0006815373   0.0010470569
   3.5149999882   0.0006650866  -0.0006676187   0.0009853952
   3.5199999882   0.0006225540  -0.0006546194   0.0009392101
   3.5249999882   0.0006086085  -0.0006440184   0.0009114316
   3.5299999881   0.0006212602  -0.0006363955   0.0009008995
   3.5349999881   0.0006540994  -0.0006308371   0.0009020297
   3.5399999881   0.0006972657  -0.0006248427   0.0009057996
   3.5449999881   0.0007393850  -0.0006147748   0.0009018008
   3.5499999881   0.0007699646  -0.0005967323   0.0008808047
   3.5549999881   0.0007816100  -0.0005676084   0.0008371311
   3.5599999880   0.0007714674  -0.0005260322   0.0007701577
   3.5649999880   0.0007415136  -0.0004729246   0.0006845421
   3.5699999880   0.0006976255  -0.0004115001   0.0005890822
   3.5749999880   0.0006477004  -0.0003466966   0.0004945157
   3.5799999880   0.0005993542  -0.0002841732   0.0004108557
   3.5849999880   0.0005578333  -0.0002291301   0.0003449816
   3.5899999879   0.0005247078  -0.0001852555   0.0002991358
   3.5949999879   0.0004976891  -0.0001540659   0.0002707153
   3.5999999879   0.0004715937  -0.0001347981   0.0002533881
   3.6049999879   0.0004401540  -0.0001248601   0.0002391950
   3.6099999879   0.0003981415  -0.0001206995   0.0002210215
   3.6149999879   0.0003431860  -0.0001188358   0.0001947334
   3.6199999878   0.0002767674  -0.0001167713   0.0001603684
   3.6249999878   0.0002040937  -0.0001135338   0.0001220519
   3.6299999878   0.0001328997  -0.0001097196   0.0000866731
   3.6349999878   0.0000715012  -0.0001070468   0.0000617095
   3.6399999878   0.0000266521  -0.0001075712   0.0000528337
   3.6449999878   0.0000018004  -0.0001128084   0.0000619942
   3.6499999877  -0.0000037756  -0.0001230281   0.0000865318
   3.6549999877   0.0000052803  -0.0001369332   0.0001195946
   3.6599999877   0.0000216825  -0.0001518216   0.0001517508
   3.6649999877   0.0000374499  -0.0001641894   0.0001733584
   3.6699999877   0.0000459768  -0.0001706048   0.0001770392
   3.6749999877   0.0000436583  -0.0001686080   0.0001595753
   3.6799999876   0.0000306386  -0.0001573836   0.0001227105
   3.6849999876   0.0000105020  -0.0001380158   0.0000726433
   3.6899999876  -0.0000109773  -0.0001132563   0.0000183625
   3.6949999876  -0.0000276477  -0.0000868671  -0.0000307084
   3.6999999876  -0.0000348337  -0.0000627203  -0.0000671060
   3.7049999876  -0.0000307082  -0.0000438977  -0.0000871149
   3.7099999875  -0.0000168122  -0.0000320289  -0.0000914761
   3.7149999875   0.0000024020  -0.0000270384  -0.0000848600
   3.7199999875   0.0000208485  -0.0000273519  -0.0000742855
   3.7249999875   0.0000325272  -0.0000304881  -0.0000669602
   3.7299999875   0.0000331893  -0.0000338565  -0.0000681614
   3.7349999875   0.0000214832  -0.0000355304  -0.0000797515
   3.7399999874  -0.0000007241  -0.0000347819  -0.0000997256
   3.7449999874  -0.0000289194  -0.0000322338  -0.0001228907
   3.7499999874  -0.0000572226  -0.0000296009  -0.0001424537
   3.7549999874  -0.0000799956  -0.0000291064  -0.0001520453
   3.7599999874  -0.0000933244  -0.0000327496  -0.0001475963
   3.7649999874  -0.0000959657  -0.0000416396  -0.0001285373
   3.7699999873  -0.0000895176  -0.0000555854  -0.0000979966
   3.7749999873  -0.0000777945  -0.0000730583  -0.0000619581
   3.7799999873  -0.0000656152  -0.0000915340  -0.0000276363
   3.7849999873  -0.0000573668  -0.0001081177  -0.0000015337
   3.7899999873  -0.0000557582  -0.0001202762   0.0000122709
   3.7949999873  -0.0000611091  -0.0001264769   0.0000131374
   3.7999999872  -0.0000713570  -0.0001265594   0.0000039177
   3.8049999872  -0.0000827560  -0.0001217451  -0.0000099417
   3.8099999872  -0.0000910484  -0.0001142880  -0.0000219788
   3.8149999872  -0.0000927632  -0.0001068669  -0.0000265244
   3.8199999872  -0.0000862727  -0.0001018884  -0.0000202413
   3.8249999872  -0.0000723148  -0.0001008854  -0.0000029825
   3.8299999871  -0.0000538490  -0.0001041683   0.0000222418
   3.8349999871  -0.0000352996  -0.0001108111   0.0000501517
   3.8399999871  -0.0000214066  -0.0001189642   0.0000746681
   3.8449999871  -0.0000160054  -0.0001263964   0.0000905510
   3.8499999871  -0.0000210635  -0.0001311152   0.0000947549
   3.8549999871  -0.0000362212  -0.0001318948   0.0000871490
   3.8599999870  -0.0000589404  -0.0001285775   0.0000704307
   3.8649999870  -0.0000851963  -0.0001220751   0.0000492870
   3.8699999870  -0.0001105120  -0.0001140853   0.0000290576
   3.8749999870  -0.0001310476  -0.0001066087   0.0000142760
   3.8799999870  -0.0001444629  -0.0001014062   0.0000074844
   3.8849999870  -0.0001503411  -0.0000995423   0.0000086272
   3.8899999869  -0.0001500909  -0.0001011360   0.0000151642
   3.8949999869  -0.0001463825  -0.0001053750   0.0000228447
   3.8999999869  -0.0001422932  -0.0001107830   0.0000269166
   3.9049999869  -0.0001404033  -0.0001156553   0.0000234334
   3.9099999869  -0.0001420828  -0.0001185438   0.0000103148
   3.9149999869  -0.0001471467  -0.0001186563  -0.0000121097
   3.9199999868  -0.0001539511  -0.0001160689  -0.0000411975
   3.9249999868  -0.0001598856  -0.0001116976  -0.0000726840
   3.9299999868  -0.0001621163  -0.0001070447  -0.0001017702
   3.9349999868  -0.0001583777  -0.0001037902  -0.0001243168
   3.9399999868  -0.0001476059  -0.0001033418  -0.0001378357
   3.9449999868  -0.0001302569  -0.0001064576  -0.0001420355
   3.9499999867  -0.0001082370  -0.0001130426  -0.0001387984
   3.9549999867  -0.0000844730  -0.0001221630  -0.0001316137
   3.9599999867  -0.0000622371  -0.0001322735  -0.0001246291
   3.9649999867  -0.0000443996  -0.0001415942  -0.0001215716
   3.9699999867  -0.0000327912  -0.0001485390  -0.0001248127
   3.9749999867  -0.0000278285  -0.0001520870  -0.0001348094
   3.9799999866  -0.0000284842  -0.0001520057  -0.0001500480
   3.9849999866  -0.0000325991  -0.0001488751  -0.0001674920
   3.9899999866  -0.0000374523  -0.0001439102  -0.0001834056
   3.9949999866  -0.0000404416  -0.0001386351  -0.0001943360
   3.9999999866  -0.0000397083  -0.0001344911  -0.0001980013
   4.0049999866  -0.0000345544  -0.0001324814  -0.0001938620
   4.0099999865  -0.0000255540  -0.0001329405  -0.0001832348
   4.0149999865  -0.0000143416  -0.0001354838  -0.0001689295
   4.0199999865  -0.0000031346  -0.0001391467  -0.0001545058
   4.0249999865   0.0000058819  -0.0001426744  -0.0001433459
   4.0299999865   0.0000111500  -0.0001448840  -0.0001377822
   4.0349999864   0.0000121600  -0.0001450047  -0.0001385017
   4.0399999864   0.0000095890  -0.0001429068  -0.0001443796
   4.0449999864   0.0000051213  -0.0001391577  -0.0001527830
   4.0499999864   0.0000009962  -0.0001348907  -0.0001602628
   4.0549999864  -0.0000005990  -0.0001315187  -0.0001634568
   4.0599999864   0.0000018661  -0.0001303657  -0.0001599678
   4.0649999863   0.0000088237  -0.0001323131  -0.0001489911
   4.0699999863   0.0000194463  -0.0001375532  -0.0001315285
   4.0749999863   0.0000318133  -0.0001455158  -0.0001101339
   4.0799999863   0.0000433656  -0.0001549886  -0.0000882583
   4.0849999863   0.0000515319  -0.0001644038  -0.0000693653
   4.0899999863   0.0000543655  -0.0001722149  -0.0000560494
   4.0949999862   0.0000510232  -0.0001772672  -0.0000493888
   4.0999999862   0.0000419598  -0.0001790653  -0.0000487025
   4.1049999862   0.0000287866  -0.0001778656  -0.0000517744
   4.1099999862   0.0000138299  -0.0001745727  -0.0000554842
   4.1149999862  -0.0000004922  -0.0001704667  -0.0000566767
   4.1199999862  -0.0000123078  -0.0001668365  -0.0000530369
   4.1249999861  -0.0000207707  -0.0001646196  -0.0000437386
   4.1299999861  -0.0000262533  -0.0001641453  -0.0000296909
   4.1349999861  -0.0000301969  -0.0001650520  -0.0000133193
   4.1399999861  -0.0000346613  -0.0001664015   0.0000020620
   4.1449999861  -0.0000416946  -0.0001669574   0.0000131191
   4.1499999861  -0.0000526942  -0.0001655533   0.0000173761
   4.1549999860  -0.0000679360  -0.0001614494   0.0000138695
   4.1599999860  -0.0000863996  -0.0001545797   0.0000034055
   4.1649999860  -0.0001059430  -0.0001456221  -0.0000116450
   4.1699999860  -0.0001237815  -0.0001358714  -0.0000279575
   4.1749999860  -0.0001371476  -0.0001269463  -0.0000421052
   4.1799999860  -0.0001439559  -0.0001204068  -0.0000514238
   4.1849999859  -0.0001433011  -0.0001173821  -0.0000546622
   4.1899999859  -0.0001356589  -0.0001183038  -0.0000522494
   4.1949999859  -0.0001227413  -0.0001228129  -0.0000461146
   4.1999999859  -0.0001070514  -0.0001298623  -0.0000391160
   4.2049999859  -0.0000912585  -0.0001379864  -0.0000342359
   4.2099999859  -0.0000775634  -0.0001456674  -0.0000337601
   4.2149999858  -0.0000672182  -0.0001517026  -0.0000386590
   4.2199999858  -0.0000603235  -0.0001554824  -0.0000483302
   4.2249999858  -0.0000559458  -0.0001571083  -0.0000607633
   4.2299999858  -0.0000525117  -0.0001573271  -0.0000730748
   4.2349999858  -0.0000483642  -0.0001573020  -0.0000822666
   4.2399999858  -0.0000423219  -0.0001582843  -0.0000860026
   4.2449999857  -0.0000340906  -0.0001612722  -0.0000832037
   4.2499999857  -0.0000244171  -0.0001667454  -0.0000743098
   4.2549999857  -0.0000149464  -0.0001745434  -0.0000611507
   4.2599999857  -0.0000078275  -0.0001839145  -0.0000464708
   4.2649999857  -0.0000051742  -0.0001937209  -0.0000332406
   4.2699999857  -0.0000085270  -0.0002027412  -0.0000239390
   4.2749999856  -0.0000184542  -0.0002099901  -0.0000199898
   4.2799999856  -0.0000343952  -0.0002149694  -0.0000214920
   4.2849999856  -0.0000547780  -0.0002177861  -0.0000273006
   4.2899999856  -0.0000773745  -0.0002191080  -0.0000354209
   4.2949999856  -0.0000997965  -0.0002199713  -0.0000436021
   4.2999999856  -0.0001200014  -0.0002214946  -0.0000499661
   4.3049999855  -0.0001366802  -0.0002245754  -0.0000535049
   4.3099999855  -0.0001494359  -0.0002296516  -0.0000543203
   4.3149999855  -0.0001587153  -0.0002365887  -0.0000535486
   4.3199999855  -0.0001655258  -0.0002447206  -0.0000529988
   4.3249999855  -0.0001710192  -0.0002530301  -0.0000546051
   4.3299999855  -0.0001760586  -0.0002604183  -0.0000598398
   4.3349999854  -0.0001808852  -0.0002659918  -0.0000692409
   4.3399999854  -0.0001849705  -0.0002692909  -0.0000821777
   4.3449999854  -0.0001870919  -0.0002704026  -0.0000969139
   4.3499999854  -0.0001856114  -0.0002699322  -0.0001109527
   4.3549999854  -0.0001788846  -0.0002688434  -0.0001215788
   4.3599999854  -0.0001656967  -0.0002682129  -0.0001264651
   4.3649999853  -0.0001456159  -0.0002689617  -0.0001241954
   4.3699999853  -0.0001191786  -0.0002716317  -0.0001145805
   4.3749999853  -0.0000878599  -0.0002762620  -0.0000986949
   4.3799999853  -0.0000538394  -0.0002823916  -0.0000786322
   4.3849999853  -0.0000196199  -0.0002891846  -0.0000570432
   4.3899999853   0.0000124088  -0.0002956447  -0.0000365730
   4.3949999852   0.0000403573  -0.0003008628  -0.0000193370
   4.3999999852   0.0000630862  -0.0003042388  -0.0000065571
   4.4049999852   0.0000802634  -0.0003056226   0.0000015564
   4.4099999852   0.0000922269  -0.0003053422   0.0000056603
   4.4149999852   0.0000996941  -0.0003041137   0.0000069184
   4.4199999852   0.0001034031  -0.0003028577   0.0000065287
   4.4249999851   0.0001037825  -0.0003024677   0.0000052667
   4.4299999851   0.0001007418  -0.0003035893   0.0000031725
   4.4349999851   0.0000936413  -0.0003064658  -0.0000005339
   4.4399999851   0.0000814533  -0.0003108888  -0.0000072785
   4.4449999851   0.0000630774  -0.0003162663  -0.0000187441
   4.4499999851   0.0000377282  -0.0003217910  -0.0000363632
   4.4549999850   0.0000052954  -0.0003266658  -0.0000608257
   4.4599999850  -0.0000334223  -0.0003303266  -0.0000917338
   4.4649999850  -0.0000766743  -0.0003326048  -0.0001274999
   4.4699999850  -0.0001219285  -0.0003337851  -0.0001655218
   4.4749999850  -0.0001662170  -0.0003345436  -0.0002026008
   4.4799999850  -0.0002065811  -0.0003357794  -0.0002355040
   4.4849999849  -0.0002405098  -0.0003383846  -0.0002615347
   4.4899999849  -0.0002662711  -0.0003430113  -0.0002789766
   4.4949999849  -0.0002830653  -0.0003498953  -0.0002873063
   4.4999999849  -0.0002909740  -0.0003587837  -0.0002871338
   4.5049999849  -0.0002907344  -0.0003689828  -0.0002798983
   4.5099999849  -0.0002834118  -0.0003795150  -0.0002674096
   4.5149999848  -0.0002700651  -0.0003893441  -0.0002513608
   4.5199999848  -0.0002514980  -0.0003976112  -0.0002329425
   4.5249999848  -0.0002281609  -0.0004038243  -0.0002126535
   4.5299999848  -0.0002002220  -0.0004079547  -0.0001903491
   4.5349999848  -0.0001677793  -0.0004104185  -0.0001655024
   4.5399999848  -0.0001311449  -0.0004119524  -0.0001375952
   4.5449999847  -0.0000911144  -0.0004134158  -0.0001065269
   4.5499999847  -0.0000491388  -0.0004155719  -0.0000729233
   4.5549999847  -0.0000073402  -0.0004189020  -0.0000382577
   4.5599999847   0.0000316425  -0.0004234998  -0.0000047475
   4.5649999847   0.0000649532  -0.0004290715   0.0000249543
   4.5699999847   0.0000899017  -0.0004350390   0.0000482000
   4.5749999846   0.0001043466  -0.0004407195   0.0000628176
   4.5799999846   0.0001070007  -0.0004455341   0.0000675003
   4.5849999846   0.0000975961  -0.0004491901   0.0000620284
   4.5899999846   0.0000768806  -0.0004517895   0.0000472740
   4.5949999846   0.0000464559  -0.0004538339   0.0000249954
   4.5999999846   0.0000084996  -0.0004561229  -0.0000025275
   4.6049999845  -0.0000345634  -0.0004595709  -0.0000329277
   4.6099999845  -0.0000803691  -0.0004649891  -0.0000641543
   4.6149999845  -0.0001268402  -0.0004728882  -0.0000947547
   4.6199999845  -0.0001722929  -0.0004833523  -0.0001239775
   4.6249999845  -0.0002154211  -0.0004960162  -0.0001516846
   4.6299999845  -0.0002551836  -0.0005101494  -0.0001781094
   4.6349999844  -0.0002906470  -0.0005248254  -0.0002035344
   4.6399999844  -0.0003208454  -0.0005391295  -0.0002279832
   4.6449999844  -0.0003447109  -0.0005523526  -0.0002510135
   4.6499999844  -0.0003611104  -0.0005641220  -0.0002716723
   4.6549999844  -0.0003689887  -0.0005744394  -0.0002886310
   4.6599999844  -0.0003675902  -0.0005836219  -0.0003004667
   4.6649999843  -0.0003567031  -0.0005921662  -0.0003060206
   4.6699999843  -0.0003368612  -0.0006005767  -0.0003047397
   4.6749999843  -0.0003094431  -0.0006092035  -0.0002969116
   4.6799999843  -0.0002766327  -0.0006181342  -0.0002837279
   4.6849999843  -0.0002412347  -0.0006271650  -0.0002671552
   4.6899999843  -0.0002063743  -0.0006358562  -0.0002496370
   4.6949999842  -0.0001751346  -0.0006436556  -0.0002336946
   4.6999999842  -0.0001502018  -0.0006500573  -0.0002215146
   4.7049999842  -0.0001335817  -0.0006547535  -0.0002146154
   4.7099999842  -0.0001264363  -0.0006577429  -0.0002136620
   4.7149999842  -0.0001290592  -0.0006593673  -0.0002184641
   4.7199999841  -0.0001409794  -0.0006602676  -0.0002281461
   4.7249999841  -0.0001611584  -0.0006612695  -0.0002414411
   4.7299999841  -0.0001882247  -0.0006632240  -0.0002570334
   4.7349999841  -0.0002206945  -0.0006668404  -0.0002738639
   4.7399999841  -0.0002571298  -0.0006725489  -0.0002913286
   4.7449999841  -0.0002962118  -0.0006804237  -0.0003093270
   4.7499999840  -0.0003367272  -0.0006901825  -0.0003281551
   4.7549999840  -0.0003774933  -0.0007012590  -0.0003482798
   4.7599999840  -0.0004172607  -0.0007129297  -0.0003700582
   4.7649999840  -0.0004546423  -0.0007244629  -0.0003934824
   4.7699999840  -0.0004881083  -0.0007352530  -0.0004180228
   4.7749999840  -0.0005160697  -0.0007449098  -0.0004426201
   4.7799999839  -0.0005370477  -0.0007532858  -0.0004658359
   4.7849999839  -0.0005499007  -0.0007604384  -0.0004861307
   4.7899999839  -0.0005540580  -0.0007665449  -0.0005022035
   4.7949999839  -0.0005497037  -0.0007717964  -0.0005133050
   4.7999999839  -0.0005378585  -0.0007763025  -0.0005194444
   4.8049999839  -0.0005203278  -0.0007800341  -0.0005214287
   4.8099999838  -0.0004995138  -0.0007828209  -0.0005207188
   4.8149999838  -0.0004781228  -0.0007844063  -0.0005191323
   4.8199999838  -0.0004588195  -0.0007845465  -0.0005184584
   4.8249999838  -0.0004438975  -0.0007831305  -0.0005200787
   4.8299999838  -0.0004350244  -0.0007802932  -0.0005246800
   4.8349999838  -0.0004331060  -0.0007764948  -0.0005321239
   4.8399999837  -0.0004382796  -0.0007725443  -0.0005414982
   4.8449999837  -0.0004500210  -0.0007695602  -0.0005513277
   4.8499999837  -0.0004673211  -0.0007688704  -0.0005598856
   4.8549999837  -0.0004888810  -0.0007718671  -0.0005655250
   4.8599999837  -0.0005132762  -0.0007798411  -0.0005669494
   4.8649999837  -0.0005390568  -0.0007938242  -0.0005633648
   4.8699999836  -0.0005647754  -0.0008144659  -0.0005544864
   4.8749999836  -0.0005889586  -0.0008419642  -0.0005404174
   4.8799999836  -0.0006100547  -0.0008760566  -0.0005214452
   4.8849999836  -0.0006263985  -0.0009160651  -0.0004978247
   4.8899999836  -0.0006362273  -0.0009609745  -0.0004696146
   4.8949999836  -0.0006377693  -0.0010095172  -0.0004366188
   4.8999999835  -0.0006294010  -0.0010602364  -0.0003984552
   4.9049999835  -0.0006098530  -0.0011115077  -0.0003547379
   4.9099999835  -0.0005784242  -0.0011615136  -0.0003053299
   4.9149999835  -0.0005351592  -0.0012081804  -0.0002506012
   4.9199999835  -0.0004809486  -0.0012491037  -0.0001916249
   4.9249999835  -0.0004175243  -0.0012814947  -0.0001302529
   4.9299999834  -0.0003473436  -0.0013021798  -0.0000690433
   4.9349999834  -0.0002733765  -0.0013076738  -0.0000110410
   4.9399999834  -0.0001988334  -0.0012943339   0.0000405511
   4.9449999834  -0.0001268759  -0.0012585770   0.0000827482
   4.9499999834  -0.0000603600  -0.0011971343   0.0001131351
   4.9549999834  -0.0000016478  -0.0011073023   0.0001301263
   4.9599999833   0.0000474913  -0.0009871536   0.0001330911
   4.9649999833   0.0000858903  -0.0008356793   0.0001223280
   4.9699999833   0.0001129226  -0.0006528491   0.0000989105
   4.9749999833   0.0001284007  -0.0004395931   0.0000644490
   4.9799999833   0.0001324690  -0.0001977228   0.0000208304
   4.9849999833   0.0001255195   0.0000701825  -0.0000300064
   4.9899999832   0.0001081473   0.0003608947  -0.0000862145
   4.9949999832   0.0000811472   0.0006706399  -0.0001460858
   4.9999999832   0.0000455375   0.0009951740  -0.0002080100
   5.0049999832   0.0000025895   0.0013298303  -0.0002703817
   5.0099999832  -0.0000461610   0.0016695558  -0.0003315004
   5.0149999832  -0.0000989396   0.0020089563  -0.0003895127
   5.0199999831  -0.0001538054   0.0023423750  -0.0004424306
   5.0249999831  -0.0002087654   0.0026640251  -0.0004882406
   5.0299999831  -0.0002619180   0.0029681836  -0.0005250910
   5.0349999831  -0.0003115998   0.0032494418  -0.0005515265
   5.0399999831  -0.0003565136   0.0035029883  -0.0005667183
   5.0449999831  -0.0003958120   0.0037248934  -0.0005706417
   5.0499999830  -0.0004291219   0.0039123536  -0.0005641530
   5.0549999830  -0.0004565048   0.0040638607  -0.0005489419
   5.0599999830  -0.0004783585   0.0041792719  -0.0005273559
   5.0649999830  -0.0004952783   0.0042597730  -0.0005021200
   5.0699999830  -0.0005079015   0.0043077477  -0.0004759988
   5.0749999830  -0.0005167640   0.0043265791  -0.0004514557
   5.0799999829  -0.0005221938   0.0043204206  -0.0004303710
   5.0849999829  -0.0005242590   0.0042939693  -0.0004138630
   5.0899999829  -0.0005227778   0.0042522680  -0.0004022381
   5.0949999829  -0.0005173828   0.0042005442  -0.0003950673
   5.0999999829  -0.0005076220   0.0041440815  -0.0003913583
   5.1049999829  -0.0004930695   0.0040881051  -0.0003897771
   5.1099999828  -0.0004734202   0.0040376597  -0.0003888624
   5.1149999828  -0.0004485454   0.0039974633  -0.0003871848
   5.1199999828  -0.0004184986   0.0039717301  -0.0003834219
   5.1249999828  -0.0003834739   0.0039639709  -0.0003763458
   5.1299999828  -0.0003437322   0.0039767921  -0.0003647460
   5.1349999828  -0.0002995177   0.0040117226  -0.0003473302
   5.1399999827  -0.0002509892   0.0040690987  -0.0003226531
   5.1449999827  -0.0001981882   0.0041480299  -0.0002891150
   5.1499999827  -0.0001410485   0.0042464569  -0.0002450527
   5.1549999827  -0.0000794465   0.0043612992  -0.0001889194
   5.1599999827  -0.0000132724   0.0044886739  -0.0001195210
   5.1649999827   0.0000574998   0.0046241598  -0.0000362581
   5.1699999826   0.0001327691   0.0047630762   0.0000606850
   5.1749999826   0.0002123082   0.0049007453   0.0001702551
   5.1799999826   0.0002958136   0.0050327152   0.0002905788
   5.1849999826   0.0003829963   0.0051549293   0.0004191463
   5.1899999826   0.0004736929   0.0052638366   0.0005531008
   5.1949999826   0.0005679661   0.0053564493   0.0006895831
   5.1999999825   0.0006661688   0.0054303579   0.0008260645
   5.2049999825   0.0007689484   0.0054837216   0.0009606101
   5.2099999825   0.0008771835   0.0055152455   0.0010920261
   5.2149999825   0.0009918597   0.0055241580   0.0012198748
   5.2199999825   0.0011139057   0.0055101893   0.0013443677
   5.2249999825   0.0012440187   0.0054735481   0.0014661731
   5.2299999824   0.0013825136   0.0054148870   0.0015861904
   5.2349999824   0.0015292216   0.0053352428   0.0017053442
   5.2399999824   0.0016834568   0.0052359429   0.0018244414
   5.2449999824   0.0018440522   0.0051184718   0.0019441125
   5.2499999824   0.0020094541   0.0049843057   0.0020648341
   5.2549999824   0.0021778531   0.0048347298   0.0021870057
   5.2599999823   0.0023473242   0.0046706633   0.0023110399
   5.2649999823   0.0025159504   0.0044925203   0.0024374214
   5.2699999823   0.0026819111   0.0043001302   0.0025666999
   5.2749999823   0.0028435276   0.0040927359   0.0026994000
   5.2799999823   0.0029992697   0.0038690701   0.0028358589
   5.2849999823   0.0031477369   0.0036275020   0.0029760199
   5.2899999822   0.0032876321   0.0033662285   0.0031192319
   5.2949999822   0.0034177469   0.0030834835   0.0032641045
   5.2999999822   0.0035369713   0.0027777330   0.0034084621
   5.3049999822   0.0036443299   0.0024478336   0.0035494216
   5.3099999822   0.0037390397   0.0020931403   0.0036835895
   5.3149999822   0.0038205717   0.0017135607   0.0038073521
   5.3199999821   0.0038886979   0.0013095656   0.0039172088
   5.3249999821   0.0039435019   0.0008821699   0.0040100890
   5.3299999821   0.0039853429   0.0004329011   0.0040835993
   5.3349999821   0.0040147669  -0.0000362313   0.0041361611
   5.3399999821   0.0040323780  -0.0005227572   0.0041670220
   5.3449999821   0.0040386889  -0.0010237618   0.0041761553
   5.3499999820   0.0040339792  -0.0015359012   0.0041640800
   5.3549999820   0.0040181882  -0.0020554331   0.0041316518
   5.3599999820   0.0039908666  -0.0025782731   0.0040798728
   5.3649999820   0.0039511966  -0.0031000857   0.0040097605
   5.3699999820   0.0038980786  -0.0036164114   0.0039222951
   5.3749999820   0.0038302674  -0.0041228204   0.0038184388
   5.3799999819   0.0037465347  -0.0046150777   0.0036992045
   5.3849999819   0.0036458269  -0.0050892984   0.0035657337
   5.3899999819   0.0035273961  -0.0055420700   0.0034193462
   5.3949999819   0.0033908855  -0.0059705260   0.0032615314
   5.3999999819   0.0032363674  -0.0063723606   0.0030938726
   5.4049999818   0.0030643383  -0.0067457877   0.0029179133
   5.4099999818   0.0028756866  -0.0070894567   0.0027349972
   5.4149999818   0.0026716497  -0.0074023442   0.0025461213
   5.4199999818   0.0024537729  -0.0076836476   0.0023518414
   5.4249999818   0.0022238775  -0.0079326984   0.0021522616
   5.4299999818   0.0019840366  -0.0081489120   0.0019471151
   5.4349999817   0.0017365484  -0.0083317746   0.0017359282
   5.4399999817   0.0014838970  -0.0084808644   0.0015182359
   5.4449999817   0.0012286893  -0.0085958921   0.0012938094
   5.4499999817   0.0009735637  -0.0086767444   0.0010628495
   5.4549999817   0.0007210732  -0.0087235164   0.0008261121
   5.4599999817   0.0004735553  -0.0087365234   0.0005849419
   5.4649999816   0.0002330054  -0.0087162910   0.0003412133
   5.4699999816   0.0000009717  -0.0086635285   0.0000971916
   5.4749999816  -0.0002215087  -0.0085790982  -0.0001446548
   5.4799999816  -0.0004339237  -0.0084639916  -0.0003818572
   5.4849999816  -0.0006362442  -0.0083193220  -0.0006121276
   5.4899999816  -0.0008288321  -0.0081463392  -0.0008334910
   5.4949999815  -0.0010123102  -0.0079464624  -0.0010443542
   5.4999999815  -0.0011874117  -0.0077213217  -0.0012435092
   5.5049999815  -0.0013548297  -0.0074727970  -0.0014300870
   5.5099999815  -0.0015150853  -0.0072030387  -0.0016034811
   5.5149999815  -0.0016684317  -0.0069144612  -0.0017632712
   5.5199999815  -0.0018148034  -0.0066097010  -0.0019091675
   5.5249999814  -0.0019538138  -0.0062915447  -0.0020409924
   5.5299999814  -0.0020847965  -0.0059628310  -0.0021587015
   5.5349999814  -0.0022068791  -0.0056263432  -0.0022624333
   5.5399999814  -0.0023190754  -0.0052847064  -0.0023525662
   5.5449999814  -0.0024203800  -0.0049403034  -0.0024297571
   5.5499999814  -0.0025098514  -0.0045952220  -0.0024949402
   5.5549999813  -0.0025866773  -0.0042512378  -0.0025492699
   5.5599999813  -0.0026502193  -0.0039098305  -0.0025940113
   5.5649999813  -0.0027000400  -0.0035722277  -0.0026303906
   5.5699999813  -0.0027359218  -0.0032394635  -0.0026594361
   5.5749999813  -0.0027578827  -0.0029124392  -0.0026818405
   5.5799999813  -0.0027661950  -0.0025919742  -0.0026978761
   5.5849999812  -0.0027614059  -0.0022788395  -0.0027073853
   5.5899999812  -0.0027443551  -0.0019737708  -0.0027098495
   5.5949999812  -0.0027161794  -0.0016774631  -0.0027045286
   5.5999999812  -0.0026782948  -0.0013905549  -0.0026906430
   5.6049999812  -0.0026323483  -0.0011136092  -0.0026675660
   5.6099999812  -0.0025801375  -0.0008471011  -0.0026349900
   5.6149999811  -0.0025235011  -0.0005914152  -0.0025930365
   5.6199999811  -0.0024641942  -0.0003468577  -0.0025422944
   5.6249999811  -0.0024037610  -0.0001136760  -0.0024837806
   5.6299999811  -0.0023434253   0.0001079157  -0.0024188384
   5.6349999811  -0.0022840133   0.0003177167  -0.0023489941
   5.6399999811  -0.0022259189   0.0005155294  -0.0022758018
   5.6449999810  -0.0021691184   0.0007011640  -0.0022007051
   5.6499999810  -0.0021132300   0.0008744581  -0.0021249383
   5.6549999810  -0.0020576091   0.0010353074  -0.0020494777
   5.6599999810  -0.0020014675   0.0011837000  -0.0019750449
   5.6649999810  -0.0019439982   0.0013197470  -0.0019021475
   5.6699999810  -0.0018844905   0.0014437009  -0.0018311393
   5.6749999809  -0.0018224234   0.0015559560  -0.0017622776
   5.6799999809  -0.0017575257   0.0016570298  -0.0016957565
   5.6849999809  -0.0016898019   0.0017475262  -0.0016317078
   5.6899999809  -0.0016195230   0.0018280864  -0.0015701680
   5.6949999809  -0.0015471910   0.0018993367  -0.0015110251
   5.6999999809  -0.0014734841   0.0019618404  -0.0014539651
   5.7049999808  -0.0013991947   0.0020160642  -0.0013984426
   5.7099999808  -0.0013251680   0.0020623633  -0.0013436944
   5.7149999808  -0.0012522468   0.0021009871  -0.0012888081
   5.7199999808  -0.0011812266   0.0021321046  -0.0012328400
   5.7249999808  -0.0011128181   0.0021558426  -0.0011749656
   5.7299999808  -0.0010476151   0.0021723290  -0.0011146329
   5.7349999807  -0.0009860641   0.0021817321  -0.0010516864
   5.7399999807  -0.0009284350   0.0021842900  -0.0009864325
   5.7449999807  -0.0008747933   0.0021803244  -0.0009196279
   5.7499999807  -0.0008249794   0.0021702400  -0.0008523899
   5.7549999807  -0.0007786032   0.0021545135  -0.0007860437
   5.7599999807  -0.0007350594   0.0021336759  -0.0007219351
   5.7649999806  -0.0006935716   0.0021082963  -0.0006612459
   5.7699999806  -0.0006532640   0.0020789726  -0.0006048447
   5.7749999806  -0.0006132556   0.0020463279  -0.0005532007
   5.7799999806  -0.0005727671   0.0020110151  -0.0005063706
   5.7849999806  -0.0005312228   0.0019737224  -0.0004640535
   5.7899999806  -0.0004883323   0.0019351746  -0.0004256948
   5.7949999805  -0.0004441366   0.0018961260  -0.0003906128
   5.7999999805  -0.0003990103   0.0018573391  -0.0003581176
   5.8049999805  -0.0003536182   0.0018195514  -0.0003276018
   5.8099999805  -0.0003088343   0.0017834322  -0.0002985869
   5.8149999805  -0.0002656352   0.0017495362  -0.0002707290
   5.8199999805  -0.0002249884   0.0017182616  -0.0002437919
   5.8249999804  -0.0001877491   0.0016898195  -0.0002176063
   5.8299999804  -0.0001545820   0.0016642215  -0.0001920343
   5.8349999804  -0.0001259154   0.0016412859  -0.0001669537
   5.8399999804  -0.0001019268   0.0016206630  -0.0001422705
   5.8449999804  -0.0000825566   0.0016018752  -0.0001179549
   5.8499999804  -0.0000675400   0.0015843649  -0.0000940902
   5.8549999803  -0.0000564464   0.0015675447  -0.0000709178
   5.8599999803  -0.0000487198   0.0015508413  -0.0000488590
   5.8649999803  -0.0000437128   0.0015337315  -0.0000284996
   5.8699999803  -0.0000407163   0.0015157650  -0.0000105325
   5.8749999803  -0.0000389855   0.0014965765   0.0000043390
   5.8799999803  -0.0000377677   0.0014758881   0.0000155216
   5.8849999802  -0.0000363351   0.0014535053   0.0000226554
   5.8899999802  -0.0000340256   0.0014293111   0.0000257159
   5.8949999802  -0.0000302876   0.0014032594   0.0000250717
   5.8999999802  -0.0000247262   0.0013753707   0.0000214843
   5.9049999802  -0.0000171414   0.0013457299   0.0000160449
   5.9099999802  -0.0000075509   0.0013144846   0.0000100572
   5.9149999801   0.0000038087   0.0012818441   0.0000048824
   5.9199999801   0.0000165074   0.0012480758   0.0000017741
   5.9249999801   0.0000299714   0.0012134982   0.0000017277
   5.9299999801   0.0000435528   0.0011784689   0.0000053699
   5.9349999801   0.0000566101   0.0011433677   0.0000129028
   5.9399999801   0.0000685868   0.0011085752   0.0000241089
   5.9449999800   0.0000790787   0.0010744477   0.0000384107
   5.9499999800   0.0000878766   0.0010412921   0.0000549691
   5.9549999800   0.0000949819   0.0010093443   0.0000728013
   5.9599999800   0.0001005896   0.0009787534   0.0000908955
   5.9649999800   0.0001050445   0.0009495773   0.0001083043
   5.9699999800   0.0001087764   0.0009217906   0.0001242063
   5.9749999799   0.0001122274   0.0008953037   0.0001379340
   5.9799999799   0.0001157803   0.0008699917   0.0001489732
   5.9849999799   0.0001197021   0.0008457264   0.0001569484
   5.9899999799   0.0001241096   0.0008224051   0.0001616064
   5.9949999799   0.0001289615   0.0007999704   0.0001628128
