   0.0000000000   0.0000000000   0.0000000000   0.0000000000
   0.0050000000   0.0000000000   0.0000000000   0.0000000000
   0.0100000000   0.0000000000   0.0000000000   0.0000000000
   0.0149999999   0.0000000000   0.0000000000   0.0000000000
   0.0199999999   0.0000000000   0.0000000000   0.0000000000
   0.0249999999   0.0000000000   0.0000000000   0.0000000000
   0.0299999999   0.0000000000   0.0000000000   0.0000000000
   0.0349999999   0.0000000000   0.0000000000   0.0000000000
   0.0399999999   0.0000000000   0.0000000000   0.0000000000
   0.0449999998   0.0000000000   0.0000000000   0.0000000000
   0.0499999998   0.0000000000   0.0000000000   0.0000000000
   0.0549999998   0.0000000000   0.0000000000   0.0000000000
   0.0599999998   0.0000000000   0.0000000000   0.0000000000
   0.0649999998   0.0000000000   0.0000000000   0.0000000000
   0.0699999998   0.0000000000   0.0000000000   0.0000000000
   0.0749999997   0.0000000000  -0.0000000000   0.0000000000
   0.0799999997  -0.0000000000   0.0000000000  -0.0000000000
   0.0849999997   0.0000000000  -0.0000000000  -0.0000000000
   0.0899999997  -0.0000000000   0.0000000000  -0.0000000000
   0.0949999997  -0.0000000000   0.0000000000  -0.0000000000
   0.0999999997  -0.0000000000   0.0000000000  -0.0000000000
   0.1049999996  -0.0000000000   0.0000000000  -0.0000000000
   0.1099999996  -0.0000000000   0.0000000000  -0.0000000000
   0.1149999996  -0.0000000000   0.0000000000  -0.0000000000
   0.1199999996   0.0000000000  -0.0000000000   0.0000000000
   0.1249999996   0.0000000000  -0.0000000000   0.0000000000
   0.1299999996   0.0000000000  -0.0000000000   0.0000000000
   0.1349999995   0.0000000000  -0.0000000000   0.0000000000
   0.1399999995   0.0000000000  -0.0000000000   0.0000000000
   0.1449999995   0.0000000000  -0.0000000000   0.0000000000
   0.1499999995   0.0000000000  -0.0000000000   0.0000000000
   0.1549999995   0.0000000000  -0.0000000000   0.0000000000
   0.1599999995   0.0000000000  -0.0000000000   0.0000000000
   0.1649999994   0.0000000000  -0.0000000000   0.0000000000
   0.1699999994  -0.0000000000   0.0000000000   0.0000000000
   0.1749999994  -0.0000000000   0.0000000000  -0.0000000000
   0.1799999994  -0.0000000000   0.0000000000  -0.0000000000
   0.1849999994  -0.0000000000   0.0000000000  -0.0000000000
   0.1899999994  -0.0000000000   0.0000000000  -0.0000000000
   0.1949999993  -0.0000000000   0.0000000000  -0.0000000000
   0.1999999993  -0.0000000000   0.0000000000  -0.0000000000
   0.2049999993   0.0000000000  -0.0000000000   0.0000000000
   0.2099999993   0.0000000000  -0.0000000000   0.0000000000
   0.2149999993   0.0000000000  -0.0000000000   0.0000000000
   0.2199999993   0.0000000000  -0.0000000000   0.0000000000
   0.2249999992   0.0000000000  -0.0000000000   0.0000000000
   0.2299999992   0.0000000000  -0.0000000000   0.0000000000
   0.2349999992   0.0000000000  -0.0000000000   0.0000000000
   0.2399999992   0.0000000000  -0.0000000000   0.0000000000
   0.2449999992   0.0000000000  -0.0000000000   0.0000000000
   0.2499999992   0.0000000000  -0.0000000000   0.0000000000
   0.2549999991   0.0000000000  -0.0000000000   0.0000000000
   0.2599999991   0.0000000000  -0.0000000000   0.0000000000
   0.2649999991   0.0000000000  -0.0000000000   0.0000000000
   0.2699999991   0.0000000000  -0.0000000000   0.0000000000
   0.2749999991   0.0000000000  -0.0000000000   0.0000000000
   0.2799999991   0.0000000000  -0.0000000000   0.0000000000
   0.2849999990   0.0000000000  -0.0000000000   0.0000000000
   0.2899999990   0.0000000000  -0.0000000000   0.0000000000
   0.2949999990   0.0000000000  -0.0000000000   0.0000000000
   0.2999999990   0.0000000000  -0.0000000000   0.0000000000
   0.3049999990   0.0000000000  -0.0000000000   0.0000000000
   0.3099999990   0.0000000000  -0.0000000000   0.0000000000
   0.3149999989   0.0000000000  -0.0000000000   0.0000000000
   0.3199999989   0.0000000000  -0.0000000000   0.0000000000
   0.3249999989   0.0000000000  -0.0000000000   0.0000000000
   0.3299999989   0.0000000000  -0.0000000000   0.0000000000
   0.3349999989   0.0000000000  -0.0000000000   0.0000000000
   0.3399999989   0.0000000000  -0.0000000000   0.0000000000
   0.3449999988   0.0000000000  -0.0000000000   0.0000000000
   0.3499999988   0.0000000000  -0.0000000000   0.0000000000
   0.3549999988   0.0000000000  -0.0000000000   0.0000000000
   0.3599999988   0.0000000000  -0.0000000000   0.0000000000
   0.3649999988   0.0000000000   0.0000000000   0.0000000000
   0.3699999988   0.0000000000   0.0000000000   0.0000000000
   0.3749999987  -0.0000000000   0.0000000000  -0.0000000000
   0.3799999987  -0.0000000000   0.0000000000  -0.0000000000
   0.3849999987  -0.0000000000   0.0000000000  -0.0000000000
   0.3899999987  -0.0000000000   0.0000000000  -0.0000000000
   0.3949999987  -0.0000000000   0.0000000000  -0.0000000000
   0.3999999987  -0.0000000000   0.0000000000  -0.0000000000
   0.4049999986  -0.0000000000   0.0000000000  -0.0000000000
   0.4099999986  -0.0000000000   0.0000000000  -0.0000000000
   0.4149999986  -0.0000000000   0.0000000000  -0.0000000000
   0.4199999986  -0.0000000000   0.0000000000  -0.0000000000
   0.4249999986  -0.0000000000   0.0000000000  -0.0000000000
   0.4299999986  -0.0000000000   0.0000000000  -0.0000000000
   0.4349999985  -0.0000000000   0.0000000000  -0.0000000000
   0.4399999985  -0.0000000000   0.0000000000  -0.0000000000
   0.4449999985  -0.0000000000   0.0000000000  -0.0000000000
   0.4499999985  -0.0000000000   0.0000000000  -0.0000000000
   0.4549999985  -0.0000000000   0.0000000000  -0.0000000000
   0.4599999985  -0.0000000000   0.0000000000  -0.0000000000
   0.4649999984  -0.0000000000   0.0000000000  -0.0000000000
   0.4699999984  -0.0000000000   0.0000000000  -0.0000000000
   0.4749999984  -0.0000000000   0.0000000000  -0.0000000000
   0.4799999984  -0.0000000000   0.0000000000  -0.0000000000
   0.4849999984  -0.0000000000   0.0000000000  -0.0000000000
   0.4899999984  -0.0000000000   0.0000000000  -0.0000000000
   0.4949999983  -0.0000000000   0.0000000000  -0.0000000000
   0.4999999983  -0.0000000000   0.0000000000  -0.0000000000
   0.5049999983  -0.0000000000   0.0000000000  -0.0000000000
   0.5099999983  -0.0000000000   0.0000000000  -0.0000000000
   0.5149999983  -0.0000000000   0.0000000000  -0.0000000000
   0.5199999983  -0.0000000000   0.0000000000  -0.0000000000
   0.5249999982  -0.0000000000   0.0000000000  -0.0000000000
   0.5299999982  -0.0000000000   0.0000000000  -0.0000000000
   0.5349999982  -0.0000000000   0.0000000000  -0.0000000000
   0.5399999982  -0.0000000000   0.0000000000  -0.0000000000
   0.5449999982   0.0000000000   0.0000000000   0.0000000000
   0.5499999982   0.0000000000   0.0000000000   0.0000000000
   0.5549999981   0.0000000000   0.0000000000   0.0000000000
   0.5599999981   0.0000000000   0.0000000000   0.0000000000
   0.5649999981   0.0000000000   0.0000000000   0.0000000000
   0.5699999981   0.0000000000   0.0000000000   0.0000000000
   0.5749999981   0.0000000000   0.0000000000   0.0000000000
   0.5799999981   0.0000000000   0.0000000000   0.0000000000
   0.5849999980   0.0000000000   0.0000000000   0.0000000000
   0.5899999980   0.0000000000   0.0000000000   0.0000000000
   0.5949999980   0.0000000000   0.0000000000   0.0000000000
   0.5999999980   0.0000000000   0.0000000000   0.0000000000
   0.6049999980   0.0000000000  -0.0000000000   0.0000000000
   0.6099999980   0.0000000000  -0.0000000000   0.0000000000
   0.6149999979   0.0000000000  -0.0000000000   0.0000000000
   0.6199999979   0.0000000000  -0.0000000000   0.0000000000
   0.6249999979  -0.0000000000  -0.0000000000  -0.0000000000
   0.6299999979  -0.0000000000  -0.0000000000  -0.0000000000
   0.6349999979  -0.0000000000  -0.0000000000  -0.0000000000
   0.6399999979  -0.0000000000  -0.0000000000  -0.0000000000
   0.6449999978  -0.0000000000  -0.0000000000  -0.0000000000
   0.6499999978  -0.0000000000  -0.0000000000  -0.0000000000
   0.6549999978  -0.0000000000  -0.0000000000  -0.0000000000
   0.6599999978  -0.0000000000  -0.0000000000  -0.0000000000
   0.6649999978  -0.0000000000   0.0000000000  -0.0000000000
   0.6699999978  -0.0000000000   0.0000000000  -0.0000000000
   0.6749999977   0.0000000000   0.0000000000   0.0000000000
   0.6799999977   0.0000000000   0.0000000000   0.0000000000
   0.6849999977   0.0000000000   0.0000000000   0.0000000000
   0.6899999977   0.0000000000   0.0000000000   0.0000000000
   0.6949999977   0.0000000000   0.0000000000   0.0000000000
   0.6999999976   0.0000000000   0.0000000000   0.0000000000
   0.7049999976   0.0000000000   0.0000000000   0.0000000000
   0.7099999976   0.0000000000   0.0000000000   0.0000000000
   0.7149999976   0.0000000000   0.0000000000   0.0000000000
   0.7199999976   0.0000000000   0.0000000000   0.0000000000
   0.7249999976   0.0000000000   0.0000000000   0.0000000000
   0.7299999975   0.0000000000   0.0000000000   0.0000000000
   0.7349999975   0.0000000000   0.0000000000   0.0000000000
   0.7399999975   0.0000000000   0.0000000000   0.0000000000
   0.7449999975   0.0000000000   0.0000000000   0.0000000000
   0.7499999975   0.0000000000   0.0000000000   0.0000000000
   0.7549999975   0.0000000000   0.0000000000   0.0000000000
   0.7599999974   0.0000000000   0.0000000000   0.0000000000
   0.7649999974   0.0000000000   0.0000000000   0.0000000000
   0.7699999974   0.0000000000   0.0000000000   0.0000000000
   0.7749999974   0.0000000000   0.0000000000   0.0000000000
   0.7799999974   0.0000000000   0.0000000000   0.0000000000
   0.7849999974   0.0000000000   0.0000000000   0.0000000000
   0.7899999973   0.0000000000   0.0000000000   0.0000000000
   0.7949999973   0.0000000000   0.0000000000   0.0000000000
   0.7999999973   0.0000000000   0.0000000000   0.0000000000
   0.8049999973   0.0000000000   0.0000000000   0.0000000000
   0.8099999973   0.0000000000   0.0000000000   0.0000000000
   0.8149999973   0.0000000000   0.0000000000   0.0000000000
   0.8199999972   0.0000000000   0.0000000000   0.0000000000
   0.8249999972   0.0000000000   0.0000000000   0.0000000000
   0.8299999972   0.0000000000   0.0000000000   0.0000000000
   0.8349999972   0.0000000000   0.0000000000   0.0000000000
   0.8399999972   0.0000000000   0.0000000000   0.0000000000
   0.8449999972   0.0000000000   0.0000000000   0.0000000000
   0.8499999971   0.0000000000   0.0000000000   0.0000000000
   0.8549999971   0.0000000000   0.0000000000   0.0000000000
   0.8599999971   0.0000000000   0.0000000000   0.0000000000
   0.8649999971   0.0000000000   0.0000000000   0.0000000000
   0.8699999971   0.0000000000   0.0000000000   0.0000000000
   0.8749999971   0.0000000000   0.0000000000   0.0000000000
   0.8799999970   0.0000000000   0.0000000000   0.0000000000
   0.8849999970   0.0000000000   0.0000000000   0.0000000000
   0.8899999970   0.0000000000   0.0000000000   0.0000000000
   0.8949999970   0.0000000000   0.0000000000   0.0000000000
   0.8999999970   0.0000000000   0.0000000000   0.0000000000
   0.9049999970   0.0000000000   0.0000000000   0.0000000000
   0.9099999969   0.0000000000   0.0000000000   0.0000000000
   0.9149999969   0.0000000000   0.0000000000   0.0000000000
   0.9199999969   0.0000000000   0.0000000000   0.0000000000
   0.9249999969  -0.0000000000   0.0000000000   0.0000000000
   0.9299999969  -0.0000000000  -0.0000000000  -0.0000000000
   0.9349999969  -0.0000000000  -0.0000000000  -0.0000000000
   0.9399999968  -0.0000000000  -0.0000000000  -0.0000000000
   0.9449999968  -0.0000000000  -0.0000000000  -0.0000000000
   0.9499999968  -0.0000000000  -0.0000000000  -0.0000000000
   0.9549999968  -0.0000000000  -0.0000000000  -0.0000000000
   0.9599999968  -0.0000000000  -0.0000000000  -0.0000000000
   0.9649999968  -0.0000000000  -0.0000000000  -0.0000000000
   0.9699999967  -0.0000000000  -0.0000000000  -0.0000000000
   0.9749999967  -0.0000000000  -0.0000000000  -0.0000000000
   0.9799999967  -0.0000000000  -0.0000000000  -0.0000000000
   0.9849999967  -0.0000000000  -0.0000000000  -0.0000000000
   0.9899999967  -0.0000000000  -0.0000000000  -0.0000000000
   0.9949999967  -0.0000000000  -0.0000000000  -0.0000000000
   0.9999999966   0.0000000000   0.0000000000   0.0000000000
   1.0049999966   0.0000000000   0.0000000000   0.0000000000
   1.0099999966   0.0000000000   0.0000000000   0.0000000000
   1.0149999966   0.0000000000   0.0000000000   0.0000000000
   1.0199999966   0.0000000000   0.0000000000   0.0000000000
   1.0249999966   0.0000000000   0.0000000000   0.0000000000
   1.0299999965   0.0000000000   0.0000000000   0.0000000000
   1.0349999965   0.0000000000   0.0000000000   0.0000000000
   1.0399999965   0.0000000000   0.0000000000   0.0000000000
   1.0449999965   0.0000000000   0.0000000000   0.0000000000
   1.0499999965   0.0000000000   0.0000000000   0.0000000000
   1.0549999965   0.0000000000   0.0000000000   0.0000000000
   1.0599999964  -0.0000000000   0.0000000000   0.0000000000
   1.0649999964  -0.0000000000  -0.0000000000  -0.0000000000
   1.0699999964  -0.0000000000  -0.0000000000  -0.0000000000
   1.0749999964  -0.0000000000  -0.0000000000  -0.0000000000
   1.0799999964  -0.0000000000  -0.0000000000  -0.0000000000
   1.0849999964  -0.0000000000  -0.0000000000  -0.0000000000
   1.0899999963  -0.0000000000  -0.0000000000  -0.0000000000
   1.0949999963  -0.0000000000  -0.0000000000  -0.0000000000
   1.0999999963  -0.0000000000  -0.0000000000  -0.0000000000
   1.1049999963  -0.0000000000  -0.0000000000  -0.0000000000
   1.1099999963  -0.0000000000  -0.0000000000  -0.0000000000
   1.1149999963   0.0000000000  -0.0000000000  -0.0000000000
   1.1199999962   0.0000000000   0.0000000000   0.0000000000
   1.1249999962   0.0000000000   0.0000000000   0.0000000000
   1.1299999962   0.0000000000   0.0000000000   0.0000000000
   1.1349999962   0.0000000000   0.0000000000   0.0000000000
   1.1399999962   0.0000000000   0.0000000000   0.0000000000
   1.1449999962   0.0000000000   0.0000000000   0.0000000000
   1.1499999961   0.0000000000   0.0000000000   0.0000000000
   1.1549999961   0.0000000000   0.0000000000   0.0000000000
   1.1599999961   0.0000000000   0.0000000000   0.0000000000
   1.1649999961   0.0000000000   0.0000000000   0.0000000000
   1.1699999961  -0.0000000000  -0.0000000000  -0.0000000000
   1.1749999961  -0.0000000000  -0.0000000000  -0.0000000000
   1.1799999960  -0.0000000000  -0.0000000000  -0.0000000000
   1.1849999960  -0.0000000000  -0.0000000000  -0.0000000000
   1.1899999960  -0.0000000000  -0.0000000000  -0.0000000000
   1.1949999960  -0.0000000000  -0.0000000000  -0.0000000000
   1.1999999960  -0.0000000000  -0.0000000000  -0.0000000000
   1.2049999960  -0.0000000000  -0.0000000000  -0.0000000000
   1.2099999959  -0.0000000000  -0.0000000000  -0.0000000000
   1.2149999959  -0.0000000000  -0.0000000000  -0.0000000000
   1.2199999959   0.0000000000   0.0000000000   0.0000000000
   1.2249999959   0.0000000000   0.0000000000   0.0000000000
   1.2299999959   0.0000000000   0.0000000000   0.0000000000
   1.2349999959   0.0000000000   0.0000000000   0.0000000000
   1.2399999958   0.0000000000   0.0000000000   0.0000000000
   1.2449999958   0.0000000000   0.0000000000   0.0000000000
   1.2499999958   0.0000000000   0.0000000000   0.0000000000
   1.2549999958   0.0000000000   0.0000000000   0.0000000000
   1.2599999958   0.0000000000   0.0000000000   0.0000000000
   1.2649999958  -0.0000000000   0.0000000000   0.0000000000
   1.2699999957  -0.0000000000  -0.0000000000  -0.0000000000
   1.2749999957  -0.0000000000  -0.0000000000  -0.0000000000
   1.2799999957  -0.0000000000  -0.0000000000  -0.0000000000
   1.2849999957  -0.0000000000  -0.0000000000  -0.0000000000
   1.2899999957  -0.0000000000  -0.0000000000  -0.0000000000
   1.2949999957  -0.0000000000  -0.0000000000  -0.0000000000
   1.2999999956  -0.0000000000  -0.0000000000  -0.0000000000
   1.3049999956  -0.0000000000  -0.0000000000  -0.0000000000
   1.3099999956   0.0000000000  -0.0000000000  -0.0000000000
   1.3149999956   0.0000000000   0.0000000000   0.0000000000
   1.3199999956   0.0000000000   0.0000000000   0.0000000000
   1.3249999956   0.0000000000   0.0000000000   0.0000000000
   1.3299999955   0.0000000000   0.0000000000   0.0000000000
   1.3349999955   0.0000000000   0.0000000000   0.0000000000
   1.3399999955   0.0000000000   0.0000000000   0.0000000000
   1.3449999955   0.0000000000   0.0000000000   0.0000000000
   1.3499999955   0.0000000000   0.0000000000   0.0000000000
   1.3549999954   0.0000000000   0.0000000000   0.0000000000
   1.3599999954   0.0000000000   0.0000000000   0.0000000000
   1.3649999954   0.0000000000   0.0000000000  -0.0000000000
   1.3699999954  -0.0000000000  -0.0000000000  -0.0000000000
   1.3749999954  -0.0000000000  -0.0000000000  -0.0000000000
   1.3799999954  -0.0000000000  -0.0000000000  -0.0000000000
   1.3849999953  -0.0000000000  -0.0000000000  -0.0000000000
   1.3899999953  -0.0000000000  -0.0000000000  -0.0000000000
   1.3949999953  -0.0000000000  -0.0000000000  -0.0000000000
   1.3999999953  -0.0000000000  -0.0000000000  -0.0000000000
   1.4049999953  -0.0000000000  -0.0000000000  -0.0000000000
   1.4099999953  -0.0000000000  -0.0000000000  -0.0000000000
   1.4149999952  -0.0000000000  -0.0000000000  -0.0000000000
   1.4199999952  -0.0000000000  -0.0000000000  -0.0000000000
   1.4249999952  -0.0000000000  -0.0000000000  -0.0000000000
   1.4299999952  -0.0000000000  -0.0000000000  -0.0000000000
   1.4349999952  -0.0000000000  -0.0000000000  -0.0000000000
   1.4399999952  -0.0000000000  -0.0000000000  -0.0000000000
   1.4449999951  -0.0000000000  -0.0000000000  -0.0000000000
   1.4499999951   0.0000000000   0.0000000000   0.0000000000
   1.4549999951   0.0000000000   0.0000000000   0.0000000000
   1.4599999951   0.0000000000   0.0000000000   0.0000000000
   1.4649999951   0.0000000000   0.0000000000   0.0000000000
   1.4699999951   0.0000000000   0.0000000000   0.0000000000
   1.4749999950   0.0000000000   0.0000000000   0.0000000000
   1.4799999950   0.0000000000   0.0000000000   0.0000000000
   1.4849999950   0.0000000000   0.0000000000   0.0000000000
   1.4899999950   0.0000000000   0.0000000000   0.0000000000
   1.4949999950   0.0000000000   0.0000000000   0.0000000000
   1.4999999950   0.0000000000   0.0000000000   0.0000000000
   1.5049999949   0.0000000000   0.0000000000  -0.0000000000
   1.5099999949  -0.0000000000  -0.0000000000  -0.0000000000
   1.5149999949  -0.0000000000  -0.0000000000  -0.0000000000
   1.5199999949  -0.0000000000  -0.0000000000  -0.0000000000
   1.5249999949  -0.0000000000  -0.0000000000  -0.0000000000
   1.5299999949  -0.0000000000  -0.0000000000  -0.0000000000
   1.5349999948  -0.0000000000  -0.0000000000  -0.0000000000
   1.5399999948  -0.0000000000  -0.0000000000  -0.0000000000
   1.5449999948  -0.0000000000  -0.0000000000  -0.0000000000
   1.5499999948  -0.0000000000  -0.0000000000  -0.0000000000
   1.5549999948  -0.0000000000  -0.0000000000  -0.0000000000
   1.5599999948   0.0000000000  -0.0000000000   0.0000000000
   1.5649999947   0.0000000000   0.0000000000   0.0000000000
   1.5699999947   0.0000000000   0.0000000000   0.0000000000
   1.5749999947   0.0000000001   0.0000000000   0.0000000001
   1.5799999947   0.0000000001   0.0000000000   0.0000000001
   1.5849999947   0.0000000001   0.0000000000   0.0000000001
   1.5899999947   0.0000000001   0.0000000001   0.0000000001
   1.5949999946   0.0000000001   0.0000000001   0.0000000001
   1.5999999946   0.0000000001   0.0000000000   0.0000000001
   1.6049999946   0.0000000000   0.0000000000   0.0000000000
   1.6099999946  -0.0000000000   0.0000000000  -0.0000000000
   1.6149999946  -0.0000000001  -0.0000000000  -0.0000000001
   1.6199999946  -0.0000000001  -0.0000000001  -0.0000000001
   1.6249999945  -0.0000000002  -0.0000000001  -0.0000000002
   1.6299999945  -0.0000000002  -0.0000000001  -0.0000000002
   1.6349999945  -0.0000000002  -0.0000000002  -0.0000000003
   1.6399999945  -0.0000000001  -0.0000000002  -0.0000000002
   1.6449999945  -0.0000000001  -0.0000000002  -0.0000000002
   1.6499999945   0.0000000000  -0.0000000001  -0.0000000001
   1.6549999944   0.0000000001  -0.0000000001  -0.0000000000
   1.6599999944   0.0000000002   0.0000000000   0.0000000001
   1.6649999944   0.0000000002   0.0000000001   0.0000000003
   1.6699999944   0.0000000002   0.0000000002   0.0000000005
   1.6749999944   0.0000000002   0.0000000003   0.0000000006
   1.6799999944   0.0000000000   0.0000000004   0.0000000007
   1.6849999943  -0.0000000002   0.0000000005   0.0000000007
   1.6899999943  -0.0000000005   0.0000000005   0.0000000007
   1.6949999943  -0.0000000008   0.0000000005   0.0000000006
   1.6999999943  -0.0000000010   0.0000000004   0.0000000003
   1.7049999943  -0.0000000011   0.0000000003   0.0000000000
   1.7099999943  -0.0000000011   0.0000000001  -0.0000000004
   1.7149999942  -0.0000000007  -0.0000000002  -0.0000000008
   1.7199999942  -0.0000000001  -0.0000000006  -0.0000000013
   1.7249999942   0.0000000009  -0.0000000010  -0.0000000018
   1.7299999942   0.0000000020  -0.0000000013  -0.0000000021
   1.7349999942   0.0000000033  -0.0000000017  -0.0000000024
   1.7399999942   0.0000000045  -0.0000000020  -0.0000000025
   1.7449999941   0.0000000055  -0.0000000021  -0.0000000024
   1.7499999941   0.0000000059  -0.0000000020  -0.0000000020
   1.7549999941   0.0000000056  -0.0000000017  -0.0000000013
   1.7599999941   0.0000000043  -0.0000000012  -0.0000000002
   1.7649999941   0.0000000021  -0.0000000003   0.0000000012
   1.7699999941  -0.0000000011   0.0000000008   0.0000000028
   1.7749999940  -0.0000000050   0.0000000021   0.0000000045
   1.7799999940  -0.0000000091   0.0000000036   0.0000000062
   1.7849999940  -0.0000000130   0.0000000050   0.0000000076
   1.7899999940  -0.0000000161   0.0000000061   0.0000000085
   1.7949999940  -0.0000000177   0.0000000069   0.0000000086
   1.7999999940  -0.0000000173   0.0000000070   0.0000000078
   1.8049999939  -0.0000000147   0.0000000064   0.0000000059
   1.8099999939  -0.0000000098   0.0000000049   0.0000000029
   1.8149999939  -0.0000000028   0.0000000026  -0.0000000010
   1.8199999939   0.0000000055  -0.0000000005  -0.0000000055
   1.8249999939   0.0000000142  -0.0000000041  -0.0000000101
   1.8299999939   0.0000000222  -0.0000000078  -0.0000000143
   1.8349999938   0.0000000283  -0.0000000111  -0.0000000174
   1.8399999938   0.0000000315  -0.0000000136  -0.0000000188
   1.8449999938   0.0000000309  -0.0000000148  -0.0000000181
   1.8499999938   0.0000000263  -0.0000000144  -0.0000000151
   1.8549999938   0.0000000182  -0.0000000122  -0.0000000099
   1.8599999938   0.0000000072  -0.0000000084  -0.0000000030
   1.8649999937  -0.0000000051  -0.0000000032   0.0000000049
   1.8699999937  -0.0000000170   0.0000000028   0.0000000126
   1.8749999937  -0.0000000269   0.0000000087   0.0000000190
   1.8799999937  -0.0000000330   0.0000000139   0.0000000232
   1.8849999937  -0.0000000344   0.0000000174   0.0000000242
   1.8899999937  -0.0000000307   0.0000000188   0.0000000217
   1.8949999936  -0.0000000224   0.0000000176   0.0000000160
   1.8999999936  -0.0000000108   0.0000000140   0.0000000078
   1.9049999936   0.0000000022   0.0000000084  -0.0000000016
   1.9099999936   0.0000000143   0.0000000017  -0.0000000106
   1.9149999936   0.0000000235  -0.0000000051  -0.0000000177
   1.9199999936   0.0000000280  -0.0000000109  -0.0000000215
   1.9249999935   0.0000000268  -0.0000000146  -0.0000000211
   1.9299999935   0.0000000202  -0.0000000156  -0.0000000165
   1.9349999935   0.0000000093  -0.0000000137  -0.0000000084
   1.9399999935  -0.0000000040  -0.0000000092   0.0000000017
   1.9449999935  -0.0000000170  -0.0000000030   0.0000000120
   1.9499999935  -0.0000000272   0.0000000038   0.0000000203
   1.9549999934  -0.0000000325   0.0000000099   0.0000000247
   1.9599999934  -0.0000000315   0.0000000139   0.0000000242
   1.9649999934  -0.0000000241   0.0000000150   0.0000000185
   1.9699999934  -0.0000000115   0.0000000129   0.0000000084
   1.9749999934   0.0000000042   0.0000000078  -0.0000000043
   1.9799999934   0.0000000201   0.0000000005  -0.0000000173
   1.9849999933   0.0000000332  -0.0000000074  -0.0000000280
   1.9899999933   0.0000000411  -0.0000000146  -0.0000000342
   1.9949999933   0.0000000423  -0.0000000195  -0.0000000344
   1.9999999933   0.0000000365  -0.0000000212  -0.0000000284
   2.0049999933   0.0000000248  -0.0000000191  -0.0000000172
   2.0099999933   0.0000000094  -0.0000000135  -0.0000000028
   2.0149999932  -0.0000000069  -0.0000000055   0.0000000121
   2.0199999932  -0.0000000212   0.0000000036   0.0000000247
   2.0249999932  -0.0000000311   0.0000000121   0.0000000326
   2.0299999932  -0.0000000352   0.0000000185   0.0000000344
   2.0349999932  -0.0000000336   0.0000000217   0.0000000302
   2.0399999931  -0.0000000271   0.0000000214   0.0000000211
   2.0449999931  -0.0000000177   0.0000000178   0.0000000093
   2.0499999931  -0.0000000076   0.0000000119  -0.0000000026
   2.0549999931   0.0000000012   0.0000000049  -0.0000000122
   2.0599999931   0.0000000073  -0.0000000018  -0.0000000177
   2.0649999931   0.0000000104  -0.0000000071  -0.0000000185
   2.0699999930   0.0000000111  -0.0000000104  -0.0000000154
   2.0749999930   0.0000000105  -0.0000000116  -0.0000000099
   2.0799999930   0.0000000100  -0.0000000111  -0.0000000042
   2.0849999930   0.0000000105  -0.0000000097  -0.0000000002
   2.0899999930   0.0000000124  -0.0000000081   0.0000000008
   2.0949999930   0.0000000148  -0.0000000070  -0.0000000015
   2.0999999929   0.0000000164  -0.0000000066  -0.0000000059
   2.1049999929   0.0000000153  -0.0000000065  -0.0000000106
   2.1099999929   0.0000000101  -0.0000000063  -0.0000000136
   2.1149999929   0.0000000004  -0.0000000052  -0.0000000131
   2.1199999929  -0.0000000129  -0.0000000027  -0.0000000085
   2.1249999929  -0.0000000274   0.0000000011  -0.0000000005
   2.1299999928  -0.0000000397   0.0000000057   0.0000000087
   2.1349999928  -0.0000000460   0.0000000100   0.0000000162
   2.1399999928  -0.0000000435   0.0000000125   0.0000000190
   2.1449999928  -0.0000000309   0.0000000120   0.0000000150
   2.1499999928  -0.0000000093   0.0000000076   0.0000000039
   2.1549999928   0.0000000179  -0.0000000004  -0.0000000126
   2.1599999927   0.0000000453  -0.0000000109  -0.0000000311
   2.1649999927   0.0000000670  -0.0000000219  -0.0000000471
   2.1699999927   0.0000000779  -0.0000000307  -0.0000000564
   2.1749999927   0.0000000754  -0.0000000350  -0.0000000561
   2.1799999927   0.0000000598  -0.0000000331  -0.0000000459
   2.1849999927   0.0000000351  -0.0000000245  -0.0000000283
   2.1899999926   0.0000000076  -0.0000000104  -0.0000000080
   2.1949999926  -0.0000000158   0.0000000068   0.0000000096
   2.1999999926  -0.0000000298   0.0000000242   0.0000000201
   2.2049999926  -0.0000000332   0.0000000393   0.0000000227
   2.2099999926  -0.0000000309   0.0000000508   0.0000000219
   2.2149999926  -0.0000000339   0.0000000598   0.0000000281
   2.2199999925  -0.0000000596   0.0000000702   0.0000000575
   2.2249999925  -0.0000001287   0.0000000887   0.0000001305
   2.2299999925  -0.0000002629   0.0000001244   0.0000002688
   2.2349999925  -0.0000004816   0.0000001878   0.0000004928
   2.2399999925  -0.0000007987   0.0000002897   0.0000008182
   2.2449999925  -0.0000012217   0.0000004403   0.0000012553
   2.2499999924  -0.0000017517   0.0000006488   0.0000018081
   2.2549999924  -0.0000023855   0.0000009233   0.0000024758
   2.2599999924  -0.0000031180   0.0000012714   0.0000032554
   2.2649999924  -0.0000039466   0.0000017010   0.0000041445
   2.2699999924  -0.0000048731   0.0000022202   0.0000051437
   2.2749999924  -0.0000059051   0.0000028381   0.0000062577
   2.2799999923  -0.0000070551   0.0000035633   0.0000074942
   2.2849999923  -0.0000083372   0.0000044015   0.0000088613
   2.2899999923  -0.0000097620   0.0000053530   0.0000103633
   2.2949999923  -0.0000113314   0.0000064088   0.0000119961
   2.2999999923  -0.0000130333   0.0000075471   0.0000137434
   2.3049999923  -0.0000148379   0.0000087310   0.0000155750
   2.3099999922  -0.0000166967   0.0000099078   0.0000174467
   2.3149999922  -0.0000185432   0.0000110101   0.0000193042
   2.3199999922  -0.0000202959   0.0000119596   0.0000210871
   2.3249999922  -0.0000218619   0.0000126722   0.0000227343
   2.3299999922  -0.0000231411   0.0000130653   0.0000241874
   2.3349999922  -0.0000240300   0.0000130648   0.0000253923
   2.3399999921  -0.0000244248   0.0000126125   0.0000262962
   2.3449999921  -0.0000242260   0.0000116728   0.0000268408
   2.3499999921  -0.0000233450   0.0000102380   0.0000269540
   2.3549999921  -0.0000217139   0.0000083337   0.0000265389
   2.3599999921  -0.0000193009   0.0000060220   0.0000254663
   2.3649999921  -0.0000161288   0.0000034053   0.0000235709
   2.3699999920  -0.0000122955   0.0000006278   0.0000206552
   2.3749999920  -0.0000079905  -0.0000021259   0.0000165036
   2.3799999920  -0.0000035020  -0.0000046358   0.0000109077
   2.3849999920   0.0000007934  -0.0000066594   0.0000037051
   2.3899999920   0.0000044654  -0.0000079536  -0.0000051694
   2.3949999920   0.0000070917  -0.0000083081  -0.0000156209
   2.3999999919   0.0000083470  -0.0000075900  -0.0000273226
   2.4049999919   0.0000081109  -0.0000057969  -0.0000396415
   2.4099999919   0.0000065824  -0.0000031142  -0.0000515714
   2.4149999919   0.0000043786   0.0000000345  -0.0000616870
   2.4199999919   0.0000025939   0.0000029541  -0.0000681394
   2.4249999919   0.0000027895   0.0000046769  -0.0000687169
   2.4299999918   0.0000068895   0.0000040094  -0.0000609965
   2.4349999918   0.0000169613  -0.0000003601  -0.0000426111
   2.4399999918   0.0000348717  -0.0000096841  -0.0000116491
   2.4449999918   0.0000618246  -0.0000249055   0.0000328114
   2.4499999918   0.0000978032  -0.0000463421   0.0000900492
   2.4549999918   0.0001409612  -0.0000733232   0.0001569720
   2.4599999917   0.0001870253  -0.0001038114   0.0002273823
   2.4649999917   0.0002287899  -0.0001340503   0.0002913371
   2.4699999917   0.0002557930  -0.0001582924   0.0003347153
   2.4749999917   0.0002542646  -0.0001686657   0.0003391199
   2.4799999917   0.0002074313  -0.0001552369   0.0002822309
   2.4849999917   0.0000962354  -0.0001063215   0.0001386993
   2.4899999916  -0.0000995066  -0.0000090752  -0.0001183748
   2.4949999916  -0.0003995273   0.0001496251  -0.0005154000
   2.4999999916  -0.0008211928   0.0003820362  -0.0010757843
   2.5049999916  -0.0013773805   0.0006981990  -0.0018171316
   2.5099999916  -0.0020743385   0.0011044886  -0.0027483897
   2.5149999916  -0.0029097516   0.0016021949  -0.0038672485
   2.5199999915  -0.0038712570   0.0021862959  -0.0051581104
   2.5249999915  -0.0049356437   0.0028445901  -0.0065909431
   2.5299999915  -0.0060689260   0.0035573443  -0.0081212710
   2.5349999915  -0.0072274105   0.0042975818  -0.0096914711
   2.5399999915  -0.0083597743   0.0050320809  -0.0112334089
   2.5449999915  -0.0094100613   0.0057230804  -0.0126723080
   2.5499999914  -0.0103213814   0.0063306115  -0.0139315924
   2.5549999914  -0.0110399994   0.0068152890  -0.0149383059
   2.5599999914  -0.0115194254   0.0071413260  -0.0156286101
   2.5649999914  -0.0117240876   0.0072794873  -0.0159528158
   2.5699999914  -0.0116321938   0.0072096757  -0.0158794134
   2.5749999914  -0.0112374614   0.0069228665  -0.0153976527
   2.5799999913  -0.0105495152   0.0064221600  -0.0145183672
   2.5849999913  -0.0095929088   0.0057228092  -0.0132729321
   2.5899999913  -0.0084048868   0.0048511961  -0.0117104618
   2.5949999913  -0.0070321616   0.0038428457  -0.0098935708
   2.5999999913  -0.0055270956   0.0027396861  -0.0078931966
   2.6049999913  -0.0039437482   0.0015868511  -0.0057831046
   2.6099999912  -0.0023342499   0.0004293768  -0.0036347224
   2.6149999912  -0.0007459011  -0.0006908481  -0.0015128953
   2.6199999912   0.0007807265  -0.0017375606   0.0005269978
   2.6249999912   0.0022125707  -0.0026817948   0.0024403395
   2.6299999912   0.0035238017  -0.0035026297   0.0041930084
   2.6349999912   0.0046947143  -0.0041870271   0.0057598251
   2.6399999911   0.0057101393  -0.0047289025   0.0071221890
   2.6449999911   0.0065577934  -0.0051276735   0.0082655060
   2.6499999911   0.0072269761  -0.0053865959   0.0091770249
   2.6549999911   0.0077079466  -0.0055112065   0.0098446117
   2.6599999911   0.0079921711  -0.0055081534   0.0102567929
   2.6649999911   0.0080734509  -0.0053846038   0.0104041455
   2.6699999910   0.0079497556  -0.0051482975   0.0102818219
   2.6749999910   0.0076254178  -0.0048081809   0.0098927398
   2.6799999910   0.0071132336  -0.0043754292   0.0092507849
   2.6849999910   0.0064359799  -0.0038645743   0.0083832980
   2.6899999910   0.0056269061  -0.0032944093   0.0073321749
   2.6949999909   0.0047288941  -0.0026883617   0.0061530958
   2.6999999909   0.0037921786  -0.0020740989   0.0049126801
   2.7049999909   0.0028707519  -0.0014822578   0.0036837109
   2.7099999909   0.0020178110  -0.0009443433   0.0025389078
   2.7149999909   0.0012807929  -0.0004900008   0.0015440132
   2.7199999909   0.0006966568  -0.0001440014   0.0007511247
   2.7249999908   0.0002880853   0.0000766316   0.0001932335
   2.7299999908   0.0000611853   0.0001649078  -0.0001191980
   2.7349999908   0.0000050756   0.0001251699  -0.0001990555
   2.7399999908   0.0000934903  -0.0000268665  -0.0000805863
   2.7449999908   0.0002882341  -0.0002654351   0.0001851844
   2.7499999908   0.0005440527  -0.0005573066   0.0005370423
   2.7549999907   0.0008142649  -0.0008653534   0.0009112880
   2.7599999907   0.0010563879  -0.0011526483   0.0012494952
   2.7649999907   0.0012369849  -0.0013865593   0.0015052624
   2.7699999907   0.0013350861  -0.0015422971   0.0016490515
   2.7749999907   0.0013437523  -0.0016054393   0.0016705005
   2.7799999907   0.0012696318  -0.0015731028   0.0015779849
   2.7849999906   0.0011306699  -0.0014536308   0.0013956128
   2.7899999906   0.0009523969  -0.0012648754   0.0011582132
   2.7949999906   0.0007634207  -0.0010313566   0.0009051606
   2.7999999906   0.0005908434  -0.0007807328   0.0006740161
   2.8049999906   0.0004562955  -0.0005400989   0.0004949497
   2.8099999906   0.0003731481  -0.0003326352   0.0003867428
   2.8149999905   0.0003452460  -0.0001750477   0.0003548819
   2.8199999905   0.0003672429  -0.0000761034   0.0003918972
   2.8249999905   0.0004263589  -0.0000363810   0.0004797361
   2.8299999905   0.0005051635  -0.0000491691   0.0005936464
   2.8349999905   0.0005848506  -0.0001022774   0.0007068284
   2.8399999905   0.0006484273  -0.0001804053   0.0007950354
   2.8449999904   0.0006832966  -0.0002676584   0.0008403586
   2.8499999904   0.0006828534  -0.0003498172   0.0008336156
   2.8549999904   0.0006469040  -0.0004160350   0.0007750315
   2.8599999904   0.0005809334  -0.0004597681   0.0006732133
   2.8649999904   0.0004944345  -0.0004788789   0.0005427060
   2.8699999904   0.0003986573  -0.0004749959   0.0004006501
   2.8749999903   0.0003042074  -0.0004523282   0.0002631814
   2.8799999903   0.0002189192  -0.0004162013   0.0001422230
   2.8849999903   0.0001463501  -0.0003716032   0.0000432112
   2.8899999903   0.0000851173  -0.0003219979  -0.0000358940
   2.8949999903   0.0000291396  -0.0002685949  -0.0001042120
   2.8999999903  -0.0000313074  -0.0002101637  -0.0001762968
   2.9049999902  -0.0001079407  -0.0001433833  -0.0002695949
   2.9099999902  -0.0002125282  -0.0000636208  -0.0004014849
   2.9149999902  -0.0003549807   0.0000340290  -0.0005864178
   2.9199999902  -0.0005417789   0.0001536464  -0.0008336229
   2.9249999902  -0.0007749554   0.0002975261  -0.0011457128
   2.9299999902  -0.0010517477   0.0004655126  -0.0015183404
   2.9349999901  -0.0013649235   0.0006547244  -0.0019408704
   2.9399999901  -0.0017036685   0.0008596928  -0.0023978595
   2.9449999901  -0.0020548514   0.0010728636  -0.0028710225
   2.9499999901  -0.0024044363   0.0012853609  -0.0033413127
   2.9549999901  -0.0027388142   0.0014878722  -0.0037907695
   2.9599999901  -0.0030458604   0.0016715104  -0.0042038662
   2.9649999900  -0.0033155963   0.0018285259  -0.0045682161
   2.9699999900  -0.0035404124   0.0019527794  -0.0048746287
   2.9749999900  -0.0037148943   0.0020399380  -0.0051166318
   2.9799999900  -0.0038353608   0.0020874084  -0.0052896638
   2.9849999900  -0.0038992660   0.0020940666  -0.0053901782
   2.9899999900  -0.0039046289   0.0020598748  -0.0054148981
   2.9949999899  -0.0038496341   0.0019854861  -0.0053603970
   2.9999999899  -0.0037325007   0.0018719300  -0.0052231051
   3.0049999899  -0.0035516554   0.0017204446  -0.0049997390
   3.0099999899  -0.0033061763   0.0015324858  -0.0046880672
   3.0149999899  -0.0029964173   0.0013099015  -0.0042878530
   3.0199999899  -0.0026246830   0.0010552211  -0.0038017869
   3.0249999898  -0.0021958062   0.0007719864  -0.0032362175
   3.0299999898  -0.0017174981   0.0004650347  -0.0026015287
   3.0349999898  -0.0012003731   0.0001406559  -0.0019120681
   3.0399999898  -0.0006576098  -0.0001934391  -0.0011856066
   3.0449999898  -0.0001042679  -0.0005283634  -0.0004423803
   3.0499999898   0.0004436584  -0.0008545031   0.0002961717
   3.0549999897   0.0009703287  -0.0011621223   0.0010088174
   3.0599999897   0.0014611424  -0.0014420486   0.0016759197
   3.0649999897   0.0019036782  -0.0016863480   0.0022806404
   3.0699999897   0.0022883756  -0.0018888981   0.0028098293
   3.0749999897   0.0026088855  -0.0020457847   0.0032545214
   3.0799999897   0.0028620769  -0.0021554732   0.0036100169
   3.0849999896   0.0030477381  -0.0022187424   0.0038755813
   3.0899999896   0.0031680551  -0.0022384024   0.0040538463
   3.0949999896   0.0032269801  -0.0022188526   0.0041500283
   3.0999999896   0.0032296023  -0.0021655503   0.0041710943
   3.1049999896   0.0031816241  -0.0020844736   0.0041249956
   3.1099999896   0.0030890049  -0.0019816497   0.0040200662
   3.1149999895   0.0029577972  -0.0018628039   0.0038646406
   3.1199999895   0.0027941508  -0.0017331544   0.0036669003
   3.1249999895   0.0026044246  -0.0015973485   0.0034349097
   3.1299999895   0.0023953260  -0.0014595103   0.0031767694
   3.1349999895   0.0021739902  -0.0013233491   0.0029007902
   3.1399999895   0.0019479331  -0.0011922717   0.0026155918
   3.1449999894   0.0017248383  -0.0010694492   0.0023300489
   3.1499999894   0.0015121848  -0.0009578005   0.0020530440
   3.1549999894   0.0013167562  -0.0008598857   0.0017930324
   3.1599999894   0.0011441109  -0.0007777225   0.0015574718
   3.1649999894   0.0009981065  -0.0007125644   0.0013522099
   3.1699999894   0.0008805680  -0.0006646938   0.0011809426
   3.1749999893   0.0007911743  -0.0006332852   0.0010448582
   3.1799999893   0.0007275945  -0.0006163849   0.0009425538
   3.1849999893   0.0006858654  -0.0006110333   0.0008702698
   3.1899999893   0.0006609586  -0.0006135293   0.0008224280
   3.1949999893   0.0006474479  -0.0006198091   0.0007924016
   3.1999999893   0.0006401735  -0.0006258867   0.0007733989
   3.2049999892   0.0006347998  -0.0006282910   0.0007593182
   3.2099999892   0.0006281850  -0.0006244296   0.0007454301
   3.2149999892   0.0006185176  -0.0006128242   0.0007287781
   3.2199999892   0.0006052192  -0.0005931811   0.0007082389
   3.2249999892   0.0005886563  -0.0005662916   0.0006842513
   3.2299999892   0.0005697365  -0.0005337849   0.0006582858
   3.2349999891   0.0005494826  -0.0004977837   0.0006321785
   3.2399999891   0.0005286751  -0.0004605255   0.0006074752
   3.2449999891   0.0005076323  -0.0004240174   0.0005849263
   3.2499999891   0.0004861640  -0.0003897803   0.0005642346
   3.2549999891   0.0004636932  -0.0003587194   0.0005440997
   3.2599999891   0.0004395027  -0.0003311286   0.0005225361
   3.2649999890   0.0004130375  -0.0003068110   0.0004973794
   3.2699999890   0.0003841820  -0.0002852751   0.0004668518
   3.2749999890   0.0003534400  -0.0002659536   0.0004300497
   3.2799999890   0.0003219682  -0.0002483913   0.0003872308
   3.2849999890   0.0002914489  -0.0002323618   0.0003398306
   3.2899999890   0.0002638241  -0.0002178894   0.0002901970
   3.2949999889   0.0002409460  -0.0002051801   0.0002411043
   3.2999999889   0.0002242162  -0.0001944845   0.0001951545
   3.3049999889   0.0002142916  -0.0001859352   0.0001542060
   3.3099999889   0.0002109176  -0.0001794036   0.0001189644
   3.3149999889   0.0002129270  -0.0001744176   0.0000888339
   3.3199999889   0.0002184049  -0.0001701672   0.0000620690
   3.3249999888   0.0002249880  -0.0001656025   0.0000362015
   3.3299999888   0.0002302391  -0.0001596085   0.0000086494
   3.3349999888   0.0002320258  -0.0001512198  -0.0000226230
   3.3399999888   0.0002288312  -0.0001398312  -0.0000585422
   3.3449999888   0.0002199416  -0.0001253564  -0.0000985850
   3.3499999888   0.0002054821  -0.0001082995  -0.0001407426
   3.3549999887   0.0001863030  -0.0000897199  -0.0001818028
   3.3599999887   0.0001637457  -0.0000710941  -0.0002178966
   3.3649999887   0.0001393436  -0.0000540991  -0.0002451998
   3.3699999887   0.0001145189  -0.0000403552  -0.0002606454
   3.3749999887   0.0000903372  -0.0000311790  -0.0002625023
   3.3799999886   0.0000673641  -0.0000273882  -0.0002507035
   3.3849999886   0.0000456477  -0.0000291947  -0.0002268614
   3.3899999886   0.0000248224  -0.0000362014  -0.0001939730
   3.3949999886   0.0000043044  -0.0000474970  -0.0001558824
   3.3999999886  -0.0000164666  -0.0000618280  -0.0001166185
   3.4049999886  -0.0000377975  -0.0000778088  -0.0000797451
   3.4099999885  -0.0000595745  -0.0000941289  -0.0000478584
   3.4149999885  -0.0000811978  -0.0001097181  -0.0000223273
   3.4199999885  -0.0001016351  -0.0001238398  -0.0000033185
   3.4249999885  -0.0001195851  -0.0001361024   0.0000099175
   3.4299999885  -0.0001337182  -0.0001463935   0.0000185789
   3.4349999885  -0.0001429437  -0.0001547605   0.0000237855
   3.4399999884  -0.0001466461  -0.0001612715   0.0000261209
   3.4449999884  -0.0001448367  -0.0001658933   0.0000253604
   3.4499999884  -0.0001381861  -0.0001684203   0.0000204509
   3.4549999884  -0.0001279231  -0.0001684743   0.0000097541
   3.4599999884  -0.0001156222  -0.0001655796  -0.0000085038
   3.4649999884  -0.0001029186  -0.0001592979  -0.0000356783
   3.4699999883  -0.0000912157  -0.0001493938  -0.0000721839
   3.4749999883  -0.0000814462  -0.0001359908  -0.0001171312
   3.4799999883  -0.0000739437  -0.0001196775  -0.0001682206
   3.4849999883  -0.0000684512  -0.0001015321  -0.0002219321
   3.4899999883  -0.0000642672  -0.0000830493  -0.0002739861
   3.4949999883  -0.0000604922  -0.0000659757  -0.0003199838
   3.4999999882  -0.0000563160  -0.0000520777  -0.0003560974
   3.5049999882  -0.0000512759  -0.0000428856  -0.0003796635
   3.5099999882  -0.0000454178  -0.0000394629  -0.0003895550
   3.5149999882  -0.0000393195  -0.0000422467  -0.0003862569
   3.5199999882  -0.0000339670  -0.0000509930  -0.0003716340
   3.5249999882  -0.0000305114  -0.0000648383  -0.0003484541
   3.5299999881  -0.0000299666  -0.0000824648  -0.0003197783
   3.5349999881  -0.0000329233  -0.0001023352  -0.0002883617
   3.5399999881  -0.0000393532  -0.0001229470  -0.0002562014
   3.5449999881  -0.0000485552  -0.0001430548  -0.0002243256
   3.5499999881  -0.0000592614  -0.0001618151  -0.0001928631
   3.5549999881  -0.0000698809  -0.0001788288  -0.0001613555
   3.5599999880  -0.0000788230  -0.0001940781  -0.0001292213
   3.5649999880  -0.0000848253  -0.0002077822  -0.0000962403
   3.5699999880  -0.0000872060  -0.0002202110  -0.0000629271
   3.5749999880  -0.0000859845  -0.0002315076  -0.0000306902
   3.5799999880  -0.0000818425  -0.0002415659  -0.0000017297
   3.5849999880  -0.0000759416  -0.0002499939   0.0000213071
   3.5899999879  -0.0000696446  -0.0002561721   0.0000358315
   3.5949999879  -0.0000642100  -0.0002593941   0.0000398609
   3.5999999879  -0.0000605346  -0.0002590518   0.0000324764
   3.6049999879  -0.0000589989  -0.0002548217   0.0000140812
   3.6099999879  -0.0000594463  -0.0002468039  -0.0000135999
   3.6149999879  -0.0000612873  -0.0002355804  -0.0000477810
   3.6199999878  -0.0000636949  -0.0002221756  -0.0000850745
   3.6249999878  -0.0000658332  -0.0002079264  -0.0001220470
   3.6299999878  -0.0000670617  -0.0001942893  -0.0001557510
   3.6349999878  -0.0000670671  -0.0001826249  -0.0001841226
   3.6399999878  -0.0000658985  -0.0001740042  -0.0002061738
   3.6449999878  -0.0000639077  -0.0001690754  -0.0002219551
   3.6499999877  -0.0000616209  -0.0001680123  -0.0002323203
   3.6549999877  -0.0000595795  -0.0001705498  -0.0002385636
   3.6599999877  -0.0000581940  -0.0001760910  -0.0002420229
   3.6649999877  -0.0000576428  -0.0001838562  -0.0002437423
   3.6699999877  -0.0000578350  -0.0001930402  -0.0002442644
   3.6749999877  -0.0000584371  -0.0002029429  -0.0002435860
   3.6799999876  -0.0000589518  -0.0002130502  -0.0002412726
   3.6849999876  -0.0000588238  -0.0002230546  -0.0002366897
   3.6899999876  -0.0000575519  -0.0002328191  -0.0002292848
   3.6949999876  -0.0000547846  -0.0002423022  -0.0002188499
   3.6999999876  -0.0000503875  -0.0002514676  -0.0002057000
   3.7049999876  -0.0000444758  -0.0002602048  -0.0001907260
   3.7099999875  -0.0000374090  -0.0002682809  -0.0001753098
   3.7149999875  -0.0000297510  -0.0002753378  -0.0001611182
   3.7199999875  -0.0000221986  -0.0002809358  -0.0001498177
   3.7249999875  -0.0000154852  -0.0002846342  -0.0001427673
   3.7299999875  -0.0000102694  -0.0002860919  -0.0001407519
   3.7349999875  -0.0000070237  -0.0002851652  -0.0001438099
   3.7399999874  -0.0000059427  -0.0002819801  -0.0001511934
   3.7449999874  -0.0000068921  -0.0002769615  -0.0001614717
   3.7499999874  -0.0000094167  -0.0002708075  -0.0001727650
   3.7549999874  -0.0000128140  -0.0002644105  -0.0001830654
   3.7599999874  -0.0000162687  -0.0002587355  -0.0001905879
   3.7649999874  -0.0000190237  -0.0002546763  -0.0001940815
   3.7699999873  -0.0000205515  -0.0002529148  -0.0001930397
   3.7749999873  -0.0000206835  -0.0002538136  -0.0001877635
   3.7799999873  -0.0000196606  -0.0002573615  -0.0001792645
   3.7849999873  -0.0000180839  -0.0002631872  -0.0001690221
   3.7899999873  -0.0000167706  -0.0002706396  -0.0001586499
   3.7949999873  -0.0000165433  -0.0002789197  -0.0001495404
   3.7999999872  -0.0000180067  -0.0002872377  -0.0001425697
   3.8049999872  -0.0000213672  -0.0002949619  -0.0001379318
   3.8099999872  -0.0000263492  -0.0003017264  -0.0001351413
   3.8149999872  -0.0000322359  -0.0003074726  -0.0001332069
   3.8199999872  -0.0000380300  -0.0003124175  -0.0001309346
   3.8249999872  -0.0000426996  -0.0003169555  -0.0001272872
   3.8299999871  -0.0000454447  -0.0003215198  -0.0001217092
   3.8349999871  -0.0000459156  -0.0003264393  -0.0001143337
   3.8399999871  -0.0000443225  -0.0003318289  -0.0001060130
   3.8449999871  -0.0000414024  -0.0003375423  -0.0000981617
   3.8499999871  -0.0000382506  -0.0003432009  -0.0000924439
   3.8549999871  -0.0000360561  -0.0003482936  -0.0000903818
   3.8599999870  -0.0000358124  -0.0003523194  -0.0000929824
   3.8649999870  -0.0000380784  -0.0003549370  -0.0001004770
   3.8699999870  -0.0000428529  -0.0003560786  -0.0001122430
   3.8749999870  -0.0000495964  -0.0003559983  -0.0001269292
   3.8799999870  -0.0000573916  -0.0003552365  -0.0001427577
   3.8849999870  -0.0000651980  -0.0003545110  -0.0001579271
   3.8899999869  -0.0000721300  -0.0003545585  -0.0001710176
   3.8949999869  -0.0000776827  -0.0003559680  -0.0001812966
   3.8999999869  -0.0000818446  -0.0003590475  -0.0001888502
   3.9049999869  -0.0000850691  -0.0003637599  -0.0001945088
   3.9099999869  -0.0000881160  -0.0003697412  -0.0001995888
   3.9149999869  -0.0000918088  -0.0003763992  -0.0002055173
   3.9199999868  -0.0000967765  -0.0003830648  -0.0002134354
   3.9249999868  -0.0001032510  -0.0003891599  -0.0002238796
   3.9299999868  -0.0001109730  -0.0003943379  -0.0002366181
   3.9349999868  -0.0001192300  -0.0003985659  -0.0002506791
   3.9399999868  -0.0001270131  -0.0004021275  -0.0002645599
   3.9449999868  -0.0001332473  -0.0004055490  -0.0002765600
   3.9499999867  -0.0001370343  -0.0004094681  -0.0002851574
   3.9549999867  -0.0001378461  -0.0004144790  -0.0002893348
   3.9599999867  -0.0001356228  -0.0004209894  -0.0002887842
   3.9649999867  -0.0001307575  -0.0004291234  -0.0002839470
   3.9699999867  -0.0001239802  -0.0004386910  -0.0002758908
   3.9749999867  -0.0001161769  -0.0004492281  -0.0002660595
   3.9799999866  -0.0001081948  -0.0004600953  -0.0002559621
   3.9849999866  -0.0001006820  -0.0004706106  -0.0002468757
   3.9899999866  -0.0000939974  -0.0004801858  -0.0002396258
   3.9949999866  -0.0000882042  -0.0004884354  -0.0002344894
   3.9999999866  -0.0000831408  -0.0004952348  -0.0002312323
   4.0049999866  -0.0000785397  -0.0005007202  -0.0002292602
   4.0099999865  -0.0000741619  -0.0005052308  -0.0002278422
   4.0149999865  -0.0000699107  -0.0005092121  -0.0002263503
   4.0199999865  -0.0000658998  -0.0005131036  -0.0002244587
   4.0249999865  -0.0000624629  -0.0005172373  -0.0002222603
   4.0299999865  -0.0000601096  -0.0005217709  -0.0002202785
   4.0349999864  -0.0000594403  -0.0005266683  -0.0002193734
   4.0399999864  -0.0000610423  -0.0005317294  -0.0002205672
   4.0449999864  -0.0000653892  -0.0005366600  -0.0002248270
   4.0499999864  -0.0000727622  -0.0005411631  -0.0002328523
   4.0549999864  -0.0000832054  -0.0005450276  -0.0002449114
   4.0599999864  -0.0000965210  -0.0005481955  -0.0002607598
   4.0649999863  -0.0001122997  -0.0005507898  -0.0002796580
   4.0699999863  -0.0001299802  -0.0005531005  -0.0003004824
   4.0749999863  -0.0001489263  -0.0005555316  -0.0003219081
   4.0799999863  -0.0001685069  -0.0005585233  -0.0003426220
   4.0849999863  -0.0001881661  -0.0005624668  -0.0003615254
   4.0899999863  -0.0002074741  -0.0005676312  -0.0003778816
   4.0949999862  -0.0002261469  -0.0005741166  -0.0003913805
   4.0999999862  -0.0002440375  -0.0005818415  -0.0004021103
   4.1049999862  -0.0002610961  -0.0005905664  -0.0004104447
   4.1099999862  -0.0002773121  -0.0005999444  -0.0004168781
   4.1149999862  -0.0002926477  -0.0006095903  -0.0004218487
   4.1199999862  -0.0003069797  -0.0006191513  -0.0004255949
   4.1249999861  -0.0003200611  -0.0006283662  -0.0004280824
   4.1299999861  -0.0003315128  -0.0006371039  -0.0004290217
   4.1349999861  -0.0003408475  -0.0006453726  -0.0004279758
   4.1399999861  -0.0003475210  -0.0006533002  -0.0004245346
   4.1449999861  -0.0003509992  -0.0006610911  -0.0004185198
   4.1499999861  -0.0003508257  -0.0006689673  -0.0004101704
   4.1549999860  -0.0003466744  -0.0006771065  -0.0004002692
   4.1599999860  -0.0003383729  -0.0006855913  -0.0003901777
   4.1649999860  -0.0003258930  -0.0006943776  -0.0003817684
   4.1699999860  -0.0003093094  -0.0007032928  -0.0003772651
   4.1749999860  -0.0002887374  -0.0007120603  -0.0003790189
   4.1799999860  -0.0002642675  -0.0007203480  -0.0003892618
   4.1849999859  -0.0002359159  -0.0007278273  -0.0004098790
   4.1899999859  -0.0002036106  -0.0007342292  -0.0004422376
   4.1949999859  -0.0001672253  -0.0007393822  -0.0004870908
   4.1999999859  -0.0001266668  -0.0007432242  -0.0005445609
   4.2049999859  -0.0000820098  -0.0007457835  -0.0006141816
   4.2099999859  -0.0000336665  -0.0007471347  -0.0006949697
   4.2149999858   0.0000174318  -0.0007473410  -0.0007854865
   4.2199999858   0.0000696617  -0.0007463994  -0.0008838530
   4.2249999858   0.0001205660  -0.0007442052  -0.0009876967
   4.2299999858   0.0001667578  -0.0007405464  -0.0010940252
   4.2349999858   0.0002038761  -0.0007351346  -0.0011990423
   4.2399999858   0.0002265918  -0.0007276669  -0.0012979435
   4.2449999857   0.0002286526  -0.0007179088  -0.0013847371
   4.2499999857   0.0002029573  -0.0007057812  -0.0014521431
   4.2549999857   0.0001416445  -0.0006914340  -0.0014916077
   4.2599999857   0.0000361940  -0.0006752913  -0.0014934618
   4.2649999857  -0.0001224583  -0.0006580600  -0.0014472210
   4.2699999857  -0.0003437787  -0.0006406985  -0.0013420088
   4.2749999856  -0.0006374478  -0.0006243507  -0.0011670611
   4.2799999856  -0.0010131048  -0.0006102573  -0.0009122649
   4.2849999856  -0.0014800064  -0.0005996569  -0.0005686824
   4.2899999856  -0.0020465890  -0.0005936917  -0.0001290252
   4.2949999856  -0.0027199395  -0.0005933313   0.0004119448
   4.2999999856  -0.0035051932  -0.0005993211   0.0010570859
   4.3049999855  -0.0044048904  -0.0006121582   0.0018066080
   4.3099999855  -0.0054183379  -0.0006320898   0.0026578427
   4.3149999855  -0.0065410210  -0.0006591249   0.0036050313
   4.3199999855  -0.0077641159  -0.0006930459   0.0046391218
   4.3249999855  -0.0090741427  -0.0007334062   0.0057475790
   4.3299999855  -0.0104527894  -0.0007795051   0.0069142322
   4.3349999854  -0.0118769244  -0.0008303348   0.0081191975
   4.3399999854  -0.0133188024  -0.0008845061   0.0093389229
   4.3449999854  -0.0147464602  -0.0009401667   0.0105464025
   4.3499999854  -0.0161242912  -0.0009949320   0.0117115973
   4.3549999854  -0.0174137853  -0.0010458518   0.0128020806
   4.3599999854  -0.0185744231  -0.0010894312   0.0137839052
   4.3649999853  -0.0195647135  -0.0011217179   0.0146226611
   4.3699999853  -0.0203433657  -0.0011384518   0.0152846747
   4.3749999853  -0.0208705840  -0.0011352653   0.0157382815
   4.3799999853  -0.0211094680  -0.0011079088   0.0159551012
   4.3849999853  -0.0210274870  -0.0010524730   0.0159112427
   4.3899999853  -0.0205979840  -0.0009655818   0.0155883822
   4.3949999852  -0.0198016473  -0.0008445370   0.0149746708
   4.3999999852  -0.0186278706  -0.0006874089   0.0140654477
   4.4049999852  -0.0170759184  -0.0004930786   0.0128637472
   4.4099999852  -0.0151558063  -0.0002612482   0.0113806020
   4.4149999852  -0.0128888208   0.0000075617   0.0096351413
   4.4199999852  -0.0103076168   0.0003120092   0.0076544828
   4.4249999851  -0.0074558598   0.0006499138   0.0054734045
   4.4299999851  -0.0043874047   0.0010182261   0.0031337800
   4.4349999851  -0.0011650326   0.0014129967   0.0006837512
   4.4399999851   0.0021412109   0.0018293647  -0.0018233761
   4.4449999851   0.0054560148   0.0022615892  -0.0043305204
   4.4499999851   0.0087010690   0.0027031407  -0.0067784745
   4.4549999850   0.0117975217   0.0031468637  -0.0091077740
   4.4599999850   0.0146685482   0.0035852066  -0.0112607090
   4.4649999850   0.0172419516   0.0040105054  -0.0131833857
   4.4699999850   0.0194527102   0.0044152955  -0.0148277300
   4.4749999850   0.0212453824   0.0047926235  -0.0161533229
   4.4799999850   0.0225762739   0.0051363316  -0.0171289708
   4.4849999849   0.0234152698   0.0054412891  -0.0177339275
   4.4899999849   0.0237472331   0.0057035617  -0.0179587127
   4.4949999849   0.0235728820   0.0059205115  -0.0178054942
   4.4999999849   0.0229090733   0.0060908362  -0.0172880269
   4.5049999849   0.0217884451   0.0062145588  -0.0164311600
   4.5099999849   0.0202584030   0.0062929813  -0.0152699407
   4.5149999848   0.0183794715   0.0063286136  -0.0138483534
   4.5199999848   0.0162230665   0.0063250857  -0.0122177403
   4.5249999848   0.0138687809   0.0062870414  -0.0104349579
   4.5299999848   0.0114013037   0.0062200090  -0.0085603266
   4.5349999848   0.0089071112   0.0061302395  -0.0066554375
   4.5399999848   0.0064710844   0.0060245054  -0.0047808874
   4.5449999847   0.0041732062   0.0059098548  -0.0029940203
   4.5499999847   0.0020854882   0.0057933257  -0.0013467597
   4.5549999847   0.0002692612   0.0056816328   0.0001163746
   4.5599999847  -0.0012270559   0.0055808448   0.0013599710
   4.5649999847  -0.0023696157   0.0054960803   0.0023590573
   4.5699999847  -0.0031401674   0.0054312443   0.0030999755
   4.5749999846  -0.0035364077   0.0053888313   0.0035807340
   4.5799999846  -0.0035716491   0.0053698085   0.0038108007
   4.5849999846  -0.0032738187   0.0053735859   0.0038103340
   4.5899999846  -0.0026838317   0.0053980714   0.0036088882
   4.5949999846  -0.0018534055   0.0054398011   0.0032436705
   4.5999999846  -0.0008424067   0.0054941283   0.0027574544
   4.6049999845   0.0002841530   0.0055554567   0.0021962810
   4.6099999845   0.0014593346   0.0056174998   0.0016070845
   4.6149999845   0.0026175489   0.0056735546   0.0010353756
   4.6199999845   0.0036977270   0.0057167762   0.0005230987
   4.6249999845   0.0046462189   0.0057404467   0.0001067586
   4.6299999845   0.0054192618   0.0057382283  -0.0001841163
   4.6349999844   0.0059848834   0.0057043946  -0.0003281277
   4.6399999844   0.0063241367   0.0056340318  -0.0003127500
   4.6449999844   0.0064316026   0.0055232047  -0.0001346502
   4.6499999844   0.0063151457   0.0053690809   0.0002004200
   4.6549999844   0.0059949504   0.0051700109   0.0006781555
   4.6599999844   0.0055019122   0.0049255621   0.0012766323
   4.6649999843   0.0048754918   0.0046365079   0.0019676173
   4.6699999843   0.0041611684   0.0043047712   0.0027181977
   4.6749999843   0.0034076441   0.0039333264   0.0034926567
   4.6799999843   0.0026639596   0.0035260589   0.0042544977
   4.6849999843   0.0019766763   0.0030875864   0.0049684999
   4.6899999843   0.0013872747   0.0026230461   0.0056026809
   4.6949999842   0.0009299004   0.0021378556   0.0061300385
   4.6999999842   0.0006295713   0.0016374623   0.0065299601
   4.7049999842   0.0005009347   0.0011270967   0.0067892112
   4.7099999842   0.0005476356   0.0006115521   0.0069024433
   4.7149999842   0.0007623266   0.0000950093   0.0068722044
   4.7199999841   0.0011273169  -0.0004190776   0.0067084677
   4.7249999841   0.0016158193  -0.0009280246   0.0064277288
   4.7299999841   0.0021937229  -0.0014298920   0.0060517527
   4.7349999841   0.0028217835  -0.0019233998   0.0056060634
   4.7399999841   0.0034580967  -0.0024077994   0.0051182840
   4.7449999841   0.0040607001  -0.0028827234   0.0046164325
   4.7499999840   0.0045901413  -0.0033480331   0.0041272723
   4.7549999840   0.0050118501  -0.0038036765   0.0036748052
   4.7599999840   0.0052981673  -0.0042495678   0.0032789821
   4.7649999840   0.0054299075  -0.0046854884   0.0029546885
   4.7699999840   0.0053973650  -0.0051110068   0.0027110488
   4.7749999840   0.0052007094  -0.0055254126   0.0025510793
   4.7799999839   0.0048497611  -0.0059276605   0.0024717003
   4.7849999839   0.0043631725  -0.0063163235   0.0024641077
   4.7899999839   0.0037670813  -0.0066895606   0.0025144820
   4.7949999839   0.0030933310  -0.0070451049   0.0026049979
   4.7999999839   0.0023773767  -0.0073802826   0.0027150764
   4.8049999839   0.0016560150  -0.0076920720   0.0028228071
   4.8099999838   0.0009650773  -0.0079772052   0.0029064501
   4.8149999838   0.0003372328  -0.0082323129   0.0029459194
   4.8199999838  -0.0001999678  -0.0084541023   0.0029241484
   4.8249999838  -0.0006256892  -0.0086395539   0.0028282412
   4.8299999838  -0.0009269551  -0.0087861157   0.0026503279
   4.8349999838  -0.0010992731  -0.0088918753   0.0023880654
   4.8399999837  -0.0011467076  -0.0089556879   0.0020447495
   4.8449999837  -0.0010814027  -0.0089772487   0.0016290348
   4.8499999837  -0.0009225900  -0.0089571010   0.0011542913
   4.8549999837  -0.0006951517  -0.0088965848   0.0006376507
   4.8599999837  -0.0004278341  -0.0087977357   0.0000988206
   4.8649999837  -0.0001512329  -0.0086631513  -0.0004412424
   4.8699999836   0.0001043164  -0.0084958439  -0.0009617020
   4.8749999836   0.0003108010  -0.0082990955  -0.0014431593
   4.8799999836   0.0004444096  -0.0080763287  -0.0018688296
   4.8849999836   0.0004871008  -0.0078309965  -0.0022255114
   4.8899999836   0.0004277583  -0.0075664924  -0.0025042928
   4.8949999836   0.0002628586  -0.0072860740  -0.0027009678
   4.8999999835  -0.0000033911  -0.0069927950  -0.0028161476
   4.9049999835  -0.0003594454  -0.0066894397  -0.0028550765
   4.9099999835  -0.0007873106  -0.0063784622  -0.0028271705
   4.9149999835  -0.0012638629  -0.0060619340  -0.0027453139
   4.9199999835  -0.0017624965  -0.0057415082  -0.0026249564
   4.9249999835  -0.0022549841  -0.0054184108  -0.0024830640
   4.9299999834  -0.0027134177  -0.0050934668  -0.0023369843
   4.9349999834  -0.0031120973  -0.0047671626  -0.0022032936
   4.9399999834  -0.0034292409  -0.0044397425  -0.0020966968
   4.9449999834  -0.0036484030  -0.0041113294  -0.0020290547
   4.9499999834  -0.0037595135  -0.0037820537  -0.0020086052
   4.9549999834  -0.0037594721  -0.0034521774  -0.0020394398
   4.9599999833  -0.0036522671  -0.0031221956  -0.0021212765
   4.9649999833  -0.0034486168  -0.0027929051  -0.0022495519
   4.9699999833  -0.0031651634  -0.0024654341  -0.0024158274
   4.9749999833  -0.0028232794  -0.0021412300  -0.0026084808
   4.9799999833  -0.0024475694  -0.0018220104  -0.0028136281
   4.9849999833  -0.0020641721  -0.0015096833  -0.0030162002
   4.9899999832  -0.0016989772  -0.0012062471  -0.0032010896
   4.9949999832  -0.0013758781  -0.0009136802  -0.0033542733
   4.9999999832  -0.0011151799  -0.0006338320  -0.0034638265
   5.0049999832  -0.0009322664  -0.0003683258  -0.0035207505
   5.0099999832  -0.0008366182  -0.0001184810  -0.0035195612
   5.0149999832  -0.0008312444   0.0001147395  -0.0034586014
   5.0199999831  -0.0009125665   0.0003307531  -0.0033400706
   5.0249999831  -0.0010707602   0.0005293575  -0.0031697836
   5.0299999831  -0.0012905306   0.0007107083  -0.0029566905
   5.0349999831  -0.0015522665   0.0008752831  -0.0027122059
   5.0399999831  -0.0018334909   0.0010238387  -0.0024494006
   5.0449999831  -0.0021105052   0.0011573661  -0.0021821156
   5.0499999830  -0.0023601075   0.0012770470  -0.0019240546
   5.0549999830  -0.0025612608   0.0013842092  -0.0016879079
   5.0599999830  -0.0026965869   0.0014802796  -0.0014845559
   5.0649999830  -0.0027535791   0.0015667286  -0.0013223947
   5.0699999830  -0.0027254445   0.0016450053  -0.0012068206
   5.0749999830  -0.0026115197   0.0017164628  -0.0011399053
   5.0799999829  -0.0024172348   0.0017822794  -0.0011202864
   5.0849999829  -0.0021536385   0.0018433846  -0.0011432888
   5.0899999829  -0.0018365290   0.0019003997  -0.0012012778
   5.0949999829  -0.0014852629   0.0019536056  -0.0012842292
   5.0999999829  -0.0011213352   0.0020029438  -0.0013804830
   5.1049999829  -0.0007668375   0.0020480545  -0.0014776282
   5.1099999828  -0.0004429032   0.0020883482  -0.0015634503
   5.1149999828  -0.0001682476   0.0021231016  -0.0016268643
   5.1199999828   0.0000421011   0.0021515673  -0.0016587540
   5.1249999828   0.0001777959   0.0021730805  -0.0016526458
   5.1299999828   0.0002338287   0.0021871517  -0.0016051612
   5.1349999828   0.0002108087   0.0021935351  -0.0015162139
   5.1399999827   0.0001148465   0.0021922657  -0.0013889410
   5.1449999827  -0.0000429458   0.0021836654  -0.0012293852
   5.1499999827  -0.0002473033   0.0021683206  -0.0010459634
   5.1549999827  -0.0004799447   0.0021470386  -0.0008487743
   5.1599999827  -0.0007209152   0.0021207897  -0.0006488082
   5.1649999827  -0.0009500380   0.0020906445  -0.0004571236
   5.1699999826  -0.0011483717   0.0020577141  -0.0002840521
   5.1749999826  -0.0012995655   0.0020230957  -0.0001384868
   5.1799999826  -0.0013910146   0.0019878288  -0.0000272963
   5.1849999826  -0.0014147322   0.0019528585   0.0000451023
   5.1899999826  -0.0013678756   0.0019190055   0.0000769950
   5.1949999826  -0.0012528883   0.0018869379   0.0000694363
   5.1999999825  -0.0010772523   0.0018571444   0.0000261341
   5.2049999825  -0.0008528699   0.0018299068  -0.0000468386
   5.2099999825  -0.0005951262   0.0018052759  -0.0001414839
   5.2149999825  -0.0003217063   0.0017830556  -0.0002484468
   5.2199999825  -0.0000512575   0.0017628015  -0.0003576774
   5.2249999825   0.0001979982   0.0017438415  -0.0004591482
   5.2299999824   0.0004095983   0.0017253204  -0.0005435794
   5.2349999824   0.0005700205   0.0017062695  -0.0006031221
   5.2399999824   0.0006696273   0.0016856956  -0.0006319451
   5.2449999824   0.0007033090   0.0016626775  -0.0006266771
   5.2499999824   0.0006707867   0.0016364598  -0.0005866607
   5.2549999824   0.0005765611   0.0016065287  -0.0005139923
   5.2599999823   0.0004295202   0.0015726593  -0.0004133379
   5.2649999823   0.0002422384   0.0015349295  -0.0002915378
   5.2699999823   0.0000300254   0.0014936993  -0.0001570338
   5.2749999823  -0.0001902099   0.0014495619  -0.0000191704
   5.2799999823  -0.0004011957   0.0014032767   0.0001125661
   5.2849999823  -0.0005865497   0.0013556958   0.0002293023
   5.2899999822  -0.0007319595   0.0013076952   0.0003234600
   5.2949999822  -0.0008262071   0.0012601194   0.0003893129
   5.2999999822  -0.0008619643   0.0012137416   0.0004233744
   5.3049999822  -0.0008363011   0.0011692409   0.0004245981
   5.3099999822  -0.0007508666   0.0011271911   0.0003943836
   5.3149999822  -0.0006117299   0.0010880551   0.0003364013
   5.3199999821  -0.0004288912   0.0010521813   0.0002562596
   5.3249999821  -0.0002154993   0.0010197963   0.0001610471
   5.3299999821   0.0000131617   0.0009909961   0.0000587884
   5.3349999821   0.0002408382   0.0009657354  -0.0000421482
   5.3399999821   0.0004515346   0.0009438212  -0.0001336524
   5.3449999821   0.0006307045   0.0009249162  -0.0002084444
   5.3499999820   0.0007663171   0.0009085535  -0.0002605850
   5.3549999820   0.0008497153   0.0008941675  -0.0002858923
   5.3599999820   0.0008762074   0.0008811368  -0.0002822366
   5.3649999820   0.0008453494   0.0008688366  -0.0002496940
   5.3699999820   0.0007609064   0.0008566924  -0.0001905428
   5.3749999820   0.0006305015   0.0008442278  -0.0001090988
   5.3799999819   0.0004649867   0.0008310987  -0.0000113949
   5.3849999819   0.0002775883   0.0008171101   0.0000952754
   5.3899999819   0.0000828943   0.0008022110   0.0002029216
   5.3949999819  -0.0001042384   0.0007864723   0.0003034834
   5.3999999819  -0.0002697787   0.0007700500   0.0003894707
   5.4049999818  -0.0004015361   0.0007531416   0.0004545644
   5.4099999818  -0.0004900290   0.0007359437   0.0004941228
   5.4149999818  -0.0005291428   0.0007186159   0.0005055489
   5.4199999818  -0.0005165363   0.0007012585   0.0004884858
   5.4249999818  -0.0004537686   0.0006839028   0.0004448226
   5.4299999818  -0.0003461399   0.0006665162   0.0003785123
   5.4349999817  -0.0002022577   0.0006490175   0.0002952209
   5.4399999817  -0.0000333620   0.0006312983   0.0002018427
   5.4449999817   0.0001475426   0.0006132469   0.0001059279
   5.4499999817   0.0003266828   0.0005947694   0.0000150735
   5.4549999817   0.0004905654   0.0005758059  -0.0000636700
   5.4599999817   0.0006269995   0.0005563397  -0.0001243281
   5.4649999816   0.0007260127   0.0005364012  -0.0001624318
   5.4699999816   0.0007805896   0.0005160655  -0.0001753178
   5.4749999816   0.0007871750   0.0004954477  -0.0001622858
   5.4799999816   0.0007459042   0.0004746977  -0.0001246081
   5.4849999816   0.0006605434   0.0004539957  -0.0000653998
   5.4899999816   0.0005381494   0.0004335500   0.0000106368
   5.4949999815   0.0003884806   0.0004135968   0.0000975724
   5.4999999815   0.0002232092   0.0003944007   0.0001886884
   5.5049999815   0.0000550023   0.0003762528   0.0002769653
   5.5099999815  -0.0001034557   0.0003594647   0.0003555888
   5.5149999815  -0.0002404225   0.0003443552   0.0004184440
   5.5199999815  -0.0003459659   0.0003312295   0.0004605637
   5.5249999814  -0.0004126794   0.0003203512   0.0004785013
   5.5299999814  -0.0004361946   0.0003119105   0.0004705995
   5.5349999814  -0.0004154577   0.0003059940   0.0004371308
   5.5399999814  -0.0003527542   0.0003025608   0.0003802952
   5.5449999814  -0.0002534852   0.0003014310   0.0003040675
   5.5499999814  -0.0001257150   0.0003022892   0.0002139006
   5.5549999813   0.0000204731   0.0003047037   0.0001163041
   5.5599999813   0.0001737635   0.0003081599   0.0000183307
   5.5649999813   0.0003224775   0.0003121012  -0.0000729878
   5.5699999813   0.0004554606   0.0003159733  -0.0001512040
   5.5749999813   0.0005629196   0.0003192632  -0.0002109656
   5.5799999813   0.0006371504   0.0003215301  -0.0002484285
   5.5849999812   0.0006730990   0.0003224243  -0.0002615325
   5.5899999812   0.0006687161   0.0003216952  -0.0002501201
   5.5949999812   0.0006250775   0.0003191889  -0.0002158910
   5.5999999812   0.0005462639   0.0003148409  -0.0001622051
   5.6049999812   0.0004390067   0.0003086655  -0.0000937587
   5.6099999812   0.0003121315   0.0003007465  -0.0000161711
   5.6149999811   0.0001758407   0.0002912291   0.0000644801
   5.6199999811   0.0000408942   0.0002803144   0.0001421328
   5.6249999811  -0.0000822456   0.0002682540   0.0002111889
   5.6299999811  -0.0001842369   0.0002553442   0.0002669073
   5.6349999811  -0.0002575816   0.0002419171   0.0003057189
   5.6399999811  -0.0002971925   0.0002283273   0.0003254503
   5.6449999810  -0.0003007585   0.0002149347   0.0003254451
   5.6499999810  -0.0002688838   0.0002020826   0.0003065807
   5.6549999810  -0.0002049922   0.0001900764   0.0002711784
   5.6599999810  -0.0001150089   0.0001791613   0.0002228154
   5.6649999810  -0.0000068514   0.0001695068   0.0001660439
   5.6699999810   0.0001102274   0.0001611976   0.0001060369
   5.6749999809   0.0002263884   0.0001542337   0.0000481803
   5.6799999809   0.0003319872   0.0001485408  -0.0000023602
   5.6849999809   0.0004183269   0.0001439877  -0.0000410640
   5.6899999809   0.0004783262   0.0001404099  -0.0000644376
   5.6949999809   0.0005070533   0.0001376326  -0.0000703197
   5.6999999809   0.0005020885   0.0001354929  -0.0000580786
   5.7049999808   0.0004636915   0.0001338550  -0.0000286809
   5.7099999808   0.0003947623   0.0001326182   0.0000153789
   5.7149999808   0.0003006008   0.0001317179   0.0000702845
   5.7199999808   0.0001884846   0.0001311209   0.0001312227
   5.7249999808   0.0000670957   0.0001308163   0.0001927995
   5.7299999808  -0.0000541595   0.0001308053   0.0002495065
   5.7349999807  -0.0001658863   0.0001310901   0.0002961964
   5.7399999807  -0.0002594371   0.0001316638   0.0003285225
   5.7449999807  -0.0003275901   0.0001325011   0.0003433042
   5.7499999807  -0.0003651168   0.0001335497   0.0003387869
   5.7549999807  -0.0003691925   0.0001347239   0.0003147775
   5.7599999807  -0.0003396171   0.0001358995   0.0002726499
   5.7649999806  -0.0002788265   0.0001369139   0.0002152231
   5.7699999806  -0.0001916935   0.0001375700   0.0001465306
   5.7749999806  -0.0000851339   0.0001376448   0.0000715018
   5.7799999806   0.0000324494   0.0001369034  -0.0000044155
   5.7849999806   0.0001518390   0.0001351137  -0.0000756615
   5.7899999806   0.0002637361   0.0001320620  -0.0001369713
   5.7949999805   0.0003594953   0.0001275663  -0.0001837540
   5.7999999805   0.0004318004   0.0001214853  -0.0002124207
   5.8049999805   0.0004752283   0.0001137254  -0.0002206413
   5.8099999805   0.0004866573   0.0001042441  -0.0002075154
   5.8149999805   0.0004654895   0.0000930542  -0.0001736452
   5.8199999805   0.0004136725   0.0000802295  -0.0001211063
   5.8249999804   0.0003355226   0.0000659113  -0.0000533149
   5.8299999804   0.0002373654   0.0000503166   0.0000252035
   5.8349999804   0.0001270266   0.0000337433   0.0001091300
   5.8399999804   0.0000132130   0.0000165716   0.0001927357
   5.8449999804  -0.0000951665  -0.0000007443   0.0002703055
   5.8499999804  -0.0001896875  -0.0000176914   0.0003365710
   5.8549999803  -0.0002630533  -0.0000337232   0.0003871181
   5.8599999803  -0.0003096474  -0.0000482892   0.0004187320
   5.8649999803  -0.0003259544  -0.0000608669   0.0004296476
   5.8699999803  -0.0003108196  -0.0000709898   0.0004196811
   5.8749999803  -0.0002655274  -0.0000782690   0.0003902266
   5.8799999803  -0.0001936936  -0.0000824064   0.0003441189
   5.8849999802  -0.0001009768  -0.0000831986   0.0002853741
   5.8899999802   0.0000053688  -0.0000805331   0.0002188346
   5.8949999802   0.0001170661  -0.0000743801   0.0001497533
   5.8999999802   0.0002254690  -0.0000647826   0.0000833564
   5.9049999802   0.0003222463  -0.0000518463   0.0000244249
   5.9099999802   0.0004000389  -0.0000357332  -0.0000230701
   5.9149999801   0.0004530365  -0.0000166579  -0.0000562517
   5.9199999801   0.0004774277   0.0000051131  -0.0000735211
   5.9249999801   0.0004716843   0.0000292592  -0.0000746353
   5.9299999801   0.0004366606   0.0000554024  -0.0000606780
   5.9349999801   0.0003755004   0.0000831051  -0.0000339316
   5.9399999801   0.0002933624   0.0001118685   0.0000023351
   5.9449999800   0.0001969893   0.0001411347   0.0000441465
   5.9499999800   0.0000941585   0.0001702926   0.0000871463
   5.9549999800  -0.0000069417   0.0001986882   0.0001269474
   5.9599999800  -0.0000983593   0.0002256389   0.0001594821
   5.9649999800  -0.0001729993   0.0002504515   0.0001813278
   5.9699999800  -0.0002251707   0.0002724421   0.0001899860
   5.9749999799  -0.0002510177   0.0002909574   0.0001840933
   5.9799999799  -0.0002488030   0.0003053945   0.0001635462
   5.9849999799  -0.0002190226   0.0003152201   0.0001295295
   5.9899999799  -0.0001643433   0.0003199875   0.0000844415
   5.9949999799  -0.0000893691   0.0003193523   0.0000317205
