   0.0000000000   0.0000000000   0.0000000000   0.0000000000
   0.0050000000   0.0000000000   0.0000000000   0.0000000000
   0.0100000000   0.0000000000   0.0000000000   0.0000000000
   0.0149999999   0.0000000000   0.0000000000   0.0000000000
   0.0199999999   0.0000000000   0.0000000000   0.0000000000
   0.0249999999   0.0000000000   0.0000000000   0.0000000000
   0.0299999999   0.0000000000   0.0000000000   0.0000000000
   0.0349999999   0.0000000000   0.0000000000   0.0000000000
   0.0399999999   0.0000000000   0.0000000000   0.0000000000
   0.0449999998   0.0000000000   0.0000000000   0.0000000000
   0.0499999998   0.0000000000   0.0000000000   0.0000000000
   0.0549999998   0.0000000000   0.0000000000   0.0000000000
   0.0599999998   0.0000000000   0.0000000000   0.0000000000
   0.0649999998   0.0000000000   0.0000000000   0.0000000000
   0.0699999998   0.0000000000   0.0000000000   0.0000000000
   0.0749999997   0.0000000000   0.0000000000   0.0000000000
   0.0799999997   0.0000000000   0.0000000000   0.0000000000
   0.0849999997   0.0000000000  -0.0000000000   0.0000000000
   0.0899999997  -0.0000000000   0.0000000000  -0.0000000000
   0.0949999997   0.0000000000  -0.0000000000   0.0000000000
   0.0999999997  -0.0000000000   0.0000000000  -0.0000000000
   0.1049999996  -0.0000000000   0.0000000000  -0.0000000000
   0.1099999996  -0.0000000000   0.0000000000  -0.0000000000
   0.1149999996  -0.0000000000   0.0000000000  -0.0000000000
   0.1199999996  -0.0000000000   0.0000000000  -0.0000000000
   0.1249999996  -0.0000000000   0.0000000000  -0.0000000000
   0.1299999996   0.0000000000   0.0000000000   0.0000000000
   0.1349999995   0.0000000000  -0.0000000000   0.0000000000
   0.1399999995   0.0000000000  -0.0000000000   0.0000000000
   0.1449999995   0.0000000000  -0.0000000000   0.0000000000
   0.1499999995   0.0000000000  -0.0000000000   0.0000000000
   0.1549999995   0.0000000000  -0.0000000000   0.0000000000
   0.1599999995   0.0000000000  -0.0000000000   0.0000000000
   0.1649999994   0.0000000000  -0.0000000000   0.0000000000
   0.1699999994   0.0000000000  -0.0000000000   0.0000000000
   0.1749999994   0.0000000000  -0.0000000000   0.0000000000
   0.1799999994   0.0000000000  -0.0000000000   0.0000000000
   0.1849999994   0.0000000000  -0.0000000000   0.0000000000
   0.1899999994   0.0000000000  -0.0000000000   0.0000000000
   0.1949999993   0.0000000000  -0.0000000000   0.0000000000
   0.1999999993   0.0000000000  -0.0000000000   0.0000000000
   0.2049999993  -0.0000000000   0.0000000000  -0.0000000000
   0.2099999993  -0.0000000000   0.0000000000  -0.0000000000
   0.2149999993  -0.0000000000   0.0000000000  -0.0000000000
   0.2199999993  -0.0000000000   0.0000000000  -0.0000000000
   0.2249999992  -0.0000000000   0.0000000000  -0.0000000000
   0.2299999992  -0.0000000000   0.0000000000  -0.0000000000
   0.2349999992  -0.0000000000   0.0000000000  -0.0000000000
   0.2399999992   0.0000000000  -0.0000000000   0.0000000000
   0.2449999992   0.0000000000  -0.0000000000   0.0000000000
   0.2499999992   0.0000000000  -0.0000000000   0.0000000000
   0.2549999991   0.0000000000  -0.0000000000   0.0000000000
   0.2599999991   0.0000000000  -0.0000000000   0.0000000000
   0.2649999991   0.0000000000  -0.0000000000   0.0000000000
   0.2699999991   0.0000000000  -0.0000000000   0.0000000000
   0.2749999991   0.0000000000  -0.0000000000   0.0000000000
   0.2799999991   0.0000000000  -0.0000000000   0.0000000000
   0.2849999990   0.0000000000  -0.0000000000   0.0000000000
   0.2899999990   0.0000000000  -0.0000000000   0.0000000000
   0.2949999990   0.0000000000  -0.0000000000   0.0000000000
   0.2999999990   0.0000000000  -0.0000000000   0.0000000000
   0.3049999990   0.0000000000  -0.0000000000   0.0000000000
   0.3099999990   0.0000000000  -0.0000000000   0.0000000000
   0.3149999989   0.0000000000  -0.0000000000   0.0000000000
   0.3199999989   0.0000000000  -0.0000000000   0.0000000000
   0.3249999989   0.0000000000  -0.0000000000   0.0000000000
   0.3299999989   0.0000000000  -0.0000000000   0.0000000000
   0.3349999989   0.0000000000  -0.0000000000   0.0000000000
   0.3399999989   0.0000000000  -0.0000000000   0.0000000000
   0.3449999988   0.0000000000  -0.0000000000   0.0000000000
   0.3499999988   0.0000000000  -0.0000000000   0.0000000000
   0.3549999988   0.0000000000  -0.0000000000   0.0000000000
   0.3599999988   0.0000000000  -0.0000000000   0.0000000000
   0.3649999988   0.0000000000  -0.0000000000   0.0000000000
   0.3699999988   0.0000000000  -0.0000000000   0.0000000000
   0.3749999987   0.0000000000  -0.0000000000   0.0000000000
   0.3799999987   0.0000000000  -0.0000000000   0.0000000000
   0.3849999987   0.0000000000  -0.0000000000   0.0000000000
   0.3899999987   0.0000000000   0.0000000000   0.0000000000
   0.3949999987   0.0000000000   0.0000000000   0.0000000000
   0.3999999987  -0.0000000000   0.0000000000  -0.0000000000
   0.4049999986  -0.0000000000   0.0000000000  -0.0000000000
   0.4099999986  -0.0000000000   0.0000000000  -0.0000000000
   0.4149999986  -0.0000000000   0.0000000000  -0.0000000000
   0.4199999986  -0.0000000000   0.0000000000  -0.0000000000
   0.4249999986  -0.0000000000   0.0000000000  -0.0000000000
   0.4299999986  -0.0000000000   0.0000000000  -0.0000000000
   0.4349999985  -0.0000000000   0.0000000000  -0.0000000000
   0.4399999985  -0.0000000000   0.0000000000  -0.0000000000
   0.4449999985  -0.0000000000   0.0000000000  -0.0000000000
   0.4499999985  -0.0000000000   0.0000000000  -0.0000000000
   0.4549999985  -0.0000000000   0.0000000000  -0.0000000000
   0.4599999985  -0.0000000000   0.0000000000  -0.0000000000
   0.4649999984  -0.0000000000   0.0000000000  -0.0000000000
   0.4699999984  -0.0000000000   0.0000000000  -0.0000000000
   0.4749999984  -0.0000000000   0.0000000000  -0.0000000000
   0.4799999984  -0.0000000000   0.0000000000  -0.0000000000
   0.4849999984  -0.0000000000   0.0000000000  -0.0000000000
   0.4899999984  -0.0000000000   0.0000000000  -0.0000000000
   0.4949999983  -0.0000000000   0.0000000000  -0.0000000000
   0.4999999983  -0.0000000000   0.0000000000  -0.0000000000
   0.5049999983  -0.0000000000   0.0000000000  -0.0000000000
   0.5099999983  -0.0000000000   0.0000000000  -0.0000000000
   0.5149999983  -0.0000000000   0.0000000000  -0.0000000000
   0.5199999983  -0.0000000000   0.0000000000  -0.0000000000
   0.5249999982  -0.0000000000   0.0000000000  -0.0000000000
   0.5299999982  -0.0000000000   0.0000000000  -0.0000000000
   0.5349999982  -0.0000000000   0.0000000000  -0.0000000000
   0.5399999982  -0.0000000000   0.0000000000  -0.0000000000
   0.5449999982  -0.0000000000   0.0000000000  -0.0000000000
   0.5499999982  -0.0000000000   0.0000000000  -0.0000000000
   0.5549999981  -0.0000000000   0.0000000000  -0.0000000000
   0.5599999981  -0.0000000000   0.0000000000  -0.0000000000
   0.5649999981  -0.0000000000   0.0000000000  -0.0000000000
   0.5699999981  -0.0000000000   0.0000000000  -0.0000000000
   0.5749999981  -0.0000000000   0.0000000000  -0.0000000000
   0.5799999981   0.0000000000   0.0000000000   0.0000000000
   0.5849999980   0.0000000000   0.0000000000   0.0000000000
   0.5899999980   0.0000000000   0.0000000000   0.0000000000
   0.5949999980   0.0000000000   0.0000000000   0.0000000000
   0.5999999980   0.0000000000   0.0000000000   0.0000000000
   0.6049999980   0.0000000000   0.0000000000   0.0000000000
   0.6099999980   0.0000000000   0.0000000000   0.0000000000
   0.6149999979   0.0000000000   0.0000000000   0.0000000000
   0.6199999979   0.0000000000   0.0000000000   0.0000000000
   0.6249999979   0.0000000000   0.0000000000   0.0000000000
   0.6299999979   0.0000000000   0.0000000000   0.0000000000
   0.6349999979   0.0000000000   0.0000000000   0.0000000000
   0.6399999979   0.0000000000   0.0000000000   0.0000000000
   0.6449999978   0.0000000000  -0.0000000000   0.0000000000
   0.6499999978   0.0000000000  -0.0000000000   0.0000000000
   0.6549999978   0.0000000000  -0.0000000000   0.0000000000
   0.6599999978   0.0000000000  -0.0000000000  -0.0000000000
   0.6649999978  -0.0000000000  -0.0000000000  -0.0000000000
   0.6699999978  -0.0000000000  -0.0000000000  -0.0000000000
   0.6749999977  -0.0000000000  -0.0000000000  -0.0000000000
   0.6799999977  -0.0000000000  -0.0000000000  -0.0000000000
   0.6849999977  -0.0000000000  -0.0000000000  -0.0000000000
   0.6899999977  -0.0000000000  -0.0000000000  -0.0000000000
   0.6949999977  -0.0000000000  -0.0000000000  -0.0000000000
   0.6999999976  -0.0000000000  -0.0000000000  -0.0000000000
   0.7049999976  -0.0000000000  -0.0000000000  -0.0000000000
   0.7099999976  -0.0000000000   0.0000000000  -0.0000000000
   0.7149999976  -0.0000000000   0.0000000000  -0.0000000000
   0.7199999976   0.0000000000   0.0000000000   0.0000000000
   0.7249999976   0.0000000000   0.0000000000   0.0000000000
   0.7299999975   0.0000000000   0.0000000000   0.0000000000
   0.7349999975   0.0000000000   0.0000000000   0.0000000000
   0.7399999975   0.0000000000   0.0000000000   0.0000000000
   0.7449999975   0.0000000000   0.0000000000   0.0000000000
   0.7499999975   0.0000000000   0.0000000000   0.0000000000
   0.7549999975   0.0000000000   0.0000000000   0.0000000000
   0.7599999974   0.0000000000   0.0000000000   0.0000000000
   0.7649999974   0.0000000000   0.0000000000   0.0000000000
   0.7699999974   0.0000000000   0.0000000000   0.0000000000
   0.7749999974   0.0000000000   0.0000000000   0.0000000000
   0.7799999974   0.0000000000   0.0000000000   0.0000000000
   0.7849999974   0.0000000000   0.0000000000   0.0000000000
   0.7899999973   0.0000000000   0.0000000000   0.0000000000
   0.7949999973   0.0000000000   0.0000000000   0.0000000000
   0.7999999973   0.0000000000   0.0000000000   0.0000000000
   0.8049999973   0.0000000000   0.0000000000   0.0000000000
   0.8099999973   0.0000000000   0.0000000000   0.0000000000
   0.8149999973   0.0000000000   0.0000000000   0.0000000000
   0.8199999972   0.0000000000   0.0000000000   0.0000000000
   0.8249999972   0.0000000000   0.0000000000   0.0000000000
   0.8299999972   0.0000000000   0.0000000000   0.0000000000
   0.8349999972   0.0000000000   0.0000000000   0.0000000000
   0.8399999972   0.0000000000   0.0000000000   0.0000000000
   0.8449999972   0.0000000000   0.0000000000   0.0000000000
   0.8499999971   0.0000000000   0.0000000000   0.0000000000
   0.8549999971   0.0000000000   0.0000000000   0.0000000000
   0.8599999971   0.0000000000   0.0000000000   0.0000000000
   0.8649999971   0.0000000000   0.0000000000   0.0000000000
   0.8699999971   0.0000000000   0.0000000000   0.0000000000
   0.8749999971   0.0000000000   0.0000000000   0.0000000000
   0.8799999970   0.0000000000   0.0000000000   0.0000000000
   0.8849999970   0.0000000000   0.0000000000   0.0000000000
   0.8899999970   0.0000000000   0.0000000000   0.0000000000
   0.8949999970   0.0000000000   0.0000000000   0.0000000000
   0.8999999970   0.0000000000   0.0000000000   0.0000000000
   0.9049999970   0.0000000000   0.0000000000   0.0000000000
   0.9099999969   0.0000000000   0.0000000000   0.0000000000
   0.9149999969   0.0000000000   0.0000000000   0.0000000000
   0.9199999969   0.0000000000   0.0000000000   0.0000000000
   0.9249999969   0.0000000000   0.0000000000   0.0000000000
   0.9299999969   0.0000000000   0.0000000000   0.0000000000
   0.9349999969   0.0000000000   0.0000000000   0.0000000000
   0.9399999968   0.0000000000   0.0000000000   0.0000000000
   0.9449999968   0.0000000000   0.0000000000   0.0000000000
   0.9499999968   0.0000000000   0.0000000000   0.0000000000
   0.9549999968   0.0000000000   0.0000000000   0.0000000000
   0.9599999968   0.0000000000   0.0000000000   0.0000000000
   0.9649999968   0.0000000000   0.0000000000   0.0000000000
   0.9699999967   0.0000000000   0.0000000000   0.0000000000
   0.9749999967   0.0000000000   0.0000000000   0.0000000000
   0.9799999967   0.0000000000   0.0000000000   0.0000000000
   0.9849999967   0.0000000000   0.0000000000   0.0000000000
   0.9899999967   0.0000000000   0.0000000000   0.0000000000
   0.9949999967   0.0000000000   0.0000000000   0.0000000000
   0.9999999966   0.0000000000   0.0000000000   0.0000000000
   1.0049999966   0.0000000000   0.0000000000   0.0000000000
   1.0099999966   0.0000000000   0.0000000000   0.0000000000
   1.0149999966   0.0000000000   0.0000000000   0.0000000000
   1.0199999966   0.0000000000   0.0000000000   0.0000000000
   1.0249999966   0.0000000000   0.0000000000   0.0000000000
   1.0299999965   0.0000000000   0.0000000000   0.0000000000
   1.0349999965   0.0000000000   0.0000000000   0.0000000000
   1.0399999965   0.0000000000   0.0000000000   0.0000000000
   1.0449999965   0.0000000000   0.0000000000   0.0000000000
   1.0499999965   0.0000000000   0.0000000000   0.0000000000
   1.0549999965   0.0000000000   0.0000000000   0.0000000000
   1.0599999964   0.0000000000   0.0000000000   0.0000000000
   1.0649999964  -0.0000000000  -0.0000000000  -0.0000000000
   1.0699999964  -0.0000000000  -0.0000000000  -0.0000000000
   1.0749999964  -0.0000000000  -0.0000000000  -0.0000000000
   1.0799999964  -0.0000000000  -0.0000000000  -0.0000000000
   1.0849999964  -0.0000000000  -0.0000000000  -0.0000000000
   1.0899999963  -0.0000000000  -0.0000000000  -0.0000000000
   1.0949999963  -0.0000000000  -0.0000000000  -0.0000000000
   1.0999999963  -0.0000000000  -0.0000000000  -0.0000000000
   1.1049999963  -0.0000000000  -0.0000000000  -0.0000000000
   1.1099999963  -0.0000000000  -0.0000000000  -0.0000000000
   1.1149999963  -0.0000000000  -0.0000000000  -0.0000000000
   1.1199999962  -0.0000000000  -0.0000000000  -0.0000000000
   1.1249999962  -0.0000000000  -0.0000000000  -0.0000000000
   1.1299999962  -0.0000000000  -0.0000000000  -0.0000000000
   1.1349999962  -0.0000000000  -0.0000000000  -0.0000000000
   1.1399999962   0.0000000000   0.0000000000   0.0000000000
   1.1449999962   0.0000000000   0.0000000000   0.0000000000
   1.1499999961   0.0000000000   0.0000000000   0.0000000000
   1.1549999961   0.0000000000   0.0000000000   0.0000000000
   1.1599999961   0.0000000000   0.0000000000   0.0000000000
   1.1649999961   0.0000000000   0.0000000000   0.0000000000
   1.1699999961   0.0000000000   0.0000000000   0.0000000000
   1.1749999961   0.0000000000   0.0000000000   0.0000000000
   1.1799999960   0.0000000000   0.0000000000   0.0000000000
   1.1849999960   0.0000000000   0.0000000000   0.0000000000
   1.1899999960   0.0000000000   0.0000000000   0.0000000000
   1.1949999960   0.0000000000   0.0000000000   0.0000000000
   1.1999999960   0.0000000000   0.0000000000  -0.0000000000
   1.2049999960  -0.0000000000  -0.0000000000  -0.0000000000
   1.2099999959  -0.0000000000  -0.0000000000  -0.0000000000
   1.2149999959  -0.0000000000  -0.0000000000  -0.0000000000
   1.2199999959  -0.0000000000  -0.0000000000  -0.0000000000
   1.2249999959  -0.0000000000  -0.0000000000  -0.0000000000
   1.2299999959  -0.0000000000  -0.0000000000  -0.0000000000
   1.2349999959  -0.0000000000  -0.0000000000  -0.0000000000
   1.2399999958  -0.0000000000  -0.0000000000  -0.0000000000
   1.2449999958  -0.0000000000  -0.0000000000  -0.0000000000
   1.2499999958  -0.0000000000  -0.0000000000  -0.0000000000
   1.2549999958  -0.0000000000  -0.0000000000   0.0000000000
   1.2599999958   0.0000000000   0.0000000000   0.0000000000
   1.2649999958   0.0000000000   0.0000000000   0.0000000000
   1.2699999957   0.0000000000   0.0000000000   0.0000000000
   1.2749999957   0.0000000000   0.0000000000   0.0000000000
   1.2799999957   0.0000000000   0.0000000000   0.0000000000
   1.2849999957   0.0000000000   0.0000000000   0.0000000000
   1.2899999957   0.0000000000   0.0000000000   0.0000000000
   1.2949999957   0.0000000000   0.0000000000   0.0000000000
   1.2999999956   0.0000000000   0.0000000000   0.0000000000
   1.3049999956   0.0000000000   0.0000000000   0.0000000000
   1.3099999956  -0.0000000000   0.0000000000  -0.0000000000
   1.3149999956  -0.0000000000  -0.0000000000  -0.0000000000
   1.3199999956  -0.0000000000  -0.0000000000  -0.0000000000
   1.3249999956  -0.0000000000  -0.0000000000  -0.0000000000
   1.3299999955  -0.0000000000  -0.0000000000  -0.0000000000
   1.3349999955  -0.0000000000  -0.0000000000  -0.0000000000
   1.3399999955  -0.0000000000  -0.0000000000  -0.0000000000
   1.3449999955  -0.0000000000  -0.0000000000  -0.0000000000
   1.3499999955  -0.0000000000  -0.0000000000  -0.0000000000
   1.3549999954  -0.0000000000  -0.0000000000  -0.0000000000
   1.3599999954   0.0000000000  -0.0000000000   0.0000000000
   1.3649999954   0.0000000000   0.0000000000   0.0000000000
   1.3699999954   0.0000000000   0.0000000000   0.0000000000
   1.3749999954   0.0000000000   0.0000000000   0.0000000000
   1.3799999954   0.0000000000   0.0000000000   0.0000000000
   1.3849999953   0.0000000000   0.0000000000   0.0000000000
   1.3899999953   0.0000000000   0.0000000000   0.0000000000
   1.3949999953   0.0000000000   0.0000000000   0.0000000000
   1.3999999953   0.0000000000   0.0000000000   0.0000000000
   1.4049999953   0.0000000000   0.0000000000  -0.0000000000
   1.4099999953  -0.0000000000  -0.0000000000  -0.0000000000
   1.4149999952  -0.0000000000  -0.0000000000  -0.0000000000
   1.4199999952  -0.0000000000  -0.0000000000  -0.0000000000
   1.4249999952  -0.0000000000  -0.0000000000  -0.0000000000
   1.4299999952  -0.0000000000  -0.0000000000  -0.0000000000
   1.4349999952  -0.0000000000  -0.0000000000  -0.0000000000
   1.4399999952  -0.0000000000  -0.0000000000  -0.0000000000
   1.4449999951  -0.0000000000  -0.0000000000  -0.0000000000
   1.4499999951  -0.0000000000  -0.0000000000  -0.0000000000
   1.4549999951   0.0000000000   0.0000000000   0.0000000000
   1.4599999951   0.0000000000   0.0000000000   0.0000000000
   1.4649999951   0.0000000000   0.0000000000   0.0000000000
   1.4699999951   0.0000000000   0.0000000000   0.0000000000
   1.4749999950   0.0000000000   0.0000000000   0.0000000000
   1.4799999950   0.0000000000   0.0000000000   0.0000000000
   1.4849999950   0.0000000000   0.0000000000   0.0000000000
   1.4899999950   0.0000000000   0.0000000000   0.0000000000
   1.4949999950   0.0000000000   0.0000000000   0.0000000000
   1.4999999950   0.0000000000   0.0000000000  -0.0000000000
   1.5049999949  -0.0000000000  -0.0000000000  -0.0000000000
   1.5099999949  -0.0000000000  -0.0000000000  -0.0000000000
   1.5149999949  -0.0000000000  -0.0000000000  -0.0000000000
   1.5199999949  -0.0000000000  -0.0000000000  -0.0000000000
   1.5249999949  -0.0000000000  -0.0000000000  -0.0000000000
   1.5299999949  -0.0000000000  -0.0000000000  -0.0000000000
   1.5349999948  -0.0000000000  -0.0000000000  -0.0000000000
   1.5399999948  -0.0000000000  -0.0000000000  -0.0000000000
   1.5449999948  -0.0000000000  -0.0000000000  -0.0000000000
   1.5499999948  -0.0000000000  -0.0000000000   0.0000000000
   1.5549999948  -0.0000000000  -0.0000000000  -0.0000000000
   1.5599999948  -0.0000000000  -0.0000000000  -0.0000000000
   1.5649999947  -0.0000000000  -0.0000000000  -0.0000000000
   1.5699999947  -0.0000000000  -0.0000000000  -0.0000000000
   1.5749999947  -0.0000000000  -0.0000000000  -0.0000000000
   1.5799999947  -0.0000000000  -0.0000000000  -0.0000000000
   1.5849999947  -0.0000000000  -0.0000000000  -0.0000000000
   1.5899999947  -0.0000000000  -0.0000000000  -0.0000000000
   1.5949999946  -0.0000000000  -0.0000000000  -0.0000000000
   1.5999999946  -0.0000000000  -0.0000000000  -0.0000000000
   1.6049999946   0.0000000000   0.0000000000   0.0000000000
   1.6099999946   0.0000000000   0.0000000000   0.0000000000
   1.6149999946   0.0000000000   0.0000000000   0.0000000000
   1.6199999946   0.0000000000   0.0000000000   0.0000000000
   1.6249999945   0.0000000000   0.0000000000   0.0000000000
   1.6299999945   0.0000000000   0.0000000000   0.0000000000
   1.6349999945   0.0000000000   0.0000000000   0.0000000000
   1.6399999945   0.0000000000   0.0000000000   0.0000000000
   1.6449999945   0.0000000000   0.0000000000   0.0000000000
   1.6499999945   0.0000000000   0.0000000000   0.0000000000
   1.6549999944   0.0000000000   0.0000000000   0.0000000000
   1.6599999944  -0.0000000000   0.0000000000  -0.0000000000
   1.6649999944  -0.0000000000  -0.0000000000  -0.0000000000
   1.6699999944  -0.0000000000  -0.0000000000  -0.0000000000
   1.6749999944  -0.0000000000  -0.0000000000  -0.0000000000
   1.6799999944  -0.0000000000  -0.0000000000  -0.0000000000
   1.6849999943  -0.0000000000  -0.0000000000  -0.0000000000
   1.6899999943  -0.0000000000  -0.0000000000  -0.0000000000
   1.6949999943  -0.0000000000  -0.0000000000  -0.0000000000
   1.6999999943  -0.0000000000  -0.0000000000  -0.0000000000
   1.7049999943  -0.0000000000  -0.0000000000  -0.0000000000
   1.7099999943  -0.0000000000  -0.0000000000  -0.0000000000
   1.7149999942   0.0000000000   0.0000000000   0.0000000000
   1.7199999942   0.0000000000   0.0000000000   0.0000000000
   1.7249999942   0.0000000000   0.0000000000   0.0000000000
   1.7299999942   0.0000000000   0.0000000000   0.0000000000
   1.7349999942   0.0000000000   0.0000000000   0.0000000000
   1.7399999942   0.0000000000   0.0000000000   0.0000000000
   1.7449999941   0.0000000000   0.0000000000   0.0000000000
   1.7499999941   0.0000000000   0.0000000000   0.0000000000
   1.7549999941   0.0000000000   0.0000000000   0.0000000000
   1.7599999941   0.0000000000   0.0000000000   0.0000000000
   1.7649999941   0.0000000000   0.0000000000  -0.0000000000
   1.7699999941  -0.0000000000  -0.0000000000  -0.0000000000
   1.7749999940  -0.0000000000  -0.0000000000  -0.0000000000
   1.7799999940  -0.0000000000  -0.0000000000  -0.0000000000
   1.7849999940  -0.0000000000  -0.0000000000  -0.0000000000
   1.7899999940  -0.0000000000  -0.0000000000  -0.0000000000
   1.7949999940  -0.0000000000  -0.0000000000  -0.0000000000
   1.7999999940  -0.0000000000  -0.0000000000  -0.0000000000
   1.8049999939  -0.0000000000  -0.0000000000  -0.0000000000
   1.8099999939  -0.0000000000  -0.0000000000  -0.0000000000
   1.8149999939  -0.0000000000  -0.0000000000   0.0000000000
   1.8199999939   0.0000000000   0.0000000000   0.0000000000
   1.8249999939   0.0000000000   0.0000000000   0.0000000000
   1.8299999939   0.0000000000   0.0000000000   0.0000000000
   1.8349999938   0.0000000000   0.0000000000   0.0000000000
   1.8399999938   0.0000000001   0.0000000000   0.0000000000
   1.8449999938   0.0000000000   0.0000000000   0.0000000000
   1.8499999938   0.0000000000   0.0000000000   0.0000000000
   1.8549999938   0.0000000000   0.0000000000   0.0000000000
   1.8599999938   0.0000000000   0.0000000000  -0.0000000000
   1.8649999937  -0.0000000000  -0.0000000000  -0.0000000000
   1.8699999937  -0.0000000000  -0.0000000000  -0.0000000000
   1.8749999937  -0.0000000001  -0.0000000000  -0.0000000000
   1.8799999937  -0.0000000001  -0.0000000000  -0.0000000000
   1.8849999937  -0.0000000001  -0.0000000000  -0.0000000000
   1.8899999937  -0.0000000001  -0.0000000000  -0.0000000000
   1.8949999936  -0.0000000000  -0.0000000000  -0.0000000000
   1.8999999936  -0.0000000000  -0.0000000000   0.0000000000
   1.9049999936   0.0000000000  -0.0000000000   0.0000000000
   1.9099999936   0.0000000000   0.0000000000   0.0000000000
   1.9149999936   0.0000000001   0.0000000000   0.0000000001
   1.9199999936   0.0000000001   0.0000000000   0.0000000001
   1.9249999935   0.0000000001   0.0000000000   0.0000000000
   1.9299999935   0.0000000001   0.0000000000   0.0000000000
   1.9349999935   0.0000000000   0.0000000000   0.0000000000
   1.9399999935   0.0000000000   0.0000000000  -0.0000000000
   1.9449999935  -0.0000000000  -0.0000000000  -0.0000000000
   1.9499999935  -0.0000000001  -0.0000000000  -0.0000000001
   1.9549999934  -0.0000000001  -0.0000000000  -0.0000000001
   1.9599999934  -0.0000000001  -0.0000000000  -0.0000000001
   1.9649999934  -0.0000000001  -0.0000000000  -0.0000000000
   1.9699999934  -0.0000000001  -0.0000000000  -0.0000000000
   1.9749999934  -0.0000000000  -0.0000000000   0.0000000000
   1.9799999934   0.0000000000  -0.0000000000   0.0000000000
   1.9849999933   0.0000000001   0.0000000000   0.0000000001
   1.9899999933   0.0000000001   0.0000000000   0.0000000001
   1.9949999933   0.0000000001   0.0000000000   0.0000000001
   1.9999999933   0.0000000001   0.0000000000   0.0000000001
   2.0049999933   0.0000000001   0.0000000000   0.0000000000
   2.0099999933   0.0000000000   0.0000000000   0.0000000000
   2.0149999932   0.0000000000   0.0000000000  -0.0000000000
   2.0199999932  -0.0000000000  -0.0000000000  -0.0000000001
   2.0249999932  -0.0000000001  -0.0000000000  -0.0000000001
   2.0299999932  -0.0000000001  -0.0000000000  -0.0000000001
   2.0349999932  -0.0000000001  -0.0000000001  -0.0000000001
   2.0399999931  -0.0000000001  -0.0000000001  -0.0000000001
   2.0449999931  -0.0000000001  -0.0000000001  -0.0000000000
   2.0499999931  -0.0000000000  -0.0000000000  -0.0000000000
   2.0549999931   0.0000000000  -0.0000000000   0.0000000000
   2.0599999931   0.0000000000  -0.0000000000   0.0000000000
   2.0649999931   0.0000000001   0.0000000000   0.0000000000
   2.0699999930   0.0000000001   0.0000000000   0.0000000001
   2.0749999930   0.0000000001   0.0000000000   0.0000000000
   2.0799999930   0.0000000000   0.0000000000   0.0000000000
   2.0849999930  -0.0000000000   0.0000000000   0.0000000000
   2.0899999930  -0.0000000000   0.0000000000   0.0000000000
   2.0949999930  -0.0000000001   0.0000000000   0.0000000000
   2.0999999929  -0.0000000001   0.0000000000   0.0000000000
   2.1049999929  -0.0000000001   0.0000000000   0.0000000000
   2.1099999929  -0.0000000001   0.0000000000   0.0000000000
   2.1149999929  -0.0000000001   0.0000000000   0.0000000000
   2.1199999929  -0.0000000000  -0.0000000000  -0.0000000000
   2.1249999929   0.0000000000  -0.0000000000  -0.0000000001
   2.1299999928   0.0000000001  -0.0000000001  -0.0000000001
   2.1349999928   0.0000000002  -0.0000000001  -0.0000000001
   2.1399999928   0.0000000003  -0.0000000001  -0.0000000001
   2.1449999928   0.0000000004  -0.0000000001  -0.0000000001
   2.1499999928   0.0000000005  -0.0000000001  -0.0000000001
   2.1549999928   0.0000000005  -0.0000000001  -0.0000000000
   2.1599999927   0.0000000006  -0.0000000001   0.0000000001
   2.1649999927   0.0000000006   0.0000000000   0.0000000002
   2.1699999927   0.0000000005   0.0000000001   0.0000000004
   2.1749999927   0.0000000004   0.0000000002   0.0000000005
   2.1799999927   0.0000000002   0.0000000003   0.0000000006
   2.1849999927  -0.0000000001   0.0000000003   0.0000000006
   2.1899999926  -0.0000000003   0.0000000004   0.0000000006
   2.1949999926  -0.0000000006   0.0000000005   0.0000000006
   2.1999999926  -0.0000000009   0.0000000005   0.0000000005
   2.2049999926  -0.0000000010   0.0000000004   0.0000000003
   2.2099999926  -0.0000000011   0.0000000004   0.0000000002
   2.2149999926  -0.0000000011   0.0000000003  -0.0000000001
   2.2199999925  -0.0000000010   0.0000000001  -0.0000000003
   2.2249999925  -0.0000000008  -0.0000000000  -0.0000000006
   2.2299999925  -0.0000000006  -0.0000000003  -0.0000000009
   2.2349999925  -0.0000000003  -0.0000000005  -0.0000000013
   2.2399999925  -0.0000000002  -0.0000000008  -0.0000000017
   2.2449999925  -0.0000000001  -0.0000000011  -0.0000000020
   2.2499999924  -0.0000000001  -0.0000000014  -0.0000000022
   2.2549999924  -0.0000000002  -0.0000000016  -0.0000000024
   2.2599999924  -0.0000000004  -0.0000000018  -0.0000000023
   2.2649999924  -0.0000000006  -0.0000000019  -0.0000000020
   2.2699999924  -0.0000000008  -0.0000000019  -0.0000000015
   2.2749999924  -0.0000000009  -0.0000000016  -0.0000000008
   2.2799999923  -0.0000000008  -0.0000000012   0.0000000000
   2.2849999923  -0.0000000004  -0.0000000006   0.0000000008
   2.2899999923   0.0000000003   0.0000000003   0.0000000014
   2.2949999923   0.0000000014   0.0000000013   0.0000000017
   2.2999999923   0.0000000028   0.0000000025   0.0000000015
   2.3049999923   0.0000000044   0.0000000037   0.0000000009
   2.3099999922   0.0000000062   0.0000000050  -0.0000000002
   2.3149999922   0.0000000078   0.0000000060  -0.0000000015
   2.3199999922   0.0000000090   0.0000000068  -0.0000000026
   2.3249999922   0.0000000093   0.0000000070  -0.0000000029
   2.3299999922   0.0000000082   0.0000000064  -0.0000000018
   2.3349999922   0.0000000053   0.0000000047   0.0000000015
   2.3399999921  -0.0000000000   0.0000000017   0.0000000075
   2.3449999921  -0.0000000082  -0.0000000030   0.0000000168
   2.3499999921  -0.0000000192  -0.0000000094   0.0000000295
   2.3549999921  -0.0000000328  -0.0000000175   0.0000000451
   2.3599999921  -0.0000000482  -0.0000000269   0.0000000626
   2.3649999921  -0.0000000639  -0.0000000369   0.0000000799
   2.3699999920  -0.0000000774  -0.0000000463   0.0000000943
   2.3749999920  -0.0000000860  -0.0000000533   0.0000001020
   2.3799999920  -0.0000000859  -0.0000000561   0.0000000986
   2.3849999920  -0.0000000735  -0.0000000521   0.0000000796
   2.3899999920  -0.0000000450  -0.0000000391   0.0000000405
   2.3949999920   0.0000000021  -0.0000000149  -0.0000000221
   2.3999999919   0.0000000693   0.0000000217  -0.0000001100
   2.4049999919   0.0000001557   0.0000000711  -0.0000002220
   2.4099999919   0.0000002576   0.0000001320  -0.0000003537
   2.4149999919   0.0000003684   0.0000002011  -0.0000004965
   2.4199999919   0.0000004779   0.0000002730  -0.0000006377
   2.4249999919   0.0000005735   0.0000003406  -0.0000007606
   2.4299999918   0.0000006402   0.0000003945  -0.0000008456
   2.4349999918   0.0000006623   0.0000004248  -0.0000008718
   2.4399999918   0.0000006250   0.0000004212  -0.0000008196
   2.4449999918   0.0000005165   0.0000003745  -0.0000006729
   2.4499999918   0.0000003303   0.0000002781  -0.0000004228
   2.4549999918   0.0000000668   0.0000001296  -0.0000000697
   2.4599999917  -0.0000002648  -0.0000000686   0.0000003741
   2.4649999917  -0.0000006457  -0.0000003077   0.0000008836
   2.4699999917  -0.0000010482  -0.0000005725   0.0000014211
   2.4749999917  -0.0000014364  -0.0000008419   0.0000019385
   2.4799999917  -0.0000017697  -0.0000010899   0.0000023810
   2.4849999917  -0.0000020062  -0.0000012881   0.0000026924
   2.4899999916  -0.0000021075  -0.0000014082   0.0000028211
   2.4949999916  -0.0000020439  -0.0000014255   0.0000027278
   2.4999999916  -0.0000017992  -0.0000013225   0.0000023911
   2.5049999916  -0.0000013743  -0.0000010917   0.0000018130
   2.5099999916  -0.0000007896  -0.0000007383   0.0000010214
   2.5149999916  -0.0000000850  -0.0000002812   0.0000000705
   2.5199999915   0.0000006825   0.0000002476  -0.0000009633
   2.5249999915   0.0000014438   0.0000008051  -0.0000019874
   2.5299999915   0.0000021246   0.0000013407  -0.0000029029
   2.5349999915   0.0000026537   0.0000018025  -0.0000036150
   2.5399999915   0.0000029718   0.0000021422  -0.0000040455
   2.5449999915   0.0000030388   0.0000023222  -0.0000041422
   2.5499999914   0.0000028401   0.0000023205  -0.0000038869
   2.5549999914   0.0000023884   0.0000021346  -0.0000032989
   2.5599999914   0.0000017233   0.0000017836  -0.0000024334
   2.5649999914   0.0000009057   0.0000013064  -0.0000013754
   2.5699999914   0.0000000098   0.0000007588  -0.0000002283
   2.5749999914  -0.0000008878   0.0000002066   0.0000009000
   2.5799999913  -0.0000017195  -0.0000002814   0.0000019127
   2.5849999913  -0.0000024374  -0.0000006426   0.0000027383
   2.5899999913  -0.0000030212  -0.0000008279   0.0000033417
   2.5949999913  -0.0000034821  -0.0000008082   0.0000037299
   2.5999999913  -0.0000038615  -0.0000005774   0.0000039509
   2.6049999913  -0.0000042249  -0.0000001536   0.0000040862
   2.6099999912  -0.0000046507   0.0000004253   0.0000042367
   2.6149999912  -0.0000052163   0.0000011066   0.0000045053
   2.6199999912  -0.0000059834   0.0000018315   0.0000049779
   2.6249999912  -0.0000069840   0.0000025435   0.0000057060
   2.6299999912  -0.0000082103   0.0000031965   0.0000066953
   2.6349999912  -0.0000096100   0.0000037605   0.0000079003
   2.6399999911  -0.0000110888   0.0000042239   0.0000092284
   2.6449999911  -0.0000125185   0.0000045925   0.0000105523
   2.6499999911  -0.0000137523   0.0000048852   0.0000117280
   2.6549999911  -0.0000146444   0.0000051262   0.0000126169
   2.6599999911  -0.0000150711   0.0000053379   0.0000131071
   2.6649999911  -0.0000149514   0.0000055325   0.0000131289
   2.6699999910  -0.0000142640   0.0000057082   0.0000126631
   2.6749999910  -0.0000130583   0.0000058478   0.0000117387
   2.6799999910  -0.0000114570   0.0000059230   0.0000104195
   2.6849999910  -0.0000096489   0.0000059018   0.0000087845
   2.6899999910  -0.0000078727   0.0000057595   0.0000069038
   2.6949999909  -0.0000063900   0.0000054889   0.0000048189
   2.6999999909  -0.0000054501   0.0000051081   0.0000025321
   2.7049999909  -0.0000052476   0.0000046616   0.0000000125
   2.7099999909  -0.0000058756   0.0000042120  -0.0000027782
   2.7149999909  -0.0000072779   0.0000038218  -0.0000058411
   2.7199999909  -0.0000092067   0.0000035254  -0.0000090792
   2.7249999908  -0.0000111905   0.0000032944  -0.0000122321
   2.7299999908  -0.0000125227   0.0000030030  -0.0000148201
   2.7349999908  -0.0000122806   0.0000024010  -0.0000161156
   2.7399999908  -0.0000093849   0.0000011045  -0.0000151613
   2.7449999908  -0.0000027117  -0.0000013839  -0.0000108534
   2.7499999908   0.0000087363  -0.0000056182  -0.0000021027
   2.7549999907   0.0000255965  -0.0000121083   0.0000119219
   2.7599999907   0.0000478558  -0.0000211738   0.0000314734
   2.7649999907   0.0000745174  -0.0000327598   0.0000558520
   2.7699999907   0.0001032534  -0.0000462262   0.0000830078
   2.7749999907   0.0001300803  -0.0000601334   0.0001091701
   2.7799999907   0.0001491079  -0.0000720515   0.0001285594
   2.7849999906   0.0001524150  -0.0000784268   0.0001332432
   2.7899999906   0.0001301092  -0.0000745397   0.0001131946
   2.7949999906   0.0000706147  -0.0000545858   0.0000565996
   2.7999999906  -0.0000387783  -0.0000119038  -0.0000495583
   2.8049999906  -0.0002111003   0.0000606402  -0.0002186411
   2.8099999906  -0.0004586515   0.0001701157  -0.0004632570
   2.8149999905  -0.0007917749   0.0003228667  -0.0007939931
   2.8199999905  -0.0012175522   0.0005237719  -0.0012180819
   2.8249999905  -0.0017385474   0.0007754898  -0.0017381315
   2.8299999905  -0.0023517398   0.0010777697  -0.0023510636
   2.8349999905  -0.0030477912   0.0014269090  -0.0030474005
   2.8399999905  -0.0038107712   0.0018154407  -0.0038110220
   2.8449999904  -0.0046184310   0.0022321135  -0.0046194762
   2.8499999904  -0.0054430606   0.0026622091  -0.0054448720
   2.8549999904  -0.0062529015   0.0030882015  -0.0062553212
   2.8599999904  -0.0070140191   0.0034907318  -0.0070168272
   2.8649999904  -0.0076924760   0.0038498269  -0.0076954634
   2.8699999904  -0.0082566060   0.0041462628  -0.0082596370
   2.8749999903  -0.0086791581   0.0043629434  -0.0086822143
   2.8799999903  -0.0089390948   0.0044861614  -0.0089422907
   2.8849999903  -0.0090228562   0.0045066086  -0.0090264279
   2.8899999903  -0.0089249695   0.0044200323  -0.0089292365
   2.8949999903  -0.0086479629   0.0042274685  -0.0086532711
   2.8999999903  -0.0082016281   0.0039350336  -0.0082082838
   2.9049999902  -0.0076017651   0.0035533083  -0.0076099688
   2.9099999902  -0.0068685981   0.0030963967  -0.0068783909
   2.9149999902  -0.0060250946   0.0025807805  -0.0060363231
   2.9199999902  -0.0050954102   0.0020241104  -0.0051077166
   2.9249999902  -0.0041036496   0.0014440756  -0.0041164887
   2.9299999902  -0.0030730629   0.0008574720  -0.0030857441
   2.9349999901  -0.0020257082   0.0002795519  -0.0020374583
   2.9399999901  -0.0009825219  -0.0002763149  -0.0009925605
   2.9449999901   0.0000363443  -0.0007986888   0.0000287258
   2.9499999901   0.0010111123  -0.0012778905   0.0010064773
   2.9549999901   0.0019220991  -0.0017057143   0.0019208077
   2.9599999901   0.0027497518  -0.0020751453   0.0027519253
   2.9649999900   0.0034751119  -0.0023801857   0.0034806229
   2.9699999900   0.0040807313  -0.0026158686   0.0040892221
   2.9749999900   0.0045519607  -0.0027784880   0.0045628863
   2.9799999900   0.0048784375  -0.0028660193   0.0048911263
   2.9849999900   0.0050555304  -0.0028786553   0.0050692555
   2.9899999900   0.0050854748  -0.0028193407   0.0050995247
   2.9949999899   0.0049779538  -0.0026941741   0.0049916929
   2.9999999899   0.0047499471  -0.0025125519   0.0047628594
   3.0049999899   0.0044247784  -0.0022869628   0.0044364891
   3.0099999899   0.0040304110  -0.0020323922   0.0040406854
   3.0149999899   0.0035971648  -0.0017653621   0.0036058896
   3.0199999899   0.0031551247  -0.0015026926   0.0031622767
   3.0249999898   0.0027315646  -0.0012601253   0.0027371764
   3.0299999898   0.0023487150  -0.0010509781   0.0023528468
   3.0349999898   0.0020221568  -0.0008850077   0.0020248790
   3.0399999898   0.0017600273  -0.0007676297   0.0017614192
   3.0449999898   0.0015631072  -0.0006995997   0.0015632693
   3.0499999898   0.0014257300  -0.0006771968   0.0014248056
   3.0549999897   0.0013373412  -0.0006928782   0.0013355394
   3.0599999897   0.0012844534  -0.0007363142   0.0012820650
   3.0649999897   0.0012527105  -0.0007956615   0.0012501086
   3.0699999897   0.0012287790  -0.0008589120   0.0012264011
   3.0749999897   0.0012018400  -0.0009151499   0.0012001511
   3.0799999897   0.0011645368  -0.0009555772   0.0011639778
   3.0849999896   0.0011133236  -0.0009742073   0.0011142550
   3.0899999896   0.0010482566  -0.0009681776   0.0010509081
   3.0949999896   0.0009723365  -0.0009376850   0.0009767728
   3.0999999896   0.0008905602  -0.0008855943   0.0008966706
   3.1049999896   0.0008088509  -0.0008168023   0.0008163669
   3.1099999896   0.0007330272  -0.0007374577   0.0007415645
   3.1149999895   0.0006679366  -0.0006541432   0.0006770540
   3.1199999895   0.0006168370  -0.0005731111   0.0006260998
   3.1249999895   0.0005810656  -0.0004996500   0.0005901017
   3.1299999895   0.0005599953  -0.0004376327   0.0005685310
   3.1349999895   0.0005512465  -0.0003892717   0.0005591164
   3.1399999895   0.0005511046  -0.0003550863   0.0005582332
   3.1449999894   0.0005550752  -0.0003340597   0.0005614366
   3.1499999894   0.0005585064  -0.0003239545   0.0005640720
   3.1549999894   0.0005571989  -0.0003217329   0.0005618869
   3.1599999894   0.0005479280  -0.0003240260   0.0005515686
   3.1649999894   0.0005288063  -0.0003275884   0.0005311331
   3.1699999894   0.0004994314  -0.0003296788   0.0005001020
   3.1749999893   0.0004607855  -0.0003283166   0.0004594315
   3.1799999893   0.0004148924  -0.0003223825   0.0004111865
   3.1849999893   0.0003642733  -0.0003115544   0.0003580015
   3.1899999893   0.0003112866  -0.0002960979   0.0003024078
   3.1949999893   0.0002574670  -0.0002765556   0.0002461469
   3.1999999893   0.0002029910  -0.0002534011   0.0001895998
   3.2049999892   0.0001463863  -0.0002267299   0.0001314592
   3.2099999892   0.0000845640  -0.0001960582   0.0000687293
   3.2149999892   0.0000131949  -0.0001602768  -0.0000029167
   3.2199999892  -0.0000726191  -0.0001177799  -0.0000884660
   3.2249999892  -0.0001774904  -0.0000667491  -0.0001926962
   3.2299999892  -0.0003048689  -0.0000055397  -0.0003192645
   3.2349999891  -0.0004563137   0.0000669100  -0.0004699395
   3.2399999891  -0.0006310648   0.0001507331  -0.0006441297
   3.2449999891  -0.0008260049   0.0002449297  -0.0008388101
   3.2499999891  -0.0010360208   0.0003473512  -0.0010488617
   3.2549999891  -0.0012546874   0.0004548820  -0.0012677519
   3.2599999891  -0.0014751245   0.0005637835  -0.0014884049
   3.2649999890  -0.0016908377   0.0006701281  -0.0017040716
   3.2699999890  -0.0018963624   0.0007702328  -0.0019090110
   3.2749999890  -0.0020875740   0.0008610011  -0.0020988405
   3.2799999890  -0.0022616167   0.0009401069  -0.0022704994
   3.2849999890  -0.0024164928   0.0010059916  -0.0024218649
   3.2899999890  -0.0025504473   0.0010576930  -0.0025511511
   3.2949999889  -0.0026613323   0.0010945673  -0.0026562779
   3.2999999889  -0.0027461470   0.0011159905  -0.0027344062
   3.3049999889  -0.0028009040   0.0011211321  -0.0027817952
   3.3099999889  -0.0028208922   0.0011088737  -0.0027940534
   3.3149999889  -0.0028013017   0.0010779070  -0.0027667507
   3.3199999889  -0.0027380802   0.0010269968  -0.0026962610
   3.3249999888  -0.0026288220   0.0009553492  -0.0025806341
   3.3299999888  -0.0024734761   0.0008629938  -0.0024202808
   3.3349999888  -0.0022746937   0.0007510783  -0.0022182904
   3.3399999888  -0.0020377207   0.0006219950  -0.0019802868
   3.3449999888  -0.0017698485   0.0004792918  -0.0017138392
   3.3499999888  -0.0014795408   0.0003273772  -0.0014275520
   3.3549999887  -0.0011754353   0.0001710742  -0.0011300396
   3.3599999887  -0.0008654398   0.0000151163  -0.0008290143
   3.3649999887  -0.0005561193  -0.0001363086  -0.0005306864
   3.3699999887  -0.0002524861  -0.0002798733  -0.0002395908
   3.3749999887   0.0000418004  -0.0004132313   0.0000411588
   3.3799999886   0.0003239240  -0.0005349349   0.0003092979
   3.3849999886   0.0005912738  -0.0006441982   0.0005627158
   3.3899999886   0.0008408877  -0.0007405863   0.0007988585
   3.3949999886   0.0010691581  -0.0008237280   0.0010144212
   3.3999999886   0.0012719052  -0.0008931392   0.0012054374
   3.4049999886   0.0014448134  -0.0009482044   0.0013677581
   3.4099999885   0.0015841238  -0.0009883196   0.0014978002
   3.4149999885   0.0016873954  -0.0010131492   0.0015933615
   3.4199999885   0.0017541235  -0.0010229145   0.0016542739
   3.4249999885   0.0017860359  -0.0010186195   0.0016827006
   3.4299999885   0.0017869678  -0.0010021344   0.0016829740
   3.4349999885   0.0017623275  -0.0009760954   0.0016609877
   3.4399999884   0.0017182709  -0.0009436255   0.0016232769
   3.4449999884   0.0016607795  -0.0009079360   0.0015760000
   3.4499999884   0.0015948615  -0.0008718955   0.0015240639
   3.4549999884   0.0015240581  -0.0008376691   0.0014705954
   3.4599999884   0.0014503578  -0.0008065100   0.0014168694
   3.4649999884   0.0013745066  -0.0007787483   0.0013626848
   3.4699999883   0.0012966018  -0.0007539709   0.0013070603
   3.4749999883   0.0012167806  -0.0007313367   0.0012490423
   3.4799999883   0.0011357970  -0.0007099390   0.0011883933
   3.4849999883   0.0010553191  -0.0006891175   0.0011259707
   3.4899999883   0.0009778598  -0.0006686403   0.0010636979
   3.4949999883   0.0009063674  -0.0006487158   0.0010041480
   3.4999999882   0.0008435946  -0.0006298426   0.0009498719
   3.5049999882   0.0007914343  -0.0006125529   0.0009026762
   3.5099999882   0.0007504178  -0.0005971340   0.0008630673
   3.5149999882   0.0007195279  -0.0005834176   0.0008300343
   3.5199999882   0.0006963893  -0.0005707050   0.0008012424
   3.5249999882   0.0006777942  -0.0005578584   0.0007735923
   3.5299999881   0.0006604275  -0.0005435385   0.0007439991
   3.5349999881   0.0006415985  -0.0005265246   0.0007101751
   3.5399999881   0.0006197866  -0.0005060319   0.0006712055
   3.5449999881   0.0005948604  -0.0004819366   0.0006277575
   3.5499999881   0.0005679211  -0.0004548449   0.0005818690
   3.5549999881   0.0005408237  -0.0004259858   0.0005363789
   3.5599999880   0.0005155205  -0.0003969535   0.0004941598
   3.5649999880   0.0004934144  -0.0003693663   0.0004573672
   3.5699999880   0.0004749052  -0.0003445316   0.0004269127
   3.5749999880   0.0004592535  -0.0003232025   0.0004023010
   3.5799999880   0.0004447925  -0.0003054857   0.0003818688
   3.5849999880   0.0004294220  -0.0002909165   0.0003633461
   3.5899999879   0.0004112362  -0.0002786738   0.0003445735
   3.5949999879   0.0003891033  -0.0002678662   0.0003241639
   3.5999999879   0.0003630282  -0.0002578084   0.0003019186
   3.6049999879   0.0003341966  -0.0002482073   0.0002788780
   3.6099999879   0.0003046872  -0.0002392102   0.0002569955
   3.6149999879   0.0002769344  -0.0002313071   0.0002385303
   3.6199999878   0.0002530940  -0.0002251196   0.0002253368
   3.6249999878   0.0002344877  -0.0002211445   0.0002182560
   3.6299999878   0.0002212808  -0.0002195300   0.0002167850
   3.6349999878   0.0002124768  -0.0002199519   0.0002191225
   3.6399999878   0.0002062248  -0.0002216284   0.0002225778
   3.6449999878   0.0002003479  -0.0002234714   0.0002242328
   3.6499999877   0.0001929408  -0.0002243314   0.0002216706
   3.6549999877   0.0001828706  -0.0002232698   0.0002135719
   3.6599999877   0.0001700434  -0.0002197810   0.0002000164
   3.6649999877   0.0001553722  -0.0002139050   0.0001824099
   3.6699999877   0.0001404629  -0.0002061994   0.0001630657
   3.6749999877   0.0001271177  -0.0001975817   0.0001445608
   3.6799999876   0.0001167987  -0.0001890855   0.0001290483
   3.6849999876   0.0001102068  -0.0001815995   0.0001177167
   3.6899999876   0.0001070880  -0.0001756599   0.0001105374
   3.6949999876   0.0001063158  -0.0001713498   0.0001063617
   3.6999999876   0.0001062180  -0.0001683277   0.0001033255
   3.7049999876   0.0001050458  -0.0001659721   0.0000994377
   3.7099999875   0.0001014510  -0.0001635959   0.0000931793
   3.7149999875   0.0000948357  -0.0001606661   0.0000839430
   3.7199999875   0.0000854802  -0.0001569671   0.0000721930
   3.7249999875   0.0000744229  -0.0001526616   0.0000593082
   3.7299999875   0.0000631341  -0.0001482355   0.0000471620
   3.7349999875   0.0000530828  -0.0001443458   0.0000375663
   3.7399999874   0.0000453255  -0.0001416181   0.0000317410
   3.7449999874   0.0000402284  -0.0001404521   0.0000299596
   3.7499999874   0.0000374000  -0.0001408922   0.0000314687
   3.7549999874   0.0000358424  -0.0001425983   0.0000346967
   3.7599999874   0.0000342706  -0.0001449247   0.0000376879
   3.7649999874   0.0000315028  -0.0001470828   0.0000386354
   3.7699999873   0.0000268073  -0.0001483419   0.0000363610
   3.7749999873   0.0000201091  -0.0001482130   0.0000306115
   3.7799999873   0.0000120006  -0.0001465641   0.0000220933
   3.7849999873   0.0000035609  -0.0001436404   0.0000122440
   3.7899999873  -0.0000039609  -0.0001399838   0.0000028116
   3.7949999873  -0.0000095047  -0.0001362785  -0.0000046366
   3.7999999872  -0.0000124996  -0.0001331666  -0.0000091381
   3.8049999872  -0.0000130218  -0.0001310827  -0.0000105783
   3.8099999872  -0.0000117722  -0.0001301534  -0.0000096913
   3.8149999872  -0.0000098838  -0.0001301842  -0.0000078281
   3.8199999872  -0.0000086170  -0.0001307338  -0.0000065627
   3.8249999872  -0.0000090288  -0.0001312522  -0.0000072499
   3.8299999871  -0.0000117059  -0.0001312413  -0.0000106579
   3.8349999871  -0.0000166313  -0.0001303945  -0.0000167721
   3.8399999871  -0.0000232139  -0.0001286767  -0.0000248192
   3.8449999871  -0.0000304671  -0.0001263267  -0.0000334955
   3.8499999871  -0.0000372821  -0.0001237834  -0.0000413316
   3.8549999871  -0.0000427203  -0.0001215599  -0.0000470907
   3.8599999870  -0.0000462456  -0.0001201001  -0.0000500912
   3.8649999870  -0.0000478400  -0.0001196592  -0.0000503720
   3.8699999870  -0.0000479768  -0.0001202384  -0.0000486595
   3.8749999870  -0.0000474674  -0.0001215893  -0.0000461556
   3.8799999870  -0.0000472260  -0.0001232859  -0.0000442064
   3.8849999870  -0.0000480204  -0.0001248407  -0.0000439450
   3.8899999869  -0.0000502735  -0.0001258354  -0.0000460030
   3.8949999869  -0.0000539649  -0.0001260279  -0.0000503635
   3.8999999869  -0.0000586542  -0.0001254110  -0.0000563878
   3.9049999869  -0.0000636127  -0.0001242070  -0.0000630034
   3.9099999869  -0.0000680266  -0.0001228030  -0.0000689968
   3.9149999869  -0.0000712135  -0.0001216448  -0.0000733329
   3.9199999868  -0.0000727982  -0.0001211186  -0.0000754156
   3.9249999868  -0.0000728027  -0.0001214515  -0.0000752261
   3.9299999868  -0.0000716314  -0.0001226559  -0.0000733071
   3.9349999868  -0.0000699596  -0.0001245304  -0.0000706037
   3.9399999868  -0.0000685561  -0.0001267160  -0.0000682060
   3.9449999868  -0.0000680875  -0.0001287907  -0.0000670634
   3.9499999867  -0.0000689544  -0.0001303770  -0.0000677459
   3.9549999867  -0.0000711990  -0.0001312356  -0.0000703097
   3.9599999867  -0.0000745056  -0.0001313205  -0.0000743013
   3.9649999867  -0.0000782902  -0.0001307828  -0.0000788914
   3.9699999867  -0.0000818557  -0.0001299246  -0.0000831029
   3.9749999867  -0.0000845699  -0.0001291147  -0.0000860712
   3.9799999866  -0.0000860231  -0.0001286891  -0.0000872677
   3.9849999866  -0.0000861247  -0.0001288636  -0.0000866321
   3.9899999866  -0.0000851165  -0.0001296787  -0.0000845798
   3.9949999866  -0.0000835019  -0.0001309924  -0.0000818852
   3.9999999866  -0.0000819085  -0.0001325210  -0.0000794745
   4.0049999866  -0.0000809236  -0.0001339171  -0.0000781813
   4.0099999865  -0.0000809421  -0.0001348638  -0.0000785306
   4.0149999865  -0.0000820682  -0.0001351612  -0.0000806047
   4.0199999865  -0.0000840943  -0.0001347809  -0.0000840268
   4.0249999865  -0.0000865621  -0.0001338763  -0.0000880633
   4.0299999865  -0.0000888896  -0.0001327448  -0.0000918185
   4.0349999864  -0.0000905292  -0.0001317523  -0.0000944684
   4.0399999864  -0.0000911158  -0.0001312404  -0.0000954746
   4.0449999864  -0.0000905657  -0.0001314400  -0.0000947200
   4.0499999864  -0.0000890987  -0.0001324146  -0.0000925340
   4.0549999864  -0.0000871795  -0.0001340480  -0.0000895996
   4.0599999864  -0.0000853921  -0.0001360798  -0.0000867688
   4.0649999863  -0.0000842816  -0.0001381784  -0.0000848353
   4.0699999863  -0.0000842059  -0.0001400319  -0.0000843250
   4.0749999863  -0.0000852362  -0.0001414334  -0.0000853589
   4.0799999863  -0.0000871351  -0.0001423359  -0.0000876255
   4.0849999863  -0.0000894165  -0.0001428632  -0.0000904679
   4.0899999863  -0.0000914735  -0.0001432744  -0.0000930628
   4.0949999862  -0.0000927387  -0.0001438902  -0.0000946420
   4.0999999862  -0.0000928342  -0.0001450023  -0.0000946984
   4.1049999862  -0.0000916715  -0.0001467906  -0.0000931196
   4.1099999862  -0.0000894728  -0.0001492705  -0.0000902153
   4.1149999862  -0.0000867094  -0.0001522845  -0.0000866313
   4.1199999862  -0.0000839728  -0.0001555414  -0.0000831734
   4.1249999861  -0.0000818136  -0.0001586917  -0.0000805891
   4.1299999861  -0.0000805917  -0.0001614195  -0.0000793665
   4.1349999861  -0.0000803789  -0.0001635260  -0.0000796025
   4.1399999861  -0.0000809389  -0.0001649824  -0.0000809773
   4.1449999861  -0.0000817905  -0.0001659376  -0.0000828392
   4.1499999861  -0.0000823370  -0.0001666804  -0.0000843771
   4.1549999860  -0.0000820253  -0.0001675634  -0.0000848347
   4.1599999860  -0.0000804936  -0.0001689119  -0.0000837084
   4.1649999860  -0.0000776674  -0.0001709399  -0.0000808775
   4.1699999860  -0.0000737800  -0.0001736949  -0.0000766332
   4.1749999860  -0.0000693116  -0.0001770465  -0.0000716016
   4.1799999860  -0.0000648675  -0.0001807207  -0.0000665822
   4.1849999859  -0.0000610259  -0.0001843698  -0.0000623460
   4.1899999859  -0.0000581996  -0.0001876597  -0.0000594480
   4.1949999859  -0.0000565446  -0.0001903524  -0.0000581016
   4.1999999859  -0.0000559411  -0.0001923612  -0.0000581465
   4.2049999859  -0.0000560481  -0.0001937663  -0.0000591156
   4.2099999859  -0.0000564152  -0.0001947870  -0.0000603785
   4.2149999858  -0.0000566190  -0.0001957197  -0.0000613234
   4.2199999858  -0.0000563879  -0.0001968580  -0.0000615257
   4.2249999858  -0.0000556801  -0.0001984168  -0.0000608608
   4.2299999858  -0.0000546968  -0.0002004798  -0.0000595313
   4.2349999858  -0.0000538269  -0.0002029847  -0.0000580051
   4.2399999858  -0.0000535410  -0.0002057464  -0.0000568823
   4.2449999857  -0.0000542625  -0.0002085144  -0.0000567294
   4.2499999857  -0.0000562525  -0.0002110449  -0.0000579236
   4.2549999857  -0.0000595357  -0.0002131698  -0.0000605487
   4.2599999857  -0.0000638876  -0.0002148437  -0.0000643694
   4.2649999857  -0.0000688843  -0.0002161563  -0.0000688868
   4.2699999857  -0.0000739988  -0.0002173084  -0.0000734595
   4.2749999856  -0.0000787194  -0.0002185577  -0.0000774578
   4.2799999856  -0.0000826569  -0.0002201508  -0.0000804085
   4.2849999856  -0.0000856153  -0.0002222582  -0.0000820950
   4.2899999856  -0.0000876074  -0.0002249310  -0.0000825874
   4.2949999856  -0.0000888156  -0.0002280894  -0.0000821973
   4.2999999856  -0.0000895086  -0.0002315449  -0.0000813715
   4.3049999855  -0.0000899396  -0.0002350507  -0.0000805548
   4.3099999855  -0.0000902529  -0.0002383653  -0.0000800570
   4.3149999855  -0.0000904250  -0.0002413128  -0.0000799617
   4.3199999855  -0.0000902552  -0.0002438254  -0.0000800971
   4.3249999855  -0.0000894078  -0.0002459563  -0.0000800777
   4.3299999855  -0.0000874960  -0.0002478617  -0.0000794047
   4.3349999854  -0.0000841848  -0.0002497570  -0.0000775981
   4.3399999854  -0.0000792869  -0.0002518593  -0.0000743279
   4.3449999854  -0.0000728280  -0.0002543315  -0.0000695097
   4.3499999854  -0.0000650650  -0.0002572407  -0.0000633425
   4.3549999854  -0.0000564531  -0.0002605426  -0.0000562791
   4.3599999854  -0.0000475708  -0.0002640944  -0.0000489371
   4.3649999853  -0.0000390201  -0.0002676924  -0.0000419749
   4.3699999853  -0.0000313275  -0.0002711244  -0.0000359616
   4.3749999853  -0.0000248688  -0.0002742235  -0.0000312741
   4.3799999853  -0.0000198326  -0.0002769110  -0.0000280457
   4.3849999853  -0.0000162318  -0.0002792154  -0.0000261754
   4.3899999853  -0.0000139542  -0.0002812654  -0.0000253956
   4.3949999852  -0.0000128392  -0.0002832571  -0.0000253758
   4.3999999852  -0.0000127570  -0.0002854047  -0.0000258365
   4.4049999852  -0.0000136688  -0.0002878867  -0.0000266408
   4.4099999852  -0.0000156518  -0.0002908014  -0.0000278402
   4.4149999852  -0.0000188808  -0.0002941435  -0.0000296624
   4.4199999852  -0.0000235719  -0.0002978061  -0.0000324435
   4.4249999851  -0.0000299016  -0.0003016101  -0.0000365231
   4.4299999851  -0.0000379249  -0.0003053510  -0.0000421300
   4.4349999851  -0.0000475114  -0.0003088513  -0.0000492876
   4.4399999851  -0.0000583215  -0.0003120066  -0.0000577666
   4.4449999851  -0.0000698264  -0.0003148105  -0.0000670968
   4.4499999851  -0.0000813728  -0.0003173548  -0.0000766365
   4.4549999850  -0.0000922750  -0.0003198031  -0.0000856843
   4.4599999850  -0.0001019150  -0.0003223462  -0.0000936038
   4.4649999850  -0.0001098271  -0.0003251505  -0.0000999330
   4.4699999850  -0.0001157475  -0.0003283138  -0.0001044509
   4.4749999850  -0.0001196214  -0.0003318390  -0.0001071868
   4.4799999850  -0.0001215665  -0.0003356327  -0.0001083739
   4.4849999849  -0.0001218082  -0.0003395297  -0.0001083597
   4.4899999849  -0.0001206031  -0.0003433357  -0.0001075013
   4.4949999849  -0.0001181743  -0.0003468771  -0.0001060711
   4.4999999849  -0.0001146733  -0.0003500461  -0.0001042000
   4.5049999849  -0.0001101792  -0.0003528294  -0.0001018693
   4.5099999849  -0.0001047305  -0.0003553126  -0.0000989535
   4.5149999848  -0.0000983807  -0.0003576611  -0.0000952987
   4.5199999848  -0.0000912582  -0.0003600817  -0.0000908135
   4.5249999848  -0.0000836123  -0.0003627742  -0.0000855481
   4.5299999848  -0.0000758305  -0.0003658871  -0.0000797378
   4.5349999848  -0.0000684194  -0.0003694862  -0.0000737978
   4.5399999848  -0.0000619518  -0.0003735453  -0.0000682720
   4.5449999847  -0.0000569914  -0.0003779599  -0.0000637441
   4.5499999847  -0.0000540102  -0.0003825815  -0.0000607354
   4.5549999847  -0.0000533186  -0.0003872613  -0.0000596120
   4.5599999847  -0.0000550223  -0.0003918934  -0.0000605227
   4.5649999847  -0.0000590146  -0.0003964461  -0.0000633829
   4.5699999847  -0.0000650051  -0.0004009716  -0.0000679049
   4.5749999846  -0.0000725761  -0.0004055932  -0.0000736675
   4.5799999846  -0.0000812536  -0.0004104730  -0.0000802067
   4.5849999846  -0.0000905772  -0.0004157672  -0.0000871047
   4.5899999846  -0.0001001535  -0.0004215836  -0.0000940583
   4.5949999846  -0.0001096832  -0.0004279497  -0.0001009094
   4.5999999846  -0.0001189608  -0.0004348017  -0.0001076362
   4.6049999845  -0.0001278489  -0.0004419959  -0.0001143064
   4.6099999845  -0.0001362410  -0.0004493400  -0.0001210117
   4.6149999845  -0.0001440233  -0.0004566352  -0.0001277989
   4.6199999845  -0.0001510501  -0.0004637185  -0.0001346200
   4.6249999845  -0.0001571410  -0.0004704947  -0.0001413136
   4.6299999845  -0.0001621019  -0.0004769492  -0.0001476245
   4.6349999844  -0.0001657653  -0.0004831410  -0.0001532561
   4.6399999844  -0.0001680392  -0.0004891777  -0.0001579418
   4.6449999844  -0.0001689513  -0.0004951804  -0.0001615180
   4.6499999844  -0.0001686758  -0.0005012478  -0.0001639777
   4.6549999844  -0.0001675337  -0.0005074294  -0.0001654923
   4.6599999844  -0.0001659648  -0.0005137138  -0.0001663934
   4.6649999843  -0.0001644753  -0.0005200349  -0.0001671196
   4.6699999843  -0.0001635715  -0.0005262932  -0.0001681394
   4.6749999843  -0.0001636933  -0.0005323865  -0.0001698691
   4.6799999843  -0.0001651608  -0.0005382416  -0.0001726031
   4.6849999843  -0.0001681438  -0.0005438392  -0.0001764735
   4.6899999843  -0.0001726595  -0.0005492246  -0.0001814459
   4.6949999842  -0.0001785954  -0.0005545035  -0.0001873513
   4.6999999842  -0.0001857518  -0.0005598213  -0.0001939442
   4.7049999842  -0.0001938915  -0.0005653331  -0.0002009723
   4.7099999842  -0.0002027846  -0.0005711701  -0.0002082408
   4.7149999842  -0.0002122405  -0.0005774108  -0.0002156538
   4.7199999841  -0.0002221190  -0.0005840634  -0.0002232269
   4.7249999841  -0.0002323225  -0.0005910636  -0.0002310662
   4.7299999841  -0.0002427725  -0.0005982879  -0.0002393216
   4.7349999841  -0.0002533803  -0.0006055788  -0.0002481280
   4.7399999841  -0.0002640225  -0.0006127762  -0.0002575494
   4.7449999841  -0.0002745280  -0.0006197463  -0.0002675423
   4.7499999840  -0.0002846851  -0.0006264032  -0.0002779473
   4.7549999840  -0.0002942666  -0.0006327168  -0.0002885131
   4.7599999840  -0.0003030676  -0.0006387080  -0.0002989459
   4.7649999840  -0.0003109483  -0.0006444316  -0.0003089729
   4.7699999840  -0.0003178690  -0.0006499543  -0.0003184014
   4.7749999840  -0.0003239081  -0.0006553332  -0.0003271603
   4.7799999839  -0.0003292562  -0.0006606010  -0.0003353099
   4.7849999839  -0.0003341871  -0.0006657626  -0.0003430182
   4.7899999839  -0.0003390090  -0.0006708033  -0.0003505090
   4.7949999839  -0.0003440077  -0.0006757071  -0.0003579932
   4.7999999839  -0.0003493933  -0.0006804804  -0.0003656015
   4.8049999839  -0.0003552608  -0.0006851741  -0.0003733342
   4.8099999838  -0.0003615739  -0.0006898994  -0.0003810406
   4.8149999838  -0.0003681722  -0.0006948317  -0.0003884323
   4.8199999838  -0.0003747990  -0.0007002009  -0.0003951268
   4.8249999838  -0.0003811413  -0.0007062697  -0.0004007103
   4.8299999838  -0.0003868715  -0.0007133022  -0.0004048037
   4.8349999838  -0.0003916818  -0.0007215302  -0.0004071168
   4.8399999837  -0.0003953031  -0.0007311213  -0.0004074795
   4.8449999837  -0.0003975097  -0.0007421555  -0.0004058440
   4.8499999837  -0.0003981089  -0.0007546138  -0.0004022611
   4.8549999837  -0.0003969261  -0.0007683783  -0.0003968393
   4.8599999837  -0.0003937902  -0.0007832423  -0.0003896995
   4.8649999837  -0.0003885291  -0.0007989263  -0.0003809393
   4.8699999836  -0.0003809784  -0.0008150934  -0.0003706161
   4.8749999836  -0.0003710042  -0.0008313600  -0.0003587544
   4.8799999836  -0.0003585362  -0.0008472975  -0.0003453759
   4.8849999836  -0.0003436037  -0.0008624256  -0.0003305427
   4.8899999836  -0.0003263661  -0.0008761998  -0.0003144030
   4.8949999836  -0.0003071303  -0.0008879970  -0.0002972263
   4.8999999835  -0.0002863493  -0.0008971069  -0.0002794166
   4.9049999835  -0.0002646017  -0.0009027336  -0.0002614992
   4.9099999835  -0.0002425536  -0.0009040111  -0.0002440818
   4.9149999835  -0.0002209107  -0.0009000333  -0.0002277961
   4.9199999835  -0.0002003685  -0.0008898945  -0.0002132328
   4.9249999835  -0.0001815673  -0.0008727368  -0.0002008824
   4.9299999834  -0.0001650619  -0.0008477953  -0.0001910933
   4.9349999834  -0.0001513045  -0.0008144363  -0.0001840555
   4.9399999834  -0.0001406447  -0.0007721833  -0.0001798104
   4.9449999834  -0.0001333392  -0.0007207294  -0.0001782830
   4.9499999834  -0.0001295676  -0.0006599357  -0.0001793263
   4.9549999834  -0.0001294465  -0.0005898216  -0.0001827676
   4.9599999833  -0.0001330389  -0.0005105495  -0.0001884453
   4.9649999833  -0.0001403541  -0.0004224107  -0.0001962278
   4.9699999833  -0.0001513403  -0.0003258145  -0.0002060139
   4.9749999833  -0.0001658718  -0.0002212842  -0.0002177149
   4.9799999833  -0.0001837357  -0.0001094568  -0.0002312271
   4.9849999833  -0.0002046234   0.0000089148  -0.0002464027
   4.9899999832  -0.0002281292   0.0001329625  -0.0002630292
   4.9949999832  -0.0002537615   0.0002617107  -0.0002808234
   4.9999999832  -0.0002809622   0.0003940954  -0.0002994438
   5.0049999832  -0.0003091356   0.0005289945  -0.0003185187
   5.0099999832  -0.0003376807   0.0006652691  -0.0003376850
   5.0149999832  -0.0003660228   0.0008018115  -0.0003566283
   5.0199999831  -0.0003936390   0.0009375931  -0.0003751154
   5.0249999831  -0.0004200749   0.0010717078  -0.0003930111
   5.0299999831  -0.0004449504   0.0012034026  -0.0004102744
   5.0349999831  -0.0004679552   0.0013320948  -0.0004269339
   5.0399999831  -0.0004888364   0.0014573737  -0.0004430486
   5.0449999831  -0.0005073823   0.0015789899  -0.0004586593
   5.0499999830  -0.0005234071   0.0016968370  -0.0004737445
   5.0549999830  -0.0005367409   0.0018109300  -0.0004881870
   5.0599999830  -0.0005472268   0.0019213869  -0.0005017619
   5.0649999830  -0.0005547265   0.0020284134  -0.0005141446
   5.0699999830  -0.0005591311   0.0021322946  -0.0005249397
   5.0749999830  -0.0005603747   0.0022333878  -0.0005337215
   5.0799999829  -0.0005584452   0.0023321160  -0.0005400775
   5.0849999829  -0.0005533874   0.0024289564  -0.0005436438
   5.0899999829  -0.0005452974   0.0025244216  -0.0005441253
   5.0949999829  -0.0005343053   0.0026190334  -0.0005412973
   5.0999999829  -0.0005205508   0.0027132896  -0.0005349886
   5.1049999829  -0.0005041552   0.0028076275  -0.0005250538
   5.1099999828  -0.0004851951   0.0029023889  -0.0005113436
   5.1149999828  -0.0004636836   0.0029977917  -0.0004936816
   5.1199999828  -0.0004395621   0.0030939103  -0.0004718562
   5.1249999828  -0.0004127042   0.0031906683  -0.0004456311
   5.1299999828  -0.0003829294   0.0032878431  -0.0004147709
   5.1349999828  -0.0003500237   0.0033850794  -0.0003790777
   5.1399999827  -0.0003137604   0.0034819103  -0.0003384282
   5.1449999827  -0.0002739185   0.0035777804  -0.0002928012
   5.1499999827  -0.0002302932   0.0036720671  -0.0002422892
   5.1549999827  -0.0001826989   0.0037640991  -0.0001870889
   5.1599999827  -0.0001309657   0.0038531685  -0.0001274725
   5.1649999827  -0.0000749329   0.0039385372  -0.0000637458
   5.1699999826  -0.0000144437   0.0040194402   0.0000037977
   5.1749999826   0.0000506544   0.0040950861   0.0000749165
   5.1799999826   0.0001205014   0.0041646599   0.0001494456
   5.1849999826   0.0001952081   0.0042273277   0.0002273017
   5.1899999826   0.0002748331   0.0042822474   0.0003084668
   5.1949999826   0.0003593570   0.0043285831   0.0003929560
   5.1999999825   0.0004486600   0.0043655226   0.0004807768
   5.2049999825   0.0005425057   0.0043922948   0.0005718893
   5.2099999825   0.0006405372   0.0044081847   0.0006661762
   5.2149999825   0.0007422840   0.0044125420   0.0007634286
   5.2199999825   0.0008471814   0.0044047829   0.0008633488
   5.2249999825   0.0009545964   0.0043843845   0.0009655686
   5.2299999824   0.0010638578   0.0043508751   0.0010696754
   5.2349999824   0.0011742839   0.0043038219   0.0011752394
   5.2399999824   0.0012852045   0.0042428219   0.0012818329
   5.2449999824   0.0013959734   0.0041674975   0.0013890363
   5.2499999824   0.0015059731   0.0040775014   0.0014964297
   5.2549999824   0.0016146112   0.0039725285   0.0016035722
   5.2599999823   0.0017213123   0.0038523346   0.0017099743
   5.2649999823   0.0018255107   0.0037167589   0.0018150725
   5.2699999823   0.0019266449   0.0035657453   0.0019182142
   5.2749999823   0.0020241577   0.0033993597   0.0020186576
   5.2799999823   0.0021175025   0.0032178003   0.0021155905
   5.2849999823   0.0022061526   0.0030214003   0.0022081646
   5.2899999822   0.0022896128   0.0028106238   0.0022955397
   5.2949999822   0.0023674281   0.0025860568   0.0023769307
   5.2999999822   0.0024391882   0.0023483962   0.0024516453
   5.3049999822   0.0025045241   0.0020984409   0.0025191093
   5.3099999822   0.0025630994   0.0018370849   0.0025788726
   5.3149999822   0.0026145968   0.0015653152   0.0026305976
   5.3199999821   0.0026587034   0.0012842122   0.0026740349
   5.3249999821   0.0026950995   0.0009949515   0.0027089925
   5.3299999821   0.0027234547   0.0006988039   0.0027353079
   5.3349999821   0.0027434318   0.0003971304   0.0027528290
   5.3399999821   0.0027547005   0.0000913726   0.0027614091
   5.3449999821   0.0027569580  -0.0002169652   0.0027609149
   5.3499999820   0.0027499527  -0.0005263382   0.0027512458
   5.3549999820   0.0027335070  -0.0008351873   0.0027323575
   5.3599999820   0.0027075353  -0.0011419647   0.0027042830
   5.3649999820   0.0026720546  -0.0014451567   0.0026671450
   5.3699999820   0.0026271861  -0.0017433010   0.0026211567
   5.3749999820   0.0025731495  -0.0020349971   0.0025666095
   5.3799999819   0.0025102527  -0.0023189112   0.0025038526
   5.3849999819   0.0024388782  -0.0025937757   0.0024332675
   5.3899999819   0.0023594717  -0.0028583884   0.0023552463
   5.3949999819   0.0022725324  -0.0031116122   0.0022701766
   5.3999999819   0.0021786059  -0.0033523785   0.0021784393
   5.4049999818   0.0020782807  -0.0035796950   0.0020804163
   5.4099999818   0.0019721839  -0.0037926571   0.0019765087
   5.4149999818   0.0018609764  -0.0039904613   0.0018671577
   5.4199999818   0.0017453447  -0.0041724188   0.0017528650
   5.4249999818   0.0016259896  -0.0043379650   0.0016342050
   5.4299999818   0.0015036121  -0.0044866648   0.0015118268
   5.4349999817   0.0013788977  -0.0046182127   0.0013864430
   5.4399999817   0.0012525019  -0.0047324268   0.0012588086
   5.4449999817   0.0011250378  -0.0048292401   0.0011296921
   5.4499999817   0.0009970699  -0.0049086898   0.0009998453
   5.4549999817   0.0008691121  -0.0049709082   0.0008699749
   5.4599999817   0.0007416324  -0.0050161156   0.0007407238
   5.4649999816   0.0006150616  -0.0050446160   0.0006126615
   5.4699999816   0.0004898052  -0.0050567967   0.0004862858
   5.4749999816   0.0003662557  -0.0050531290   0.0003620337
   5.4799999816   0.0002448025  -0.0050341683   0.0002402967
   5.4849999816   0.0001258383  -0.0050005530   0.0001214381
   5.4899999816   0.0000097602  -0.0049529996   0.0000058048
   5.4949999815  -0.0001030348  -0.0048922935  -0.0001062667
   5.4999999815  -0.0002121589  -0.0048192758  -0.0002144528
   5.5049999815  -0.0003172458  -0.0047348273  -0.0003184526
   5.5099999815  -0.0004179633  -0.0046398515  -0.0004180020
   5.5149999815  -0.0005140252  -0.0045352580  -0.0005128872
   5.5199999815  -0.0006051984  -0.0044219490  -0.0006029551
   5.5249999814  -0.0006913068  -0.0043008099  -0.0006881151
   5.5299999814  -0.0007722293  -0.0041727038  -0.0007683327
   5.5349999814  -0.0008478949  -0.0040384706  -0.0008436157
   5.5399999814  -0.0009182757  -0.0038989280  -0.0009139949
   5.5449999814  -0.0009833793  -0.0037548740  -0.0009795048
   5.5499999814  -0.0010432436  -0.0036070884  -0.0010401681
   5.5549999813  -0.0010979327  -0.0034563321  -0.0010959883
   5.5599999813  -0.0011475364  -0.0033033434  -0.0011469513
   5.5649999813  -0.0011921707  -0.0031488325  -0.0011930364
   5.5699999813  -0.0012319780  -0.0029934737  -0.0012342340
   5.5749999813  -0.0012671274  -0.0028378982  -0.0012705652
   5.5799999813  -0.0012978107  -0.0026826879  -0.0013020995
   5.5849999812  -0.0013242374  -0.0025283722  -0.0013289663
   5.5899999812  -0.0013466259  -0.0023754278  -0.0013513563
   5.5949999812  -0.0013651947  -0.0022242816  -0.0013695147
   5.5999999812  -0.0013801529  -0.0020753160  -0.0013837247
   5.6049999812  -0.0013916929  -0.0019288744  -0.0013942863
   5.6099999812  -0.0013999866  -0.0017852674  -0.0014014948
   5.6149999811  -0.0014051853  -0.0016447761  -0.0014056215
   5.6199999811  -0.0014074229  -0.0015076544  -0.0014069023
   5.6249999811  -0.0014068231  -0.0013741283  -0.0014055340
   5.6299999811  -0.0014035072  -0.0012443941  -0.0014016791
   5.6349999811  -0.0013976028  -0.0011186159  -0.0013954772
   5.6399999811  -0.0013892504  -0.0009969232  -0.0013870592
   5.6449999810  -0.0013786073  -0.0008794105  -0.0013765599
   5.6499999810  -0.0013658483  -0.0007661389  -0.0013641273
   5.6549999810  -0.0013511622  -0.0006571398  -0.0013499242
   5.6599999810  -0.0013347465  -0.0005524206  -0.0013341230
   5.6649999810  -0.0013167995  -0.0004519713  -0.0013168953
   5.6699999810  -0.0012975123  -0.0003557713  -0.0012983990
   5.6749999809  -0.0012770629  -0.0002637941  -0.0012787663
   5.6799999809  -0.0012556112  -0.0001760108  -0.0012580969
   5.6849999809  -0.0012332977  -0.0000923906  -0.0012364586
   5.6899999809  -0.0012102444  -0.0000128993  -0.0012138951
   5.6949999809  -0.0011865573   0.0000625048  -0.0011904395
   5.6999999809  -0.0011623303   0.0001338737  -0.0011661317
   5.7049999808  -0.0011376477   0.0002012738  -0.0011410326
   5.7099999808  -0.0011125860   0.0002647870  -0.0011152347
   5.7149999808  -0.0010872138   0.0003245106  -0.0010888637
   5.7199999808  -0.0010615904   0.0003805543  -0.0010620712
   5.7249999808  -0.0010357635   0.0004330369  -0.0010350204
   5.7299999808  -0.0010097678   0.0004820813  -0.0010078677
   5.7349999807  -0.0009836250   0.0005278111  -0.0009807445
   5.7399999807  -0.0009573468   0.0005703481  -0.0009537430
   5.7449999807  -0.0009309395   0.0006098115  -0.0009269105
   5.7499999807  -0.0009044117   0.0006463200  -0.0009002516
   5.7549999807  -0.0008777810   0.0006799934  -0.0008737397
   5.7599999807  -0.0008510807   0.0007109561  -0.0008473331
   5.7649999806  -0.0008243632   0.0007393390  -0.0008209926
   5.7699999806  -0.0007976997   0.0007652804  -0.0007946977
   5.7749999806  -0.0007711763   0.0007889247  -0.0007684555
   5.7799999806  -0.0007448863   0.0008104198  -0.0007423036
   5.7849999806  -0.0007189211   0.0008299125  -0.0007163041
   5.7899999806  -0.0006933611   0.0008475442  -0.0006905339
   5.7949999805  -0.0006682691   0.0008634461  -0.0006650712
   5.7999999805  -0.0006436861   0.0008777363  -0.0006399840
   5.8049999805  -0.0006196318   0.0008905182  -0.0006153221
   5.8099999805  -0.0005961087   0.0009018812  -0.0005911148
   5.8149999805  -0.0005731075   0.0009119028  -0.0005673751
   5.8199999805  -0.0005506146   0.0009206516  -0.0005441072
   5.8249999804  -0.0005286178   0.0009281909  -0.0005213166
   5.8299999804  -0.0005071105   0.0009345817  -0.0004990191
   5.8349999804  -0.0004860929   0.0009398839  -0.0004772456
   5.8399999804  -0.0004655708   0.0009441572  -0.0004560423
   5.8449999804  -0.0004455526   0.0009474597  -0.0004354652
   5.8499999804  -0.0004260458   0.0009498461  -0.0004155694
   5.8549999803  -0.0004070535   0.0009513653  -0.0003963979
   5.8599999803  -0.0003885734   0.0009520586  -0.0003779701
   5.8649999803  -0.0003705971   0.0009519587  -0.0003602744
   5.8699999803  -0.0003531123   0.0009510894  -0.0003432666
   5.8749999803  -0.0003361058   0.0009494679  -0.0003268744
   5.8799999803  -0.0003195666   0.0009471066  -0.0003110079
   5.8849999802  -0.0003034886   0.0009440162  -0.0002955734
   5.8899999802  -0.0002878715   0.0009402092  -0.0002804888
   5.8949999802  -0.0002727206   0.0009357025  -0.0002656953
   5.8999999802  -0.0002580442   0.0009305184  -0.0002511663
   5.9049999802  -0.0002438501   0.0009246861  -0.0002369083
   5.9099999802  -0.0002301414   0.0009182402  -0.0002229560
   5.9149999801  -0.0002169132   0.0009112193  -0.0002093621
   5.9199999801  -0.0002041503   0.0009036635  -0.0001961846
   5.9249999801  -0.0001918268   0.0008956122  -0.0001834732
   5.9299999801  -0.0001799091   0.0008871020  -0.0001712595
   5.9349999801  -0.0001683593   0.0008781658  -0.0001595518
   5.9399999801  -0.0001571412   0.0008688332  -0.0001483355
   5.9449999800  -0.0001462259   0.0008591322  -0.0001375794
   5.9499999800  -0.0001355967   0.0008490917  -0.0001272448
   5.9549999800  -0.0001252516   0.0008387436  -0.0001172958
   5.9599999800  -0.0001152033   0.0008281251  -0.0001077075
   5.9649999800  -0.0001054765   0.0008172792  -0.0000984707
   5.9699999800  -0.0000961025   0.0008062535  -0.0000895910
   5.9749999799  -0.0000871134   0.0007950980  -0.0000810836
   5.9799999799  -0.0000785355   0.0007838606  -0.0000729646
   5.9849999799  -0.0000703845   0.0007725838  -0.0000652425
   5.9899999799  -0.0000626637   0.0007613009  -0.0000579104
   5.9949999799  -0.0000553634   0.0007500342  -0.0000509436
