   0.0000000000   0.0000000000   0.0000000000   0.0000000000
   0.0050000000   0.0000000000   0.0000000000   0.0000000000
   0.0100000000   0.0000000000   0.0000000000   0.0000000000
   0.0149999999   0.0000000000   0.0000000000   0.0000000000
   0.0199999999   0.0000000000   0.0000000000   0.0000000000
   0.0249999999   0.0000000000   0.0000000000   0.0000000000
   0.0299999999   0.0000000000   0.0000000000   0.0000000000
   0.0349999999   0.0000000000   0.0000000000   0.0000000000
   0.0399999999   0.0000000000   0.0000000000   0.0000000000
   0.0449999998   0.0000000000   0.0000000000   0.0000000000
   0.0499999998   0.0000000000   0.0000000000   0.0000000000
   0.0549999998   0.0000000000   0.0000000000   0.0000000000
   0.0599999998   0.0000000000   0.0000000000   0.0000000000
   0.0649999998   0.0000000000   0.0000000000   0.0000000000
   0.0699999998   0.0000000000   0.0000000000   0.0000000000
   0.0749999997   0.0000000000   0.0000000000   0.0000000000
   0.0799999997   0.0000000000   0.0000000000   0.0000000000
   0.0849999997   0.0000000000   0.0000000000   0.0000000000
   0.0899999997   0.0000000000   0.0000000000  -0.0000000000
   0.0949999997   0.0000000000  -0.0000000000   0.0000000000
   0.0999999997  -0.0000000000   0.0000000000  -0.0000000000
   0.1049999996  -0.0000000000  -0.0000000000  -0.0000000000
   0.1099999996  -0.0000000000   0.0000000000  -0.0000000000
   0.1149999996  -0.0000000000   0.0000000000  -0.0000000000
   0.1199999996  -0.0000000000   0.0000000000  -0.0000000000
   0.1249999996  -0.0000000000   0.0000000000  -0.0000000000
   0.1299999996  -0.0000000000   0.0000000000  -0.0000000000
   0.1349999995  -0.0000000000   0.0000000000  -0.0000000000
   0.1399999995   0.0000000000   0.0000000000   0.0000000000
   0.1449999995   0.0000000000  -0.0000000000   0.0000000000
   0.1499999995   0.0000000000  -0.0000000000   0.0000000000
   0.1549999995   0.0000000000  -0.0000000000   0.0000000000
   0.1599999995   0.0000000000  -0.0000000000   0.0000000000
   0.1649999994   0.0000000000  -0.0000000000   0.0000000000
   0.1699999994   0.0000000000  -0.0000000000   0.0000000000
   0.1749999994   0.0000000000  -0.0000000000   0.0000000000
   0.1799999994   0.0000000000  -0.0000000000   0.0000000000
   0.1849999994   0.0000000000  -0.0000000000   0.0000000000
   0.1899999994   0.0000000000  -0.0000000000   0.0000000000
   0.1949999993   0.0000000000  -0.0000000000   0.0000000000
   0.1999999993   0.0000000000  -0.0000000000   0.0000000000
   0.2049999993   0.0000000000  -0.0000000000   0.0000000000
   0.2099999993   0.0000000000  -0.0000000000   0.0000000000
   0.2149999993   0.0000000000  -0.0000000000   0.0000000000
   0.2199999993  -0.0000000000  -0.0000000000   0.0000000000
   0.2249999992  -0.0000000000   0.0000000000  -0.0000000000
   0.2299999992  -0.0000000000   0.0000000000  -0.0000000000
   0.2349999992  -0.0000000000   0.0000000000  -0.0000000000
   0.2399999992  -0.0000000000   0.0000000000  -0.0000000000
   0.2449999992  -0.0000000000   0.0000000000  -0.0000000000
   0.2499999992  -0.0000000000   0.0000000000  -0.0000000000
   0.2549999991  -0.0000000000   0.0000000000  -0.0000000000
   0.2599999991   0.0000000000  -0.0000000000   0.0000000000
   0.2649999991   0.0000000000  -0.0000000000   0.0000000000
   0.2699999991   0.0000000000  -0.0000000000   0.0000000000
   0.2749999991   0.0000000000  -0.0000000000   0.0000000000
   0.2799999991   0.0000000000  -0.0000000000   0.0000000000
   0.2849999990   0.0000000000  -0.0000000000   0.0000000000
   0.2899999990   0.0000000000  -0.0000000000   0.0000000000
   0.2949999990   0.0000000000  -0.0000000000   0.0000000000
   0.2999999990   0.0000000000  -0.0000000000   0.0000000000
   0.3049999990   0.0000000000  -0.0000000000   0.0000000000
   0.3099999990   0.0000000000  -0.0000000000   0.0000000000
   0.3149999989   0.0000000000  -0.0000000000   0.0000000000
   0.3199999989   0.0000000000  -0.0000000000   0.0000000000
   0.3249999989   0.0000000000  -0.0000000000   0.0000000000
   0.3299999989   0.0000000000  -0.0000000000   0.0000000000
   0.3349999989   0.0000000000  -0.0000000000   0.0000000000
   0.3399999989   0.0000000000  -0.0000000000   0.0000000000
   0.3449999988   0.0000000000  -0.0000000000   0.0000000000
   0.3499999988   0.0000000000  -0.0000000000   0.0000000000
   0.3549999988   0.0000000000  -0.0000000000   0.0000000000
   0.3599999988   0.0000000000  -0.0000000000   0.0000000000
   0.3649999988   0.0000000000  -0.0000000000   0.0000000000
   0.3699999988   0.0000000000  -0.0000000000   0.0000000000
   0.3749999987   0.0000000000  -0.0000000000   0.0000000000
   0.3799999987   0.0000000000  -0.0000000000   0.0000000000
   0.3849999987   0.0000000000  -0.0000000000   0.0000000000
   0.3899999987   0.0000000000  -0.0000000000   0.0000000000
   0.3949999987   0.0000000000  -0.0000000000   0.0000000000
   0.3999999987   0.0000000000  -0.0000000000   0.0000000000
   0.4049999986   0.0000000000  -0.0000000000   0.0000000000
   0.4099999986   0.0000000000   0.0000000000   0.0000000000
   0.4149999986  -0.0000000000   0.0000000000  -0.0000000000
   0.4199999986  -0.0000000000   0.0000000000  -0.0000000000
   0.4249999986  -0.0000000000   0.0000000000  -0.0000000000
   0.4299999986  -0.0000000000   0.0000000000  -0.0000000000
   0.4349999985  -0.0000000000   0.0000000000  -0.0000000000
   0.4399999985  -0.0000000000   0.0000000000  -0.0000000000
   0.4449999985  -0.0000000000   0.0000000000  -0.0000000000
   0.4499999985  -0.0000000000   0.0000000000  -0.0000000000
   0.4549999985  -0.0000000000   0.0000000000  -0.0000000000
   0.4599999985  -0.0000000000   0.0000000000  -0.0000000000
   0.4649999984  -0.0000000000   0.0000000000  -0.0000000000
   0.4699999984  -0.0000000000   0.0000000000  -0.0000000000
   0.4749999984  -0.0000000000   0.0000000000  -0.0000000000
   0.4799999984  -0.0000000000   0.0000000000  -0.0000000000
   0.4849999984  -0.0000000000   0.0000000000  -0.0000000000
   0.4899999984  -0.0000000000   0.0000000000  -0.0000000000
   0.4949999983  -0.0000000000   0.0000000000  -0.0000000000
   0.4999999983  -0.0000000000   0.0000000000  -0.0000000000
   0.5049999983  -0.0000000000   0.0000000000  -0.0000000000
   0.5099999983  -0.0000000000   0.0000000000  -0.0000000000
   0.5149999983  -0.0000000000   0.0000000000  -0.0000000000
   0.5199999983  -0.0000000000   0.0000000000  -0.0000000000
   0.5249999982  -0.0000000000   0.0000000000  -0.0000000000
   0.5299999982  -0.0000000000   0.0000000000  -0.0000000000
   0.5349999982  -0.0000000000   0.0000000000  -0.0000000000
   0.5399999982  -0.0000000000   0.0000000000  -0.0000000000
   0.5449999982  -0.0000000000   0.0000000000  -0.0000000000
   0.5499999982  -0.0000000000   0.0000000000  -0.0000000000
   0.5549999981  -0.0000000000   0.0000000000  -0.0000000000
   0.5599999981  -0.0000000000   0.0000000000  -0.0000000000
   0.5649999981  -0.0000000000   0.0000000000  -0.0000000000
   0.5699999981  -0.0000000000   0.0000000000  -0.0000000000
   0.5749999981  -0.0000000000   0.0000000000  -0.0000000000
   0.5799999981  -0.0000000000   0.0000000000  -0.0000000000
   0.5849999980  -0.0000000000   0.0000000000  -0.0000000000
   0.5899999980  -0.0000000000   0.0000000000  -0.0000000000
   0.5949999980  -0.0000000000   0.0000000000  -0.0000000000
   0.5999999980  -0.0000000000   0.0000000000  -0.0000000000
   0.6049999980  -0.0000000000   0.0000000000  -0.0000000000
   0.6099999980   0.0000000000   0.0000000000   0.0000000000
   0.6149999979   0.0000000000   0.0000000000   0.0000000000
   0.6199999979   0.0000000000   0.0000000000   0.0000000000
   0.6249999979   0.0000000000   0.0000000000   0.0000000000
   0.6299999979   0.0000000000   0.0000000000   0.0000000000
   0.6349999979   0.0000000000   0.0000000000   0.0000000000
   0.6399999979   0.0000000000   0.0000000000   0.0000000000
   0.6449999978   0.0000000000   0.0000000000   0.0000000000
   0.6499999978   0.0000000000   0.0000000000   0.0000000000
   0.6549999978   0.0000000000   0.0000000000   0.0000000000
   0.6599999978   0.0000000000   0.0000000000   0.0000000000
   0.6649999978   0.0000000000   0.0000000000   0.0000000000
   0.6699999978   0.0000000000   0.0000000000   0.0000000000
   0.6749999977   0.0000000000  -0.0000000000   0.0000000000
   0.6799999977   0.0000000000  -0.0000000000   0.0000000000
   0.6849999977   0.0000000000  -0.0000000000   0.0000000000
   0.6899999977   0.0000000000  -0.0000000000   0.0000000000
   0.6949999977  -0.0000000000  -0.0000000000  -0.0000000000
   0.6999999976  -0.0000000000  -0.0000000000  -0.0000000000
   0.7049999976  -0.0000000000  -0.0000000000  -0.0000000000
   0.7099999976  -0.0000000000  -0.0000000000  -0.0000000000
   0.7149999976  -0.0000000000  -0.0000000000  -0.0000000000
   0.7199999976  -0.0000000000  -0.0000000000  -0.0000000000
   0.7249999976  -0.0000000000  -0.0000000000  -0.0000000000
   0.7299999975  -0.0000000000  -0.0000000000  -0.0000000000
   0.7349999975  -0.0000000000  -0.0000000000  -0.0000000000
   0.7399999975  -0.0000000000   0.0000000000  -0.0000000000
   0.7449999975  -0.0000000000   0.0000000000  -0.0000000000
   0.7499999975   0.0000000000   0.0000000000   0.0000000000
   0.7549999975   0.0000000000   0.0000000000   0.0000000000
   0.7599999974   0.0000000000   0.0000000000   0.0000000000
   0.7649999974   0.0000000000   0.0000000000   0.0000000000
   0.7699999974   0.0000000000   0.0000000000   0.0000000000
   0.7749999974   0.0000000000   0.0000000000   0.0000000000
   0.7799999974   0.0000000000   0.0000000000   0.0000000000
   0.7849999974   0.0000000000   0.0000000000   0.0000000000
   0.7899999973   0.0000000000   0.0000000000   0.0000000000
   0.7949999973   0.0000000000   0.0000000000   0.0000000000
   0.7999999973   0.0000000000   0.0000000000   0.0000000000
   0.8049999973   0.0000000000   0.0000000000   0.0000000000
   0.8099999973   0.0000000000   0.0000000000   0.0000000000
   0.8149999973   0.0000000000   0.0000000000   0.0000000000
   0.8199999972   0.0000000000   0.0000000000   0.0000000000
   0.8249999972   0.0000000000   0.0000000000   0.0000000000
   0.8299999972   0.0000000000   0.0000000000   0.0000000000
   0.8349999972   0.0000000000   0.0000000000   0.0000000000
   0.8399999972   0.0000000000   0.0000000000   0.0000000000
   0.8449999972   0.0000000000   0.0000000000   0.0000000000
   0.8499999971   0.0000000000   0.0000000000   0.0000000000
   0.8549999971   0.0000000000   0.0000000000   0.0000000000
   0.8599999971   0.0000000000   0.0000000000   0.0000000000
   0.8649999971   0.0000000000   0.0000000000   0.0000000000
   0.8699999971   0.0000000000   0.0000000000   0.0000000000
   0.8749999971   0.0000000000   0.0000000000   0.0000000000
   0.8799999970   0.0000000000   0.0000000000   0.0000000000
   0.8849999970   0.0000000000   0.0000000000   0.0000000000
   0.8899999970   0.0000000000   0.0000000000   0.0000000000
   0.8949999970   0.0000000000   0.0000000000   0.0000000000
   0.8999999970   0.0000000000   0.0000000000   0.0000000000
   0.9049999970   0.0000000000   0.0000000000   0.0000000000
   0.9099999969   0.0000000000   0.0000000000   0.0000000000
   0.9149999969   0.0000000000   0.0000000000   0.0000000000
   0.9199999969   0.0000000000   0.0000000000   0.0000000000
   0.9249999969   0.0000000000   0.0000000000   0.0000000000
   0.9299999969   0.0000000000   0.0000000000   0.0000000000
   0.9349999969   0.0000000000   0.0000000000   0.0000000000
   0.9399999968   0.0000000000   0.0000000000   0.0000000000
   0.9449999968   0.0000000000   0.0000000000   0.0000000000
   0.9499999968   0.0000000000   0.0000000000   0.0000000000
   0.9549999968   0.0000000000   0.0000000000   0.0000000000
   0.9599999968   0.0000000000   0.0000000000   0.0000000000
   0.9649999968   0.0000000000   0.0000000000   0.0000000000
   0.9699999967   0.0000000000   0.0000000000   0.0000000000
   0.9749999967   0.0000000000   0.0000000000   0.0000000000
   0.9799999967   0.0000000000   0.0000000000   0.0000000000
   0.9849999967   0.0000000000   0.0000000000   0.0000000000
   0.9899999967   0.0000000000   0.0000000000   0.0000000000
   0.9949999967   0.0000000000   0.0000000000   0.0000000000
   0.9999999966   0.0000000000   0.0000000000   0.0000000000
   1.0049999966   0.0000000000   0.0000000000   0.0000000000
   1.0099999966   0.0000000000   0.0000000000   0.0000000000
   1.0149999966   0.0000000000   0.0000000000   0.0000000000
   1.0199999966   0.0000000000   0.0000000000   0.0000000000
   1.0249999966   0.0000000000   0.0000000000   0.0000000000
   1.0299999965   0.0000000000   0.0000000000   0.0000000000
   1.0349999965   0.0000000000   0.0000000000   0.0000000000
   1.0399999965   0.0000000000   0.0000000000   0.0000000000
   1.0449999965   0.0000000000   0.0000000000   0.0000000000
   1.0499999965   0.0000000000   0.0000000000   0.0000000000
   1.0549999965   0.0000000000   0.0000000000   0.0000000000
   1.0599999964   0.0000000000   0.0000000000   0.0000000000
   1.0649999964   0.0000000000   0.0000000000   0.0000000000
   1.0699999964   0.0000000000   0.0000000000   0.0000000000
   1.0749999964   0.0000000000   0.0000000000   0.0000000000
   1.0799999964   0.0000000000   0.0000000000   0.0000000000
   1.0849999964   0.0000000000   0.0000000000   0.0000000000
   1.0899999963   0.0000000000   0.0000000000   0.0000000000
   1.0949999963   0.0000000000   0.0000000000   0.0000000000
   1.0999999963   0.0000000000   0.0000000000   0.0000000000
   1.1049999963   0.0000000000   0.0000000000   0.0000000000
   1.1099999963   0.0000000000   0.0000000000   0.0000000000
   1.1149999963   0.0000000000   0.0000000000   0.0000000000
   1.1199999962   0.0000000000   0.0000000000   0.0000000000
   1.1249999962   0.0000000000   0.0000000000   0.0000000000
   1.1299999962   0.0000000000   0.0000000000   0.0000000000
   1.1349999962   0.0000000000   0.0000000000   0.0000000000
   1.1399999962   0.0000000000   0.0000000000   0.0000000000
   1.1449999962   0.0000000000   0.0000000000   0.0000000000
   1.1499999961   0.0000000000   0.0000000000   0.0000000000
   1.1549999961   0.0000000000   0.0000000000   0.0000000000
   1.1599999961  -0.0000000000  -0.0000000000  -0.0000000000
   1.1649999961  -0.0000000000  -0.0000000000  -0.0000000000
   1.1699999961  -0.0000000000  -0.0000000000  -0.0000000000
   1.1749999961  -0.0000000000  -0.0000000000  -0.0000000000
   1.1799999960  -0.0000000000  -0.0000000000  -0.0000000000
   1.1849999960  -0.0000000000  -0.0000000000  -0.0000000000
   1.1899999960  -0.0000000000  -0.0000000000  -0.0000000000
   1.1949999960  -0.0000000000  -0.0000000000  -0.0000000000
   1.1999999960  -0.0000000000  -0.0000000000  -0.0000000000
   1.2049999960  -0.0000000000  -0.0000000000  -0.0000000000
   1.2099999959  -0.0000000000  -0.0000000000  -0.0000000000
   1.2149999959  -0.0000000000  -0.0000000000  -0.0000000000
   1.2199999959  -0.0000000000  -0.0000000000  -0.0000000000
   1.2249999959  -0.0000000000  -0.0000000000  -0.0000000000
   1.2299999959  -0.0000000000  -0.0000000000  -0.0000000000
   1.2349999959   0.0000000000   0.0000000000   0.0000000000
   1.2399999958   0.0000000000   0.0000000000   0.0000000000
   1.2449999958   0.0000000000   0.0000000000   0.0000000000
   1.2499999958   0.0000000000   0.0000000000   0.0000000000
   1.2549999958   0.0000000000   0.0000000000   0.0000000000
   1.2599999958   0.0000000000   0.0000000000   0.0000000000
   1.2649999958   0.0000000000   0.0000000000   0.0000000000
   1.2699999957   0.0000000000   0.0000000000   0.0000000000
   1.2749999957   0.0000000000   0.0000000000   0.0000000000
   1.2799999957   0.0000000000   0.0000000000   0.0000000000
   1.2849999957   0.0000000000   0.0000000000   0.0000000000
   1.2899999957   0.0000000000   0.0000000000   0.0000000000
   1.2949999957   0.0000000000   0.0000000000   0.0000000000
   1.2999999956  -0.0000000000  -0.0000000000  -0.0000000000
   1.3049999956  -0.0000000000  -0.0000000000  -0.0000000000
   1.3099999956  -0.0000000000  -0.0000000000  -0.0000000000
   1.3149999956  -0.0000000000  -0.0000000000  -0.0000000000
   1.3199999956  -0.0000000000  -0.0000000000  -0.0000000000
   1.3249999956  -0.0000000000  -0.0000000000  -0.0000000000
   1.3299999955  -0.0000000000  -0.0000000000  -0.0000000000
   1.3349999955  -0.0000000000  -0.0000000000  -0.0000000000
   1.3399999955  -0.0000000000  -0.0000000000  -0.0000000000
   1.3449999955  -0.0000000000  -0.0000000000  -0.0000000000
   1.3499999955  -0.0000000000  -0.0000000000  -0.0000000000
   1.3549999954  -0.0000000000  -0.0000000000   0.0000000000
   1.3599999954   0.0000000000   0.0000000000   0.0000000000
   1.3649999954   0.0000000000   0.0000000000   0.0000000000
   1.3699999954   0.0000000000   0.0000000000   0.0000000000
   1.3749999954   0.0000000000   0.0000000000   0.0000000000
   1.3799999954   0.0000000000   0.0000000000   0.0000000000
   1.3849999953   0.0000000000   0.0000000000   0.0000000000
   1.3899999953   0.0000000000   0.0000000000   0.0000000000
   1.3949999953   0.0000000000   0.0000000000   0.0000000000
   1.3999999953   0.0000000000   0.0000000000   0.0000000000
   1.4049999953   0.0000000000   0.0000000000   0.0000000000
   1.4099999953   0.0000000000   0.0000000000  -0.0000000000
   1.4149999952  -0.0000000000  -0.0000000000  -0.0000000000
   1.4199999952  -0.0000000000  -0.0000000000  -0.0000000000
   1.4249999952  -0.0000000000  -0.0000000000  -0.0000000000
   1.4299999952  -0.0000000000  -0.0000000000  -0.0000000000
   1.4349999952  -0.0000000000  -0.0000000000  -0.0000000000
   1.4399999952  -0.0000000000  -0.0000000000  -0.0000000000
   1.4449999951  -0.0000000000  -0.0000000000  -0.0000000000
   1.4499999951  -0.0000000000  -0.0000000000  -0.0000000000
   1.4549999951  -0.0000000000  -0.0000000000  -0.0000000000
   1.4599999951  -0.0000000000  -0.0000000000   0.0000000000
   1.4649999951   0.0000000000   0.0000000000   0.0000000000
   1.4699999951   0.0000000000   0.0000000000   0.0000000000
   1.4749999950   0.0000000000   0.0000000000   0.0000000000
   1.4799999950   0.0000000000   0.0000000000   0.0000000000
   1.4849999950   0.0000000000   0.0000000000   0.0000000000
   1.4899999950   0.0000000000   0.0000000000   0.0000000000
   1.4949999950   0.0000000000   0.0000000000   0.0000000000
   1.4999999950   0.0000000000   0.0000000000   0.0000000000
   1.5049999949   0.0000000000   0.0000000000   0.0000000000
   1.5099999949   0.0000000000   0.0000000000  -0.0000000000
   1.5149999949  -0.0000000000  -0.0000000000  -0.0000000000
   1.5199999949  -0.0000000000  -0.0000000000  -0.0000000000
   1.5249999949  -0.0000000000  -0.0000000000  -0.0000000000
   1.5299999949  -0.0000000000  -0.0000000000  -0.0000000000
   1.5349999948  -0.0000000000  -0.0000000000  -0.0000000000
   1.5399999948  -0.0000000000  -0.0000000000  -0.0000000000
   1.5449999948  -0.0000000000  -0.0000000000  -0.0000000000
   1.5499999948  -0.0000000000  -0.0000000000  -0.0000000000
   1.5549999948  -0.0000000000  -0.0000000000  -0.0000000000
   1.5599999948   0.0000000000   0.0000000000   0.0000000000
   1.5649999947   0.0000000000   0.0000000000   0.0000000000
   1.5699999947   0.0000000000   0.0000000000   0.0000000000
   1.5749999947   0.0000000000   0.0000000000   0.0000000000
   1.5799999947   0.0000000000   0.0000000000   0.0000000000
   1.5849999947   0.0000000000   0.0000000000   0.0000000000
   1.5899999947   0.0000000000   0.0000000000   0.0000000000
   1.5949999946   0.0000000000   0.0000000000   0.0000000000
   1.5999999946   0.0000000000   0.0000000000   0.0000000000
   1.6049999946   0.0000000000   0.0000000000   0.0000000000
   1.6099999946   0.0000000000   0.0000000000  -0.0000000000
   1.6149999946  -0.0000000000  -0.0000000000  -0.0000000000
   1.6199999946  -0.0000000000  -0.0000000000  -0.0000000000
   1.6249999945  -0.0000000000  -0.0000000000  -0.0000000000
   1.6299999945  -0.0000000000  -0.0000000000  -0.0000000000
   1.6349999945  -0.0000000000  -0.0000000000  -0.0000000000
   1.6399999945  -0.0000000000  -0.0000000000  -0.0000000000
   1.6449999945  -0.0000000000  -0.0000000000  -0.0000000000
   1.6499999945  -0.0000000000  -0.0000000000  -0.0000000000
   1.6549999944  -0.0000000000  -0.0000000000  -0.0000000000
   1.6599999944  -0.0000000000  -0.0000000000  -0.0000000000
   1.6649999944  -0.0000000000  -0.0000000000  -0.0000000000
   1.6699999944  -0.0000000000  -0.0000000000  -0.0000000000
   1.6749999944  -0.0000000000  -0.0000000000  -0.0000000000
   1.6799999944  -0.0000000000  -0.0000000000  -0.0000000000
   1.6849999943  -0.0000000000  -0.0000000000  -0.0000000000
   1.6899999943  -0.0000000000  -0.0000000000  -0.0000000000
   1.6949999943  -0.0000000000  -0.0000000000  -0.0000000000
   1.6999999943  -0.0000000000  -0.0000000000  -0.0000000000
   1.7049999943   0.0000000000   0.0000000000   0.0000000000
   1.7099999943   0.0000000000   0.0000000000   0.0000000000
   1.7149999942   0.0000000000   0.0000000000   0.0000000000
   1.7199999942   0.0000000000   0.0000000000   0.0000000000
   1.7249999942   0.0000000000   0.0000000000   0.0000000000
   1.7299999942   0.0000000000   0.0000000000   0.0000000000
   1.7349999942   0.0000000000   0.0000000000   0.0000000000
   1.7399999942   0.0000000000   0.0000000000   0.0000000000
   1.7449999941   0.0000000000   0.0000000000   0.0000000000
   1.7499999941   0.0000000000   0.0000000000   0.0000000000
   1.7549999941   0.0000000000   0.0000000000   0.0000000000
   1.7599999941   0.0000000000   0.0000000000   0.0000000000
   1.7649999941  -0.0000000000  -0.0000000000  -0.0000000000
   1.7699999941  -0.0000000000  -0.0000000000  -0.0000000000
   1.7749999940  -0.0000000000  -0.0000000000  -0.0000000000
   1.7799999940  -0.0000000000  -0.0000000000  -0.0000000000
   1.7849999940  -0.0000000000  -0.0000000000  -0.0000000000
   1.7899999940  -0.0000000000  -0.0000000000  -0.0000000000
   1.7949999940  -0.0000000000  -0.0000000000  -0.0000000000
   1.7999999940  -0.0000000000  -0.0000000000  -0.0000000000
   1.8049999939  -0.0000000000  -0.0000000000  -0.0000000000
   1.8099999939  -0.0000000000  -0.0000000000  -0.0000000000
   1.8149999939  -0.0000000000  -0.0000000000  -0.0000000000
   1.8199999939   0.0000000000  -0.0000000000   0.0000000000
   1.8249999939   0.0000000000   0.0000000000   0.0000000000
   1.8299999939   0.0000000000   0.0000000000   0.0000000000
   1.8349999938   0.0000000000   0.0000000000   0.0000000000
   1.8399999938   0.0000000000   0.0000000000   0.0000000000
   1.8449999938   0.0000000000   0.0000000000   0.0000000000
   1.8499999938   0.0000000000   0.0000000000   0.0000000000
   1.8549999938   0.0000000000   0.0000000000   0.0000000000
   1.8599999938   0.0000000000   0.0000000000   0.0000000000
   1.8649999937   0.0000000000   0.0000000000   0.0000000000
   1.8699999937   0.0000000000   0.0000000000  -0.0000000000
   1.8749999937  -0.0000000000  -0.0000000000  -0.0000000000
   1.8799999937  -0.0000000000  -0.0000000000  -0.0000000000
   1.8849999937  -0.0000000000  -0.0000000000  -0.0000000000
   1.8899999937  -0.0000000000  -0.0000000000  -0.0000000000
   1.8949999936  -0.0000000000  -0.0000000000  -0.0000000000
   1.8999999936  -0.0000000000  -0.0000000000  -0.0000000000
   1.9049999936  -0.0000000000  -0.0000000000  -0.0000000000
   1.9099999936  -0.0000000000  -0.0000000000  -0.0000000000
   1.9149999936  -0.0000000000  -0.0000000000  -0.0000000000
   1.9199999936  -0.0000000000  -0.0000000000  -0.0000000000
   1.9249999935   0.0000000000  -0.0000000000   0.0000000000
   1.9299999935   0.0000000000   0.0000000000   0.0000000000
   1.9349999935   0.0000000000   0.0000000000   0.0000000000
   1.9399999935   0.0000000000   0.0000000000   0.0000000000
   1.9449999935   0.0000000000   0.0000000000   0.0000000000
   1.9499999935   0.0000000000   0.0000000000   0.0000000000
   1.9549999934   0.0000000000   0.0000000000   0.0000000000
   1.9599999934   0.0000000000   0.0000000000   0.0000000000
   1.9649999934   0.0000000000   0.0000000000   0.0000000000
   1.9699999934   0.0000000000   0.0000000000  -0.0000000000
   1.9749999934  -0.0000000000  -0.0000000000  -0.0000000000
   1.9799999934  -0.0000000000  -0.0000000000  -0.0000000000
   1.9849999933  -0.0000000000  -0.0000000000  -0.0000000000
   1.9899999933  -0.0000000001  -0.0000000000  -0.0000000000
   1.9949999933  -0.0000000001  -0.0000000000  -0.0000000000
   1.9999999933  -0.0000000000  -0.0000000000  -0.0000000000
   2.0049999933  -0.0000000000  -0.0000000000  -0.0000000000
   2.0099999933  -0.0000000000  -0.0000000000  -0.0000000000
   2.0149999932   0.0000000000  -0.0000000000   0.0000000000
   2.0199999932   0.0000000000   0.0000000000   0.0000000000
   2.0249999932   0.0000000000   0.0000000000   0.0000000000
   2.0299999932   0.0000000001   0.0000000000   0.0000000000
   2.0349999932   0.0000000001   0.0000000000   0.0000000000
   2.0399999931   0.0000000001   0.0000000000   0.0000000000
   2.0449999931   0.0000000000   0.0000000000   0.0000000000
   2.0499999931   0.0000000000   0.0000000000  -0.0000000000
   2.0549999931  -0.0000000000   0.0000000000  -0.0000000000
   2.0599999931  -0.0000000000  -0.0000000000  -0.0000000000
   2.0649999931  -0.0000000001  -0.0000000000  -0.0000000001
   2.0699999930  -0.0000000001  -0.0000000000  -0.0000000001
   2.0749999930  -0.0000000001  -0.0000000000  -0.0000000000
   2.0799999930  -0.0000000001  -0.0000000000  -0.0000000000
   2.0849999930  -0.0000000000  -0.0000000000  -0.0000000000
   2.0899999930  -0.0000000000  -0.0000000000   0.0000000000
   2.0949999930   0.0000000000   0.0000000000   0.0000000000
   2.0999999929   0.0000000001   0.0000000000   0.0000000001
   2.1049999929   0.0000000001   0.0000000000   0.0000000001
   2.1099999929   0.0000000001   0.0000000000   0.0000000001
   2.1149999929   0.0000000001   0.0000000000   0.0000000001
   2.1199999929   0.0000000001   0.0000000000   0.0000000000
   2.1249999929   0.0000000000   0.0000000000   0.0000000000
   2.1299999928  -0.0000000000   0.0000000000  -0.0000000000
   2.1349999928  -0.0000000000  -0.0000000000  -0.0000000001
   2.1399999928  -0.0000000001  -0.0000000000  -0.0000000001
   2.1449999928  -0.0000000001  -0.0000000000  -0.0000000001
   2.1499999928  -0.0000000001  -0.0000000001  -0.0000000001
   2.1549999928  -0.0000000001  -0.0000000001  -0.0000000001
   2.1599999927  -0.0000000001  -0.0000000000  -0.0000000000
   2.1649999927  -0.0000000000  -0.0000000000   0.0000000000
   2.1699999927   0.0000000000  -0.0000000000   0.0000000000
   2.1749999927   0.0000000000   0.0000000000   0.0000000001
   2.1799999927   0.0000000001   0.0000000000   0.0000000001
   2.1849999927   0.0000000001   0.0000000000   0.0000000001
   2.1899999926   0.0000000001   0.0000000000   0.0000000001
   2.1949999926   0.0000000001   0.0000000000   0.0000000000
   2.1999999926   0.0000000000   0.0000000000   0.0000000000
   2.2049999926   0.0000000000   0.0000000000  -0.0000000000
   2.2099999926  -0.0000000000   0.0000000000  -0.0000000000
   2.2149999926  -0.0000000000  -0.0000000000  -0.0000000000
   2.2199999925  -0.0000000001  -0.0000000000  -0.0000000000
   2.2249999925  -0.0000000000  -0.0000000000  -0.0000000000
   2.2299999925  -0.0000000000  -0.0000000000  -0.0000000000
   2.2349999925  -0.0000000000  -0.0000000000   0.0000000000
   2.2399999925   0.0000000000  -0.0000000000   0.0000000000
   2.2449999925   0.0000000001   0.0000000000   0.0000000001
   2.2499999924   0.0000000001   0.0000000000   0.0000000001
   2.2549999924   0.0000000001   0.0000000000   0.0000000001
   2.2599999924   0.0000000001   0.0000000001   0.0000000001
   2.2649999924   0.0000000001   0.0000000001   0.0000000002
   2.2699999924   0.0000000002   0.0000000001   0.0000000002
   2.2749999924   0.0000000002   0.0000000001   0.0000000002
   2.2799999923   0.0000000002   0.0000000002   0.0000000003
   2.2849999923   0.0000000002   0.0000000002   0.0000000003
   2.2899999923   0.0000000002   0.0000000002   0.0000000003
   2.2949999923   0.0000000002   0.0000000002   0.0000000003
   2.2999999923   0.0000000002   0.0000000001   0.0000000002
   2.3049999923   0.0000000002   0.0000000001   0.0000000001
   2.3099999922   0.0000000001   0.0000000000  -0.0000000000
   2.3149999922   0.0000000001  -0.0000000001  -0.0000000002
   2.3199999922   0.0000000000  -0.0000000002  -0.0000000004
   2.3249999922  -0.0000000001  -0.0000000003  -0.0000000005
   2.3299999922  -0.0000000002  -0.0000000004  -0.0000000007
   2.3349999922  -0.0000000003  -0.0000000005  -0.0000000008
   2.3399999921  -0.0000000005  -0.0000000006  -0.0000000010
   2.3449999921  -0.0000000006  -0.0000000006  -0.0000000010
   2.3499999921  -0.0000000008  -0.0000000006  -0.0000000011
   2.3549999921  -0.0000000011  -0.0000000006  -0.0000000011
   2.3599999921  -0.0000000013  -0.0000000006  -0.0000000011
   2.3649999921  -0.0000000015  -0.0000000006  -0.0000000011
   2.3699999920  -0.0000000017  -0.0000000005  -0.0000000010
   2.3749999920  -0.0000000018  -0.0000000004  -0.0000000009
   2.3799999920  -0.0000000018  -0.0000000002  -0.0000000006
   2.3849999920  -0.0000000016  -0.0000000000  -0.0000000003
   2.3899999920  -0.0000000012   0.0000000002   0.0000000001
   2.3949999920  -0.0000000006   0.0000000005   0.0000000007
   2.3999999919   0.0000000001   0.0000000007   0.0000000013
   2.4049999919   0.0000000010   0.0000000011   0.0000000020
   2.4099999919   0.0000000020   0.0000000014   0.0000000026
   2.4149999919   0.0000000029   0.0000000016   0.0000000032
   2.4199999919   0.0000000038   0.0000000018   0.0000000036
   2.4249999919   0.0000000044   0.0000000019   0.0000000039
   2.4299999918   0.0000000047   0.0000000018   0.0000000040
   2.4349999918   0.0000000047   0.0000000016   0.0000000038
   2.4399999918   0.0000000043   0.0000000013   0.0000000034
   2.4449999918   0.0000000035   0.0000000009   0.0000000028
   2.4499999918   0.0000000026   0.0000000004   0.0000000019
   2.4549999918   0.0000000014  -0.0000000002   0.0000000008
   2.4599999917   0.0000000002  -0.0000000007  -0.0000000005
   2.4649999917  -0.0000000009  -0.0000000011  -0.0000000021
   2.4699999917  -0.0000000018  -0.0000000014  -0.0000000038
   2.4749999917  -0.0000000025  -0.0000000015  -0.0000000058
   2.4799999917  -0.0000000027  -0.0000000014  -0.0000000079
   2.4849999917  -0.0000000026  -0.0000000011  -0.0000000099
   2.4899999916  -0.0000000023  -0.0000000007  -0.0000000116
   2.4949999916  -0.0000000018  -0.0000000003  -0.0000000125
   2.4999999916  -0.0000000014   0.0000000001  -0.0000000123
   2.5049999916  -0.0000000015   0.0000000002  -0.0000000103
   2.5099999916  -0.0000000025  -0.0000000002  -0.0000000060
   2.5149999916  -0.0000000048  -0.0000000014   0.0000000010
   2.5199999915  -0.0000000087  -0.0000000035   0.0000000110
   2.5249999915  -0.0000000145  -0.0000000068   0.0000000239
   2.5299999915  -0.0000000222  -0.0000000114   0.0000000393
   2.5349999915  -0.0000000313  -0.0000000170   0.0000000559
   2.5399999915  -0.0000000411  -0.0000000232   0.0000000721
   2.5449999915  -0.0000000500  -0.0000000294   0.0000000855
   2.5499999914  -0.0000000559  -0.0000000343   0.0000000931
   2.5549999914  -0.0000000565  -0.0000000366   0.0000000915
   2.5599999914  -0.0000000487  -0.0000000345   0.0000000771
   2.5649999914  -0.0000000299  -0.0000000262   0.0000000465
   2.5699999914   0.0000000024  -0.0000000098  -0.0000000030
   2.5749999914   0.0000000496   0.0000000158  -0.0000000728
   2.5799999913   0.0000001117   0.0000000512  -0.0000001621
   2.5849999913   0.0000001866   0.0000000958  -0.0000002678
   2.5899999913   0.0000002701   0.0000001478  -0.0000003838
   2.5949999913   0.0000003552   0.0000002034  -0.0000005008
   2.5999999913   0.0000004328   0.0000002576  -0.0000006062
   2.6049999913   0.0000004918   0.0000003037  -0.0000006854
   2.6099999912   0.0000005202   0.0000003338  -0.0000007221
   2.6149999912   0.0000005061   0.0000003400  -0.0000007004
   2.6199999912   0.0000004394   0.0000003146  -0.0000006065
   2.6249999912   0.0000003133   0.0000002516  -0.0000004312
   2.6299999912   0.0000001258   0.0000001474  -0.0000001716
   2.6349999912  -0.0000001188   0.0000000024   0.0000001662
   2.6399999911  -0.0000004090  -0.0000001786   0.0000005667
   2.6449999911  -0.0000007261  -0.0000003860   0.0000010043
   2.6499999911  -0.0000010450  -0.0000006049   0.0000014442
   2.6549999911  -0.0000013355  -0.0000008167   0.0000018448
   2.6599999911  -0.0000015649  -0.0000009994   0.0000021610
   2.6649999911  -0.0000017014  -0.0000011302   0.0000023489
   2.6699999910  -0.0000017180  -0.0000011877   0.0000023711
   2.6749999910  -0.0000015957  -0.0000011547   0.0000022016
   2.6799999910  -0.0000013276  -0.0000010204   0.0000018309
   2.6849999910  -0.0000009206  -0.0000007829   0.0000012686
   2.6899999910  -0.0000003973  -0.0000004509   0.0000005456
   2.6949999909   0.0000002056  -0.0000000437  -0.0000002874
   2.6999999909   0.0000008389   0.0000004096  -0.0000011633
   2.7049999909   0.0000014457   0.0000008720  -0.0000020046
   2.7099999909   0.0000019670   0.0000013021  -0.0000027308
   2.7149999909   0.0000023480   0.0000016586  -0.0000032678
   2.7199999909   0.0000025446   0.0000019048  -0.0000035562
   2.7249999908   0.0000025289   0.0000020138  -0.0000035590
   2.7299999908   0.0000022932   0.0000019720  -0.0000032670
   2.7349999908   0.0000018511   0.0000017821  -0.0000027005
   2.7399999908   0.0000012359   0.0000014638  -0.0000019079
   2.7449999908   0.0000004967   0.0000010526  -0.0000009596
   2.7499999908  -0.0000003082   0.0000005963   0.0000000605
   2.7549999907  -0.0000011200   0.0000001502   0.0000010663
   2.7599999907  -0.0000018877  -0.0000002294   0.0000019810
   2.7649999907  -0.0000025755  -0.0000004919   0.0000027486
   2.7699999907  -0.0000031688  -0.0000005985   0.0000033412
   2.7749999907  -0.0000036760  -0.0000005272   0.0000037637
   2.7799999907  -0.0000041276  -0.0000002753   0.0000040525
   2.7849999906  -0.0000045703   0.0000001405   0.0000042695
   2.7899999906  -0.0000050592   0.0000006866   0.0000044913
   2.7949999906  -0.0000056470   0.0000013171   0.0000047957
   2.7999999906  -0.0000063733   0.0000019807   0.0000052466
   2.8049999906  -0.0000072551   0.0000026276   0.0000058812
   2.8099999906  -0.0000082799   0.0000032161   0.0000066994
   2.8149999905  -0.0000094038   0.0000037177   0.0000076602
   2.8199999905  -0.0000105538   0.0000041199   0.0000086835
   2.8249999905  -0.0000116355   0.0000044260   0.0000096593
   2.8299999905  -0.0000125442   0.0000046520   0.0000104620
   2.8349999905  -0.0000131791   0.0000048213   0.0000109690
   2.8399999905  -0.0000134571   0.0000049577   0.0000110794
   2.8449999904  -0.0000133250   0.0000050783   0.0000107309
   2.8499999904  -0.0000127678   0.0000051876   0.0000099122
   2.8549999904  -0.0000118116   0.0000052735   0.0000086671
   2.8599999904  -0.0000105198   0.0000053071   0.0000070915
   2.8649999904  -0.0000089847   0.0000052450   0.0000053215
   2.8699999904  -0.0000073135   0.0000050357   0.0000035161
   2.8749999903  -0.0000056126   0.0000046277   0.0000018350
   2.8799999903  -0.0000039728   0.0000039800   0.0000004164
   2.8849999903  -0.0000024569   0.0000030708  -0.0000006430
   2.8899999903  -0.0000010933   0.0000019055  -0.0000013017
   2.8949999903   0.0000001230   0.0000005212  -0.0000015802
   2.8999999903   0.0000012218  -0.0000010123  -0.0000015590
   2.9049999902   0.0000022437  -0.0000025962  -0.0000013697
   2.9099999902   0.0000032203  -0.0000041101  -0.0000011784
   2.9149999902   0.0000041561  -0.0000054219  -0.0000011664
   2.9199999902   0.0000050128  -0.0000064006  -0.0000015086
   2.9249999902   0.0000057031  -0.0000069293  -0.0000023517
   2.9299999902   0.0000060968  -0.0000069184  -0.0000037942
   2.9349999901   0.0000060411  -0.0000063183  -0.0000058669
   2.9399999901   0.0000053961  -0.0000051303  -0.0000085157
   2.9449999901   0.0000040836  -0.0000034175  -0.0000115833
   2.9499999901   0.0000021417  -0.0000013133  -0.0000147931
   2.9549999901  -0.0000002210   0.0000009708  -0.0000177349
   2.9599999901  -0.0000025839   0.0000031420  -0.0000198581
   2.9649999900  -0.0000042976   0.0000048276  -0.0000204782
   2.9699999900  -0.0000045048   0.0000055873  -0.0000188061
   2.9749999900  -0.0000022110   0.0000049389  -0.0000140111
   2.9799999900   0.0000035873   0.0000024045  -0.0000053267
   2.9849999900   0.0000137132  -0.0000024197   0.0000077936
   2.9899999900   0.0000285640  -0.0000097670   0.0000254684
   2.9949999899   0.0000478221  -0.0000195773   0.0000471365
   2.9999999899   0.0000701448  -0.0000313549   0.0000712761
   3.0049999899   0.0000928661  -0.0000440162   0.0000951249
   3.0099999899   0.0001117497  -0.0000557454   0.0001144365
   3.0149999899   0.0001208369  -0.0000638796   0.0001233199
   3.0199999899   0.0001124363  -0.0000648489   0.0001142080
   3.0249999898   0.0000772924  -0.0000541966   0.0000780001
   3.0299999898   0.0000049618  -0.0000267032   0.0000044099
   3.0349999898  -0.0001155931   0.0000233717  -0.0001174654
   3.0399999898  -0.0002952084   0.0001019239  -0.0002983652
   3.0449999898  -0.0005435588   0.0002145276  -0.0005479125
   3.0499999898  -0.0008681032   0.0003658708  -0.0008735553
   3.0549999897  -0.0012730248   0.0005591484  -0.0012794946
   3.0599999897  -0.0017582743   0.0007954673  -0.0017657093
   3.0649999897  -0.0023188286   0.0010733306  -0.0023271970
   3.0699999897  -0.0029442725   0.0013882671  -0.0029535395
   3.0749999897  -0.0036187879   0.0017326689  -0.0036288833
   3.0799999897  -0.0043215996   0.0020958829  -0.0043323842
   3.0849999896  -0.0050278840   0.0024645809  -0.0050391241
   3.0899999896  -0.0057100930   0.0028234039  -0.0057214485
   3.0949999896  -0.0063395947   0.0031558442  -0.0063506266
   3.0999999896  -0.0068884920   0.0034452998  -0.0068986889
   3.1049999896  -0.0073314488   0.0036762099  -0.0073402688
   3.1099999896  -0.0076473452   0.0038351657  -0.0076542684
   3.1149999895  -0.0078205980   0.0039118851  -0.0078251807
   3.1199999895  -0.0078420154   0.0038999535  -0.0078439386
   3.1249999895  -0.0077091125   0.0037972529  -0.0077082168
   3.1299999895  -0.0074258772   0.0036060384  -0.0074221800
   3.1349999895  -0.0070020450   0.0033326593  -0.0069957382
   3.1399999895  -0.0064520018   0.0029869657  -0.0064434306
   3.1449999894  -0.0057934761   0.0025814782  -0.0057831041
   3.1499999894  -0.0050462010   0.0021304227  -0.0050345666
   3.1549999894  -0.0042307158   0.0016487462  -0.0042183865
   3.1599999894  -0.0033674409   0.0011512239  -0.0033549724
   3.1649999894  -0.0024761028   0.0006517464  -0.0024640060
   3.1699999894  -0.0015755128   0.0001628432  -0.0015642321
   3.1749999893  -0.0006836373  -0.0003045451  -0.0006735396
   3.1799999893   0.0001821622  -0.0007410725   0.0001907896
   3.1849999893   0.0010048721  -0.0011388356   0.0010118193
   3.1899999893   0.0017677125  -0.0014911503   0.0017728423
   3.1949999893   0.0024542901  -0.0017923504   0.0024575365
   3.1999999893   0.0030490932  -0.0020376875   0.0030504633
   3.2049999892   0.0035383223  -0.0022233859   0.0035379030
   3.2099999892   0.0039109750  -0.0023468643   0.0039089408
   3.2149999892   0.0041600304  -0.0024070951   0.0041566509
   3.2199999892   0.0042835363  -0.0024050311   0.0042791779
   3.2249999892   0.0042853885  -0.0023440039   0.0042805059
   3.2299999892   0.0041756195  -0.0022299872   0.0041707348
   3.2349999891   0.0039700745  -0.0020716308   0.0039657434
   3.2399999891   0.0036894421  -0.0018799988   0.0036862087
   3.2449999891   0.0033577059  -0.0016679933   0.0033560514
   3.2499999891   0.0030001768  -0.0014494932   0.0030004679
   3.2549999891   0.0026413378  -0.0012382927   0.0026437846
   3.2599999891   0.0023027720  -0.0010469580   0.0023073999
   3.2649999890   0.0020014352  -0.0008857477   0.0020080792
   3.2699999890   0.0017484920  -0.0007617371   0.0017568142
   3.2749999890   0.0015488503  -0.0006782661   0.0015583794
   3.2799999890   0.0014014276  -0.0006347856   0.0014116166
   3.2849999890   0.0013000817  -0.0006271247   0.0013103731
   3.2899999890   0.0012350406  -0.0006481408   0.0012449315
   3.2949999889   0.0011946115  -0.0006886652   0.0012037062
   3.2999999889   0.0011669197  -0.0007386176   0.0011749621
   3.3049999889   0.0011414423  -0.0007881450   0.0011483232
   3.3099999889   0.0011101561  -0.0008286468   0.0011158943
   3.3149999889   0.0010681856  -0.0008535684   0.0010728878
   3.3199999889   0.0010139279  -0.0008588873   0.0010177344
   3.3249999888   0.0009487037  -0.0008432604   0.0009517325
   3.3299999888   0.0008760510  -0.0008078497   0.0008783504
   3.3349999888   0.0008008114  -0.0007558822   0.0008023319
   3.3399999888   0.0007281691  -0.0006920281   0.0007287600
   3.3449999888   0.0006627848  -0.0006216935   0.0006622172
   3.3499999888   0.0006081327  -0.0005503231   0.0006061447
   3.3549999887   0.0005661005  -0.0004827930   0.0005624555
   3.3599999887   0.0005368677  -0.0004229520   0.0005314141
   3.3649999887   0.0005190375  -0.0003733442   0.0005117572
   3.3699999887   0.0005099667  -0.0003351171   0.0005010013
   3.3749999887   0.0005062256  -0.0003081023   0.0004958734
   3.3799999886   0.0005041123  -0.0002910329   0.0004927949
   3.3849999886   0.0005001518  -0.0002818572   0.0004883545
   3.3899999886   0.0004915192  -0.0002780974   0.0004797157
   3.3949999886   0.0004763402  -0.0002772074   0.0004649146
   3.3999999886   0.0004538360  -0.0002768849   0.0004430176
   3.4049999886   0.0004242971  -0.0002753017   0.0004141202
   3.4099999885   0.0003888875  -0.0002712295   0.0003791871
   3.4149999885   0.0003493043  -0.0002640500   0.0003397492
   3.4199999885   0.0003073362  -0.0002536555   0.0002974976
   3.4249999885   0.0002643859  -0.0002402628   0.0002538312
   3.4299999885   0.0002210344  -0.0002241766   0.0002094321
   3.4349999885   0.0001767261  -0.0002055471   0.0001639451
   3.4399999884   0.0001296442  -0.0001841730   0.0001158316
   3.4449999884   0.0000768192  -0.0001593905   0.0000624424
   3.4499999884   0.0000144729  -0.0001300779   0.0000003195
   3.4549999884  -0.0000614410  -0.0000947832  -0.0000743093
   3.4599999884  -0.0001545841  -0.0000519570  -0.0001649166
   3.4649999884  -0.0002675785  -0.0000002510  -0.0002740514
   3.4699999883  -0.0004014722   0.0000611739  -0.0004028196
   3.4749999883  -0.0005554290   0.0001323921  -0.0005505730
   3.4799999883  -0.0007267071   0.0002125639  -0.0007148734
   3.4849999883  -0.0009109369   0.0002999281  -0.0008917418
   3.4899999883  -0.0011026437   0.0003919415  -0.0010761447
   3.4949999883  -0.0012959113   0.0004855426  -0.0012626175
   3.4999999882  -0.0014850500   0.0005774872  -0.0014458941
   3.5049999882  -0.0016651311   0.0006646908  -0.0016214080
   3.5099999882  -0.0018322835   0.0007445078  -0.0017855645
   3.5149999882  -0.0019837016   0.0008148961  -0.0019357347
   3.5199999882  -0.0021173854   0.0008744396  -0.0020699927
   3.5249999882  -0.0022316992   0.0009222371  -0.0021866820
   3.5299999881  -0.0023248832   0.0009576970  -0.0022839426
   3.5349999881  -0.0023946634   0.0009803014  -0.0023593434
   3.5399999881  -0.0024380868   0.0009894094  -0.0024097411
   3.5449999881  -0.0024516504   0.0009841615  -0.0024314323
   3.5499999881  -0.0024317204   0.0009635183  -0.0024205903
   3.5549999881  -0.0023751595   0.0009264336  -0.0023739026
   3.5599999880  -0.0022800250   0.0008721260  -0.0022892681
   3.5649999880  -0.0021461712   0.0008003844  -0.0021663886
   3.5699999880  -0.0019756077   0.0007118286  -0.0020071070
   3.5749999880  -0.0017725168   0.0006080586  -0.0018153990
   3.5799999880  -0.0015429099   0.0004916432  -0.0015970047
   3.5849999880  -0.0012939895   0.0003659414  -0.0013587723
   3.5899999879  -0.0010333496   0.0002347857  -0.0011078532
   3.5949999879  -0.0007681848   0.0001020918  -0.0008509246
   3.5999999879  -0.0005046739  -0.0000285269  -0.0005936063
   3.6049999879  -0.0002476545  -0.0001540597  -0.0003401858
   3.6099999879  -0.0000006317  -0.0002722588  -0.0000936909
   3.6149999879   0.0002339225  -0.0003816392   0.0001437459
   3.6199999878   0.0004540951  -0.0004813350   0.0003703559
   3.6249999878   0.0006580388  -0.0005708677   0.0005842043
   3.6299999878   0.0008436164  -0.0006498995   0.0007828242
   3.6349999878   0.0010082944  -0.0007180431   0.0009631314
   3.6399999878   0.0011493235  -0.0007747838   0.0011216549
   3.6449999878   0.0012641620  -0.0008195314   0.0012550306
   3.6499999877   0.0013510245  -0.0008517853   0.0013606281
   3.6549999877   0.0014093988  -0.0008713583   0.0014371413
   3.6599999877   0.0014403778  -0.0008785900   0.0014849758
   3.6649999877   0.0014466971  -0.0008744789   0.0015063170
   3.6699999877   0.0014324474  -0.0008606839   0.0015048454
   3.6749999877   0.0014025139  -0.0008393821   0.0014851571
   3.6799999876   0.0013618692  -0.0008130058   0.0014520238
   3.6849999876   0.0013148849  -0.0007839180   0.0014096736
   3.6899999876   0.0012648238  -0.0007541018   0.0013612615
   3.6949999876   0.0012136244  -0.0007249374   0.0013086542
   3.6999999876   0.0011620158  -0.0006971177   0.0012525630
   3.7049999876   0.0011099090  -0.0006707191   0.0011929719
   3.7099999875   0.0010569444  -0.0006454011   0.0011297228
   3.7149999875   0.0010030310  -0.0006206778   0.0010630866
   3.7199999875   0.0009487246  -0.0005961862   0.0009941498
   3.7249999875   0.0008953381  -0.0005718774   0.0009249057
   3.7299999875   0.0008447562  -0.0005480821   0.0008580202
   3.7349999875   0.0007990127  -0.0005254380   0.0007963388
   3.7399999874   0.0007597561  -0.0005047023   0.0007422726
   3.7449999874   0.0007277627  -0.0004865105   0.0006972389
   3.7499999874   0.0007026455  -0.0004711525   0.0006613200
   3.7549999874   0.0006828508  -0.0004584354   0.0006332403
   3.7599999874   0.0006659592  -0.0004476754   0.0006106787
   3.7649999874   0.0006492160  -0.0004378267   0.0005908376
   3.7699999873   0.0006301583  -0.0004277153   0.0005711190
   3.7749999873   0.0006071719  -0.0004163147   0.0005497285
   3.7799999873   0.0005798323  -0.0004029907   0.0005260460
   3.7849999873   0.0005489422  -0.0003876478   0.0005006687
   3.7899999873   0.0005162571  -0.0003707378   0.0004751204
   3.7949999873   0.0004839787  -0.0003531290   0.0004513131
   3.7999999872   0.0004541547  -0.0003358709   0.0004309165
   3.8049999872   0.0004281480  -0.0003199204   0.0004148129
   3.8099999872   0.0004063169  -0.0003059027   0.0004027898
   3.8149999872   0.0003879862  -0.0002939708   0.0003935567
   3.8199999872   0.0003717079  -0.0002837998   0.0003850759
   3.8249999872   0.0003557309  -0.0002747136   0.0003751142
   3.8299999871   0.0003385406  -0.0002659051   0.0003618569
   3.8349999871   0.0003193143  -0.0002566857   0.0003444098
   3.8399999871   0.0002981654  -0.0002466927   0.0003230489
   3.8449999871   0.0002761084  -0.0002359964   0.0002991471
   3.8499999871   0.0002547615  -0.0002250775   0.0002748007
   3.8549999871   0.0002358737  -0.0002146835   0.0002522623
   3.8599999870   0.0002208141  -0.0002056061   0.0002333383
   3.8649999870   0.0002101688  -0.0001984448   0.0002189209
   3.8699999870   0.0002035601  -0.0001934237   0.0002087820
   3.8749999870   0.0001997357  -0.0001903151   0.0002016833
   3.8799999870   0.0001969012  -0.0001884901   0.0001957649
   3.8849999870   0.0001931987  -0.0001870823   0.0001890995
   3.8899999869   0.0001871963  -0.0001852177   0.0001802515
   3.8949999869   0.0001782509  -0.0001822455   0.0001686821
   3.8999999869   0.0001666456  -0.0001779062   0.0001548883
   3.9049999869   0.0001534674  -0.0001723892   0.0001402388
   3.9099999869   0.0001402660  -0.0001662656   0.0001265587
   3.9149999869   0.0001285935  -0.0001603173   0.0001155844
   3.9199999868   0.0001195585  -0.0001553098   0.0001084457
   3.9249999868   0.0001135192  -0.0001517742   0.0001053232
   3.9299999868   0.0001099999  -0.0001498582   0.0001053774
   3.9349999868   0.0001078480  -0.0001492870   0.0001069669
   3.9399999868   0.0001055830  -0.0001494421   0.0001080922
   3.9449999868   0.0001018320  -0.0001495350   0.0001069382
   3.9499999867   0.0000957269  -0.0001488236   0.0001023612
   3.9549999867   0.0000871501  -0.0001468131   0.0000941867
   3.9599999867   0.0000767626  -0.0001433831   0.0000832353
   3.9649999867   0.0000658093  -0.0001388096   0.0000710764
   3.9699999867   0.0000557618  -0.0001336777   0.0000595817
   3.9749999867   0.0000479032  -0.0001287129   0.0000504068
   3.9799999866   0.0000429719  -0.0001245798   0.0000445474
   3.9849999866   0.0000409647  -0.0001217056   0.0000420902
   3.9899999866   0.0000411501  -0.0001201766   0.0000422239
   3.9949999866   0.0000422843  -0.0001197342   0.0000434991
   3.9999999866   0.0000429626  -0.0001198675   0.0000442579
   4.0049999866   0.0000420068  -0.0001199723   0.0000431088
   4.0099999865   0.0000387780  -0.0001195307   0.0000393114
   4.0149999865   0.0000333299  -0.0001182575   0.0000329658
   4.0199999865   0.0000263651  -0.0001161736   0.0000249603
   4.0249999865   0.0000190121  -0.0001135878   0.0000166957
   4.0299999865   0.0000124916  -0.0001109947   0.0000096725
   4.0349999864   0.0000077672  -0.0001089202   0.0000050585
   4.0399999864   0.0000052803  -0.0001077607   0.0000033586
   4.0449999864   0.0000048392  -0.0001076625   0.0000042775
   4.0499999864   0.0000056885  -0.0001084748   0.0000068076
   4.0549999864   0.0000067341  -0.0001097884   0.0000095132
   4.0599999864   0.0000068558  -0.0001110489   0.0000109266
   4.0649999863   0.0000052187  -0.0001117096   0.0000099448
   4.0699999863   0.0000014963  -0.0001113821   0.0000061172
   4.0749999863  -0.0000040525  -0.0001099419  -0.0000002496
   4.0799999863  -0.0000106686  -0.0001075610  -0.0000081945
   4.0849999863  -0.0000173120  -0.0001046607  -0.0000163757
   4.0899999863  -0.0000229486  -0.0001017976  -0.0000234373
   4.0949999862  -0.0000268265  -0.0000995173  -0.0000283640
   4.0999999862  -0.0000286648  -0.0000982148  -0.0000307316
   4.1049999862  -0.0000287086  -0.0000980392  -0.0000307877
   4.1099999862  -0.0000276400  -0.0000988666  -0.0000293493
   4.1149999862  -0.0000263770  -0.0001003457  -0.0000275526
   4.1199999862  -0.0000258162  -0.0001020010  -0.0000265288
   4.1249999861  -0.0000265945  -0.0001033639  -0.0000270965
   4.1299999861  -0.0000289301  -0.0001040948  -0.0000295526
   4.1349999861  -0.0000325834  -0.0001040646  -0.0000336148
   4.1399999861  -0.0000369419  -0.0001033755  -0.0000385229
   4.1449999861  -0.0000412011  -0.0001023187  -0.0000432670
   4.1499999861  -0.0000445888  -0.0001012817  -0.0000468733
   4.1549999860  -0.0000465701  -0.0001006355  -0.0000486717
   4.1599999860  -0.0000469818  -0.0001006288  -0.0000484709
   4.1649999860  -0.0000460609  -0.0001013209  -0.0000466004
   4.1699999860  -0.0000443677  -0.0001025678  -0.0000438119
   4.1749999860  -0.0000426261  -0.0001040631  -0.0000410720
   4.1799999860  -0.0000415280  -0.0001054224  -0.0000393041
   4.1849999859  -0.0000415548  -0.0001062856  -0.0000391502
   4.1899999859  -0.0000428614  -0.0001064105  -0.0000408135
   4.1949999859  -0.0000452503  -0.0001057343  -0.0000440200
   4.1999999859  -0.0000482388  -0.0001043864  -0.0000481047
   4.2049999859  -0.0000511974  -0.0001026524  -0.0000521965
   4.2099999859  -0.0000535215  -0.0001008998  -0.0000554488
   4.2149999858  -0.0000547894  -0.0000994852  -0.0000572566
   4.2199999858  -0.0000548673  -0.0000986687  -0.0000574036
   4.2249999858  -0.0000539355  -0.0000985549  -0.0000561041
   4.2299999858  -0.0000524322  -0.0000990770  -0.0000539333
   4.2349999858  -0.0000509323  -0.0001000242  -0.0000516654
   4.2399999858  -0.0000499937  -0.0001011050  -0.0000500674
   4.2449999857  -0.0000500124  -0.0001020285  -0.0000496990
   4.2499999857  -0.0000511226  -0.0001025821  -0.0000507734
   4.2549999857  -0.0000531677  -0.0001026863  -0.0000531104
   4.2599999857  -0.0000557456  -0.0001024115  -0.0000561938
   4.2649999857  -0.0000583182  -0.0001019555  -0.0000593147
   4.2699999857  -0.0000603529  -0.0001015867  -0.0000617620
   4.2749999856  -0.0000614614  -0.0001015699  -0.0000630109
   4.2799999856  -0.0000614983  -0.0001020925  -0.0000628600
   4.2849999856  -0.0000605965  -0.0001032134  -0.0000614813
   4.2899999856  -0.0000591286  -0.0001048449  -0.0000593729
   4.2949999856  -0.0000576072  -0.0001067744  -0.0000572258
   4.2999999856  -0.0000565484  -0.0001087192  -0.0000557405
   4.3049999855  -0.0000563352  -0.0001104000  -0.0000554414
   4.3099999855  -0.0000571158  -0.0001116143  -0.0000565377
   4.3149999855  -0.0000587634  -0.0001122899  -0.0000588652
   4.3199999855  -0.0000609082  -0.0001125049  -0.0000619264
   4.3249999855  -0.0000630327  -0.0001124682  -0.0000650168
   4.3299999855  -0.0000646064  -0.0001124660  -0.0000674049
   4.3349999854  -0.0000652238  -0.0001127872  -0.0000685195
   4.3399999854  -0.0000647098  -0.0001136485  -0.0000680960
   4.3449999854  -0.0000631655  -0.0001151370  -0.0000662418
   4.3499999854  -0.0000609404  -0.0001171870  -0.0000634061
   4.3549999854  -0.0000585402  -0.0001195962  -0.0000602612
   4.3599999854  -0.0000564929  -0.0001220768  -0.0000575257
   4.3649999853  -0.0000552099  -0.0001243294  -0.0000557778
   4.3699999853  -0.0000548775  -0.0001261191  -0.0000553066
   4.3749999853  -0.0000554100  -0.0001273344  -0.0000560400
   4.3799999853  -0.0000564737  -0.0001280138  -0.0000575689
   4.3849999853  -0.0000575784  -0.0001283329  -0.0000592598
   4.3899999853  -0.0000582096  -0.0001285561  -0.0000604253
   4.3949999852  -0.0000579666  -0.0001289661  -0.0000605078
   4.3999999852  -0.0000566691  -0.0001297891  -0.0000592259
   4.4049999852  -0.0000544040  -0.0001311369  -0.0000566466
   4.4099999852  -0.0000514996  -0.0001329792  -0.0000531640
   4.4149999852  -0.0000484359  -0.0001351550  -0.0000493910
   4.4199999852  -0.0000457148  -0.0001374174  -0.0000459946
   4.4249999851  -0.0000437261  -0.0001395014  -0.0000435197
   4.4299999851  -0.0000426461  -0.0001411949  -0.0000422480
   4.4349999851  -0.0000423959  -0.0001423949  -0.0000421304
   4.4399999851  -0.0000426693  -0.0001431334  -0.0000428085
   4.4449999851  -0.0000430223  -0.0001435678  -0.0000437195
   4.4499999851  -0.0000429980  -0.0001439370  -0.0000442534
   4.4549999850  -0.0000422526  -0.0001444975  -0.0000439199
   4.4599999850  -0.0000406483  -0.0001454556  -0.0000424798
   4.4649999850  -0.0000382873  -0.0001469129  -0.0000400061
   4.4699999850  -0.0000354798  -0.0001488421  -0.0000368603
   4.4749999850  -0.0000326565  -0.0001510957  -0.0000335915
   4.4799999850  -0.0000302498  -0.0001534474  -0.0000307878
   4.4849999849  -0.0000285787  -0.0001556527  -0.0000289204
   4.4899999849  -0.0000277673  -0.0001575142  -0.0000282235
   4.4949999849  -0.0000277203  -0.0001589322  -0.0000286400
   4.4999999849  -0.0000281587  -0.0001599287  -0.0000298458
   4.5049999849  -0.0000287063  -0.0001606380  -0.0000313462
   4.5099999849  -0.0000290010  -0.0001612680  -0.0000326131
   4.5149999848  -0.0000287999  -0.0001620420  -0.0000332291
   4.5199999848  -0.0000280506  -0.0001631367  -0.0000329969
   4.5249999848  -0.0000269083  -0.0001646350  -0.0000319892
   4.5299999848  -0.0000256973  -0.0001665032  -0.0000305241
   4.5349999848  -0.0000248271  -0.0001686015  -0.0000290779
   4.5399999848  -0.0000246874  -0.0001707216  -0.0000281575
   4.5449999847  -0.0000255482  -0.0001726443  -0.0000281684
   4.5499999847  -0.0000274938  -0.0001741980  -0.0000293111
   4.5549999847  -0.0000304039  -0.0001753053  -0.0000315333
   4.5599999847  -0.0000339863  -0.0001760035  -0.0000345464
   4.5649999847  -0.0000378506  -0.0001764348  -0.0000379023
   4.5699999847  -0.0000416021  -0.0001768086  -0.0000411062
   4.5749999846  -0.0000449307  -0.0001773462  -0.0000437379
   4.5799999846  -0.0000476724  -0.0001782241  -0.0000455479
   4.5849999846  -0.0000498287  -0.0001795289  -0.0000465074
   4.5899999846  -0.0000515401  -0.0001812371  -0.0000467978
   4.5949999846  -0.0000530233  -0.0001832238  -0.0000467466
   4.5999999846  -0.0000544899  -0.0001852987  -0.0000467275
   4.6049999845  -0.0000560676  -0.0001872570  -0.0000470492
   4.6099999845  -0.0000577468  -0.0001889338  -0.0000478647
   4.6149999845  -0.0000593648  -0.0001902463  -0.0000491222
   4.6199999845  -0.0000606322  -0.0001912134  -0.0000505695
   4.6249999845  -0.0000611947  -0.0001919478  -0.0000518121
   4.6299999845  -0.0000607138  -0.0001926242  -0.0000524077
   4.6349999844  -0.0000589476  -0.0001934317  -0.0000519744
   4.6399999844  -0.0000558096  -0.0001945232  -0.0000502852
   4.6449999844  -0.0000513941  -0.0001959759  -0.0000473245
   4.6499999844  -0.0000459601  -0.0001977720  -0.0000432958
   4.6549999844  -0.0000398809  -0.0001998046  -0.0000385757
   4.6599999844  -0.0000335718  -0.0002019064  -0.0000336310
   4.6649999843  -0.0000274139  -0.0002038939  -0.0000289164
   4.6699999843  -0.0000216936  -0.0002056152  -0.0000247814
   4.6749999843  -0.0000165718  -0.0002069890  -0.0000214084
   4.6799999843  -0.0000120881  -0.0002080253  -0.0000187959
   4.6849999843  -0.0000081972  -0.0002088228  -0.0000167907
   4.6899999843  -0.0000048266  -0.0002095440  -0.0000151588
   4.6949999842  -0.0000019380  -0.0002103741  -0.0000136752
   4.6999999842   0.0000004250  -0.0002114757  -0.0000122083
   4.7049999842   0.0000021155  -0.0002129492  -0.0000107763
   4.7099999842   0.0000028963  -0.0002148103  -0.0000095610
   4.7149999842   0.0000024837  -0.0002169896  -0.0000088737
   4.7199999841   0.0000006118  -0.0002193537  -0.0000090825
   4.7249999841  -0.0000028978  -0.0002217434  -0.0000105189
   4.7299999841  -0.0000080790  -0.0002240171  -0.0000133874
   4.7349999841  -0.0000147914  -0.0002260896  -0.0000177016
   4.7399999841  -0.0000227248  -0.0002279544  -0.0000232620
   4.7449999841  -0.0000314379  -0.0002296855  -0.0000296833
   4.7499999840  -0.0000404221  -0.0002314162  -0.0000364628
   4.7549999840  -0.0000491768  -0.0002333030  -0.0000430751
   4.7599999840  -0.0000572765  -0.0002354821  -0.0000490679
   4.7649999840  -0.0000644177  -0.0002380316  -0.0000541374
   4.7699999840  -0.0000704335  -0.0002409488  -0.0000581641
   4.7749999840  -0.0000752772  -0.0002441482  -0.0000612024
   4.7799999839  -0.0000789798  -0.0002474807  -0.0000634281
   4.7849999839  -0.0000815961  -0.0002507683  -0.0000650598
   4.7899999839  -0.0000831548  -0.0002538461  -0.0000662756
   4.7949999839  -0.0000836285  -0.0002565983  -0.0000671485
   4.7999999839  -0.0000829314  -0.0002589827  -0.0000676183
   4.8049999839  -0.0000809456  -0.0002610352  -0.0000675074
   4.8099999838  -0.0000775706  -0.0002628551  -0.0000665759
   4.8149999838  -0.0000727802  -0.0002645766  -0.0000646014
   4.8199999838  -0.0000666720  -0.0002663327  -0.0000614614
   4.8249999838  -0.0000594936  -0.0002682223  -0.0000571949
   4.8299999838  -0.0000516379  -0.0002702881  -0.0000520280
   4.8349999838  -0.0000436061  -0.0002725096  -0.0000463534
   4.8399999837  -0.0000359454  -0.0002748134  -0.0000406707
   4.8449999837  -0.0000291766  -0.0002770976  -0.0000354999
   4.8499999837  -0.0000237264  -0.0002792624  -0.0000312912
   4.8549999837  -0.0000198804  -0.0002812412  -0.0000283516
   4.8599999837  -0.0000177647  -0.0002830237  -0.0000268058
   4.8649999837  -0.0000173587  -0.0002846644  -0.0000265990
   4.8699999836  -0.0000185327  -0.0002862759  -0.0000275382
   4.8749999836  -0.0000210979  -0.0002880073  -0.0000293601
   4.8799999836  -0.0000248565  -0.0002900132  -0.0000318063
   4.8849999836  -0.0000296369  -0.0002924206  -0.0000346867
   4.8899999836  -0.0000353087  -0.0002953016  -0.0000379149
   4.8949999836  -0.0000417743  -0.0002986586  -0.0000415090
   4.8999999835  -0.0000489423  -0.0003024263  -0.0000455587
   4.9049999835  -0.0000566931  -0.0003064894  -0.0000501691
   4.9099999835  -0.0000648480  -0.0003107121  -0.0000553994
   4.9149999835  -0.0000731525  -0.0003149715  -0.0000612102
   4.9199999835  -0.0000812808  -0.0003191867  -0.0000674385
   4.9249999835  -0.0000888621  -0.0003233351  -0.0000738045
   4.9299999834  -0.0000955254  -0.0003274527  -0.0000799514
   4.9349999834  -0.0001009518  -0.0003316172  -0.0000855085
   4.9399999834  -0.0001049242  -0.0003359199  -0.0000901625
   4.9449999834  -0.0001073624  -0.0003404331  -0.0000937196
   4.9499999834  -0.0001083364  -0.0003451827  -0.0000961444
   4.9549999834  -0.0001080535  -0.0003501330  -0.0000975644
   4.9599999833  -0.0001068240  -0.0003551892  -0.0000982411
   4.9649999833  -0.0001050114  -0.0003602152  -0.0000985138
   4.9699999833  -0.0001029794  -0.0003650643  -0.0000987296
   4.9749999833  -0.0001010449  -0.0003696124  -0.0000991770
   4.9799999833  -0.0000994489  -0.0003737881  -0.0001000383
   4.9849999833  -0.0000983463  -0.0003775887  -0.0001013706
   4.9899999832  -0.0000978168  -0.0003810823  -0.0001031179
   4.9949999832  -0.0000978895  -0.0003843915  -0.0001051510
   4.9999999832  -0.0000985730  -0.0003876673  -0.0001073203
   5.0049999832  -0.0000998813  -0.0003910562  -0.0001095102
   5.0099999832  -0.0001018483  -0.0003946719  -0.0001116774
   5.0149999832  -0.0001045260  -0.0003985759  -0.0001138662
   5.0199999831  -0.0001079683  -0.0004027729  -0.0001161955
   5.0249999831  -0.0001122038  -0.0004072211  -0.0001188221
   5.0299999831  -0.0001172080  -0.0004118544  -0.0001218914
   5.0349999831  -0.0001228810  -0.0004166103  -0.0001254872
   5.0399999831  -0.0001290393  -0.0004214553  -0.0001295960
   5.0449999831  -0.0001354259  -0.0004264022  -0.0001340935
   5.0499999830  -0.0001417363  -0.0004315134  -0.0001387604
   5.0549999830  -0.0001476584  -0.0004368889  -0.0001433213
   5.0599999830  -0.0001529169  -0.0004426435  -0.0001475003
   5.0649999830  -0.0001573134  -0.0004488772  -0.0001510804
   5.0699999830  -0.0001607547  -0.0004556481  -0.0001539513
   5.0749999830  -0.0001632640  -0.0004629546  -0.0001561361
   5.0799999829  -0.0001649713  -0.0004707314  -0.0001577898
   5.0849999829  -0.0001660878  -0.0004788608  -0.0001591693
   5.0899999829  -0.0001668686  -0.0004871964  -0.0001605836
   5.0949999829  -0.0001675729  -0.0004955922  -0.0001623344
   5.0999999829  -0.0001684295  -0.0005039297  -0.0001646612
   5.1049999829  -0.0001696156  -0.0005121361  -0.0001677050
   5.1099999828  -0.0001712504  -0.0005201895  -0.0001714967
   5.1149999828  -0.0001734050  -0.0005281099  -0.0001759737
   5.1199999828  -0.0001761217  -0.0005359406  -0.0001810170
   5.1249999828  -0.0001794374  -0.0005437247  -0.0001865007
   5.1299999828  -0.0001834015  -0.0005514851  -0.0001923373
   5.1349999828  -0.0001880826  -0.0005592116  -0.0001985081
   5.1399999827  -0.0001935611  -0.0005668605  -0.0002050686
   5.1449999827  -0.0001999086  -0.0005743646  -0.0002121289
   5.1499999827  -0.0002071600  -0.0005816513  -0.0002198124
   5.1549999827  -0.0002152856  -0.0005886633  -0.0002282054
   5.1599999827  -0.0002241722  -0.0005953775  -0.0002373113
   5.1649999827  -0.0002336194  -0.0006018162  -0.0002470210
   5.1699999826  -0.0002433538  -0.0006080502  -0.0002571104
   5.1749999826  -0.0002530599  -0.0006141916  -0.0002672642
   5.1799999826  -0.0002624198  -0.0006203804  -0.0002771225
   5.1849999826  -0.0002711557  -0.0006267673  -0.0002863391
   5.1899999826  -0.0002790630  -0.0006334962  -0.0002946357
   5.1949999826  -0.0002860293  -0.0006406906  -0.0003018413
   5.1999999825  -0.0002920343  -0.0006484461  -0.0003079060
   5.2049999825  -0.0002971312  -0.0006568294  -0.0003128871
   5.2099999825  -0.0003014166  -0.0006658840  -0.0003169122
   5.2149999825  -0.0003049938  -0.0006756400  -0.0003201280
   5.2199999825  -0.0003079415  -0.0006861252  -0.0003226491
   5.2249999825  -0.0003102911  -0.0006973744  -0.0003245191
   5.2299999824  -0.0003120205  -0.0007094339  -0.0003256931
   5.2349999824  -0.0003130614  -0.0007223589  -0.0003260463
   5.2399999824  -0.0003133185  -0.0007362043  -0.0003254044
   5.2449999824  -0.0003126937  -0.0007510083  -0.0003235886
   5.2499999824  -0.0003111087  -0.0007667739  -0.0003204636
   5.2549999824  -0.0003085200  -0.0007834494  -0.0003159752
   5.2599999823  -0.0003049233  -0.0008009132  -0.0003101697
   5.2649999823  -0.0003003458  -0.0008189655  -0.0003031899
   5.2699999823  -0.0002948319  -0.0008373281  -0.0002952497
   5.2749999823  -0.0002884246  -0.0008556510  -0.0002865942
   5.2799999823  -0.0002811514  -0.0008735261  -0.0002774565
   5.2849999823  -0.0002730177  -0.0008905027  -0.0002680221
   5.2899999822  -0.0002640120  -0.0009061029  -0.0002584104
   5.2949999822  -0.0002541233  -0.0009198332  -0.0002486781
   5.2999999822  -0.0002433652  -0.0009311916  -0.0002388429
   5.3049999822  -0.0002318050  -0.0009396702  -0.0002289223
   5.3099999822  -0.0002195877  -0.0009447545  -0.0002189758
   5.3149999822  -0.0002069518  -0.0009459224  -0.0002091403
   5.3199999821  -0.0001942308  -0.0009426458  -0.0001996479
   5.3249999821  -0.0001818407  -0.0009343972  -0.0001908216
   5.3299999821  -0.0001702540  -0.0009206629  -0.0001830485
   5.3349999821  -0.0001599655  -0.0009009631  -0.0001767353
   5.3399999821  -0.0001514557  -0.0008748761  -0.0001722571
   5.3449999821  -0.0001451582  -0.0008420652  -0.0001699101
   5.3499999820  -0.0001414353  -0.0008023030  -0.0001698787
   5.3549999820  -0.0001405660  -0.0007554902  -0.0001722251
   5.3599999820  -0.0001427442  -0.0007016660  -0.0001769001
   5.3649999820  -0.0001480860  -0.0006410078  -0.0001837745
   5.3699999820  -0.0001566403  -0.0005738219  -0.0001926792
   5.3749999820  -0.0001683982  -0.0005005257  -0.0002034455
   5.3799999819  -0.0001832977  -0.0004216268  -0.0002159350
   5.3849999819  -0.0002012210  -0.0003377012  -0.0002300514
   5.3899999819  -0.0002219865  -0.0002493743  -0.0002457331
   5.3949999819  -0.0002453375  -0.0001573071  -0.0002629299
   5.3999999819  -0.0002709340  -0.0000621872  -0.0002815715
   5.4049999818  -0.0002983515   0.0000352771  -0.0003015375
   5.4099999818  -0.0003270899   0.0001343629  -0.0003226382
   5.4149999818  -0.0003565948   0.0002343418  -0.0003446127
   5.4199999818  -0.0003862884   0.0003344949  -0.0003671456
   5.4249999818  -0.0004156057   0.0004341349  -0.0003898989
   5.4299999818  -0.0004440308   0.0005326328  -0.0004125516
   5.4349999817  -0.0004711267   0.0006294474  -0.0004348371
   5.4399999817  -0.0004965548   0.0007241527  -0.0004565696
   5.4449999817  -0.0005200810   0.0008164579  -0.0004776531
   5.4499999817  -0.0005415704   0.0009062172  -0.0004980708
   5.4549999817  -0.0005609713   0.0009934275  -0.0005178573
   5.4599999817  -0.0005782947   0.0010782146  -0.0005370603
   5.4649999816  -0.0005935926   0.0011608105  -0.0005557009
   5.4699999816  -0.0006069400   0.0012415264  -0.0005737402
   5.4749999816  -0.0006184218   0.0013207254  -0.0005910612
   5.4799999816  -0.0006281267   0.0013987994  -0.0006074669
   5.4849999816  -0.0006361444   0.0014761517  -0.0006226964
   5.4899999816  -0.0006425665   0.0015531859  -0.0006364530
   5.4949999815  -0.0006474862   0.0016303000  -0.0006484374
   5.4999999815  -0.0006509949   0.0017078823  -0.0006583794
   5.5049999815  -0.0006531745   0.0017863065  -0.0006660586
   5.5099999815  -0.0006540853   0.0018659237  -0.0006713126
   5.5149999815  -0.0006537510   0.0019470495  -0.0006740299
   5.5199999815  -0.0006521429   0.0020299478  -0.0006741308
   5.5249999814  -0.0006491671   0.0021148121  -0.0006715427
   5.5299999814  -0.0006446571   0.0022017486  -0.0006661763
   5.5349999814  -0.0006383751   0.0022907631  -0.0006579089
   5.5399999814  -0.0006300208   0.0023817558  -0.0006465812
   5.5449999814  -0.0006192490   0.0024745241  -0.0006320069
   5.5499999814  -0.0006056921   0.0025687739  -0.0006139942
   5.5549999813  -0.0005889848   0.0026641384  -0.0005923733
   5.5599999813  -0.0005687868   0.0027601985  -0.0005670231
   5.5649999813  -0.0005448010   0.0028565044  -0.0005378891
   5.5699999813  -0.0005167840   0.0029525923  -0.0005049891
   5.5749999813  -0.0004845491   0.0030479945  -0.0004684026
   5.5799999813  -0.0004479632   0.0031422425  -0.0004282474
   5.5849999812  -0.0004069388   0.0032348632  -0.0003846470
   5.5899999812  -0.0003614248   0.0033253708  -0.0003376978
   5.5949999812  -0.0003113996   0.0034132571  -0.0002874418
   5.5999999812  -0.0002568661   0.0034979844  -0.0002338524
   5.6049999812  -0.0001978528   0.0035789822  -0.0001768364
   5.6099999812  -0.0001344169   0.0036556489  -0.0001162510
   5.6149999811  -0.0000666508   0.0037273594  -0.0000519337
   5.6199999811   0.0000053127   0.0037934741   0.0000162627
   5.6249999811   0.0000812971   0.0038533498   0.0000884366
   5.6299999811   0.0001610832   0.0039063472   0.0001646124
   5.6349999811   0.0002444149   0.0039518349   0.0002447284
   5.6399999811   0.0003310081   0.0039891893   0.0003286378
   5.6449999810   0.0004205629   0.0040177905   0.0004161222
   5.6499999810   0.0005127740   0.0040370169   0.0005069120
   5.6549999810   0.0006073394   0.0040462417   0.0006007069
   5.6599999810   0.0007039635   0.0040448323   0.0006971920
   5.6649999810   0.0008023547   0.0040321564   0.0007960430
   5.6699999810   0.0009022173   0.0040075937   0.0008969205
   5.6749999809   0.0010032404   0.0039705531   0.0009994559
   5.6799999809   0.0011050850   0.0039204923   0.0011032308
   5.6849999809   0.0012073733   0.0038569390   0.0012077594
   5.6899999809   0.0013096822   0.0037795082   0.0013124776
   5.6949999809   0.0014115422   0.0036879155   0.0014167453
   5.6999999809   0.0015124431   0.0035819849   0.0015198623
   5.7049999808   0.0016118434   0.0034616502   0.0016210963
   5.7099999808   0.0017091825   0.0033269525   0.0017197182
   5.7149999808   0.0018038931   0.0031780362   0.0018150383
   5.7199999808   0.0018954113   0.0030151437   0.0019064352
   5.7249999808   0.0019831822   0.0028386126   0.0019933721
   5.7299999808   0.0020666625   0.0026488756   0.0020753988
   5.7349999807   0.0021453201   0.0024464620   0.0021521386
   5.7399999807   0.0022186327   0.0022320019   0.0022232648
   5.7449999807   0.0022860880   0.0020062283   0.0022884739
   5.7499999807   0.0023471874   0.0017699777   0.0023474614
   5.7549999807   0.0024014534   0.0015241868   0.0023999067
   5.7599999807   0.0024484414   0.0012698845   0.0024454708
   5.7649999806   0.0024877537   0.0010081795   0.0024838061
   5.7699999806   0.0025190535   0.0007402453   0.0025145766
   5.7749999806   0.0025420774   0.0004673037   0.0025374825
   5.7799999806   0.0025566428   0.0001906090   0.0025522835
   5.7849999806   0.0025626493  -0.0000885650   0.0025588151
   5.7899999806   0.0025600752  -0.0003689357   0.0025569945
   5.7949999805   0.0025489682  -0.0006492176   0.0025468157
   5.7999999805   0.0025294334  -0.0009281272   0.0025283347
   5.8049999805   0.0025016206  -0.0012043855   0.0025016517
   5.8099999805   0.0024657137  -0.0014767217   0.0024668922
   5.8149999805   0.0024219231  -0.0017438782   0.0024241956
   5.8199999805   0.0023704835  -0.0020046183   0.0023737123
   5.8249999804   0.0023116550  -0.0022577378   0.0023156120
   5.8299999804   0.0022457284  -0.0025020777   0.0022501000
   5.8349999804   0.0021730313  -0.0027365395   0.0021774389
   5.8399999804   0.0020939339  -0.0029601000   0.0020979686
   5.8449999804   0.0020088512  -0.0031718241   0.0020121200
   5.8499999804   0.0019182430  -0.0033708751   0.0019204178
   5.8549999803   0.0018226076  -0.0035565214   0.0018234700
   5.8599999803   0.0017224738  -0.0037281394   0.0017219461
   5.8649999803   0.0016183902  -0.0038852130   0.0016165468
   5.8699999803   0.0015109145  -0.0040273312   0.0015079707
   5.8749999803   0.0014006045  -0.0041541848   0.0013968848
   5.8799999803   0.0012880131  -0.0042655625   0.0012839042
   5.8849999802   0.0011736856  -0.0043613491   0.0011695828
   5.8899999802   0.0010581601  -0.0044415235   0.0010544166
   5.8949999802   0.0009419701  -0.0045061586   0.0009388574
   5.8999999802   0.0008256447  -0.0045554207   0.0008233311
   5.9049999802   0.0007097091  -0.0045895683   0.0007082555
   5.9099999802   0.0005946801  -0.0046089494   0.0005940543
   5.9149999801   0.0004810590  -0.0046139955   0.0004811606
   5.9199999801   0.0003693228  -0.0046052142   0.0003700121
   5.9249999801   0.0002599130  -0.0045831782   0.0002610378
   5.9299999801   0.0001532271  -0.0045485141   0.0001546404
   5.9349999801   0.0000496113  -0.0045018898   0.0000511788
   5.9399999801  -0.0000506420  -0.0044440030  -0.0000490438
   5.9449999800  -0.0001472931  -0.0043755723  -0.0001457854
   5.9499999800  -0.0002401497  -0.0042973292  -0.0002388599
   5.9549999800  -0.0003290599  -0.0042100144  -0.0003281245
   5.9599999800  -0.0004139033  -0.0041143742  -0.0004134633
   5.9649999800  -0.0004945833  -0.0040111598  -0.0004947686
   5.9699999800  -0.0005710206  -0.0039011253  -0.0005719278
   5.9749999799  -0.0006431503  -0.0037850258  -0.0006448174
   5.9799999799  -0.0007109202  -0.0036636128  -0.0007133057
   5.9849999799  -0.0007742934  -0.0035376292  -0.0007772654
   5.9899999799  -0.0008332502  -0.0034078018  -0.0008365913
   5.9949999799  -0.0008877923  -0.0032748337  -0.0008912199
