   0.0000000000   0.0000000000   0.0000000000   0.0000000000
   0.0050000000   0.0000000000   0.0000000000   0.0000000000
   0.0100000000   0.0000000000   0.0000000000   0.0000000000
   0.0149999999   0.0000000000   0.0000000000   0.0000000000
   0.0199999999   0.0000000000   0.0000000000   0.0000000000
   0.0249999999   0.0000000000   0.0000000000   0.0000000000
   0.0299999999   0.0000000000   0.0000000000   0.0000000000
   0.0349999999   0.0000000000   0.0000000000   0.0000000000
   0.0399999999   0.0000000000   0.0000000000   0.0000000000
   0.0449999998   0.0000000000   0.0000000000   0.0000000000
   0.0499999998   0.0000000000   0.0000000000   0.0000000000
   0.0549999998   0.0000000000   0.0000000000   0.0000000000
   0.0599999998   0.0000000000   0.0000000000   0.0000000000
   0.0649999998   0.0000000000   0.0000000000   0.0000000000
   0.0699999998   0.0000000000   0.0000000000   0.0000000000
   0.0749999997   0.0000000000  -0.0000000000   0.0000000000
   0.0799999997  -0.0000000000   0.0000000000  -0.0000000000
   0.0849999997   0.0000000000  -0.0000000000   0.0000000000
   0.0899999997  -0.0000000000   0.0000000000  -0.0000000000
   0.0949999997  -0.0000000000   0.0000000000  -0.0000000000
   0.0999999997  -0.0000000000   0.0000000000  -0.0000000000
   0.1049999996  -0.0000000000   0.0000000000  -0.0000000000
   0.1099999996  -0.0000000000   0.0000000000  -0.0000000000
   0.1149999996   0.0000000000   0.0000000000   0.0000000000
   0.1199999996   0.0000000000  -0.0000000000   0.0000000000
   0.1249999996   0.0000000000  -0.0000000000   0.0000000000
   0.1299999996   0.0000000000  -0.0000000000   0.0000000000
   0.1349999995   0.0000000000  -0.0000000000   0.0000000000
   0.1399999995   0.0000000000  -0.0000000000   0.0000000000
   0.1449999995   0.0000000000  -0.0000000000   0.0000000000
   0.1499999995   0.0000000000  -0.0000000000   0.0000000000
   0.1549999995   0.0000000000  -0.0000000000   0.0000000000
   0.1599999995   0.0000000000  -0.0000000000   0.0000000000
   0.1649999994   0.0000000000  -0.0000000000   0.0000000000
   0.1699999994   0.0000000000  -0.0000000000   0.0000000000
   0.1749999994   0.0000000000  -0.0000000000   0.0000000000
   0.1799999994   0.0000000000  -0.0000000000   0.0000000000
   0.1849999994   0.0000000000  -0.0000000000   0.0000000000
   0.1899999994  -0.0000000000   0.0000000000  -0.0000000000
   0.1949999993  -0.0000000000   0.0000000000  -0.0000000000
   0.1999999993  -0.0000000000   0.0000000000  -0.0000000000
   0.2049999993  -0.0000000000   0.0000000000  -0.0000000000
   0.2099999993  -0.0000000000   0.0000000000  -0.0000000000
   0.2149999993  -0.0000000000   0.0000000000  -0.0000000000
   0.2199999993   0.0000000000   0.0000000000  -0.0000000000
   0.2249999992   0.0000000000  -0.0000000000   0.0000000000
   0.2299999992   0.0000000000  -0.0000000000   0.0000000000
   0.2349999992   0.0000000000  -0.0000000000   0.0000000000
   0.2399999992   0.0000000000  -0.0000000000   0.0000000000
   0.2449999992   0.0000000000  -0.0000000000   0.0000000000
   0.2499999992   0.0000000000  -0.0000000000   0.0000000000
   0.2549999991   0.0000000000  -0.0000000000   0.0000000000
   0.2599999991   0.0000000000  -0.0000000000   0.0000000000
   0.2649999991   0.0000000000  -0.0000000000   0.0000000000
   0.2699999991   0.0000000000  -0.0000000000   0.0000000000
   0.2749999991   0.0000000000  -0.0000000000   0.0000000000
   0.2799999991   0.0000000000  -0.0000000000   0.0000000000
   0.2849999990   0.0000000000  -0.0000000000   0.0000000000
   0.2899999990   0.0000000000  -0.0000000000   0.0000000000
   0.2949999990   0.0000000000  -0.0000000000   0.0000000000
   0.2999999990   0.0000000000  -0.0000000000   0.0000000000
   0.3049999990   0.0000000000  -0.0000000000   0.0000000000
   0.3099999990   0.0000000000  -0.0000000000   0.0000000000
   0.3149999989   0.0000000000  -0.0000000000   0.0000000000
   0.3199999989   0.0000000000  -0.0000000000   0.0000000000
   0.3249999989   0.0000000000  -0.0000000000   0.0000000000
   0.3299999989   0.0000000000  -0.0000000000   0.0000000000
   0.3349999989   0.0000000000  -0.0000000000   0.0000000000
   0.3399999989   0.0000000000  -0.0000000000   0.0000000000
   0.3449999988   0.0000000000  -0.0000000000   0.0000000000
   0.3499999988   0.0000000000  -0.0000000000   0.0000000000
   0.3549999988   0.0000000000   0.0000000000   0.0000000000
   0.3599999988  -0.0000000000   0.0000000000  -0.0000000000
   0.3649999988  -0.0000000000   0.0000000000  -0.0000000000
   0.3699999988  -0.0000000000   0.0000000000  -0.0000000000
   0.3749999987  -0.0000000000   0.0000000000  -0.0000000000
   0.3799999987  -0.0000000000   0.0000000000  -0.0000000000
   0.3849999987  -0.0000000000   0.0000000000  -0.0000000000
   0.3899999987  -0.0000000000   0.0000000000  -0.0000000000
   0.3949999987  -0.0000000000   0.0000000000  -0.0000000000
   0.3999999987  -0.0000000000   0.0000000000  -0.0000000000
   0.4049999986  -0.0000000000   0.0000000000  -0.0000000000
   0.4099999986  -0.0000000000   0.0000000000  -0.0000000000
   0.4149999986  -0.0000000000   0.0000000000  -0.0000000000
   0.4199999986  -0.0000000000   0.0000000000  -0.0000000000
   0.4249999986  -0.0000000000   0.0000000000  -0.0000000000
   0.4299999986  -0.0000000000   0.0000000000  -0.0000000000
   0.4349999985  -0.0000000000   0.0000000000  -0.0000000000
   0.4399999985  -0.0000000000   0.0000000000  -0.0000000000
   0.4449999985  -0.0000000000   0.0000000000  -0.0000000000
   0.4499999985  -0.0000000000   0.0000000000  -0.0000000000
   0.4549999985  -0.0000000000   0.0000000000  -0.0000000000
   0.4599999985  -0.0000000000   0.0000000000  -0.0000000000
   0.4649999984  -0.0000000000   0.0000000000  -0.0000000000
   0.4699999984  -0.0000000000   0.0000000000  -0.0000000000
   0.4749999984  -0.0000000000  -0.0000000000  -0.0000000000
   0.4799999984  -0.0000000000  -0.0000000000  -0.0000000000
   0.4849999984  -0.0000000000  -0.0000000000  -0.0000000000
   0.4899999984  -0.0000000000  -0.0000000000  -0.0000000000
   0.4949999983  -0.0000000000  -0.0000000000  -0.0000000000
   0.4999999983  -0.0000000000   0.0000000000  -0.0000000000
   0.5049999983  -0.0000000000   0.0000000000  -0.0000000000
   0.5099999983  -0.0000000000   0.0000000000  -0.0000000000
   0.5149999983  -0.0000000000   0.0000000000  -0.0000000000
   0.5199999983  -0.0000000000   0.0000000000  -0.0000000000
   0.5249999982  -0.0000000000   0.0000000000   0.0000000000
   0.5299999982   0.0000000000   0.0000000000   0.0000000000
   0.5349999982   0.0000000000   0.0000000000   0.0000000000
   0.5399999982   0.0000000000   0.0000000000   0.0000000000
   0.5449999982   0.0000000000   0.0000000000   0.0000000000
   0.5499999982   0.0000000000   0.0000000000   0.0000000000
   0.5549999981   0.0000000000   0.0000000000   0.0000000000
   0.5599999981   0.0000000000   0.0000000000   0.0000000000
   0.5649999981   0.0000000000   0.0000000000   0.0000000000
   0.5699999981   0.0000000000   0.0000000000   0.0000000000
   0.5749999981   0.0000000000   0.0000000000   0.0000000000
   0.5799999981   0.0000000000   0.0000000000   0.0000000000
   0.5849999980   0.0000000000  -0.0000000000   0.0000000000
   0.5899999980   0.0000000000  -0.0000000000   0.0000000000
   0.5949999980   0.0000000000  -0.0000000000   0.0000000000
   0.5999999980   0.0000000000  -0.0000000000  -0.0000000000
   0.6049999980  -0.0000000000  -0.0000000000  -0.0000000000
   0.6099999980  -0.0000000000  -0.0000000000  -0.0000000000
   0.6149999979  -0.0000000000  -0.0000000000  -0.0000000000
   0.6199999979  -0.0000000000  -0.0000000000  -0.0000000000
   0.6249999979  -0.0000000000  -0.0000000000  -0.0000000000
   0.6299999979  -0.0000000000  -0.0000000000  -0.0000000000
   0.6349999979  -0.0000000000  -0.0000000000  -0.0000000000
   0.6399999979  -0.0000000000  -0.0000000000  -0.0000000000
   0.6449999978  -0.0000000000  -0.0000000000  -0.0000000000
   0.6499999978  -0.0000000000  -0.0000000000  -0.0000000000
   0.6549999978  -0.0000000000   0.0000000000  -0.0000000000
   0.6599999978  -0.0000000000   0.0000000000   0.0000000000
   0.6649999978   0.0000000000   0.0000000000   0.0000000000
   0.6699999978   0.0000000000   0.0000000000   0.0000000000
   0.6749999977   0.0000000000   0.0000000000   0.0000000000
   0.6799999977   0.0000000000   0.0000000000   0.0000000000
   0.6849999977   0.0000000000   0.0000000000   0.0000000000
   0.6899999977   0.0000000000   0.0000000000   0.0000000000
   0.6949999977   0.0000000000   0.0000000000   0.0000000000
   0.6999999976   0.0000000000   0.0000000000   0.0000000000
   0.7049999976   0.0000000000   0.0000000000   0.0000000000
   0.7099999976   0.0000000000   0.0000000000   0.0000000000
   0.7149999976   0.0000000000   0.0000000000   0.0000000000
   0.7199999976   0.0000000000   0.0000000000   0.0000000000
   0.7249999976   0.0000000000   0.0000000000   0.0000000000
   0.7299999975   0.0000000000   0.0000000000   0.0000000000
   0.7349999975   0.0000000000   0.0000000000   0.0000000000
   0.7399999975   0.0000000000   0.0000000000   0.0000000000
   0.7449999975   0.0000000000   0.0000000000   0.0000000000
   0.7499999975   0.0000000000   0.0000000000   0.0000000000
   0.7549999975   0.0000000000   0.0000000000   0.0000000000
   0.7599999974   0.0000000000   0.0000000000   0.0000000000
   0.7649999974   0.0000000000   0.0000000000   0.0000000000
   0.7699999974   0.0000000000   0.0000000000   0.0000000000
   0.7749999974   0.0000000000   0.0000000000   0.0000000000
   0.7799999974   0.0000000000   0.0000000000   0.0000000000
   0.7849999974   0.0000000000   0.0000000000   0.0000000000
   0.7899999973   0.0000000000   0.0000000000   0.0000000000
   0.7949999973   0.0000000000   0.0000000000   0.0000000000
   0.7999999973   0.0000000000   0.0000000000   0.0000000000
   0.8049999973   0.0000000000   0.0000000000   0.0000000000
   0.8099999973   0.0000000000   0.0000000000   0.0000000000
   0.8149999973   0.0000000000   0.0000000000   0.0000000000
   0.8199999972   0.0000000000   0.0000000000   0.0000000000
   0.8249999972   0.0000000000   0.0000000000   0.0000000000
   0.8299999972   0.0000000000   0.0000000000   0.0000000000
   0.8349999972   0.0000000000   0.0000000000   0.0000000000
   0.8399999972   0.0000000000   0.0000000000   0.0000000000
   0.8449999972   0.0000000000   0.0000000000   0.0000000000
   0.8499999971   0.0000000000   0.0000000000   0.0000000000
   0.8549999971   0.0000000000   0.0000000000   0.0000000000
   0.8599999971   0.0000000000   0.0000000000   0.0000000000
   0.8649999971   0.0000000000   0.0000000000   0.0000000000
   0.8699999971   0.0000000000   0.0000000000   0.0000000000
   0.8749999971   0.0000000000   0.0000000000   0.0000000000
   0.8799999970   0.0000000000   0.0000000000   0.0000000000
   0.8849999970   0.0000000000   0.0000000000   0.0000000000
   0.8899999970   0.0000000000   0.0000000000   0.0000000000
   0.8949999970   0.0000000000   0.0000000000   0.0000000000
   0.8999999970   0.0000000000   0.0000000000   0.0000000000
   0.9049999970   0.0000000000   0.0000000000  -0.0000000000
   0.9099999969   0.0000000000  -0.0000000000  -0.0000000000
   0.9149999969  -0.0000000000  -0.0000000000  -0.0000000000
   0.9199999969  -0.0000000000  -0.0000000000  -0.0000000000
   0.9249999969  -0.0000000000  -0.0000000000  -0.0000000000
   0.9299999969  -0.0000000000  -0.0000000000  -0.0000000000
   0.9349999969  -0.0000000000  -0.0000000000  -0.0000000000
   0.9399999968  -0.0000000000  -0.0000000000  -0.0000000000
   0.9449999968  -0.0000000000  -0.0000000000  -0.0000000000
   0.9499999968  -0.0000000000  -0.0000000000  -0.0000000000
   0.9549999968  -0.0000000000  -0.0000000000  -0.0000000000
   0.9599999968  -0.0000000000  -0.0000000000  -0.0000000000
   0.9649999968  -0.0000000000  -0.0000000000  -0.0000000000
   0.9699999967  -0.0000000000  -0.0000000000  -0.0000000000
   0.9749999967  -0.0000000000  -0.0000000000  -0.0000000000
   0.9799999967  -0.0000000000  -0.0000000000   0.0000000000
   0.9849999967   0.0000000000   0.0000000000   0.0000000000
   0.9899999967   0.0000000000   0.0000000000   0.0000000000
   0.9949999967   0.0000000000   0.0000000000   0.0000000000
   0.9999999966   0.0000000000   0.0000000000   0.0000000000
   1.0049999966   0.0000000000   0.0000000000   0.0000000000
   1.0099999966   0.0000000000   0.0000000000   0.0000000000
   1.0149999966   0.0000000000   0.0000000000   0.0000000000
   1.0199999966   0.0000000000   0.0000000000   0.0000000000
   1.0249999966   0.0000000000   0.0000000000   0.0000000000
   1.0299999965   0.0000000000   0.0000000000   0.0000000000
   1.0349999965   0.0000000000   0.0000000000   0.0000000000
   1.0399999965   0.0000000000   0.0000000000  -0.0000000000
   1.0449999965  -0.0000000000  -0.0000000000  -0.0000000000
   1.0499999965  -0.0000000000  -0.0000000000  -0.0000000000
   1.0549999965  -0.0000000000  -0.0000000000  -0.0000000000
   1.0599999964  -0.0000000000  -0.0000000000  -0.0000000000
   1.0649999964  -0.0000000000  -0.0000000000  -0.0000000000
   1.0699999964  -0.0000000000  -0.0000000000  -0.0000000000
   1.0749999964  -0.0000000000  -0.0000000000  -0.0000000000
   1.0799999964  -0.0000000000  -0.0000000000  -0.0000000000
   1.0849999964  -0.0000000000  -0.0000000000  -0.0000000000
   1.0899999963  -0.0000000000  -0.0000000000   0.0000000000
   1.0949999963  -0.0000000000   0.0000000000   0.0000000000
   1.0999999963   0.0000000000   0.0000000000   0.0000000000
   1.1049999963   0.0000000000   0.0000000000   0.0000000000
   1.1099999963   0.0000000000   0.0000000000   0.0000000000
   1.1149999963   0.0000000000   0.0000000000   0.0000000000
   1.1199999962   0.0000000000   0.0000000000   0.0000000000
   1.1249999962   0.0000000000   0.0000000000   0.0000000000
   1.1299999962   0.0000000000   0.0000000000   0.0000000000
   1.1349999962   0.0000000000   0.0000000000   0.0000000000
   1.1399999962   0.0000000000   0.0000000000  -0.0000000000
   1.1449999962   0.0000000000  -0.0000000000  -0.0000000000
   1.1499999961  -0.0000000000  -0.0000000000  -0.0000000000
   1.1549999961  -0.0000000000  -0.0000000000  -0.0000000000
   1.1599999961  -0.0000000000  -0.0000000000  -0.0000000000
   1.1649999961  -0.0000000000  -0.0000000000  -0.0000000000
   1.1699999961  -0.0000000000  -0.0000000000  -0.0000000000
   1.1749999961  -0.0000000000  -0.0000000000  -0.0000000000
   1.1799999960  -0.0000000000  -0.0000000000  -0.0000000000
   1.1849999960  -0.0000000000  -0.0000000000  -0.0000000000
   1.1899999960  -0.0000000000  -0.0000000000   0.0000000000
   1.1949999960   0.0000000000   0.0000000000   0.0000000000
   1.1999999960   0.0000000000   0.0000000000   0.0000000000
   1.2049999960   0.0000000000   0.0000000000   0.0000000000
   1.2099999959   0.0000000000   0.0000000000   0.0000000000
   1.2149999959   0.0000000000   0.0000000000   0.0000000000
   1.2199999959   0.0000000000   0.0000000000   0.0000000000
   1.2249999959   0.0000000000   0.0000000000   0.0000000000
   1.2299999959   0.0000000000   0.0000000000   0.0000000000
   1.2349999959   0.0000000000   0.0000000000  -0.0000000000
   1.2399999958  -0.0000000000  -0.0000000000  -0.0000000000
   1.2449999958  -0.0000000000  -0.0000000000  -0.0000000000
   1.2499999958  -0.0000000000  -0.0000000000  -0.0000000000
   1.2549999958  -0.0000000000  -0.0000000000  -0.0000000000
   1.2599999958  -0.0000000000  -0.0000000000  -0.0000000000
   1.2649999958  -0.0000000000  -0.0000000000  -0.0000000000
   1.2699999957  -0.0000000000  -0.0000000000  -0.0000000000
   1.2749999957  -0.0000000000  -0.0000000000  -0.0000000000
   1.2799999957  -0.0000000000  -0.0000000000   0.0000000000
   1.2849999957   0.0000000000   0.0000000000   0.0000000000
   1.2899999957   0.0000000000   0.0000000000   0.0000000000
   1.2949999957   0.0000000000   0.0000000000   0.0000000000
   1.2999999956   0.0000000000   0.0000000000   0.0000000000
   1.3049999956   0.0000000000   0.0000000000   0.0000000000
   1.3099999956   0.0000000000   0.0000000000   0.0000000000
   1.3149999956   0.0000000000   0.0000000000   0.0000000000
   1.3199999956   0.0000000000   0.0000000000   0.0000000000
   1.3249999956   0.0000000000   0.0000000000  -0.0000000000
   1.3299999955  -0.0000000000  -0.0000000000  -0.0000000000
   1.3349999955  -0.0000000000  -0.0000000000  -0.0000000000
   1.3399999955  -0.0000000000  -0.0000000000  -0.0000000000
   1.3449999955  -0.0000000000  -0.0000000000  -0.0000000000
   1.3499999955  -0.0000000000  -0.0000000000  -0.0000000000
   1.3549999954  -0.0000000000  -0.0000000000  -0.0000000000
   1.3599999954  -0.0000000000  -0.0000000000  -0.0000000000
   1.3649999954  -0.0000000000  -0.0000000000   0.0000000000
   1.3699999954   0.0000000000   0.0000000000   0.0000000000
   1.3749999954   0.0000000000   0.0000000000   0.0000000000
   1.3799999954   0.0000000000   0.0000000000   0.0000000000
   1.3849999953   0.0000000000   0.0000000000   0.0000000000
   1.3899999953   0.0000000000   0.0000000000   0.0000000000
   1.3949999953   0.0000000000   0.0000000000   0.0000000000
   1.3999999953   0.0000000000   0.0000000000   0.0000000000
   1.4049999953   0.0000000000   0.0000000000  -0.0000000000
   1.4099999953  -0.0000000000  -0.0000000000  -0.0000000000
   1.4149999952  -0.0000000000  -0.0000000000  -0.0000000000
   1.4199999952  -0.0000000000  -0.0000000000  -0.0000000000
   1.4249999952  -0.0000000000  -0.0000000000  -0.0000000000
   1.4299999952  -0.0000000000  -0.0000000000  -0.0000000000
   1.4349999952  -0.0000000000  -0.0000000000  -0.0000000000
   1.4399999952  -0.0000000000  -0.0000000000  -0.0000000000
   1.4449999951  -0.0000000000  -0.0000000000  -0.0000000000
   1.4499999951  -0.0000000000  -0.0000000000   0.0000000000
   1.4549999951  -0.0000000000  -0.0000000000   0.0000000000
   1.4599999951  -0.0000000000   0.0000000000   0.0000000000
   1.4649999951   0.0000000000   0.0000000000   0.0000000000
   1.4699999951   0.0000000000   0.0000000000   0.0000000000
   1.4749999950   0.0000000000   0.0000000000   0.0000000000
   1.4799999950   0.0000000000   0.0000000000   0.0000000000
   1.4849999950   0.0000000000   0.0000000000   0.0000000000
   1.4899999950   0.0000000000   0.0000000000   0.0000000000
   1.4949999950   0.0000000000   0.0000000000   0.0000000000
   1.4999999950   0.0000000000   0.0000000000   0.0000000000
   1.5049999949   0.0000000000   0.0000000000   0.0000000000
   1.5099999949   0.0000000000   0.0000000000   0.0000000000
   1.5149999949   0.0000000000   0.0000000000   0.0000000000
   1.5199999949   0.0000000000   0.0000000000  -0.0000000000
   1.5249999949   0.0000000000   0.0000000000  -0.0000000000
   1.5299999949  -0.0000000000  -0.0000000000  -0.0000000000
   1.5349999948  -0.0000000000  -0.0000000000  -0.0000000000
   1.5399999948  -0.0000000000  -0.0000000000  -0.0000000000
   1.5449999948  -0.0000000000  -0.0000000000  -0.0000000000
   1.5499999948  -0.0000000000  -0.0000000000  -0.0000000000
   1.5549999948  -0.0000000000  -0.0000000000  -0.0000000000
   1.5599999948  -0.0000000000  -0.0000000000  -0.0000000000
   1.5649999947  -0.0000000000  -0.0000000000  -0.0000000000
   1.5699999947  -0.0000000000  -0.0000000000  -0.0000000000
   1.5749999947  -0.0000000000  -0.0000000000   0.0000000000
   1.5799999947   0.0000000000  -0.0000000000   0.0000000000
   1.5849999947   0.0000000000   0.0000000000   0.0000000000
   1.5899999947   0.0000000000   0.0000000000   0.0000000000
   1.5949999946   0.0000000000   0.0000000000   0.0000000000
   1.5999999946   0.0000000000   0.0000000000   0.0000000000
   1.6049999946   0.0000000000   0.0000000000   0.0000000000
   1.6099999946   0.0000000000   0.0000000000   0.0000000000
   1.6149999946   0.0000000000   0.0000000000   0.0000000000
   1.6199999946   0.0000000000   0.0000000000   0.0000000000
   1.6249999945   0.0000000000   0.0000000000  -0.0000000000
   1.6299999945   0.0000000000   0.0000000000  -0.0000000000
   1.6349999945  -0.0000000000  -0.0000000000  -0.0000000000
   1.6399999945  -0.0000000000  -0.0000000000  -0.0000000000
   1.6449999945  -0.0000000000  -0.0000000000  -0.0000000000
   1.6499999945  -0.0000000000  -0.0000000000  -0.0000000000
   1.6549999944  -0.0000000000  -0.0000000000  -0.0000000000
   1.6599999944  -0.0000000000  -0.0000000000  -0.0000000000
   1.6649999944  -0.0000000000  -0.0000000000  -0.0000000000
   1.6699999944  -0.0000000000  -0.0000000000  -0.0000000000
   1.6749999944  -0.0000000000  -0.0000000000  -0.0000000000
   1.6799999944  -0.0000000000  -0.0000000000   0.0000000000
   1.6849999943   0.0000000000  -0.0000000000   0.0000000000
   1.6899999943   0.0000000000   0.0000000000   0.0000000000
   1.6949999943   0.0000000000   0.0000000000   0.0000000000
   1.6999999943   0.0000000000   0.0000000000   0.0000000000
   1.7049999943   0.0000000000   0.0000000000   0.0000000000
   1.7099999943   0.0000000000   0.0000000000   0.0000000000
   1.7149999942   0.0000000000   0.0000000000   0.0000000000
   1.7199999942   0.0000000000   0.0000000000   0.0000000000
   1.7249999942   0.0000000000   0.0000000000   0.0000000000
   1.7299999942   0.0000000000   0.0000000000  -0.0000000000
   1.7349999942   0.0000000000   0.0000000000  -0.0000000000
   1.7399999942  -0.0000000000  -0.0000000000  -0.0000000000
   1.7449999941  -0.0000000000  -0.0000000000  -0.0000000000
   1.7499999941  -0.0000000000  -0.0000000000  -0.0000000000
   1.7549999941  -0.0000000000  -0.0000000000  -0.0000000000
   1.7599999941  -0.0000000000  -0.0000000000   0.0000000000
   1.7649999941  -0.0000000000  -0.0000000000   0.0000000000
   1.7699999941  -0.0000000000  -0.0000000000   0.0000000000
   1.7749999940  -0.0000000000  -0.0000000000   0.0000000000
   1.7799999940  -0.0000000000  -0.0000000000   0.0000000000
   1.7849999940   0.0000000000  -0.0000000000   0.0000000000
   1.7899999940   0.0000000000   0.0000000000  -0.0000000000
   1.7949999940   0.0000000000   0.0000000000  -0.0000000000
   1.7999999940   0.0000000000   0.0000000000  -0.0000000000
   1.8049999939   0.0000000000   0.0000000000  -0.0000000000
   1.8099999939   0.0000000000   0.0000000000  -0.0000000000
   1.8149999939   0.0000000000   0.0000000000  -0.0000000000
   1.8199999939   0.0000000000   0.0000000000  -0.0000000000
   1.8249999939   0.0000000000   0.0000000000  -0.0000000000
   1.8299999939  -0.0000000000   0.0000000000   0.0000000000
   1.8349999938  -0.0000000000  -0.0000000000   0.0000000000
   1.8399999938  -0.0000000000  -0.0000000000   0.0000000000
   1.8449999938  -0.0000000000  -0.0000000000   0.0000000000
   1.8499999938  -0.0000000000  -0.0000000000   0.0000000001
   1.8549999938  -0.0000000000  -0.0000000000   0.0000000001
   1.8599999938  -0.0000000000  -0.0000000000   0.0000000001
   1.8649999937  -0.0000000000  -0.0000000000   0.0000000001
   1.8699999937  -0.0000000000  -0.0000000000   0.0000000000
   1.8749999937  -0.0000000000  -0.0000000000   0.0000000000
   1.8799999937  -0.0000000000  -0.0000000000   0.0000000000
   1.8849999937   0.0000000000   0.0000000000  -0.0000000000
   1.8899999937   0.0000000000   0.0000000000  -0.0000000001
   1.8949999936   0.0000000000   0.0000000000  -0.0000000001
   1.8999999936   0.0000000001   0.0000000001  -0.0000000002
   1.9049999936   0.0000000001   0.0000000001  -0.0000000003
   1.9099999936   0.0000000003   0.0000000001  -0.0000000004
   1.9149999936   0.0000000004   0.0000000002  -0.0000000005
   1.9199999936   0.0000000006   0.0000000003  -0.0000000007
   1.9249999935   0.0000000008   0.0000000004  -0.0000000009
   1.9299999935   0.0000000010   0.0000000005  -0.0000000010
   1.9349999935   0.0000000011   0.0000000005  -0.0000000009
   1.9399999935   0.0000000008   0.0000000004  -0.0000000004
   1.9449999935   0.0000000001   0.0000000001   0.0000000005
   1.9499999935  -0.0000000013  -0.0000000006   0.0000000023
   1.9549999934  -0.0000000037  -0.0000000017   0.0000000050
   1.9599999934  -0.0000000074  -0.0000000033   0.0000000089
   1.9649999934  -0.0000000125  -0.0000000057   0.0000000142
   1.9699999934  -0.0000000191  -0.0000000088   0.0000000207
   1.9749999934  -0.0000000269  -0.0000000126   0.0000000281
   1.9799999934  -0.0000000355  -0.0000000168   0.0000000359
   1.9849999933  -0.0000000441  -0.0000000210   0.0000000430
   1.9899999933  -0.0000000513  -0.0000000248   0.0000000480
   1.9949999933  -0.0000000554  -0.0000000271   0.0000000490
   1.9999999933  -0.0000000543  -0.0000000270   0.0000000442
   2.0049999933  -0.0000000459  -0.0000000233   0.0000000313
   2.0099999933  -0.0000000277  -0.0000000149   0.0000000085
   2.0149999932   0.0000000021  -0.0000000008  -0.0000000257
   2.0199999932   0.0000000448   0.0000000199  -0.0000000716
   2.0249999932   0.0000001001   0.0000000471  -0.0000001283
   2.0299999932   0.0000001666   0.0000000802  -0.0000001929
   2.0349999932   0.0000002407   0.0000001174  -0.0000002609
   2.0399999931   0.0000003168   0.0000001561  -0.0000003253
   2.0449999931   0.0000003869   0.0000001923  -0.0000003778
   2.0499999931   0.0000004418   0.0000002210  -0.0000004083
   2.0549999931   0.0000004710   0.0000002368  -0.0000004069
   2.0599999931   0.0000004640   0.0000002339  -0.0000003640
   2.0649999931   0.0000004116   0.0000002074  -0.0000002727
   2.0699999930   0.0000003076   0.0000001532  -0.0000001295
   2.0749999930   0.0000001499   0.0000000700   0.0000000638
   2.0799999930  -0.0000000582  -0.0000000411   0.0000002993
   2.0849999930  -0.0000003068  -0.0000001754   0.0000005624
   2.0899999930  -0.0000005794  -0.0000003244   0.0000008323
   2.0949999930  -0.0000008537  -0.0000004760   0.0000010829
   2.0999999929  -0.0000011027  -0.0000006157   0.0000012849
   2.1049999929  -0.0000012975  -0.0000007270   0.0000014091
   2.1099999929  -0.0000014101  -0.0000007935   0.0000014294
   2.1149999929  -0.0000014169  -0.0000008009   0.0000013268
   2.1199999929  -0.0000013024  -0.0000007388   0.0000010927
   2.1249999929  -0.0000010620  -0.0000006027   0.0000007315
   2.1299999928  -0.0000007043  -0.0000003957   0.0000002621
   2.1349999928  -0.0000002514  -0.0000001287  -0.0000002826
   2.1399999928   0.0000002616   0.0000001795  -0.0000008581
   2.1449999928   0.0000007903   0.0000005035  -0.0000014118
   2.1499999928   0.0000012843   0.0000008134  -0.0000018891
   2.1549999928   0.0000016940   0.0000010782  -0.0000022392
   2.1599999927   0.0000019757   0.0000012691  -0.0000024221
   2.1649999927   0.0000020978   0.0000013633  -0.0000024138
   2.1699999927   0.0000020453   0.0000013469  -0.0000022104
   2.1749999927   0.0000018227   0.0000012177  -0.0000018296
   2.1799999927   0.0000014535   0.0000009854  -0.0000013090
   2.1849999927   0.0000009782   0.0000006716  -0.0000007020
   2.1899999926   0.0000004491   0.0000003069  -0.0000000714
   2.1949999926  -0.0000000765  -0.0000000719   0.0000005195
   2.1999999926  -0.0000005445  -0.0000004274   0.0000010146
   2.2049999926  -0.0000009110  -0.0000007254   0.0000013734
   2.2099999926  -0.0000011485  -0.0000009402   0.0000015760
   2.2149999926  -0.0000012496  -0.0000010574   0.0000016253
   2.2199999925  -0.0000012273  -0.0000010756   0.0000015457
   2.2249999925  -0.0000011118  -0.0000010065   0.0000013785
   2.2299999925  -0.0000009450  -0.0000008721   0.0000011735
   2.2349999925  -0.0000007722  -0.0000007011   0.0000009803
   2.2399999925  -0.0000006340  -0.0000005239   0.0000008390
   2.2449999925  -0.0000005583  -0.0000003674   0.0000007724
   2.2499999924  -0.0000005551  -0.0000002506   0.0000007819
   2.2549999924  -0.0000006144  -0.0000001815   0.0000008471
   2.2599999924  -0.0000007083  -0.0000001560   0.0000009291
   2.2649999924  -0.0000007959  -0.0000001592   0.0000009787
   2.2699999924  -0.0000008324  -0.0000001687   0.0000009457
   2.2749999924  -0.0000007777  -0.0000001589   0.0000007893
   2.2799999923  -0.0000006061  -0.0000001069   0.0000004877
   2.2849999923  -0.0000003127   0.0000000031   0.0000000439
   2.2899999923   0.0000000840   0.0000001751  -0.0000005120
   2.2949999923   0.0000005432   0.0000004002  -0.0000011256
   2.2999999923   0.0000010085   0.0000006563  -0.0000017254
   2.3049999923   0.0000014178   0.0000009112  -0.0000022323
   2.3099999922   0.0000017149   0.0000011264  -0.0000025711
   2.3149999922   0.0000018616   0.0000012630  -0.0000026815
   2.3199999922   0.0000018457   0.0000012871  -0.0000025266
   2.3249999922   0.0000016860   0.0000011751  -0.0000020980
   2.3299999922   0.0000014297   0.0000009173  -0.0000014175
   2.3349999922   0.0000011430   0.0000005206  -0.0000005356
   2.3399999921   0.0000008967   0.0000000094   0.0000004724
   2.3449999921   0.0000007462  -0.0000005748   0.0000015107
   2.3499999921   0.0000007113  -0.0000011742   0.0000024671
   2.3549999921   0.0000007586  -0.0000017164   0.0000032166
   2.3599999921   0.0000007898  -0.0000021169   0.0000036248
   2.3649999921   0.0000006429  -0.0000022824   0.0000035521
   2.3699999920   0.0000001063  -0.0000021168   0.0000028637
   2.3749999920  -0.0000010492  -0.0000015310   0.0000014448
   2.3799999920  -0.0000030216  -0.0000004565  -0.0000007732
   2.3849999920  -0.0000059143   0.0000011341  -0.0000037776
   2.3899999920  -0.0000096629   0.0000032021  -0.0000074302
   2.3949999920  -0.0000139622   0.0000056148  -0.0000114205
   2.3999999919  -0.0000182052   0.0000081177  -0.0000152242
   2.4049999919  -0.0000214494   0.0000103145  -0.0000180800
   2.4099999919  -0.0000224286   0.0000116609  -0.0000189981
   2.4149999919  -0.0000196275   0.0000114831  -0.0000168149
   2.4199999919  -0.0000114338   0.0000090278  -0.0000103082
   2.4249999919   0.0000036212   0.0000035521   0.0000016213
   2.4299999918   0.0000265336  -0.0000055439   0.0000197003
   2.4349999918   0.0000574196  -0.0000185431   0.0000439745
   2.4399999918   0.0000950558  -0.0000352045   0.0000734633
   2.4449999918   0.0001364074  -0.0000545382   0.0001058075
   2.4499999918   0.0001761992  -0.0000745863   0.0001369552
   2.4549999918   0.0002065950  -0.0000922390   0.0001609328
   2.4599999917   0.0002170553  -0.0001031181   0.0001697551
   2.4649999917   0.0001944411  -0.0001015626   0.0001535209
   2.4699999917   0.0001234155  -0.0000807477   0.0001007330
   2.4749999917  -0.0000128245  -0.0000329570  -0.0000011384
   2.4799999917  -0.0002314892   0.0000499812  -0.0001648541
   2.4849999917  -0.0005488520   0.0001761028  -0.0004023968
   2.4899999916  -0.0009786987   0.0003525890  -0.0007238174
   2.4949999916  -0.0015306938   0.0005849682  -0.0011360268
   2.4999999916  -0.0022088103   0.0008763034  -0.0016416425
   2.5049999916  -0.0030099912   0.0012264450  -0.0022380131
   2.5099999916  -0.0039232067   0.0016314346  -0.0029165417
   2.5149999916  -0.0049290496   0.0020831401  -0.0036624120
   2.5199999915  -0.0059999732   0.0025691933  -0.0044547929
   2.5249999915  -0.0071012138   0.0030732744  -0.0052675525
   2.5299999915  -0.0081923781   0.0035757572  -0.0060704625
   2.5349999915  -0.0092295960   0.0040546946  -0.0068308206
   2.5399999915  -0.0101680819   0.0044870819  -0.0075153678
   2.5449999915  -0.0109648885   0.0048503052  -0.0080923413
   2.5499999914  -0.0115816133   0.0051236523  -0.0085334790
   2.5549999914  -0.0119868122   0.0052897522  -0.0088157952
   2.5599999914  -0.0121579029   0.0053358097  -0.0089229640
   2.5649999914  -0.0120823922   0.0052545163  -0.0088461917
   2.5699999914  -0.0117583366   0.0050445538  -0.0085845147
   2.5749999914  -0.0111940289   0.0047106439  -0.0081445247
   2.5799999913  -0.0104069891   0.0042631509  -0.0075395869
   2.5849999913  -0.0094224100   0.0037172870  -0.0067886694
   2.5899999913  -0.0082712629   0.0030920151  -0.0059149404
   2.5949999913  -0.0069882876   0.0024087692  -0.0049442998
   2.5999999913  -0.0056100847   0.0016901274  -0.0039040028
   2.6049999913  -0.0041734872   0.0009585662  -0.0028214990
   2.6099999912  -0.0027143250   0.0002354016  -0.0017235598
   2.6149999912  -0.0012666180  -0.0004600099  -0.0006357086
   2.6199999912   0.0001378425  -0.0011107835   0.0004180855
   2.6249999912   0.0014696353  -0.0017027463   0.0014155382
   2.6299999912   0.0027017228  -0.0022244575   0.0023361141
   2.6349999912   0.0038095006  -0.0026670865   0.0031611384
   2.6399999911   0.0047710268  -0.0030242371   0.0038740497
   2.6449999911   0.0055675198  -0.0032917989   0.0044608425
   2.6499999911   0.0061841448  -0.0034678822   0.0049106979
   2.6549999911   0.0066110245  -0.0035528634   0.0052167436
   2.6599999911   0.0068443358  -0.0035495268   0.0053768330
   2.6649999911   0.0068872995  -0.0034632538   0.0053942059
   2.6699999910   0.0067508468  -0.0033021848   0.0052778789
   2.6749999910   0.0064537620  -0.0030772660   0.0050426366
   2.6799999910   0.0060221539  -0.0028020969   0.0047085345
   2.6849999910   0.0054881960  -0.0024925199   0.0042998861
   2.6899999910   0.0048881754  -0.0021659256   0.0038437809
   2.6949999909   0.0042600023  -0.0018402956   0.0033682476
   2.6999999909   0.0036404196  -0.0015330484   0.0029002390
   2.7049999909   0.0030622162  -0.0012597983   0.0024636506
   2.7099999909   0.0025517659  -0.0010331591   0.0020775929
   2.7149999909   0.0021271877  -0.0008617390   0.0017551198
   2.7199999909   0.0017973517  -0.0007494561   0.0015025598
   2.7249999908   0.0015618494  -0.0006952761   0.0013195303
   2.7299999908   0.0014119237  -0.0006934230   0.0011996257
   2.7349999908   0.0013322300  -0.0007340579   0.0011316913
   2.7399999908   0.0013031920  -0.0008043606   0.0011015156
   2.7449999908   0.0013036447  -0.0008898963   0.0010937293
   2.7499999908   0.0013134295  -0.0009761147   0.0010936733
   2.7549999907   0.0013156241  -0.0010498079   0.0010890110
   2.7599999907   0.0012981535  -0.0011003624   0.0010709032
   2.7649999907   0.0012546252  -0.0011206660   0.0010346251
   2.7699999907   0.0011843436  -0.0011075775   0.0009795908
   2.7749999907   0.0010915732  -0.0010619254   0.0009088282
   2.7799999907   0.0009842173  -0.0009880591   0.0008280224
   2.7849999906   0.0008721478  -0.0008930366   0.0007442977
   2.7899999906   0.0007654494  -0.0007855689   0.0006649314
   2.7949999906   0.0006728327  -0.0006748712   0.0005961920
   2.7999999906   0.0006004253  -0.0005695666   0.0005424559
   2.8049999906   0.0005510747  -0.0004767767   0.0005057069
   2.8099999906   0.0005242119  -0.0004014916   0.0004854542
   2.8149999905   0.0005162379  -0.0003462718   0.0004790376
   2.8199999905   0.0005213186  -0.0003112806   0.0004822307
   2.8249999905   0.0005324268  -0.0002946037   0.0004900164
   2.8299999905   0.0005424420  -0.0002927755   0.0004973887
   2.8349999905   0.0005451336  -0.0003014140   0.0005000494
   2.8399999905   0.0005358801  -0.0003158604   0.0004948942
   2.8449999904   0.0005120383  -0.0003317349   0.0004802285
   2.8499999904   0.0004729342  -0.0003453411   0.0004557059
   2.8549999904   0.0004195156  -0.0003538877   0.0004220271
   2.8599999904   0.0003537539  -0.0003555237   0.0003804761
   2.8649999904   0.0002779224  -0.0003492191   0.0003323922
   2.8699999904   0.0001938857  -0.0003345385   0.0002786778
   2.8749999903   0.0001025283  -0.0003113706   0.0002194283
   2.8799999903   0.0000034166  -0.0002796710   0.0001537452
   2.8849999903  -0.0001052539  -0.0002392703   0.0000797558
   2.8899999903  -0.0002264247  -0.0001897786  -0.0000051696
   2.8949999903  -0.0003637025  -0.0001305965  -0.0001040456
   2.8999999903  -0.0005207313  -0.0000610257  -0.0002198069
   2.9049999902  -0.0007005163   0.0000195494  -0.0003548238
   2.9099999902  -0.0009048070   0.0001114442  -0.0005104688
   2.9149999902  -0.0011336335   0.0002144629  -0.0006867918
   2.9199999902  -0.0013850578   0.0003277292  -0.0008823425
   2.9249999902  -0.0016551681   0.0004495887  -0.0010941537
   2.9299999902  -0.0019382979   0.0005775971  -0.0013178774
   2.9349999901  -0.0022274235   0.0007085962  -0.0015480445
   2.9399999901  -0.0025146670   0.0008388660  -0.0017784079
   2.9449999901  -0.0027918254   0.0009643297  -0.0020023197
   2.9499999901  -0.0030508517   0.0010807871  -0.0022130979
   2.9549999901  -0.0032842361   0.0011841460  -0.0024043452
   2.9599999901  -0.0034852570   0.0012706282  -0.0025701944
   2.9649999900  -0.0036481070   0.0013369339  -0.0027054730
   2.9699999900  -0.0037679182   0.0013803549  -0.0028057916
   2.9749999900  -0.0038407305   0.0013988393  -0.0028675755
   2.9799999900  -0.0038634497   0.0013910157  -0.0028880637
   2.9849999900  -0.0038338375   0.0013561905  -0.0028653044
   2.9899999900  -0.0037505557   0.0012943328  -0.0027981680
   2.9949999899  -0.0036132715   0.0012060587  -0.0026863914
   2.9999999899  -0.0034228048   0.0010926231  -0.0025306550
   3.0049999899  -0.0031812855   0.0009559179  -0.0023326796
   3.0099999899  -0.0028922771   0.0007984705  -0.0020953207
   3.0149999899  -0.0025608279   0.0006234318  -0.0018226318
   3.0199999899  -0.0021934171   0.0004345401  -0.0015198659
   3.0249999898  -0.0017977812   0.0002360474  -0.0011933942
   3.0299999898  -0.0013826274   0.0000326018  -0.0008505278
   3.0349999898  -0.0009572554  -0.0001709159  -0.0004992476
   3.0399999898  -0.0005311274  -0.0003695924  -0.0001478583
   3.0449999898  -0.0001134283  -0.0005587065   0.0001954019
   3.0499999898   0.0002873362  -0.0007339540   0.0005227569
   3.0549999897   0.0006636706  -0.0008916538   0.0008272553
   3.0599999897   0.0010093229  -0.0010289109   0.0011030618
   3.0649999897   0.0013194123  -0.0011437226   0.0013456569
   3.0699999897   0.0015904575  -0.0012350183   0.0015519295
   3.0749999897   0.0018203214  -0.0013026332   0.0017201705
   3.0799999897   0.0020080978  -0.0013472258   0.0018499808
   3.0849999896   0.0021539666  -0.0013701535   0.0019421200
   3.0899999896   0.0022590417  -0.0013733259   0.0019983247
   3.0949999896   0.0023252304  -0.0013590526   0.0020211202
   3.0999999896   0.0023551124  -0.0013299033   0.0020136474
   3.1049999896   0.0023518417  -0.0012885876   0.0019795125
   3.1099999896   0.0023190632  -0.0012378594   0.0019226623
   3.1149999895   0.0022608331  -0.0011804430   0.0018472752
   3.1199999895   0.0021815294  -0.0011189734   0.0017576589
   3.1249999895   0.0020857406  -0.0010559430   0.0016581409
   3.1299999895   0.0019781262  -0.0009936465   0.0015529447
   3.1349999895   0.0018632494  -0.0009341191   0.0014460509
   3.1399999895   0.0017453909  -0.0008790696   0.0013410487
   3.1449999894   0.0016283595  -0.0008298125   0.0012409927
   3.1499999894   0.0015153237  -0.0007872090   0.0011482812
   3.1549999894   0.0014086845  -0.0007516282   0.0010645759
   3.1599999894   0.0013100121  -0.0007229399   0.0009907757
   3.1649999894   0.0012200576  -0.0007005445   0.0009270527
   3.1699999894   0.0011388417  -0.0006834453   0.0008729459
   3.1749999893   0.0010658089  -0.0006703548   0.0008275026
   3.1799999893   0.0010000248  -0.0006598275   0.0007894442
   3.1849999893   0.0009403867  -0.0006504025   0.0007573358
   3.1899999893   0.0008858131  -0.0006407378   0.0007297343
   3.1949999893   0.0008353874  -0.0006297216   0.0007053001
   3.1999999893   0.0007884331  -0.0006165463   0.0006828622
   3.2049999892   0.0007445212  -0.0006007413   0.0006614417
   3.2099999892   0.0007034150  -0.0005821632   0.0006402413
   3.2149999892   0.0006649796  -0.0005609531   0.0006186201
   3.2199999892   0.0006290808  -0.0005374716   0.0005960705
   3.2249999892   0.0005955047  -0.0005122273   0.0005722080
   3.2299999892   0.0005639182  -0.0004858088   0.0005467830
   3.2349999891   0.0005338802  -0.0004588322   0.0005197067
   3.2399999891   0.0005048975  -0.0004319056   0.0004910830
   3.2449999891   0.0004765096  -0.0004056090   0.0004612284
   3.2499999891   0.0004483771  -0.0003804851   0.0004306656
   3.2549999891   0.0004203488  -0.0003570320   0.0004000833
   3.2599999891   0.0003924880  -0.0003356926   0.0003702608
   3.2649999890   0.0003650507  -0.0003168359   0.0003419701
   3.2699999890   0.0003384207  -0.0003007318   0.0003158722
   3.2749999890   0.0003130173  -0.0002875236   0.0002924314
   3.2799999890   0.0002891994  -0.0002772065   0.0002718642
   3.2849999890   0.0002671887  -0.0002696172   0.0002541353
   3.2899999890   0.0002470300  -0.0002644427   0.0002389989
   3.2949999889   0.0002285948  -0.0002612481   0.0002260735
   3.2999999889   0.0002116242  -0.0002595198   0.0002149304
   3.3049999889   0.0001957975  -0.0002587192   0.0002051727
   3.3099999889   0.0001808053  -0.0002583349   0.0001964860
   3.3149999889   0.0001664108  -0.0002579269   0.0001886521
   3.3199999889   0.0001524841  -0.0002571542   0.0001815282
   3.3249999888   0.0001390052  -0.0002557858   0.0001750033
   3.3299999888   0.0001260415  -0.0002536946   0.0001689519
   3.3349999888   0.0001137075  -0.0002508418   0.0001632036
   3.3399999888   0.0001021239  -0.0002472560   0.0001575415
   3.3449999888   0.0000913840  -0.0002430150   0.0001517302
   3.3499999888   0.0000815359  -0.0002382331   0.0001455656
   3.3549999887   0.0000725796  -0.0002330533   0.0001389285
   3.3599999887   0.0000644740  -0.0002276434   0.0001318217
   3.3649999887   0.0000571462  -0.0002221905   0.0001243762
   3.3699999887   0.0000504975  -0.0002168914   0.0001168218
   3.3749999887   0.0000444032  -0.0002119372   0.0001094269
   3.3799999886   0.0000387095  -0.0002074932   0.0001024271
   3.3849999886   0.0000332331  -0.0002036794   0.0000959636
   3.3899999886   0.0000277697  -0.0002005561   0.0000900512
   3.3949999886   0.0000221162  -0.0001981202   0.0000845883
   3.3999999886   0.0000161038  -0.0001963139   0.0000794034
   3.4049999886   0.0000096351  -0.0001950442   0.0000743256
   3.4099999885   0.0000027134  -0.0001942076   0.0000692540
   3.4149999885  -0.0000045477  -0.0001937126   0.0000642009
   3.4199999885  -0.0000119419  -0.0001934929   0.0000592933
   3.4249999885  -0.0000192144  -0.0001935062   0.0000547296
   3.4299999885  -0.0000261234  -0.0001937205   0.0000507037
   3.4349999885  -0.0000325028  -0.0001940906   0.0000473212
   3.4399999884  -0.0000383065  -0.0001945370   0.0000445377
   3.4449999884  -0.0000436197  -0.0001949344   0.0000421421
   3.4499999884  -0.0000486304  -0.0001951181   0.0000397963
   3.4549999884  -0.0000535683  -0.0001949099   0.0000371216
   3.4599999884  -0.0000586278  -0.0001941593   0.0000338088
   3.4649999884  -0.0000638986  -0.0001927871   0.0000297170
   3.4699999883  -0.0000693285  -0.0001908205   0.0000249274
   3.4749999883  -0.0000747317  -0.0001884051   0.0000197329
   3.4799999883  -0.0000798444  -0.0001857876   0.0000145605
   3.4849999883  -0.0000844125  -0.0001832707   0.0000098482
   3.4899999883  -0.0000882855  -0.0001811493   0.0000059116
   3.4949999883  -0.0000914853  -0.0001796447   0.0000028434
   3.4999999882  -0.0000942261  -0.0001788550   0.0000004775
   3.5049999882  -0.0000968734  -0.0001787353  -0.0000015657
   3.5099999882  -0.0000998491  -0.0001791159  -0.0000037648
   3.5149999882  -0.0001035101  -0.0001797523  -0.0000065458
   3.5199999882  -0.0001080332  -0.0001803958  -0.0000101404
   3.5249999882  -0.0001133449  -0.0001808623  -0.0000144990
   3.5299999881  -0.0001191196  -0.0001810817  -0.0000192887
   3.5349999881  -0.0001248514  -0.0001811117  -0.0000239808
   3.5399999881  -0.0001299842  -0.0001811128  -0.0000280034
   3.5449999881  -0.0001340622  -0.0001812925  -0.0000309143
   3.5499999881  -0.0001368597  -0.0001818347  -0.0000325415
   3.5549999881  -0.0001384502  -0.0001828364  -0.0000330453
   3.5599999880  -0.0001391921  -0.0001842715  -0.0000328826
   3.5649999880  -0.0001396348  -0.0001859924  -0.0000326802
   3.5699999880  -0.0001403691  -0.0001877698  -0.0000330553
   3.5749999880  -0.0001418669  -0.0001893580  -0.0000344380
   3.5799999880  -0.0001443565  -0.0001905658  -0.0000369505
   3.5849999880  -0.0001477713  -0.0001913108  -0.0000403803
   3.5899999879  -0.0001517861  -0.0001916404  -0.0000442574
   3.5949999879  -0.0001559308  -0.0001917132  -0.0000480103
   3.5999999879  -0.0001597453  -0.0001917452  -0.0000511517
   3.6049999879  -0.0001629278  -0.0001919405  -0.0000534351
   3.6099999879  -0.0001654299  -0.0001924264  -0.0000549301
   3.6149999879  -0.0001674677  -0.0001932152  -0.0000559928
   3.6199999878  -0.0001694452  -0.0001942056  -0.0000571381
   3.6249999878  -0.0001718125  -0.0001952227  -0.0000588557
   3.6299999878  -0.0001749041  -0.0001960857  -0.0000614275
   3.6349999878  -0.0001788069  -0.0001966800  -0.0000648084
   3.6399999878  -0.0001833026  -0.0001970114  -0.0000686091
   3.6449999878  -0.0001879019  -0.0001972223  -0.0000721919
   3.6499999877  -0.0001919658  -0.0001975644  -0.0000748501
   3.6549999877  -0.0001948746  -0.0001983328  -0.0000760170
   3.6599999877  -0.0001961977  -0.0001997822  -0.0000754389
   3.6649999877  -0.0001958102  -0.0002020503  -0.0000732555
   3.6699999877  -0.0001939226  -0.0002051114  -0.0000699625
   3.6749999877  -0.0001910141  -0.0002087766  -0.0000662647
   3.6799999876  -0.0001876914  -0.0002127413  -0.0000628662
   3.6849999876  -0.0001845164  -0.0002166660  -0.0000602627
   3.6899999876  -0.0001818562  -0.0002202673  -0.0000586025
   3.6949999876  -0.0001798009  -0.0002233906  -0.0000576603
   3.6999999876  -0.0001781750  -0.0002260443  -0.0000569340
   3.7049999876  -0.0001766345  -0.0002283831  -0.0000558333
   3.7099999875  -0.0001748195  -0.0002306477  -0.0000539005
   3.7149999875  -0.0001725110  -0.0002330791  -0.0000509918
   3.7199999875  -0.0001697409  -0.0002358343  -0.0000473594
   3.7249999875  -0.0001668191  -0.0002389305  -0.0000436053
   3.7299999875  -0.0001642672  -0.0002422337  -0.0000405189
   3.7349999875  -0.0001626799  -0.0002454974  -0.0000388465
   3.7399999874  -0.0001625548  -0.0002484380  -0.0000390661
   3.7449999874  -0.0001641456  -0.0002508228  -0.0000412378
   3.7499999874  -0.0001673835  -0.0002525450  -0.0000449784
   3.7549999874  -0.0001718916  -0.0002536607  -0.0000495710
   3.7599999874  -0.0001770882  -0.0002543767  -0.0000541752
   3.7649999874  -0.0001823457  -0.0002549946  -0.0000580751
   3.7699999873  -0.0001871576  -0.0002558261  -0.0000608853
   3.7749999873  -0.0001912595  -0.0002571083  -0.0000626514
   3.7799999873  -0.0001946700  -0.0002589447  -0.0000638106
   3.7849999873  -0.0001976386  -0.0002612879  -0.0000650263
   3.7899999873  -0.0002005190  -0.0002639726  -0.0000669452
   3.7949999873  -0.0002036111  -0.0002667834  -0.0000699560
   3.7999999872  -0.0002070218  -0.0002695386  -0.0000740256
   3.8049999872  -0.0002105914  -0.0002721611  -0.0000786673
   3.8099999872  -0.0002139095  -0.0002747145  -0.0000830534
   3.8149999872  -0.0002164176  -0.0002773911  -0.0000862418
   3.8199999872  -0.0002175673  -0.0002804568  -0.0000874479
   3.8249999872  -0.0002169843  -0.0002841682  -0.0000862796
   3.8299999871  -0.0002145889  -0.0002886880  -0.0000828625
   3.8349999871  -0.0002106340  -0.0002940255  -0.0000778176
   3.8399999871  -0.0002056494  -0.0003000202  -0.0000720953
   3.8449999871  -0.0002003082  -0.0003063738  -0.0000667154
   3.8499999871  -0.0001952557  -0.0003127223  -0.0000624918
   3.8549999871  -0.0001909530  -0.0003187255  -0.0000598228
   3.8599999870  -0.0001875802  -0.0003241478  -0.0000586093
   3.8649999870  -0.0001850283  -0.0003289067  -0.0000583244
   3.8699999870  -0.0001829785  -0.0003330749  -0.0000582100
   3.8749999870  -0.0001810434  -0.0003368373  -0.0000575396
   3.8799999870  -0.0001789235  -0.0003404169  -0.0000558647
   3.8849999870  -0.0001765304  -0.0003439935  -0.0000531705
   3.8899999869  -0.0001740388  -0.0003476416  -0.0000498915
   3.8949999869  -0.0001718494  -0.0003513062  -0.0000467851
   3.8999999869  -0.0001704772  -0.0003548245  -0.0000447000
   3.9049999869  -0.0001703972  -0.0003579869  -0.0000443129
   3.9099999869  -0.0001718968  -0.0003606172  -0.0000459115
   3.9149999869  -0.0001749791  -0.0003626485  -0.0000492925
   3.9199999868  -0.0001793468  -0.0003641695  -0.0000538039
   3.9249999868  -0.0001844715  -0.0003654264  -0.0000585201
   3.9299999868  -0.0001897280  -0.0003667786  -0.0000624976
   3.9349999868  -0.0001945535  -0.0003686206  -0.0000650349
   3.9399999868  -0.0001985852  -0.0003712910  -0.0000658609
   3.9449999868  -0.0002017377  -0.0003749958  -0.0000651966
   3.9499999867  -0.0002041979  -0.0003797666  -0.0000636743
   3.9549999867  -0.0002063429  -0.0003854659  -0.0000621395
   3.9599999867  -0.0002086055  -0.0003918362  -0.0000613960
   3.9649999867  -0.0002113304  -0.0003985790  -0.0000619700
   3.9699999867  -0.0002146618  -0.0004054394  -0.0000639616
   3.9749999867  -0.0002184963  -0.0004122718  -0.0000670263
   3.9799999866  -0.0002225129  -0.0004190697  -0.0000704885
   3.9849999866  -0.0002262696  -0.0004259492  -0.0000735523
   3.9899999866  -0.0002293366  -0.0004330958  -0.0000755451
   3.9949999866  -0.0002314267  -0.0004406878  -0.0000761225
   3.9999999866  -0.0002324839  -0.0004488228  -0.0000753751
   4.0049999866  -0.0002327060  -0.0004574667  -0.0000738077
   4.0099999865  -0.0002324946  -0.0004664433  -0.0000721987
   4.0149999865  -0.0002323498  -0.0004754640  -0.0000713833
   4.0199999865  -0.0002327384  -0.0004841927  -0.0000720227
   4.0249999865  -0.0002339763  -0.0004923246  -0.0000744274
   4.0299999865  -0.0002361550  -0.0004996571  -0.0000784828
   4.0349999864  -0.0002391336  -0.0005061345  -0.0000836962
   4.0399999864  -0.0002425954  -0.0005118518  -0.0000893500
   4.0449999864  -0.0002461505  -0.0005170204  -0.0000947133
   4.0499999864  -0.0002494552  -0.0005219050  -0.0000992523
   4.0549999864  -0.0002523114  -0.0005267506  -0.0001027780
   4.0599999864  -0.0002547204  -0.0005317207  -0.0001054931
   4.0649999863  -0.0002568773  -0.0005368640  -0.0001079256
   4.0699999863  -0.0002591079  -0.0005421173  -0.0001107723
   4.0749999863  -0.0002617708  -0.0005473428  -0.0001146975
   4.0799999863  -0.0002651520  -0.0005523873  -0.0001201453
   4.0849999863  -0.0002693839  -0.0005571452  -0.0001272170
   4.0899999863  -0.0002744115  -0.0005616061  -0.0001356453
   4.0949999862  -0.0002800155  -0.0005658738  -0.0001448688
   4.0999999862  -0.0002858849  -0.0005701506  -0.0001541822
   4.1049999862  -0.0002917194  -0.0005746910  -0.0001629157
   4.1099999862  -0.0002973335  -0.0005797399  -0.0001705921
   4.1149999862  -0.0003027327  -0.0005854699  -0.0001770163
   4.1199999862  -0.0003081445  -0.0005919373  -0.0001822739
   4.1249999861  -0.0003139947  -0.0005990676  -0.0001866420
   4.1299999861  -0.0003208383  -0.0006066732  -0.0001904394
   4.1349999861  -0.0003292632  -0.0006144995  -0.0001938616
   4.1399999861  -0.0003397932  -0.0006222837  -0.0001968508
   4.1449999861  -0.0003528144  -0.0006298123  -0.0001990378
   4.1499999861  -0.0003685402  -0.0006369595  -0.0001997767
   4.1549999860  -0.0003870202  -0.0006436986  -0.0001982644
   4.1599999860  -0.0004081831  -0.0006500829  -0.0001937170
   4.1649999860  -0.0004318952  -0.0006562029  -0.0001855603
   4.1699999860  -0.0004580091  -0.0006621335  -0.0001735875
   4.1749999860  -0.0004863838  -0.0006678858  -0.0001580522
   4.1799999860  -0.0005168613  -0.0006733783  -0.0001396798
   4.1849999859  -0.0005491989  -0.0006784369  -0.0001196058
   4.1899999859  -0.0005829700  -0.0006828223  -0.0000992699
   4.1949999859  -0.0006174534  -0.0006862797  -0.0000803027
   4.1999999859  -0.0006515346  -0.0006885976  -0.0000644456
   4.2049999859  -0.0006836434  -0.0006896583  -0.0000535301
   4.2099999859  -0.0007117394  -0.0006894694  -0.0000495247
   4.2149999858  -0.0007333495  -0.0006881669  -0.0000546348
   4.2199999858  -0.0007456467  -0.0006859895  -0.0000714245
   4.2249999858  -0.0007455555  -0.0006832337  -0.0001029189
   4.2299999858  -0.0007298605  -0.0006802007  -0.0001526478
   4.2349999858  -0.0006953026  -0.0006771500  -0.0002246024
   4.2399999858  -0.0006386536  -0.0006742737  -0.0003231009
   4.2449999857  -0.0005567670  -0.0006716950  -0.0004525725
   4.2499999857  -0.0004466190  -0.0006694926  -0.0006172942
   4.2549999857  -0.0003053531  -0.0006677396  -0.0008211198
   4.2599999857  -0.0001303496  -0.0006665452  -0.0010672378
   4.2649999857   0.0000806695  -0.0006660853  -0.0013579882
   4.2699999857   0.0003294942  -0.0006666093  -0.0016947459
   4.2749999856   0.0006172469  -0.0006684195  -0.0020778624
   4.2799999856   0.0009441876  -0.0006718258  -0.0025066421
   4.2849999856   0.0013095277  -0.0006770854  -0.0029793237
   4.2899999856   0.0017112804  -0.0006843407  -0.0034930398
   4.2949999856   0.0021461651  -0.0006935707  -0.0040437426
   4.2999999856   0.0026095823  -0.0007045652  -0.0046260985
   4.3049999855   0.0030956545  -0.0007169273  -0.0052333745
   4.3099999855   0.0035973270  -0.0007301000  -0.0058573516
   4.3149999855   0.0041065093  -0.0007434083  -0.0064883036
   4.3199999855   0.0046142394  -0.0007561044  -0.0071150734
   4.3249999855   0.0051108570  -0.0007674034  -0.0077252661
   4.3299999855   0.0055861796  -0.0007765013  -0.0083055538
   4.3349999854   0.0060296826  -0.0007825727  -0.0088420726
   4.3399999854   0.0064306949  -0.0007847531  -0.0093208742
   4.3449999854   0.0067786217  -0.0007821142  -0.0097283894
   4.3499999854   0.0070632056  -0.0007736454  -0.0100518665
   4.3549999854   0.0072748280  -0.0007582516  -0.0102797590
   4.3599999854   0.0074048445  -0.0007347744  -0.0104020502
   4.3649999853   0.0074459342  -0.0007020378  -0.0104105231
   4.3699999853   0.0073924371  -0.0006589117  -0.0102989893
   4.3749999853   0.0072406505  -0.0006043840  -0.0100634952
   4.3799999853   0.0069890559  -0.0005376276  -0.0097025177
   4.3849999853   0.0066384589  -0.0004580508  -0.0092171477
   4.3899999853   0.0061920332  -0.0003653242  -0.0086112477
   4.3949999852   0.0056552730  -0.0002593816  -0.0078915552
   4.3999999852   0.0050358657  -0.0001403992  -0.0070676998
   4.4049999852   0.0043435025  -0.0000087631  -0.0061521040
   4.4099999852   0.0035896434   0.0001349656  -0.0051597476
   4.4149999852   0.0027872506   0.0002900770  -0.0041077958
   4.4199999852   0.0019504941   0.0004557252  -0.0030151045
   4.4249999851   0.0010944324   0.0006309263  -0.0019016385
   4.4299999851   0.0002346623   0.0008145477  -0.0007878422
   4.4349999851  -0.0006130635   0.0010052965   0.0003059906
   4.4399999851  -0.0014332517   0.0012017183   0.0013603127
   4.4449999851  -0.0022111049   0.0014022128   0.0023568568
   4.4499999851  -0.0029329659   0.0016050733   0.0032790953
   4.4549999850  -0.0035867408   0.0018085447   0.0041126270
   4.4599999850  -0.0041622772   0.0020108962   0.0048454969
   4.4649999850  -0.0046516661   0.0022104962   0.0054684595
   4.4699999850  -0.0050494490   0.0024058788   0.0059751877
   4.4749999850  -0.0053527153   0.0025957911   0.0063624249
   4.4799999850  -0.0055610900   0.0027792164   0.0066300662
   4.4849999849  -0.0056766193   0.0029553730   0.0067811500
   4.4899999849  -0.0057035716   0.0031236933   0.0068217414
   4.4949999849  -0.0056481747   0.0032837912   0.0067606916
   4.4999999849  -0.0055183087   0.0034354277   0.0066092735
   4.5049999849  -0.0053231739   0.0035784837   0.0063807031
   4.5099999849  -0.0050729434   0.0037129424   0.0060895760
   4.5149999848  -0.0047784094   0.0038388845   0.0057512540
   4.5199999848  -0.0044506259   0.0039564895   0.0053812477
   4.5249999848  -0.0041005501   0.0040660381   0.0049946357
   4.5299999848  -0.0037386893   0.0041679066   0.0046055546
   4.5349999848  -0.0033747598   0.0042625475   0.0042267810
   4.5399999848  -0.0030173758   0.0043504541   0.0038694154
   4.5449999847  -0.0026737823   0.0044321093   0.0035426614
   4.5499999847  -0.0023496548   0.0045079261   0.0032536918
   4.5549999847  -0.0020489798   0.0045781876   0.0030075858
   4.5599999847  -0.0017740292   0.0046429974   0.0028073259
   4.5649999847  -0.0015254292   0.0047022480   0.0026538497
   4.5699999847  -0.0013023163   0.0047556139   0.0025461563
   4.5749999846  -0.0011025645   0.0048025668   0.0024814724
   4.5799999846  -0.0009230599   0.0048424118   0.0024554833
   4.5849999846  -0.0007599972   0.0048743331   0.0024626309
   4.5899999846  -0.0006091749   0.0048974422   0.0024964721
   4.5949999846  -0.0004662681   0.0049108172   0.0025500796
   4.5999999846  -0.0003270691   0.0049135300   0.0026164610
   4.6049999845  -0.0001876895   0.0049046590   0.0026889619
   4.6099999845  -0.0000447246   0.0048832902   0.0027616204
   4.6149999845   0.0001046143   0.0048485152   0.0028294442
   4.6199999845   0.0002623973   0.0047994320   0.0028885893
   4.6249999845   0.0004299005   0.0047351572   0.0029364374
   4.6299999845   0.0006075587   0.0046548521   0.0029715754
   4.6349999844   0.0007949534   0.0045577614   0.0029936976
   4.6399999844   0.0009908405   0.0044432603   0.0030034528
   4.6449999844   0.0011932257   0.0043109007   0.0030022628
   4.6499999844   0.0013994866   0.0041604474   0.0029921316
   4.6549999844   0.0016065390   0.0039918986   0.0029754600
   4.6599999844   0.0018110350   0.0038054838   0.0029548718
   4.6649999843   0.0020095750   0.0036016441   0.0029330486
   4.6699999843   0.0021989153   0.0033809962   0.0029125712
   4.6749999843   0.0023761477   0.0031442924   0.0028957639
   4.6799999843   0.0025388385   0.0028923823   0.0028845421
   4.6849999843   0.0026851134   0.0026261867   0.0028802717
   4.6899999843   0.0028136899   0.0023466858   0.0028836512
   4.6949999842   0.0029238610   0.0020549223   0.0028946352
   4.6999999842   0.0030154424   0.0017520156   0.0029124110
   4.7049999842   0.0030886988   0.0014391784   0.0029354413
   4.7099999842   0.0031442604   0.0011177293   0.0029615719
   4.7149999842   0.0031830427   0.0007890950   0.0029881979
   4.7199999841   0.0032061720   0.0004547981   0.0030124678
   4.7249999841   0.0032149188   0.0001164326   0.0030315038
   4.7299999841   0.0032106348  -0.0002243692   0.0030426105
   4.7349999841   0.0031946889  -0.0005659713   0.0030434492
   4.7399999841   0.0031684002  -0.0009067635   0.0030321626
   4.7449999841   0.0031329679  -0.0012451799   0.0030074439
   4.7499999840   0.0030894016  -0.0015797039   0.0029685528
   4.7549999840   0.0030384621  -0.0019088624   0.0029152907
   4.7599999840   0.0029806210  -0.0022312111   0.0028479487
   4.7649999840   0.0029160482  -0.0025453199   0.0027672436
   4.7699999840   0.0028446341  -0.0028497625   0.0026742519
   4.7749999840   0.0027660442  -0.0031431179   0.0025703473
   4.7799999839   0.0026798027  -0.0034239839   0.0024571401
   4.7849999839   0.0025853942  -0.0036910026   0.0023364132
   4.7899999839   0.0024823673  -0.0039428944   0.0022100496
   4.7949999839   0.0023704297  -0.0041784944   0.0020799464
   4.7999999839   0.0022495186  -0.0043967835   0.0019479171
   4.8049999839   0.0021198434  -0.0045969115   0.0018155879
   4.8099999838   0.0019818950  -0.0047782066   0.0016842995
   4.8149999838   0.0018364274  -0.0049401724   0.0015550299
   4.8199999838   0.0016844189  -0.0050824750   0.0014283490
   4.8249999838   0.0015270217  -0.0052049240   0.0013044175
   4.8299999838   0.0013655089  -0.0053074536   0.0011830312
   4.8349999838   0.0012012266  -0.0053901087   0.0010637052
   4.8399999837   0.0010355539  -0.0054530378   0.0009457882
   4.8449999837   0.0008698691  -0.0054964950   0.0008285877
   4.8499999837   0.0007055218  -0.0055208470   0.0007114881
   4.8549999837   0.0005438031  -0.0055265828   0.0005940461
   4.8599999837   0.0003859131  -0.0055143195   0.0004760514
   4.8649999837   0.0002329231  -0.0054848009   0.0003575496
   4.8699999836   0.0000857339  -0.0054388861   0.0002388300
   4.8749999836  -0.0000549623  -0.0053775272   0.0001203892
   4.8799999836  -0.0001887129  -0.0053017405   0.0000028820
   4.8849999836  -0.0003153170  -0.0052125740  -0.0001129288
   4.8899999836  -0.0004348170  -0.0051110775  -0.0002262137
   4.8949999836  -0.0005474646  -0.0049982801  -0.0003361066
   4.8999999835  -0.0006536657  -0.0048751788  -0.0004417257
   4.9049999835  -0.0007539107  -0.0047427370  -0.0005421913
   4.9099999835  -0.0008487000  -0.0046018936  -0.0006366488
   4.9149999835  -0.0009384759  -0.0044535759  -0.0007243028
   4.9199999835  -0.0010235721  -0.0042987132  -0.0008044642
   4.9249999835  -0.0011041843  -0.0041382444  -0.0008766076
   4.9299999834  -0.0011803660  -0.0039731185  -0.0009404299
   4.9349999834  -0.0012520458  -0.0038042847  -0.0009958980
   4.9399999834  -0.0013190583  -0.0036326756  -0.0010432741
   4.9449999834  -0.0013811822  -0.0034591859  -0.0010831091
   4.9499999834  -0.0014381758  -0.0032846517  -0.0011162009
   4.9549999834  -0.0014898053  -0.0031098354  -0.0011435219
   4.9599999833  -0.0015358628  -0.0029354189  -0.0011661249
   4.9649999833  -0.0015761760  -0.0027620065  -0.0011850426
   4.9699999833  -0.0016106119  -0.0025901358  -0.0012011964
   4.9749999833  -0.0016390799  -0.0024202940  -0.0012153281
   4.9799999833  -0.0016615392  -0.0022529345  -0.0012279619
   4.9849999833  -0.0016780102  -0.0020884887  -0.0012394003
   4.9899999832  -0.0016885919  -0.0019273716  -0.0012497469
   4.9949999832  -0.0016934799  -0.0017699779  -0.0012589489
   4.9999999832  -0.0016929808  -0.0016166714  -0.0012668459
   5.0049999832  -0.0016875177  -0.0014677697  -0.0012732148
   5.0099999832  -0.0016776224  -0.0013235298  -0.0012778037
   5.0149999832  -0.0016639133  -0.0011841373  -0.0012803524
   5.0199999831  -0.0016470588  -0.0010497038  -0.0012806006
   5.0249999831  -0.0016277335  -0.0009202736  -0.0012782919
   5.0299999831  -0.0016065700  -0.0007958373  -0.0012731790
   5.0349999831  -0.0015841170  -0.0006763512  -0.0012650370
   5.0399999831  -0.0015608069  -0.0005617575  -0.0012536871
   5.0449999831  -0.0015369394  -0.0004520002  -0.0012390294
   5.0499999830  -0.0015126812  -0.0003470357  -0.0012210788
   5.0549999830  -0.0014880803  -0.0002468339  -0.0011999965
   5.0599999830  -0.0014630918  -0.0001513719  -0.0011761062
   5.0649999830  -0.0014376085  -0.0000606227  -0.0011498909
   5.0699999830  -0.0014114920   0.0000254580  -0.0011219652
   5.0749999830  -0.0013845989   0.0001069431  -0.0010930259
   5.0799999829  -0.0013568005   0.0001839389  -0.0010637885
   5.0849999829  -0.0013279934   0.0002565832  -0.0010349171
   5.0899999829  -0.0012981051   0.0003250363  -0.0010069623
   5.0949999829  -0.0012670944   0.0003894670  -0.0009803141
   5.0999999829  -0.0012349518   0.0004500378  -0.0009551796
   5.1049999829  -0.0012017005   0.0005068921  -0.0009315854
   5.1099999828  -0.0011674015   0.0005601479  -0.0009094037
   5.1149999828  -0.0011321600   0.0006098993  -0.0008883951
   5.1199999828  -0.0010961328   0.0006562248  -0.0008682583
   5.1249999828  -0.0010595330   0.0006992008  -0.0008486785
   5.1299999828  -0.0010226287   0.0007389159  -0.0008293639
   5.1349999828  -0.0009857330   0.0007754830  -0.0008100688
   5.1399999827  -0.0009491852   0.0008090442  -0.0007906003
   5.1449999827  -0.0009133235   0.0008397686  -0.0007708126
   5.1499999827  -0.0008784535   0.0008678429  -0.0007505954
   5.1549999827  -0.0008448174   0.0008934564  -0.0007298637
   5.1599999827  -0.0008125696   0.0009167859  -0.0007085534
   5.1649999827  -0.0007817627   0.0009379820  -0.0006866275
   5.1699999826  -0.0007523484   0.0009571625  -0.0006640916
   5.1749999826  -0.0007241915   0.0009744119  -0.0006410135
   5.1799999826  -0.0006970958   0.0009897883  -0.0006175413
   5.1849999826  -0.0006708358   0.0010033346  -0.0005939107
   5.1899999826  -0.0006451890   0.0010150917  -0.0005704376
   5.1949999826  -0.0006199625   0.0010251096  -0.0005474924
   5.1999999825  -0.0005950100   0.0010334548  -0.0005254587
   5.2049999825  -0.0005702385   0.0010402114  -0.0005046834
   5.2099999825  -0.0005456042   0.0010454775  -0.0004854266
   5.2149999825  -0.0005211029   0.0010493568  -0.0004678234
   5.2199999825  -0.0004967573   0.0010519488  -0.0004518636
   5.2249999825  -0.0004726066   0.0010533397  -0.0004373954
   5.2299999824  -0.0004487011   0.0010535966  -0.0004241512
   5.2349999824  -0.0004251012   0.0010527661  -0.0004117909
   5.2399999824  -0.0004018812   0.0010508772  -0.0003999527
   5.2449999824  -0.0003791341   0.0010479496  -0.0003883020
   5.2499999824  -0.0003569741   0.0010440035  -0.0003765692
   5.2549999824  -0.0003355340   0.0010390691  -0.0003645695
   5.2599999823  -0.0003149562   0.0010331951  -0.0003522055
   5.2649999823  -0.0002953775   0.0010264518  -0.0003394529
   5.2699999823  -0.0002769105   0.0010189297  -0.0003263382
   5.2749999823  -0.0002596245   0.0010107334  -0.0003129140
   5.2799999823  -0.0002435309   0.0010019716  -0.0002992405
   5.2849999823  -0.0002285765   0.0009927459  -0.0002853768
   5.2899999822  -0.0002146456   0.0009831418  -0.0002713836
   5.2949999822  -0.0002015731   0.0009732226  -0.0002573341
   5.2999999822  -0.0001891644   0.0009630286  -0.0002433287
   5.3049999822  -0.0001772202   0.0009525814  -0.0002295055
   5.3099999822  -0.0001655607   0.0009418925  -0.0002160429
   5.3149999822  -0.0001540461   0.0009309729  -0.0002031489
   5.3199999821  -0.0001425890   0.0009198420  -0.0001910389
   5.3249999821  -0.0001311576   0.0009085330  -0.0001799041
   5.3299999821  -0.0001197702   0.0008970932  -0.0001698789
   5.3349999821  -0.0001084839   0.0008855795  -0.0001610122
   5.3399999821  -0.0000973792   0.0008740498  -0.0001532518
   5.3449999821  -0.0000865455   0.0008625528  -0.0001464454
   5.3499999820  -0.0000760694   0.0008511193  -0.0001403584
   5.3549999820  -0.0000660286   0.0008397566  -0.0001347073
   5.3599999820  -0.0000564904   0.0008284483  -0.0001291998
   5.3649999820  -0.0000475137   0.0008171589  -0.0001235771
   5.3699999820  -0.0000391523   0.0008058430  -0.0001176458
   5.3749999820  -0.0000314562   0.0007944557  -0.0001112981
   5.3799999819  -0.0000244703   0.0007829627  -0.0001045134
   5.3849999819  -0.0000182280   0.0007713469  -0.0000973452
   5.3899999819  -0.0000127425   0.0007596101  -0.0000898963
   5.3949999819  -0.0000079969   0.0007477700  -0.0000822896
   5.3999999819  -0.0000039365   0.0007358526  -0.0000746414
   5.4049999818  -0.0000004667   0.0007238838  -0.0000670442
   5.4099999818   0.0000025424   0.0007118800  -0.0000595599
   5.4149999818   0.0000052440   0.0006998431  -0.0000522258
   5.4199999818   0.0000077970   0.0006877599  -0.0000450671
   5.4249999818   0.0000103457   0.0006756055  -0.0000381130
   5.4299999818   0.0000130012   0.0006633522  -0.0000314083
   5.4349999817   0.0000158275   0.0006509789  -0.0000250179
   5.4399999817   0.0000188359   0.0006384802  -0.0000190203
   5.4449999817   0.0000219871   0.0006258731  -0.0000134928
   5.4499999817   0.0000252026   0.0006131975  -0.0000084914
   5.4549999817   0.0000283795   0.0006005127  -0.0000040307
   5.4599999817   0.0000314087   0.0005878891  -0.0000000711
   5.4649999816   0.0000341902   0.0005753979   0.0000034848
   5.4699999816   0.0000366458   0.0005631005   0.0000067823
   5.4749999816   0.0000387244   0.0005510417   0.0000099944
   5.4799999816   0.0000404031   0.0005392457   0.0000132944
   5.4849999816   0.0000416834   0.0005277182   0.0000168270
   5.4899999816   0.0000425851   0.0005164520   0.0000206838
   5.4949999815   0.0000431400   0.0005054347   0.0000248881
   5.4999999815   0.0000433868   0.0004946567   0.0000293925
   5.5049999815   0.0000433686   0.0004841177   0.0000340877
   5.5099999815   0.0000431325   0.0004738286   0.0000388221
   5.5149999815   0.0000427309   0.0004638104   0.0000434258
   5.5199999815   0.0000422231   0.0004540889   0.0000477365
   5.5249999814   0.0000416763   0.0004446876   0.0000516194
   5.5299999814   0.0000411644   0.0004356204   0.0000549805
   5.5349999814   0.0000407647   0.0004268861   0.0000577697
   5.5399999814   0.0000405511   0.0004184660   0.0000599764
   5.5449999814   0.0000405875   0.0004103252   0.0000616176
   5.5499999814   0.0000409191   0.0004024173   0.0000627251
   5.5549999813   0.0000415662   0.0003946921   0.0000633327
   5.5599999813   0.0000425206   0.0003871027   0.0000634693
   5.5649999813   0.0000437453   0.0003796129   0.0000631576
   5.5699999813   0.0000451788   0.0003722006   0.0000624196
   5.5749999813   0.0000467432   0.0003648585   0.0000612857
   5.5799999813   0.0000483541   0.0003575914   0.0000598052
   5.5849999812   0.0000499313   0.0003504108   0.0000580541
   5.5899999812   0.0000514080   0.0003433281   0.0000561370
   5.5949999812   0.0000527366   0.0003363497   0.0000541809
   5.5999999812   0.0000538904   0.0003294729   0.0000523227
   5.6049999812   0.0000548615   0.0003226861   0.0000506907
   5.6099999812   0.0000556552   0.0003159715   0.0000493859
   5.6149999811   0.0000562827   0.0003093098   0.0000484660
   5.6199999811   0.0000567549   0.0003026868   0.0000479365
   5.6249999811   0.0000570773   0.0002960982   0.0000477510
   5.6299999811   0.0000572481   0.0002895524   0.0000478216
   5.6349999811   0.0000572593   0.0002830709   0.0000480363
   5.6399999811   0.0000571001   0.0002766847   0.0000482800
   5.6449999810   0.0000567612   0.0002704291   0.0000484557
   5.6499999810   0.0000562382   0.0002643376   0.0000484991
   5.6549999810   0.0000555343   0.0002584360   0.0000483870
   5.6599999810   0.0000546590   0.0002527391   0.0000481351
   5.6649999810   0.0000536261   0.0002472496   0.0000477892
   5.6699999810   0.0000524495   0.0002419598   0.0000474103
   5.6749999809   0.0000511384   0.0002368560   0.0000470591
   5.6799999809   0.0000496945   0.0002319231   0.0000467825
   5.6849999809   0.0000481103   0.0002271495   0.0000466056
   5.6899999809   0.0000463714   0.0002225298   0.0000465308
   5.6949999809   0.0000444597   0.0002180660   0.0000465423
   5.6999999809   0.0000423604   0.0002137655   0.0000466155
   5.7049999808   0.0000400677   0.0002096373   0.0000467279
   5.7099999808   0.0000375911   0.0002056878   0.0000468674
   5.7149999808   0.0000349587   0.0002019162   0.0000470362
   5.7199999808   0.0000322176   0.0001983110   0.0000472497
   5.7249999808   0.0000294317   0.0001948494   0.0000475293
   5.7299999808   0.0000266754   0.0001914986   0.0000478914
   5.7349999807   0.0000240267   0.0001882192   0.0000483367
   5.7399999807   0.0000215583   0.0001849705   0.0000488413
   5.7449999807   0.0000193308   0.0001817149   0.0000493538
   5.7499999807   0.0000173876   0.0001784230   0.0000497990
   5.7549999807   0.0000157524   0.0001750752   0.0000500885
   5.7599999807   0.0000144297   0.0001716624   0.0000501366
   5.7649999806   0.0000134087   0.0001681838   0.0000498768
   5.7699999806   0.0000126668   0.0001646437   0.0000492779
   5.7749999806   0.0000121754   0.0001610469   0.0000483524
   5.7799999806   0.0000119028   0.0001573964   0.0000471595
   5.7849999806   0.0000118163   0.0001536904   0.0000457973
   5.7899999806   0.0000118825   0.0001499230   0.0000443900
   5.7949999805   0.0000120657   0.0001460855   0.0000430695
   5.7999999805   0.0000123262   0.0001421702   0.0000419571
   5.8049999805   0.0000126197   0.0001381734   0.0000411485
   5.8099999805   0.0000128978   0.0001340990   0.0000407043
   5.8149999805   0.0000131115   0.0001299602   0.0000406482
   5.8199999805   0.0000132167   0.0001257792   0.0000409712
   5.8249999804   0.0000131805   0.0001215860   0.0000416411
   5.8299999804   0.0000129876   0.0001174147   0.0000426134
   5.8349999804   0.0000126444   0.0001132999   0.0000438409
   5.8399999804   0.0000121806   0.0001092731   0.0000452798
   5.8449999804   0.0000116463   0.0001053600   0.0000468914
   5.8499999804   0.0000111057   0.0001015796   0.0000486392
   5.8549999803   0.0000106280   0.0000979447   0.0000504840
   5.8599999803   0.0000102771   0.0000944639   0.0000523784
   5.8649999803   0.0000101028   0.0000911448   0.0000542640
   5.8699999803   0.0000101333   0.0000879961   0.0000560730
   5.8749999803   0.0000103719   0.0000850302   0.0000577334
   5.8799999803   0.0000107976   0.0000822633   0.0000591795
   5.8849999802   0.0000113686   0.0000797149   0.0000603629
   5.8899999802   0.0000120286   0.0000774046   0.0000612635
   5.8949999802   0.0000127134   0.0000753493   0.0000618963
   5.8999999802   0.0000133585   0.0000735593   0.0000623132
   5.9049999802   0.0000139035   0.0000720350   0.0000625974
   5.9099999802   0.0000142963   0.0000707657   0.0000628522
   5.9149999801   0.0000144950   0.0000697292   0.0000631859
   5.9199999801   0.0000144681   0.0000688934   0.0000636943
   5.9249999801   0.0000141943   0.0000682198   0.0000644459
   5.9299999801   0.0000136629   0.0000676665   0.0000654715
   5.9349999801   0.0000128732   0.0000671928   0.0000667594
   5.9399999801   0.0000118360   0.0000667616   0.0000682584
   5.9449999800   0.0000105743   0.0000663410   0.0000698862
   5.9499999800   0.0000091241   0.0000659051   0.0000715425
   5.9549999800   0.0000075350   0.0000654325   0.0000731228
   5.9599999800   0.0000058684   0.0000649047   0.0000745318
   5.9649999800   0.0000041946   0.0000643041   0.0000756927
   5.9699999800   0.0000025877   0.0000636124   0.0000765523
   5.9749999799   0.0000011194   0.0000628100   0.0000770806
   5.9799999799  -0.0000001485   0.0000618773   0.0000772682
   5.9849999799  -0.0000011698   0.0000607969   0.0000771196
   5.9899999799  -0.0000019200   0.0000595559   0.0000766487
   5.9949999799  -0.0000023976   0.0000581499   0.0000758741
