   0.0000000000   0.0000000000   0.0000000000   0.0000000000
   0.0050000000   0.0000000000   0.0000000000   0.0000000000
   0.0100000000   0.0000000000   0.0000000000   0.0000000000
   0.0149999999   0.0000000000   0.0000000000   0.0000000000
   0.0199999999   0.0000000000   0.0000000000   0.0000000000
   0.0249999999   0.0000000000   0.0000000000   0.0000000000
   0.0299999999   0.0000000000   0.0000000000   0.0000000000
   0.0349999999   0.0000000000   0.0000000000   0.0000000000
   0.0399999999   0.0000000000   0.0000000000   0.0000000000
   0.0449999998   0.0000000000   0.0000000000   0.0000000000
   0.0499999998   0.0000000000   0.0000000000   0.0000000000
   0.0549999998   0.0000000000   0.0000000000   0.0000000000
   0.0599999998   0.0000000000   0.0000000000   0.0000000000
   0.0649999998   0.0000000000   0.0000000000   0.0000000000
   0.0699999998   0.0000000000   0.0000000000   0.0000000000
   0.0749999997   0.0000000000  -0.0000000000   0.0000000000
   0.0799999997  -0.0000000000   0.0000000000  -0.0000000000
   0.0849999997   0.0000000000  -0.0000000000  -0.0000000000
   0.0899999997  -0.0000000000   0.0000000000  -0.0000000000
   0.0949999997  -0.0000000000   0.0000000000  -0.0000000000
   0.0999999997  -0.0000000000   0.0000000000  -0.0000000000
   0.1049999996  -0.0000000000   0.0000000000  -0.0000000000
   0.1099999996  -0.0000000000   0.0000000000  -0.0000000000
   0.1149999996   0.0000000000   0.0000000000   0.0000000000
   0.1199999996   0.0000000000  -0.0000000000   0.0000000000
   0.1249999996   0.0000000000  -0.0000000000   0.0000000000
   0.1299999996   0.0000000000  -0.0000000000   0.0000000000
   0.1349999995   0.0000000000  -0.0000000000   0.0000000000
   0.1399999995   0.0000000000  -0.0000000000   0.0000000000
   0.1449999995   0.0000000000  -0.0000000000   0.0000000000
   0.1499999995   0.0000000000  -0.0000000000   0.0000000000
   0.1549999995   0.0000000000  -0.0000000000   0.0000000000
   0.1599999995   0.0000000000  -0.0000000000   0.0000000000
   0.1649999994   0.0000000000  -0.0000000000   0.0000000000
   0.1699999994  -0.0000000000   0.0000000000  -0.0000000000
   0.1749999994  -0.0000000000   0.0000000000  -0.0000000000
   0.1799999994  -0.0000000000   0.0000000000  -0.0000000000
   0.1849999994  -0.0000000000   0.0000000000  -0.0000000000
   0.1899999994  -0.0000000000   0.0000000000  -0.0000000000
   0.1949999993  -0.0000000000   0.0000000000  -0.0000000000
   0.1999999993  -0.0000000000   0.0000000000  -0.0000000000
   0.2049999993   0.0000000000  -0.0000000000   0.0000000000
   0.2099999993   0.0000000000  -0.0000000000   0.0000000000
   0.2149999993   0.0000000000  -0.0000000000   0.0000000000
   0.2199999993   0.0000000000  -0.0000000000   0.0000000000
   0.2249999992   0.0000000000  -0.0000000000   0.0000000000
   0.2299999992   0.0000000000  -0.0000000000   0.0000000000
   0.2349999992   0.0000000000  -0.0000000000   0.0000000000
   0.2399999992   0.0000000000  -0.0000000000   0.0000000000
   0.2449999992   0.0000000000  -0.0000000000   0.0000000000
   0.2499999992   0.0000000000  -0.0000000000   0.0000000000
   0.2549999991   0.0000000000  -0.0000000000   0.0000000000
   0.2599999991   0.0000000000  -0.0000000000   0.0000000000
   0.2649999991   0.0000000000  -0.0000000000   0.0000000000
   0.2699999991   0.0000000000  -0.0000000000   0.0000000000
   0.2749999991   0.0000000000  -0.0000000000   0.0000000000
   0.2799999991   0.0000000000  -0.0000000000   0.0000000000
   0.2849999990   0.0000000000  -0.0000000000   0.0000000000
   0.2899999990   0.0000000000  -0.0000000000   0.0000000000
   0.2949999990   0.0000000000  -0.0000000000   0.0000000000
   0.2999999990   0.0000000000  -0.0000000000   0.0000000000
   0.3049999990   0.0000000000  -0.0000000000   0.0000000000
   0.3099999990   0.0000000000  -0.0000000000   0.0000000000
   0.3149999989   0.0000000000  -0.0000000000   0.0000000000
   0.3199999989   0.0000000000  -0.0000000000   0.0000000000
   0.3249999989   0.0000000000  -0.0000000000   0.0000000000
   0.3299999989   0.0000000000  -0.0000000000   0.0000000000
   0.3349999989   0.0000000000  -0.0000000000   0.0000000000
   0.3399999989   0.0000000000  -0.0000000000   0.0000000000
   0.3449999988   0.0000000000  -0.0000000000   0.0000000000
   0.3499999988   0.0000000000  -0.0000000000   0.0000000000
   0.3549999988   0.0000000000  -0.0000000000   0.0000000000
   0.3599999988   0.0000000000  -0.0000000000   0.0000000000
   0.3649999988   0.0000000000   0.0000000000   0.0000000000
   0.3699999988   0.0000000000   0.0000000000   0.0000000000
   0.3749999987  -0.0000000000   0.0000000000  -0.0000000000
   0.3799999987  -0.0000000000   0.0000000000  -0.0000000000
   0.3849999987  -0.0000000000   0.0000000000  -0.0000000000
   0.3899999987  -0.0000000000   0.0000000000  -0.0000000000
   0.3949999987  -0.0000000000   0.0000000000  -0.0000000000
   0.3999999987  -0.0000000000   0.0000000000  -0.0000000000
   0.4049999986  -0.0000000000   0.0000000000  -0.0000000000
   0.4099999986  -0.0000000000   0.0000000000  -0.0000000000
   0.4149999986  -0.0000000000   0.0000000000  -0.0000000000
   0.4199999986  -0.0000000000   0.0000000000  -0.0000000000
   0.4249999986  -0.0000000000   0.0000000000  -0.0000000000
   0.4299999986  -0.0000000000   0.0000000000  -0.0000000000
   0.4349999985  -0.0000000000   0.0000000000  -0.0000000000
   0.4399999985  -0.0000000000   0.0000000000  -0.0000000000
   0.4449999985  -0.0000000000   0.0000000000  -0.0000000000
   0.4499999985  -0.0000000000   0.0000000000  -0.0000000000
   0.4549999985  -0.0000000000   0.0000000000  -0.0000000000
   0.4599999985  -0.0000000000   0.0000000000  -0.0000000000
   0.4649999984  -0.0000000000   0.0000000000  -0.0000000000
   0.4699999984  -0.0000000000   0.0000000000  -0.0000000000
   0.4749999984  -0.0000000000   0.0000000000  -0.0000000000
   0.4799999984  -0.0000000000   0.0000000000  -0.0000000000
   0.4849999984  -0.0000000000   0.0000000000  -0.0000000000
   0.4899999984  -0.0000000000   0.0000000000  -0.0000000000
   0.4949999983  -0.0000000000   0.0000000000  -0.0000000000
   0.4999999983  -0.0000000000   0.0000000000  -0.0000000000
   0.5049999983  -0.0000000000   0.0000000000  -0.0000000000
   0.5099999983  -0.0000000000   0.0000000000  -0.0000000000
   0.5149999983  -0.0000000000   0.0000000000  -0.0000000000
   0.5199999983  -0.0000000000   0.0000000000  -0.0000000000
   0.5249999982  -0.0000000000   0.0000000000  -0.0000000000
   0.5299999982  -0.0000000000   0.0000000000  -0.0000000000
   0.5349999982  -0.0000000000   0.0000000000  -0.0000000000
   0.5399999982  -0.0000000000   0.0000000000  -0.0000000000
   0.5449999982   0.0000000000   0.0000000000   0.0000000000
   0.5499999982   0.0000000000   0.0000000000   0.0000000000
   0.5549999981   0.0000000000   0.0000000000   0.0000000000
   0.5599999981   0.0000000000   0.0000000000   0.0000000000
   0.5649999981   0.0000000000   0.0000000000   0.0000000000
   0.5699999981   0.0000000000   0.0000000000   0.0000000000
   0.5749999981   0.0000000000   0.0000000000   0.0000000000
   0.5799999981   0.0000000000   0.0000000000   0.0000000000
   0.5849999980   0.0000000000   0.0000000000   0.0000000000
   0.5899999980   0.0000000000   0.0000000000   0.0000000000
   0.5949999980   0.0000000000   0.0000000000   0.0000000000
   0.5999999980   0.0000000000  -0.0000000000   0.0000000000
   0.6049999980   0.0000000000  -0.0000000000   0.0000000000
   0.6099999980   0.0000000000  -0.0000000000   0.0000000000
   0.6149999979   0.0000000000  -0.0000000000  -0.0000000000
   0.6199999979  -0.0000000000  -0.0000000000  -0.0000000000
   0.6249999979  -0.0000000000  -0.0000000000  -0.0000000000
   0.6299999979  -0.0000000000  -0.0000000000  -0.0000000000
   0.6349999979  -0.0000000000  -0.0000000000  -0.0000000000
   0.6399999979  -0.0000000000  -0.0000000000  -0.0000000000
   0.6449999978  -0.0000000000  -0.0000000000  -0.0000000000
   0.6499999978  -0.0000000000  -0.0000000000  -0.0000000000
   0.6549999978  -0.0000000000  -0.0000000000  -0.0000000000
   0.6599999978  -0.0000000000  -0.0000000000  -0.0000000000
   0.6649999978  -0.0000000000   0.0000000000  -0.0000000000
   0.6699999978   0.0000000000   0.0000000000   0.0000000000
   0.6749999977   0.0000000000   0.0000000000   0.0000000000
   0.6799999977   0.0000000000   0.0000000000   0.0000000000
   0.6849999977   0.0000000000   0.0000000000   0.0000000000
   0.6899999977   0.0000000000   0.0000000000   0.0000000000
   0.6949999977   0.0000000000   0.0000000000   0.0000000000
   0.6999999976   0.0000000000   0.0000000000   0.0000000000
   0.7049999976   0.0000000000   0.0000000000   0.0000000000
   0.7099999976   0.0000000000   0.0000000000   0.0000000000
   0.7149999976   0.0000000000   0.0000000000   0.0000000000
   0.7199999976   0.0000000000   0.0000000000   0.0000000000
   0.7249999976   0.0000000000   0.0000000000   0.0000000000
   0.7299999975   0.0000000000   0.0000000000   0.0000000000
   0.7349999975   0.0000000000   0.0000000000   0.0000000000
   0.7399999975   0.0000000000   0.0000000000   0.0000000000
   0.7449999975   0.0000000000   0.0000000000   0.0000000000
   0.7499999975   0.0000000000   0.0000000000   0.0000000000
   0.7549999975   0.0000000000   0.0000000000   0.0000000000
   0.7599999974   0.0000000000   0.0000000000   0.0000000000
   0.7649999974   0.0000000000   0.0000000000   0.0000000000
   0.7699999974   0.0000000000   0.0000000000   0.0000000000
   0.7749999974   0.0000000000   0.0000000000   0.0000000000
   0.7799999974   0.0000000000   0.0000000000   0.0000000000
   0.7849999974   0.0000000000   0.0000000000   0.0000000000
   0.7899999973   0.0000000000   0.0000000000   0.0000000000
   0.7949999973   0.0000000000   0.0000000000   0.0000000000
   0.7999999973   0.0000000000   0.0000000000   0.0000000000
   0.8049999973   0.0000000000   0.0000000000   0.0000000000
   0.8099999973   0.0000000000   0.0000000000   0.0000000000
   0.8149999973   0.0000000000   0.0000000000   0.0000000000
   0.8199999972   0.0000000000   0.0000000000   0.0000000000
   0.8249999972   0.0000000000   0.0000000000   0.0000000000
   0.8299999972   0.0000000000   0.0000000000   0.0000000000
   0.8349999972   0.0000000000   0.0000000000   0.0000000000
   0.8399999972   0.0000000000   0.0000000000   0.0000000000
   0.8449999972   0.0000000000   0.0000000000   0.0000000000
   0.8499999971   0.0000000000   0.0000000000   0.0000000000
   0.8549999971   0.0000000000   0.0000000000   0.0000000000
   0.8599999971   0.0000000000   0.0000000000   0.0000000000
   0.8649999971   0.0000000000   0.0000000000   0.0000000000
   0.8699999971   0.0000000000   0.0000000000   0.0000000000
   0.8749999971   0.0000000000   0.0000000000   0.0000000000
   0.8799999970   0.0000000000   0.0000000000   0.0000000000
   0.8849999970   0.0000000000   0.0000000000   0.0000000000
   0.8899999970   0.0000000000   0.0000000000   0.0000000000
   0.8949999970   0.0000000000   0.0000000000   0.0000000000
   0.8999999970   0.0000000000   0.0000000000   0.0000000000
   0.9049999970   0.0000000000   0.0000000000   0.0000000000
   0.9099999969   0.0000000000   0.0000000000   0.0000000000
   0.9149999969   0.0000000000   0.0000000000   0.0000000000
   0.9199999969  -0.0000000000   0.0000000000   0.0000000000
   0.9249999969  -0.0000000000  -0.0000000000  -0.0000000000
   0.9299999969  -0.0000000000  -0.0000000000  -0.0000000000
   0.9349999969  -0.0000000000  -0.0000000000  -0.0000000000
   0.9399999968  -0.0000000000  -0.0000000000  -0.0000000000
   0.9449999968  -0.0000000000  -0.0000000000  -0.0000000000
   0.9499999968  -0.0000000000  -0.0000000000  -0.0000000000
   0.9549999968  -0.0000000000  -0.0000000000  -0.0000000000
   0.9599999968  -0.0000000000  -0.0000000000  -0.0000000000
   0.9649999968  -0.0000000000  -0.0000000000  -0.0000000000
   0.9699999967  -0.0000000000  -0.0000000000  -0.0000000000
   0.9749999967  -0.0000000000  -0.0000000000  -0.0000000000
   0.9799999967  -0.0000000000  -0.0000000000  -0.0000000000
   0.9849999967  -0.0000000000  -0.0000000000  -0.0000000000
   0.9899999967  -0.0000000000  -0.0000000000  -0.0000000000
   0.9949999967   0.0000000000  -0.0000000000  -0.0000000000
   0.9999999966   0.0000000000   0.0000000000   0.0000000000
   1.0049999966   0.0000000000   0.0000000000   0.0000000000
   1.0099999966   0.0000000000   0.0000000000   0.0000000000
   1.0149999966   0.0000000000   0.0000000000   0.0000000000
   1.0199999966   0.0000000000   0.0000000000   0.0000000000
   1.0249999966   0.0000000000   0.0000000000   0.0000000000
   1.0299999965   0.0000000000   0.0000000000   0.0000000000
   1.0349999965   0.0000000000   0.0000000000   0.0000000000
   1.0399999965   0.0000000000   0.0000000000   0.0000000000
   1.0449999965   0.0000000000   0.0000000000   0.0000000000
   1.0499999965   0.0000000000   0.0000000000   0.0000000000
   1.0549999965   0.0000000000   0.0000000000   0.0000000000
   1.0599999964  -0.0000000000  -0.0000000000  -0.0000000000
   1.0649999964  -0.0000000000  -0.0000000000  -0.0000000000
   1.0699999964  -0.0000000000  -0.0000000000  -0.0000000000
   1.0749999964  -0.0000000000  -0.0000000000  -0.0000000000
   1.0799999964  -0.0000000000  -0.0000000000  -0.0000000000
   1.0849999964  -0.0000000000  -0.0000000000  -0.0000000000
   1.0899999963  -0.0000000000  -0.0000000000  -0.0000000000
   1.0949999963  -0.0000000000  -0.0000000000  -0.0000000000
   1.0999999963  -0.0000000000  -0.0000000000  -0.0000000000
   1.1049999963  -0.0000000000  -0.0000000000  -0.0000000000
   1.1099999963  -0.0000000000  -0.0000000000  -0.0000000000
   1.1149999963   0.0000000000   0.0000000000   0.0000000000
   1.1199999962   0.0000000000   0.0000000000   0.0000000000
   1.1249999962   0.0000000000   0.0000000000   0.0000000000
   1.1299999962   0.0000000000   0.0000000000   0.0000000000
   1.1349999962   0.0000000000   0.0000000000   0.0000000000
   1.1399999962   0.0000000000   0.0000000000   0.0000000000
   1.1449999962   0.0000000000   0.0000000000   0.0000000000
   1.1499999961   0.0000000000   0.0000000000   0.0000000000
   1.1549999961   0.0000000000   0.0000000000   0.0000000000
   1.1599999961   0.0000000000   0.0000000000   0.0000000000
   1.1649999961  -0.0000000000   0.0000000000  -0.0000000000
   1.1699999961  -0.0000000000  -0.0000000000  -0.0000000000
   1.1749999961  -0.0000000000  -0.0000000000  -0.0000000000
   1.1799999960  -0.0000000000  -0.0000000000  -0.0000000000
   1.1849999960  -0.0000000000  -0.0000000000  -0.0000000000
   1.1899999960  -0.0000000000  -0.0000000000  -0.0000000000
   1.1949999960  -0.0000000000  -0.0000000000  -0.0000000000
   1.1999999960  -0.0000000000  -0.0000000000  -0.0000000000
   1.2049999960  -0.0000000000  -0.0000000000  -0.0000000000
   1.2099999959  -0.0000000000  -0.0000000000  -0.0000000000
   1.2149999959   0.0000000000   0.0000000000   0.0000000000
   1.2199999959   0.0000000000   0.0000000000   0.0000000000
   1.2249999959   0.0000000000   0.0000000000   0.0000000000
   1.2299999959   0.0000000000   0.0000000000   0.0000000000
   1.2349999959   0.0000000000   0.0000000000   0.0000000000
   1.2399999958   0.0000000000   0.0000000000   0.0000000000
   1.2449999958   0.0000000000   0.0000000000   0.0000000000
   1.2499999958   0.0000000000   0.0000000000   0.0000000000
   1.2549999958   0.0000000000   0.0000000000   0.0000000000
   1.2599999958  -0.0000000000   0.0000000000  -0.0000000000
   1.2649999958  -0.0000000000  -0.0000000000  -0.0000000000
   1.2699999957  -0.0000000000  -0.0000000000  -0.0000000000
   1.2749999957  -0.0000000000  -0.0000000000  -0.0000000000
   1.2799999957  -0.0000000000  -0.0000000000  -0.0000000000
   1.2849999957  -0.0000000000  -0.0000000000  -0.0000000000
   1.2899999957  -0.0000000000  -0.0000000000  -0.0000000000
   1.2949999957  -0.0000000000  -0.0000000000  -0.0000000000
   1.2999999956  -0.0000000000  -0.0000000000  -0.0000000000
   1.3049999956   0.0000000000  -0.0000000000   0.0000000000
   1.3099999956   0.0000000000   0.0000000000   0.0000000000
   1.3149999956   0.0000000000   0.0000000000   0.0000000000
   1.3199999956   0.0000000000   0.0000000000   0.0000000000
   1.3249999956   0.0000000000   0.0000000000   0.0000000000
   1.3299999955   0.0000000000   0.0000000000   0.0000000000
   1.3349999955   0.0000000000   0.0000000000   0.0000000000
   1.3399999955   0.0000000000   0.0000000000   0.0000000000
   1.3449999955   0.0000000000   0.0000000000   0.0000000000
   1.3499999955   0.0000000000   0.0000000000   0.0000000000
   1.3549999954   0.0000000000   0.0000000000   0.0000000000
   1.3599999954   0.0000000000   0.0000000000  -0.0000000000
   1.3649999954  -0.0000000000  -0.0000000000  -0.0000000000
   1.3699999954  -0.0000000000  -0.0000000000  -0.0000000000
   1.3749999954  -0.0000000000  -0.0000000000  -0.0000000000
   1.3799999954  -0.0000000000  -0.0000000000  -0.0000000000
   1.3849999953  -0.0000000000  -0.0000000000  -0.0000000000
   1.3899999953  -0.0000000000  -0.0000000000  -0.0000000000
   1.3949999953  -0.0000000000  -0.0000000000  -0.0000000000
   1.3999999953  -0.0000000000  -0.0000000000  -0.0000000000
   1.4049999953  -0.0000000000  -0.0000000000  -0.0000000000
   1.4099999953  -0.0000000000  -0.0000000000  -0.0000000000
   1.4149999952  -0.0000000000  -0.0000000000  -0.0000000000
   1.4199999952  -0.0000000000  -0.0000000000  -0.0000000000
   1.4249999952  -0.0000000000  -0.0000000000  -0.0000000000
   1.4299999952  -0.0000000000  -0.0000000000  -0.0000000000
   1.4349999952  -0.0000000000  -0.0000000000  -0.0000000000
   1.4399999952   0.0000000000   0.0000000000   0.0000000000
   1.4449999951   0.0000000000   0.0000000000   0.0000000000
   1.4499999951   0.0000000000   0.0000000000   0.0000000000
   1.4549999951   0.0000000000   0.0000000000   0.0000000000
   1.4599999951   0.0000000000   0.0000000000   0.0000000000
   1.4649999951   0.0000000000   0.0000000000   0.0000000000
   1.4699999951   0.0000000000   0.0000000000   0.0000000000
   1.4749999950   0.0000000000   0.0000000000   0.0000000000
   1.4799999950   0.0000000000   0.0000000000   0.0000000000
   1.4849999950   0.0000000000   0.0000000000   0.0000000000
   1.4899999950   0.0000000000   0.0000000000   0.0000000000
   1.4949999950  -0.0000000000   0.0000000000  -0.0000000000
   1.4999999950  -0.0000000000  -0.0000000000  -0.0000000000
   1.5049999949  -0.0000000000  -0.0000000000  -0.0000000000
   1.5099999949  -0.0000000000  -0.0000000000  -0.0000000000
   1.5149999949  -0.0000000000  -0.0000000000  -0.0000000000
   1.5199999949  -0.0000000000  -0.0000000000  -0.0000000000
   1.5249999949  -0.0000000000  -0.0000000000  -0.0000000000
   1.5299999949  -0.0000000000  -0.0000000000  -0.0000000000
   1.5349999948  -0.0000000000  -0.0000000000  -0.0000000000
   1.5399999948  -0.0000000000  -0.0000000000  -0.0000000000
   1.5449999948  -0.0000000000  -0.0000000000  -0.0000000000
   1.5499999948   0.0000000000   0.0000000000   0.0000000000
   1.5549999948   0.0000000000   0.0000000000   0.0000000000
   1.5599999948   0.0000000000   0.0000000000   0.0000000000
   1.5649999947   0.0000000000   0.0000000000   0.0000000000
   1.5699999947   0.0000000000   0.0000000000   0.0000000000
   1.5749999947   0.0000000001   0.0000000000   0.0000000001
   1.5799999947   0.0000000001   0.0000000000   0.0000000001
   1.5849999947   0.0000000000   0.0000000000   0.0000000000
   1.5899999947   0.0000000000   0.0000000000   0.0000000000
   1.5949999946   0.0000000000   0.0000000000   0.0000000000
   1.5999999946  -0.0000000000  -0.0000000000  -0.0000000000
   1.6049999946  -0.0000000001  -0.0000000000  -0.0000000001
   1.6099999946  -0.0000000001  -0.0000000000  -0.0000000001
   1.6149999946  -0.0000000001  -0.0000000001  -0.0000000001
   1.6199999946  -0.0000000001  -0.0000000001  -0.0000000001
   1.6249999945  -0.0000000001  -0.0000000001  -0.0000000002
   1.6299999945  -0.0000000001  -0.0000000001  -0.0000000001
   1.6349999945  -0.0000000000  -0.0000000001  -0.0000000001
   1.6399999945   0.0000000000  -0.0000000001  -0.0000000001
   1.6449999945   0.0000000001  -0.0000000000  -0.0000000000
   1.6499999945   0.0000000001   0.0000000000   0.0000000001
   1.6549999944   0.0000000002   0.0000000001   0.0000000002
   1.6599999944   0.0000000002   0.0000000001   0.0000000003
   1.6649999944   0.0000000001   0.0000000002   0.0000000004
   1.6699999944  -0.0000000000   0.0000000002   0.0000000004
   1.6749999944  -0.0000000002   0.0000000003   0.0000000004
   1.6799999944  -0.0000000004   0.0000000003   0.0000000004
   1.6849999943  -0.0000000006   0.0000000003   0.0000000004
   1.6899999943  -0.0000000007   0.0000000003   0.0000000003
   1.6949999943  -0.0000000008   0.0000000002   0.0000000001
   1.6999999943  -0.0000000008   0.0000000001  -0.0000000001
   1.7049999943  -0.0000000005  -0.0000000001  -0.0000000004
   1.7099999943  -0.0000000001  -0.0000000003  -0.0000000007
   1.7149999942   0.0000000005  -0.0000000005  -0.0000000010
   1.7199999942   0.0000000013  -0.0000000008  -0.0000000013
   1.7249999942   0.0000000022  -0.0000000010  -0.0000000016
   1.7299999942   0.0000000030  -0.0000000012  -0.0000000017
   1.7349999942   0.0000000037  -0.0000000014  -0.0000000017
   1.7399999942   0.0000000040  -0.0000000014  -0.0000000016
   1.7449999941   0.0000000039  -0.0000000013  -0.0000000012
   1.7499999941   0.0000000032  -0.0000000010  -0.0000000006
   1.7549999941   0.0000000018  -0.0000000005   0.0000000003
   1.7599999941  -0.0000000001   0.0000000001   0.0000000014
   1.7649999941  -0.0000000026   0.0000000010   0.0000000025
   1.7699999941  -0.0000000053   0.0000000019   0.0000000038
   1.7749999940  -0.0000000079   0.0000000029   0.0000000049
   1.7799999940  -0.0000000101   0.0000000038   0.0000000057
   1.7849999940  -0.0000000115   0.0000000045   0.0000000060
   1.7899999940  -0.0000000116   0.0000000048   0.0000000058
   1.7949999940  -0.0000000104   0.0000000046   0.0000000048
   1.7999999940  -0.0000000077   0.0000000038   0.0000000031
   1.8049999939  -0.0000000036   0.0000000025   0.0000000006
   1.8099999939   0.0000000014   0.0000000007  -0.0000000023
   1.8149999939   0.0000000068  -0.0000000016  -0.0000000054
   1.8199999939   0.0000000121  -0.0000000039  -0.0000000083
   1.8249999939   0.0000000163  -0.0000000062  -0.0000000107
   1.8299999939   0.0000000189  -0.0000000081  -0.0000000121
   1.8349999938   0.0000000194  -0.0000000092  -0.0000000121
   1.8399999938   0.0000000175  -0.0000000094  -0.0000000107
   1.8449999938   0.0000000134  -0.0000000085  -0.0000000079
   1.8499999938   0.0000000074  -0.0000000065  -0.0000000038
   1.8549999938   0.0000000004  -0.0000000035   0.0000000009
   1.8599999938  -0.0000000068  -0.0000000000   0.0000000058
   1.8649999937  -0.0000000130   0.0000000036   0.0000000100
   1.8699999937  -0.0000000172   0.0000000069   0.0000000129
   1.8749999937  -0.0000000189   0.0000000094   0.0000000140
   1.8799999937  -0.0000000178   0.0000000106   0.0000000131
   1.8849999937  -0.0000000139   0.0000000104   0.0000000103
   1.8899999937  -0.0000000080   0.0000000088   0.0000000059
   1.8949999936  -0.0000000011   0.0000000060   0.0000000006
   1.8999999936   0.0000000056   0.0000000024  -0.0000000045
   1.9049999936   0.0000000109  -0.0000000014  -0.0000000086
   1.9099999936   0.0000000137  -0.0000000047  -0.0000000109
   1.9149999936   0.0000000136  -0.0000000069  -0.0000000109
   1.9199999936   0.0000000104  -0.0000000078  -0.0000000086
   1.9249999935   0.0000000048  -0.0000000070  -0.0000000042
   1.9299999935  -0.0000000023  -0.0000000048   0.0000000013
   1.9349999935  -0.0000000093  -0.0000000016   0.0000000069
   1.9399999935  -0.0000000150   0.0000000019   0.0000000114
   1.9449999935  -0.0000000181   0.0000000052   0.0000000138
   1.9499999935  -0.0000000178   0.0000000073   0.0000000135
   1.9549999934  -0.0000000140   0.0000000080   0.0000000102
   1.9599999934  -0.0000000073   0.0000000068   0.0000000046
   1.9649999934   0.0000000012   0.0000000041  -0.0000000025
   1.9699999934   0.0000000101   0.0000000002  -0.0000000097
   1.9749999934   0.0000000176  -0.0000000041  -0.0000000156
   1.9799999934   0.0000000225  -0.0000000080  -0.0000000191
   1.9849999933   0.0000000239  -0.0000000108  -0.0000000194
   1.9899999933   0.0000000215  -0.0000000118  -0.0000000163
   1.9949999933   0.0000000160  -0.0000000109  -0.0000000104
   1.9999999933   0.0000000083  -0.0000000081  -0.0000000028
   2.0049999933  -0.0000000002  -0.0000000040   0.0000000050
   2.0099999933  -0.0000000079   0.0000000007   0.0000000117
   2.0149999932  -0.0000000137   0.0000000052   0.0000000161
   2.0199999932  -0.0000000169   0.0000000088   0.0000000174
   2.0249999932  -0.0000000172   0.0000000109   0.0000000157
   2.0299999932  -0.0000000151   0.0000000112   0.0000000117
   2.0349999932  -0.0000000115   0.0000000100   0.0000000064
   2.0399999931  -0.0000000073   0.0000000076   0.0000000010
   2.0449999931  -0.0000000034   0.0000000045  -0.0000000033
   2.0499999931  -0.0000000003   0.0000000014  -0.0000000058
   2.0549999931   0.0000000018  -0.0000000012  -0.0000000064
   2.0599999931   0.0000000032  -0.0000000031  -0.0000000054
   2.0649999931   0.0000000044  -0.0000000043  -0.0000000037
   2.0699999930   0.0000000059  -0.0000000048  -0.0000000021
   2.0749999930   0.0000000077  -0.0000000051  -0.0000000016
   2.0799999930   0.0000000099  -0.0000000052  -0.0000000024
   2.0849999930   0.0000000116  -0.0000000055  -0.0000000042
   2.0899999930   0.0000000121  -0.0000000057  -0.0000000065
   2.0949999930   0.0000000105  -0.0000000057  -0.0000000080
   2.0999999929   0.0000000063  -0.0000000051  -0.0000000080
   2.1049999929  -0.0000000004  -0.0000000036  -0.0000000057
   2.1099999929  -0.0000000088  -0.0000000012  -0.0000000013
   2.1149999929  -0.0000000173   0.0000000019   0.0000000045
   2.1199999929  -0.0000000239   0.0000000052   0.0000000102
   2.1249999929  -0.0000000267   0.0000000081   0.0000000143
   2.1299999928  -0.0000000247   0.0000000097   0.0000000154
   2.1349999928  -0.0000000177   0.0000000096   0.0000000131
   2.1399999928  -0.0000000069   0.0000000076   0.0000000077
   2.1449999928   0.0000000050   0.0000000040   0.0000000010
   2.1499999928   0.0000000147   0.0000000000  -0.0000000044
   2.1549999928   0.0000000185  -0.0000000030  -0.0000000056
   2.1599999927   0.0000000134  -0.0000000032   0.0000000001
   2.1649999927  -0.0000000024   0.0000000010   0.0000000147
   2.1699999927  -0.0000000290   0.0000000107   0.0000000387
   2.1749999927  -0.0000000653   0.0000000265   0.0000000718
   2.1799999927  -0.0000001093   0.0000000485   0.0000001129
   2.1849999927  -0.0000001597   0.0000000762   0.0000001613
   2.1899999926  -0.0000002163   0.0000001093   0.0000002179
   2.1949999926  -0.0000002822   0.0000001477   0.0000002859
   2.1999999926  -0.0000003638   0.0000001928   0.0000003721
   2.2049999926  -0.0000004708   0.0000002469   0.0000004867
   2.2099999926  -0.0000006161   0.0000003143   0.0000006425
   2.2149999926  -0.0000008136   0.0000004002   0.0000008542
   2.2199999925  -0.0000010770   0.0000005111   0.0000011361
   2.2249999925  -0.0000014176   0.0000006536   0.0000015008
   2.2299999925  -0.0000018434   0.0000008343   0.0000019577
   2.2349999925  -0.0000023578   0.0000010588   0.0000025118
   2.2399999925  -0.0000029604   0.0000013317   0.0000031640
   2.2449999925  -0.0000036477   0.0000016567   0.0000039117
   2.2499999924  -0.0000044143   0.0000020364   0.0000047499
   2.2549999924  -0.0000052547   0.0000024730   0.0000056719
   2.2599999924  -0.0000061641   0.0000029677   0.0000066709
   2.2649999924  -0.0000071385   0.0000035210   0.0000077393
   2.2699999924  -0.0000081739   0.0000041317   0.0000088684
   2.2749999924  -0.0000092644   0.0000047953   0.0000100466
   2.2799999923  -0.0000104003   0.0000055029   0.0000112580
   2.2849999923  -0.0000115656   0.0000062395   0.0000124809
   2.2899999923  -0.0000127367   0.0000069824   0.0000136869
   2.2949999923  -0.0000138816   0.0000077011   0.0000148422
   2.2999999923  -0.0000149601   0.0000083574   0.0000159089
   2.3049999923  -0.0000159261   0.0000089072   0.0000168485
   2.3099999922  -0.0000167288   0.0000093029   0.0000176251
   2.3149999922  -0.0000173158   0.0000094972   0.0000182083
   2.3199999922  -0.0000176347   0.0000094470   0.0000185748
   2.3249999922  -0.0000176354   0.0000091174   0.0000187073
   2.3299999922  -0.0000172718   0.0000084859   0.0000185923
   2.3349999922  -0.0000165053   0.0000075459   0.0000182138
   2.3399999921  -0.0000153087   0.0000063093   0.0000175471
   2.3449999921  -0.0000136733   0.0000048097   0.0000165517
   2.3499999921  -0.0000116174   0.0000031043   0.0000151661
   2.3549999921  -0.0000091968   0.0000012744   0.0000133050
   2.3599999921  -0.0000065135  -0.0000005737   0.0000108627
   2.3649999921  -0.0000037210  -0.0000023121   0.0000077222
   2.3699999920  -0.0000010211  -0.0000037969   0.0000037724
   2.3749999920   0.0000013510  -0.0000048793  -0.0000010657
   2.3799999920   0.0000031558  -0.0000054226  -0.0000068044
   2.3849999920   0.0000041942  -0.0000053258  -0.0000133469
   2.3899999920   0.0000043649  -0.0000045523  -0.0000204396
   2.3949999920   0.0000037280  -0.0000031630  -0.0000276244
   2.3999999919   0.0000025656  -0.0000013471  -0.0000341997
   2.4049999919   0.0000014255   0.0000005532  -0.0000391991
   2.4099999919   0.0000011329   0.0000020332  -0.0000414040
   2.4149999919   0.0000027531   0.0000024394  -0.0000394050
   2.4199999919   0.0000074933   0.0000010158  -0.0000317284
   2.4249999919   0.0000165326  -0.0000030121  -0.0000170403
   2.4299999918   0.0000307785  -0.0000103101   0.0000055635
   2.4349999918   0.0000505586  -0.0000212659   0.0000361883
   2.4399999918   0.0000752642  -0.0000357857   0.0000737062
   2.4449999918   0.0001029781  -0.0000530684   0.0001152940
   2.4499999918   0.0001301268  -0.0000713802   0.0001559898
   2.4549999918   0.0001512074  -0.0000878558   0.0001883344
   2.4599999917   0.0001586426  -0.0000983594   0.0002021688
   2.4649999917   0.0001428174  -0.0000974402   0.0001846607
   2.4699999917   0.0000923420  -0.0000784143   0.0001206247
   2.4749999917  -0.0000054316  -0.0000336006  -0.0000068222
   2.4799999917  -0.0001636320   0.0000452752  -0.0002152562
   2.4849999917  -0.0003948554   0.0001665096  -0.0005216223
   2.4899999916  -0.0007099705   0.0003377035  -0.0009406601
   2.4949999916  -0.0011168331   0.0005649418  -0.0014831952
   2.4999999916  -0.0016190209   0.0008519332  -0.0021544480
   2.5049999916  -0.0022147267   0.0011991913  -0.0029525359
   2.5099999916  -0.0028959429   0.0016033501  -0.0038673499
   2.5149999916  -0.0036480669   0.0020567048  -0.0048799762
   2.5199999915  -0.0044500204   0.0025470628  -0.0059627902
   2.5249999915  -0.0052749349   0.0030579642  -0.0070802984
   2.5299999915  -0.0060913959   0.0035693002  -0.0081907258
   2.5349999915  -0.0068651769   0.0040583177  -0.0092482700
   2.5399999915  -0.0075613307   0.0045009515  -0.0102058575
   2.5449999915  -0.0081464617   0.0048733883  -0.0110181758
   2.5499999914  -0.0085909649   0.0051537273  -0.0116447059
   2.5549999914  -0.0088710167   0.0053235855  -0.0120524659
   2.5599999914  -0.0089701208   0.0053694890  -0.0122181943
   2.5649999914  -0.0088800589   0.0052839095  -0.0121297583
   2.5699999914  -0.0086011641   0.0050658366  -0.0117866525
   2.5749999914  -0.0081419129   0.0047208264  -0.0111995595
   2.5799999913  -0.0075179141   0.0042605247  -0.0103890543
   2.5849999913  -0.0067504386   0.0037017217  -0.0093836326
   2.5899999913  -0.0058646893   0.0030650486  -0.0082173261
   2.5949999913  -0.0048880256   0.0023734641  -0.0069272032
   2.5999999913  -0.0038483490   0.0016507007  -0.0055510553
   2.6049999913  -0.0027728163   0.0009198330  -0.0041255208
   2.6099999912  -0.0016869788   0.0002021087  -0.0026848132
   2.6149999912  -0.0006143722  -0.0004838661  -0.0012601114
   2.6199999912   0.0004235024  -0.0011225489   0.0001204490
   2.6249999912   0.0014069287  -0.0017015143   0.0014313483
   2.6299999912   0.0023176255  -0.0022112140   0.0026490584
   2.6349999912   0.0031384760  -0.0026445611   0.0037514924
   2.6399999911   0.0038534943  -0.0029964715   0.0047177742
   2.6449999911   0.0044481344  -0.0032634909   0.0055285058
   2.6499999911   0.0049099705  -0.0034436050   0.0061666016
   2.6549999911   0.0052296916  -0.0035362856   0.0066186281
   2.6599999911   0.0054022735  -0.0035427647   0.0068764670
   2.6649999911   0.0054281292  -0.0034664721   0.0069390177
   2.6699999910   0.0053140082  -0.0033135248   0.0068136061
   2.6749999910   0.0050734274  -0.0030931266   0.0065167699
   2.6799999910   0.0047264615  -0.0028177358   0.0060741614
   2.6849999910   0.0042988089  -0.0025028829   0.0055194220
   2.6899999910   0.0038201522  -0.0021665686   0.0048920416
   2.6949999909   0.0033219439  -0.0018282403   0.0042343738
   2.6999999909   0.0028348497  -0.0015074205   0.0035881258
   2.7049999909   0.0023861475  -0.0012221240   0.0029907437
   2.7099999909   0.0019974105  -0.0009872559   0.0024721540
   2.7149999909   0.0016827774  -0.0008132015   0.0020522933
   2.7199999909   0.0014480460  -0.0007048124   0.0017397622
   2.7249999908   0.0012907146  -0.0006609479   0.0015317871
   2.7299999908   0.0012009686  -0.0006746630   0.0014154936
   2.7349999908   0.0011634753  -0.0007340455   0.0013703103
   2.7399999908   0.0011597367  -0.0008236147   0.0013711635
   2.7449999908   0.0011706741  -0.0009261125   0.0013920181
   2.7499999908   0.0011790912  -0.0010244619   0.0014092778
   2.7549999907   0.0011716890  -0.0011036421   0.0014045920
   2.7599999907   0.0011403796  -0.0011522419   0.0013667178
   2.7649999907   0.0010827620  -0.0011635022   0.0012922344
   2.7699999907   0.0010017466  -0.0011357308   0.0011850836
   2.7749999907   0.0009044476  -0.0010720658   0.0010550838
   2.7799999907   0.0008005617  -0.0009796524   0.0009157104
   2.7849999906   0.0007005157  -0.0008683802   0.0007815281
   2.7899999906   0.0006136845  -0.0007493795   0.0006656894
   2.7949999906   0.0005469454  -0.0006334977   0.0005778801
   2.7999999906   0.0005037657  -0.0005299667   0.0005229945
   2.8049999906   0.0004839178  -0.0004454243   0.0005006924
   2.8099999906   0.0004838129  -0.0003833953   0.0005058377
   2.8149999905   0.0004973416  -0.0003442543   0.0005296755
   2.8199999905   0.0005170386  -0.0003256242   0.0005614976
   2.8249999905   0.0005353528  -0.0003231020   0.0005904792
   2.8299999905   0.0005458006  -0.0003311645   0.0006073676
   2.8349999905   0.0005438228  -0.0003440950   0.0006057483
   2.8399999905   0.0005272270  -0.0003567877   0.0005827059
   2.8449999904   0.0004961778  -0.0003653187   0.0005388129
   2.8499999904   0.0004527744  -0.0003672260   0.0004774985
   2.8549999904   0.0004003249  -0.0003614924   0.0004039550
   2.8599999904   0.0003424640  -0.0003482764   0.0003238063
   2.8649999904   0.0002822819  -0.0003284732   0.0002417927
   2.8699999904   0.0002216125  -0.0003032069   0.0001607039
   2.8749999903   0.0001605959  -0.0002733578   0.0000807369
   2.8799999903   0.0000975746  -0.0002392104  -0.0000006304
   2.8849999903   0.0000293250  -0.0002002794  -0.0000882544
   2.8899999903  -0.0000484316  -0.0001553335  -0.0001885206
   2.8949999903  -0.0001403317  -0.0001026020  -0.0003082748
   2.8999999903  -0.0002506073  -0.0000401163  -0.0004536805
   2.9049999902  -0.0003823795   0.0000338812  -0.0006291927
   2.9099999902  -0.0005371122   0.0001205343  -0.0008368024
   2.9149999902  -0.0007142994   0.0002200453  -0.0010756501
   2.9199999902  -0.0009114149   0.0003314751  -0.0013420379
   2.9249999902  -0.0011241138   0.0004526981  -0.0016298008
   2.9299999902  -0.0013466353   0.0005805133  -0.0019309460
   2.9349999901  -0.0015723308   0.0007108874  -0.0022364332
   2.9399999901  -0.0017942291   0.0008392864  -0.0025369625
   2.9449999901  -0.0020055552   0.0009610441  -0.0028236532
   2.9499999901  -0.0022001334   0.0010717112  -0.0030885290
   2.9549999901  -0.0023726377   0.0011673408  -0.0033247737
   2.9599999901  -0.0025186783   0.0012446789  -0.0035267649
   2.9649999900  -0.0026347475   0.0013012500  -0.0036899359
   2.9699999900  -0.0027180718   0.0013353440  -0.0038105405
   2.9749999900  -0.0027664270   0.0013459298  -0.0038854062
   2.9799999900  -0.0027779797   0.0013325308  -0.0039117525
   2.9849999900  -0.0027512033   0.0012950974  -0.0038871307
   2.9899999900  -0.0026848988   0.0012339128  -0.0038095115
   2.9949999899  -0.0025783241   0.0011495505  -0.0036775094
   2.9999999899  -0.0024314106   0.0010428948  -0.0034907073
   3.0049999899  -0.0022450234   0.0009152134  -0.0032500189
   3.0099999899  -0.0020212099   0.0007682612  -0.0029580167
   3.0149999899  -0.0017633778   0.0006043845  -0.0026191554
   3.0199999899  -0.0014763555   0.0004265929  -0.0022398361
   3.0249999898  -0.0011663050   0.0002385676  -0.0018282787
   3.0299999898  -0.0008404805   0.0000445892  -0.0013941992
   3.0349999898  -0.0005068560  -0.0001506212  -0.0009483197
   3.0399999898  -0.0001736629  -0.0003421370  -0.0005017618
   3.0449999898   0.0001511038  -0.0005251114  -0.0000653937
   3.0499999898   0.0004601481  -0.0006950797   0.0003507934
   3.0549999897   0.0007472478  -0.0008482383   0.0007382091
   3.0599999897   0.0010075019  -0.0009816655   0.0010900314
   3.0649999897   0.0012374300  -0.0010934560   0.0014013866
   3.0699999897   0.0014349311  -0.0011827562   0.0016693389
   3.0749999897   0.0015991276  -0.0012497005   0.0018927128
   3.0799999897   0.0017301390  -0.0012952669   0.0020717942
   3.0849999896   0.0018288327  -0.0013210773   0.0022079734
   3.0899999896   0.0018966005  -0.0013291776   0.0023033909
   3.0949999896   0.0019351940  -0.0013218308   0.0023606441
   3.0999999896   0.0019466354  -0.0013013485   0.0023825902
   3.1049999896   0.0019332003  -0.0012699796   0.0023722610
   3.1099999896   0.0018974520  -0.0012298567   0.0023328767
   3.1149999895   0.0018422927  -0.0011829931   0.0022679235
   3.1199999895   0.0017709949  -0.0011313105   0.0021812487
   3.1249999895   0.0016871803  -0.0010766735   0.0020771197
   3.1299999895   0.0015947266  -0.0010209088   0.0019602041
   3.1349999895   0.0014975996  -0.0009657913   0.0018354463
   3.1399999895   0.0013996263  -0.0009129909   0.0017078389
   3.1449999894   0.0013042420  -0.0008639840   0.0015821149
   3.1499999894   0.0012142505  -0.0008199450   0.0014624075
   3.1549999894   0.0011316400  -0.0007816393   0.0013519362
   3.1599999894   0.0010574896  -0.0007493446   0.0012527793
   3.1649999894   0.0009919827  -0.0007228186   0.0011657780
   3.1699999894   0.0009345294  -0.0007013302   0.0010905970
   3.1749999893   0.0008839753  -0.0006837530   0.0010259366
   3.1799999893   0.0008388634  -0.0006687127   0.0009698602
   3.1849999893   0.0007977028  -0.0006547675   0.0009201823
   3.1899999893   0.0007592005  -0.0006405914   0.0008748481
   3.1949999893   0.0007224201  -0.0006251346   0.0008322377
   3.1999999893   0.0006868472  -0.0006077328   0.0007913449
   3.2049999892   0.0006523599  -0.0005881515   0.0007518080
   3.2099999892   0.0006191219  -0.0005665609   0.0007137960
   3.2149999892   0.0005874290  -0.0005434502   0.0006777906
   3.2199999892   0.0005575488  -0.0005195011   0.0006443166
   3.2249999892   0.0005295907  -0.0004954466   0.0006136894
   3.2299999892   0.0005034345  -0.0004719425   0.0005858363
   3.2349999891   0.0004787306  -0.0004494736   0.0005602334
   3.2399999891   0.0004549697  -0.0004283100   0.0005359683
   3.2449999891   0.0004316011  -0.0004085148   0.0005119130
   3.2499999891   0.0004081696  -0.0003899963   0.0004869619
   3.2549999891   0.0003844377  -0.0003725868   0.0004602777
   3.2599999891   0.0003604624  -0.0003561266   0.0004314841
   3.2649999890   0.0003366082  -0.0003405319   0.0004007597
   3.2699999890   0.0003134904  -0.0003258310   0.0003688074
   3.2749999890   0.0002918616  -0.0003121605   0.0003367058
   3.2799999890   0.0002724643  -0.0002997256   0.0003056747
   3.2849999890   0.0002558808  -0.0002887338   0.0002768081
   3.2899999890   0.0002424123  -0.0002793215   0.0002508353
   3.2949999889   0.0002320119  -0.0002714920   0.0002279650
   3.2999999889   0.0002242851  -0.0002650810   0.0002078480
   3.3049999889   0.0002185569  -0.0002597608   0.0001896685
   3.3099999889   0.0002139890  -0.0002550830   0.0001723420
   3.3149999889   0.0002097249  -0.0002505529   0.0001547781
   3.3199999889   0.0002050309  -0.0002457193   0.0001361468
   3.3249999888   0.0001994056  -0.0002402615   0.0001160904
   3.3299999888   0.0001926382  -0.0002340543   0.0000948323
   3.3349999888   0.0001848060  -0.0002271969   0.0000731591
   3.3399999888   0.0001762147  -0.0002199987   0.0000522783
   3.3449999888   0.0001672974  -0.0002129253   0.0000335828
   3.3499999888   0.0001584956  -0.0002065136   0.0000183738
   3.3549999887   0.0001501478  -0.0002012745   0.0000075992
   3.3599999887   0.0001424101  -0.0001976016   0.0000016654
   3.3649999887   0.0001352232  -0.0001957025   0.0000003589
   3.3699999887   0.0001283328  -0.0001955674   0.0000028935
   3.3749999887   0.0001213561  -0.0001969779   0.0000080682
   3.3799999886   0.0001138793  -0.0001995536   0.0000145014
   3.3849999886   0.0001055639  -0.0002028246   0.0000208869
   3.3899999886   0.0000962381  -0.0002063153   0.0000262171
   3.3949999886   0.0000859531  -0.0002096205   0.0000299263
   3.3999999886   0.0000749915  -0.0002124597   0.0000319269
   3.4049999886   0.0000638267  -0.0002146993   0.0000325337
   3.4099999885   0.0000530398  -0.0002163398   0.0000323000
   3.4149999885   0.0000432135  -0.0002174738   0.0000318070
   3.4199999885   0.0000348248  -0.0002182257   0.0000314570
   3.4249999885   0.0000281589  -0.0002186897   0.0000313211
   3.4299999885   0.0000232645  -0.0002188796   0.0000310788
   3.4349999885   0.0000199575  -0.0002187057   0.0000300618
   3.4399999884   0.0000178744  -0.0002179828   0.0000273951
   3.4449999884   0.0000165598  -0.0002164697   0.0000222003
   3.4499999884   0.0000155703  -0.0002139309   0.0000138150
   3.4549999884   0.0000145680  -0.0002102065   0.0000019756
   3.4599999884   0.0000133843  -0.0002052733  -0.0000130791
   3.4649999884   0.0000120367  -0.0001992818  -0.0000306103
   3.4699999883   0.0000106966  -0.0001925601  -0.0000494881
   3.4749999883   0.0000096168  -0.0001855787  -0.0000683842
   3.4799999883   0.0000090356  -0.0001788848  -0.0000860058
   3.4849999883   0.0000090846  -0.0001730174  -0.0001013183
   3.4899999883   0.0000097219  -0.0001684204  -0.0001137100
   3.4949999883   0.0000107113  -0.0001653725  -0.0001230600
   3.4999999882   0.0000116527  -0.0001639486  -0.0001297010
   3.5049999882   0.0000120586  -0.0001640200  -0.0001342860
   3.5099999882   0.0000114590  -0.0001652937  -0.0001375947
   3.5149999882   0.0000095096  -0.0001673810  -0.0001403280
   3.5199999882   0.0000060761  -0.0001698798  -0.0001429385
   3.5249999882   0.0000012743  -0.0001724520  -0.0001455383
   3.5299999881  -0.0000045446  -0.0001748800  -0.0001479030
   3.5349999881  -0.0000108613  -0.0001770893  -0.0001495690
   3.5399999881  -0.0000170919  -0.0001791356  -0.0001499952
   3.5449999881  -0.0000227032  -0.0001811596  -0.0001487499
   3.5499999881  -0.0000273141  -0.0001833243  -0.0001456714
   3.5549999881  -0.0000307591  -0.0001857489  -0.0001409638
   3.5599999880  -0.0000331009  -0.0001884582  -0.0001352023
   3.5649999880  -0.0000345923  -0.0001913588  -0.0001292464
   3.5699999880  -0.0000355987  -0.0001942482  -0.0001240812
   3.5749999880  -0.0000365021  -0.0001968535  -0.0001206240
   3.5799999880  -0.0000376096  -0.0001988919  -0.0001195424
   3.5849999880  -0.0000390902  -0.0002001350  -0.0001211247
   3.5899999879  -0.0000409500  -0.0002004650  -0.0001252313
   3.5949999879  -0.0000430514  -0.0001999061  -0.0001313365
   3.5999999879  -0.0000451663  -0.0001986263  -0.0001386483
   3.6049999879  -0.0000470483  -0.0001969088  -0.0001462766
   3.6099999879  -0.0000485044  -0.0001950995  -0.0001534096
   3.6149999879  -0.0000494480  -0.0001935441  -0.0001594615
   3.6199999878  -0.0000499226  -0.0001925279  -0.0001641578
   3.6249999878  -0.0000500912  -0.0001922311  -0.0001675475
   3.6299999878  -0.0000501975  -0.0001927093  -0.0001699408
   3.6349999878  -0.0000505092  -0.0001939005  -0.0001717963
   3.6399999878  -0.0000512580  -0.0001956554  -0.0001735841
   3.6449999878  -0.0000525894  -0.0001977827  -0.0001756599
   3.6499999877  -0.0000545331  -0.0002000974  -0.0001781775
   3.6549999877  -0.0000569974  -0.0002024620  -0.0001810583
   3.6599999877  -0.0000597883  -0.0002048108  -0.0001840208
   3.6649999877  -0.0000626459  -0.0002071534  -0.0001866596
   3.6699999877  -0.0000652914  -0.0002095590  -0.0001885544
   3.6749999877  -0.0000674750  -0.0002121257  -0.0001893813
   3.6799999876  -0.0000690165  -0.0002149431  -0.0001890008
   3.6849999876  -0.0000698321  -0.0002180586  -0.0001875040
   3.6899999876  -0.0000699445  -0.0002214538  -0.0001852058
   3.6949999876  -0.0000694742  -0.0002250376  -0.0001825878
   3.6999999876  -0.0000686143  -0.0002286583  -0.0001802034
   3.7049999876  -0.0000675931  -0.0002321297  -0.0001785657
   3.7099999875  -0.0000666293  -0.0002352684  -0.0001780419
   3.7149999875  -0.0000658891  -0.0002379327  -0.0001787762
   3.7199999875  -0.0000654528  -0.0002400543  -0.0001806592
   3.7249999875  -0.0000652984  -0.0002416577  -0.0001833483
   3.7299999875  -0.0000653064  -0.0002428596  -0.0001863372
   3.7349999875  -0.0000652881  -0.0002438510  -0.0001890601
   3.7399999874  -0.0000650309  -0.0002448624  -0.0001910080
   3.7449999874  -0.0000643533  -0.0002461200  -0.0001918342
   3.7499999874  -0.0000631565  -0.0002478021  -0.0001914248
   3.7549999874  -0.0000614586  -0.0002500040  -0.0001899195
   3.7599999874  -0.0000594036  -0.0002527198  -0.0001876774
   3.7649999874  -0.0000572381  -0.0002558459  -0.0001851949
   3.7699999873  -0.0000552615  -0.0002592044  -0.0001829936
   3.7749999873  -0.0000537580  -0.0002625842  -0.0001815028
   3.7799999873  -0.0000529285  -0.0002657887  -0.0001809646
   3.7849999873  -0.0000528381  -0.0002686803  -0.0001813831
   3.7899999873  -0.0000533954  -0.0002712115  -0.0001825294
   3.7949999873  -0.0000543690  -0.0002734347  -0.0001840029
   3.7999999872  -0.0000554400  -0.0002754883  -0.0001853343
   3.8049999872  -0.0000562777  -0.0002775625  -0.0001861046
   3.8099999872  -0.0000566208  -0.0002798524  -0.0001860527
   3.8149999872  -0.0000563424  -0.0002825102  -0.0001851443
   3.8199999872  -0.0000554823  -0.0002856086  -0.0001835843
   3.8249999872  -0.0000542378  -0.0002891246  -0.0001817698
   3.8299999871  -0.0000529149  -0.0002929475  -0.0001801941
   3.8349999871  -0.0000518517  -0.0002969095  -0.0001793267
   3.8399999871  -0.0000513356  -0.0003008310  -0.0001794966
   3.8449999871  -0.0000515336  -0.0003045689  -0.0001808114
   3.8499999871  -0.0000524554  -0.0003080556  -0.0001831292
   3.8549999871  -0.0000539583  -0.0003113172  -0.0001860934
   3.8599999870  -0.0000557904  -0.0003144685  -0.0001892199
   3.8649999870  -0.0000576614  -0.0003176837  -0.0001920153
   3.8699999870  -0.0000593206  -0.0003211513  -0.0001940961
   3.8749999870  -0.0000606205  -0.0003250258  -0.0001952810
   3.8799999870  -0.0000615498  -0.0003293862  -0.0001956299
   3.8849999870  -0.0000622277  -0.0003342148  -0.0001954250
   3.8899999869  -0.0000628620  -0.0003393988  -0.0001950960
   3.8949999869  -0.0000636827  -0.0003447565  -0.0001951102
   3.8999999869  -0.0000648707  -0.0003500792  -0.0001958554
   3.9049999869  -0.0000665010  -0.0003551806  -0.0001975441
   3.9099999869  -0.0000685147  -0.0003599386  -0.0002001615
   3.9149999869  -0.0000707262  -0.0003643222  -0.0002034691
   3.9199999868  -0.0000728649  -0.0003683957  -0.0002070618
   3.9249999868  -0.0000746366  -0.0003723003  -0.0002104618
   3.9299999868  -0.0000757906  -0.0003762181  -0.0002132276
   3.9349999868  -0.0000761744  -0.0003803277  -0.0002150494
   3.9399999868  -0.0000757629  -0.0003847617  -0.0002158115
   3.9449999868  -0.0000746570  -0.0003895769  -0.0002156076
   3.9499999867  -0.0000730539  -0.0003947426  -0.0002147080
   3.9549999867  -0.0000711976  -0.0004001500  -0.0002134896
   3.9599999867  -0.0000693249  -0.0004056389  -0.0002123471
   3.9649999867  -0.0000676190  -0.0004110360  -0.0002116059
   3.9699999867  -0.0000661812  -0.0004161938  -0.0002114589
   3.9749999867  -0.0000650268  -0.0004210228  -0.0002119375
   3.9799999866  -0.0000641037  -0.0004255089  -0.0002129239
   3.9849999866  -0.0000633254  -0.0004297130  -0.0002141974
   3.9899999866  -0.0000626119  -0.0004337535  -0.0002155032
   3.9949999866  -0.0000619251  -0.0004377769  -0.0002166263
   3.9999999866  -0.0000612932  -0.0004419229  -0.0002174531
   4.0049999866  -0.0000608170  -0.0004462940  -0.0002180076
   4.0099999865  -0.0000606598  -0.0004509341  -0.0002184541
   4.0149999865  -0.0000610228  -0.0004558233  -0.0002190671
   4.0199999865  -0.0000621131  -0.0004608865  -0.0002201764
   4.0249999865  -0.0000641095  -0.0004660164  -0.0002220982
   4.0299999865  -0.0000671352  -0.0004711014  -0.0002250692
   4.0349999864  -0.0000712396  -0.0004760550  -0.0002291964
   4.0399999864  -0.0000763930  -0.0004808370  -0.0002344330
   4.0449999864  -0.0000824948  -0.0004854651  -0.0002405860
   4.0499999864  -0.0000893903  -0.0004900111  -0.0002473513
   4.0549999864  -0.0000968951  -0.0004945873  -0.0002543696
   4.0599999864  -0.0001048198  -0.0004993234  -0.0002612912
   4.0649999863  -0.0001129923  -0.0005043411  -0.0002678336
   4.0699999863  -0.0001212714  -0.0005097318  -0.0002738232
   4.0749999863  -0.0001295525  -0.0005155421  -0.0002792099
   4.0799999863  -0.0001377613  -0.0005217687  -0.0002840558
   4.0849999863  -0.0001458404  -0.0005283648  -0.0002885002
   4.0899999863  -0.0001537303  -0.0005352544  -0.0002927119
   4.0949999862  -0.0001613498  -0.0005423516  -0.0002968408
   4.0999999862  -0.0001685795  -0.0005495803  -0.0003009817
   4.1049999862  -0.0001752541  -0.0005568899  -0.0003051597
   4.1099999862  -0.0001811638  -0.0005642637  -0.0003093415
   4.1149999862  -0.0001860662  -0.0005717180  -0.0003134712
   4.1199999862  -0.0001897052  -0.0005792930  -0.0003175220
   4.1249999861  -0.0001918354  -0.0005870358  -0.0003215526
   4.1299999861  -0.0001922448  -0.0005949816  -0.0003257535
   4.1349999861  -0.0001907735  -0.0006031350  -0.0003304728
   4.1399999861  -0.0001873230  -0.0006114572  -0.0003362126
   4.1449999861  -0.0001818582  -0.0006198612  -0.0003435945
   4.1499999861  -0.0001744005  -0.0006282172  -0.0003532986
   4.1549999860  -0.0001650179  -0.0006363661  -0.0003659865
   4.1599999860  -0.0001538168  -0.0006441401  -0.0003822185
   4.1649999860  -0.0001409418  -0.0006513840  -0.0004023813
   4.1699999860  -0.0001265872  -0.0006579736  -0.0004266331
   4.1749999860  -0.0001110243  -0.0006638275  -0.0004548733
   4.1799999860  -0.0000946427  -0.0006689087  -0.0004867361
   4.1849999859  -0.0000780036  -0.0006732172  -0.0005216008
   4.1899999859  -0.0000618981  -0.0006767755  -0.0005586104
   4.1949999859  -0.0000474033  -0.0006796110  -0.0005966869
   4.1999999859  -0.0000359292  -0.0006817409  -0.0006345333
   4.2049999859  -0.0000292491  -0.0006831636  -0.0006706188
   4.2099999859  -0.0000295103  -0.0006838587  -0.0007031468
   4.2149999858  -0.0000392244  -0.0006837978  -0.0007300133
   4.2199999858  -0.0000612378  -0.0006829621  -0.0007487673
   4.2249999858  -0.0000986872  -0.0006813649  -0.0007565874
   4.2299999858  -0.0001549436  -0.0006790720  -0.0007502885
   4.2349999858  -0.0002335471  -0.0006762166  -0.0007263668
   4.2399999858  -0.0003381359  -0.0006730055  -0.0006810894
   4.2449999857  -0.0004723668  -0.0006697128  -0.0006106227
   4.2499999857  -0.0006398252  -0.0006666643  -0.0005111919
   4.2549999857  -0.0008439191  -0.0006642125  -0.0003792578
   4.2599999857  -0.0010877551  -0.0006627088  -0.0002116957
   4.2649999857  -0.0013739923  -0.0006624742  -0.0000059634
   4.2699999857  -0.0017046760  -0.0006637748   0.0002397528
   4.2749999856  -0.0020810562  -0.0006668045   0.0005264163
   4.2799999856  -0.0025033984  -0.0006716757   0.0008540444
   4.2849999856  -0.0029708000  -0.0006784181   0.0012216333
   4.2899999856  -0.0034810249  -0.0006869824   0.0016270984
   4.2949999856  -0.0040303705  -0.0006972470   0.0020672258
   4.2999999856  -0.0046135790  -0.0007090219   0.0025376334
   4.3049999855  -0.0052238031  -0.0007220484   0.0030327453
   4.3099999855  -0.0058526308  -0.0007359901   0.0035457853
   4.3149999855  -0.0064901714  -0.0007504183   0.0040688029
   4.3199999855  -0.0071252006  -0.0007647923   0.0045927408
   4.3249999855  -0.0077453612  -0.0007784393   0.0051075573
   4.3299999855  -0.0083374115  -0.0007905409   0.0056024083
   4.3349999854  -0.0088875175  -0.0008001289   0.0060658910
   4.3399999854  -0.0093815808  -0.0008060978   0.0064863440
   4.3449999854  -0.0098055982  -0.0008072320   0.0068521906
   4.3499999854  -0.0101460462  -0.0008022476   0.0071523092
   4.3549999854  -0.0103902856  -0.0007898435   0.0073764102
   4.3599999854  -0.0105269769  -0.0007687559   0.0075153992
   4.3649999853  -0.0105464959  -0.0007378084   0.0075617077
   4.3699999853  -0.0104413348  -0.0006959530   0.0075095785
   4.3749999853  -0.0102064715  -0.0006422990   0.0073552961
   4.3799999853  -0.0098396857  -0.0005761291   0.0070973586
   4.3849999853  -0.0093418018  -0.0004969065   0.0067365904
   4.3899999853  -0.0087168399  -0.0004042778   0.0062761974
   4.3949999852  -0.0079720595  -0.0002980750   0.0057217654
   4.3999999852  -0.0071178866  -0.0001783228   0.0050812016
   4.4049999852  -0.0061677240  -0.0000452502   0.0043646157
   4.4099999852  -0.0051376472   0.0001006936   0.0035841357
   4.4149999852  -0.0040460001   0.0002588241   0.0027536560
   4.4199999852  -0.0029129043   0.0004282116   0.0018885121
   4.4249999851  -0.0017597025   0.0006076831   0.0010050880
   4.4299999851  -0.0006083539   0.0007958386   0.0001203627
   4.4349999851   0.0005191965   0.0009910847  -0.0007485884
   4.4399999851   0.0016016563   0.0011916830  -0.0015851150
   4.4449999851   0.0026190139   0.0013958096  -0.0023735111
   4.4499999851   0.0035531345   0.0016016196  -0.0030995059
   4.4549999850   0.0043883082   0.0018073096  -0.0037506996
   4.4599999850   0.0051117266   0.0020111737  -0.0043169248
   4.4649999850   0.0057138708   0.0022116469  -0.0047905164
   4.4699999850   0.0061887896   0.0024073362  -0.0051664838
   4.4749999850   0.0065342533   0.0025970379  -0.0054425804
   4.4799999850   0.0067517716   0.0027797463  -0.0056192765
   4.4849999849   0.0068464691   0.0029546543  -0.0056996396
   4.4899999849   0.0068268227   0.0031211514  -0.0056891340
   4.4949999849   0.0067042692   0.0032788209  -0.0055953483
   4.4999999849   0.0064927018   0.0034274366  -0.0054276631
   4.5049999849   0.0062078787   0.0035669585  -0.0051968689
   4.5099999849   0.0058667734   0.0036975257  -0.0049147463
   4.5149999848   0.0054868963   0.0038194422  -0.0045936202
   4.5199999848   0.0050856210   0.0039331545  -0.0042459022
   4.5249999848   0.0046795429   0.0040392183  -0.0038836359
   4.5299999848   0.0042838996   0.0041382561  -0.0035180627
   4.5349999848   0.0039120735   0.0042309059  -0.0031592267
   4.5399999848   0.0035751942   0.0043177668  -0.0028156386
   4.5449999847   0.0032818540   0.0043993462  -0.0024940162
   4.5499999847   0.0030379411   0.0044760120  -0.0021991169
   4.5549999847   0.0028465944   0.0045479569  -0.0019336736
   4.5599999847   0.0027082762   0.0046151745  -0.0016984351
   4.5649999847   0.0026209558   0.0046774506  -0.0014923092
   4.5699999847   0.0025803946   0.0047343675  -0.0013125951
   4.5749999846   0.0025805174   0.0047853190  -0.0011552863
   4.5799999846   0.0026138529   0.0048295349  -0.0010154212
   4.5849999846   0.0026720211   0.0048661088  -0.0008874564
   4.5899999846   0.0027462439   0.0048940304  -0.0007656385
   4.5949999846   0.0028278529   0.0049122166  -0.0006443532
   4.5999999846   0.0029087659   0.0049195430  -0.0005184365
   4.6049999845   0.0029819071   0.0049148738  -0.0003834383
   4.6099999845   0.0030415474   0.0048970901  -0.0002358302
   4.6149999845   0.0030835469   0.0048651180  -0.0000731572
   4.6199999845   0.0031054880   0.0048179552   0.0001058688
   4.6249999845   0.0031066958   0.0047546969   0.0003013328
   4.6299999845   0.0030881504   0.0046745611   0.0005121385
   4.6349999844   0.0030523011   0.0045769124   0.0007360872
   4.6399999844   0.0030028012   0.0044612830   0.0009700128
   4.6449999844   0.0029441850   0.0043273901   0.0012099671
   4.6499999844   0.0028815075   0.0041751485   0.0014514500
   4.6549999844   0.0028199737   0.0040046752   0.0016896706
   4.6599999844   0.0027645769   0.0038162866   0.0019198247
   4.6649999843   0.0027197664   0.0036104873   0.0021373687
   4.6699999843   0.0026891619   0.0033879508   0.0023382712
   4.6749999843   0.0026753269   0.0031494945   0.0025192236
   4.6799999843   0.0026796129   0.0028960516   0.0026777941
   4.6849999843   0.0027020795   0.0026286445   0.0028125155
   4.6899999843   0.0027414948   0.0023483612   0.0029229035
   4.6949999842   0.0027954150   0.0020563381   0.0030094085
   4.6999999842   0.0028603381   0.0017537515   0.0030733090
   4.7049999842   0.0029319219   0.0014418152   0.0031165592
   4.7099999842   0.0030052539   0.0011217835   0.0031416071
   4.7149999842   0.0030751542   0.0007949569   0.0031511968
   4.7199999841   0.0031364932   0.0004626865   0.0031481715
   4.7249999841   0.0031845007   0.0001263753   0.0031352876
   4.7299999841   0.0032150484  -0.0002125249   0.0031150509
   4.7349999841   0.0032248843  -0.0005525220   0.0030895800
   4.7399999841   0.0032118070  -0.0008920951   0.0030605027
   4.7449999841   0.0031747667  -0.0012297075   0.0030288863
   4.7499999840   0.0031138910  -0.0015638198   0.0029952049
   4.7549999840   0.0030304351  -0.0018928995   0.0029593429
   4.7599999840   0.0029266627  -0.0022154287   0.0029206344
   4.7649999840   0.0028056686  -0.0025299086   0.0028779379
   4.7699999840   0.0026711569  -0.0028348629   0.0028297422
   4.7749999840   0.0025271909  -0.0031288428   0.0027742993
   4.7799999839   0.0023779315  -0.0034104350   0.0027097756
   4.7849999839   0.0022273816  -0.0036782740   0.0026344135
   4.7899999839   0.0020791512  -0.0039310615   0.0025466910
   4.7949999839   0.0019362583  -0.0041675895   0.0024454666
   4.7999999839   0.0018009760  -0.0043867668   0.0023300995
   4.8049999839   0.0016747333  -0.0045876457   0.0022005330
   4.8099999838   0.0015580755  -0.0047694458   0.0020573346
   4.8149999838   0.0014506844  -0.0049315703   0.0019016897
   4.8199999838   0.0013514547  -0.0050736151   0.0017353487
   4.8249999838   0.0012586229  -0.0051953681   0.0015605326
   4.8299999838   0.0011699362  -0.0052967994   0.0013798070
   4.8349999838   0.0010828524  -0.0053780460   0.0011959333
   4.8399999837   0.0009947547  -0.0054393926   0.0010117134
   4.8449999837   0.0009031686  -0.0054812511   0.0008298369
   4.8499999837   0.0008059635  -0.0055041440   0.0006527443
   4.8549999837   0.0007015270  -0.0055086891   0.0004825151
   4.8599999837   0.0005888988  -0.0054955893   0.0003207847
   4.8649999837   0.0004678543  -0.0054656243   0.0001686954
   4.8699999836   0.0003389335  -0.0054196425   0.0000268789
   4.8749999836   0.0002034130  -0.0053585524  -0.0001045303
   4.8799999836   0.0000632234  -0.0052833113  -0.0002258557
   4.8849999836  -0.0000791793  -0.0051949101  -0.0003378164
   4.8899999836  -0.0002209799  -0.0050943579  -0.0004414481
   4.8949999836  -0.0003591940  -0.0049826646  -0.0005380095
   4.8999999835  -0.0004908663  -0.0048608259  -0.0006288805
   4.9049999835  -0.0006132650  -0.0047298124  -0.0007154553
   4.9099999835  -0.0007240566  -0.0045905628  -0.0007990364
   4.9149999835  -0.0008214500  -0.0044439829  -0.0008807347
   4.9199999835  -0.0009043010  -0.0042909496  -0.0009613832
   4.9249999835  -0.0009721710  -0.0041323172  -0.0010414702
   4.9299999834  -0.0010253372  -0.0039689252  -0.0011210985
   4.9349999834  -0.0010647553  -0.0038016045  -0.0011999749
   4.9399999834  -0.0010919788  -0.0036311820  -0.0012774343
   4.9449999834  -0.0011090405  -0.0034584802  -0.0013524940
   4.9499999834  -0.0011183069  -0.0032843135  -0.0014239383
   4.9549999834  -0.0011223138  -0.0031094804  -0.0014904233
   4.9599999833  -0.0011235960  -0.0029347526  -0.0015505933
   4.9649999833  -0.0011245211  -0.0027608634  -0.0016031979
   4.9699999833  -0.0011271388  -0.0025884950  -0.0016471988
   4.9749999833  -0.0011330557  -0.0024182685  -0.0016818557
   4.9799999833  -0.0011433420  -0.0022507362  -0.0017067854
   4.9849999833  -0.0011584769  -0.0020863777  -0.0017219894
   4.9899999832  -0.0011783362  -0.0019256006  -0.0017278493
   4.9949999832  -0.0012022213  -0.0017687443  -0.0017250938
   4.9999999832  -0.0012289288  -0.0016160872  -0.0017147420
   5.0049999832  -0.0012568561  -0.0014678543  -0.0016980308
   5.0099999832  -0.0012841339  -0.0013242253  -0.0016763330
   5.0149999832  -0.0013087787  -0.0011853403  -0.0016510738
   5.0199999831  -0.0013288516  -0.0010513041  -0.0016236504
   5.0249999831  -0.0013426134  -0.0009221874  -0.0015953597
   5.0299999831  -0.0013486624  -0.0007980269  -0.0015673346
   5.0349999831  -0.0013460451  -0.0006788253  -0.0015404929
   5.0399999831  -0.0013343302  -0.0005645522  -0.0015154968
   5.0449999831  -0.0013136421  -0.0004551480  -0.0014927269
   5.0499999830  -0.0012846492  -0.0003505298  -0.0014722699
   5.0549999830  -0.0012485121  -0.0002506007  -0.0014539236
   5.0599999830  -0.0012067945  -0.0001552590  -0.0014372198
   5.0649999830  -0.0011613472  -0.0000644086  -0.0014214659
   5.0699999830  -0.0011141739   0.0000220344  -0.0014058057
   5.0749999830  -0.0010672898   0.0001041380  -0.0013892937
   5.0799999829  -0.0010225843   0.0001819543  -0.0013709806
   5.0849999829  -0.0009816967   0.0002555252  -0.0013499998
   5.0899999829  -0.0009459134   0.0003248892  -0.0013256490
   5.0949999829  -0.0009160917   0.0003900915  -0.0012974563
   5.0999999829  -0.0008926156   0.0004511927  -0.0012652254
   5.1049999829  -0.0008753852   0.0005082755  -0.0012290551
   5.1099999828  -0.0008638382   0.0005614489  -0.0011893304
   5.1149999828  -0.0008570042   0.0006108481  -0.0011466885
   5.1199999828  -0.0008535854   0.0006566304  -0.0011019636
   5.1249999828  -0.0008520597   0.0006989698  -0.0010561163
   5.1299999828  -0.0008507979   0.0007380487  -0.0010101573
   5.1349999828  -0.0008481871   0.0007740504  -0.0009650713
   5.1399999827  -0.0008427521   0.0008071531  -0.0009217488
   5.1449999827  -0.0008332648   0.0008375255  -0.0008809300
   5.1499999827  -0.0008188343   0.0008653257  -0.0008431650
   5.1549999827  -0.0007989712   0.0008907014  -0.0008087894
   5.1599999827  -0.0007736202   0.0009137925  -0.0007779169
   5.1649999827  -0.0007431602   0.0009347332  -0.0007504452
   5.1699999826  -0.0007083706   0.0009536527  -0.0007260745
   5.1749999826  -0.0006703672   0.0009706755  -0.0007043349
   5.1799999826  -0.0006305134   0.0009859175  -0.0006846223
   5.1849999826  -0.0005903128   0.0009994830  -0.0006662400
   5.1899999826  -0.0005512936   0.0010114591  -0.0006484463
   5.1949999826  -0.0005148928   0.0010219120  -0.0006305040
   5.1999999825  -0.0004823504   0.0010308858  -0.0006117332
   5.2049999825  -0.0004546210   0.0010384044  -0.0005915612
   5.2099999825  -0.0004323100   0.0010444762  -0.0005695689
   5.2149999825  -0.0004156378   0.0010491031  -0.0005455260
   5.2199999825  -0.0004044339   0.0010522895  -0.0005194142
   5.2249999825  -0.0003981593   0.0010540516  -0.0004914318
   5.2299999824  -0.0003959551   0.0010544250  -0.0004619797
   5.2349999824  -0.0003967128   0.0010534678  -0.0004316279
   5.2399999824  -0.0003991590   0.0010512601  -0.0004010656
   5.2449999824  -0.0004019496   0.0010478998  -0.0003710393
   5.2499999824  -0.0004037677   0.0010434953  -0.0003422864
   5.2549999824  -0.0004034165   0.0010381577  -0.0003154703
   5.2599999823  -0.0003999033   0.0010319932  -0.0002911245
   5.2649999823  -0.0003925084   0.0010250975  -0.0002696115
   5.2699999823  -0.0003808338   0.0010175541  -0.0002510993
   5.2749999823  -0.0003648290   0.0010094340  -0.0002355567
   5.2799999823  -0.0003447913   0.0010007992  -0.0002227669
   5.2849999823  -0.0003213392   0.0009917063  -0.0002123549
   5.2899999822  -0.0002953632   0.0009822100  -0.0002038256
   5.2949999822  -0.0002679537   0.0009723660  -0.0001966080
   5.2999999822  -0.0002403158   0.0009622309  -0.0001900998
   5.3049999822  -0.0002136737   0.0009518603  -0.0001837117
   5.3099999822  -0.0001891761   0.0009413060  -0.0001769050
   5.3149999822  -0.0001678083   0.0009306118  -0.0001692255
   5.3199999821  -0.0001503185   0.0009198102  -0.0001603284
   5.3249999821  -0.0001371645   0.0009089201  -0.0001499980
   5.3299999821  -0.0001284855   0.0008979475  -0.0001381584
   5.3349999821  -0.0001240984   0.0008868878  -0.0001248775
   5.3399999821  -0.0001235206   0.0008757299  -0.0001103621
   5.3449999821  -0.0001260144   0.0008644616  -0.0000949446
   5.3499999820  -0.0001306508   0.0008530745  -0.0000790609
   5.3549999820  -0.0001363844   0.0008415682  -0.0000632192
   5.3599999820  -0.0001421355   0.0008299517  -0.0000479622
   5.3649999820  -0.0001468713   0.0008182430  -0.0000338238
   5.3699999820  -0.0001496811   0.0008064667  -0.0000212846
   5.3749999820  -0.0001498396   0.0007946494  -0.0000107293
   5.3799999819  -0.0001468552   0.0007828153  -0.0000024120
   5.3849999819  -0.0001404994   0.0007709817   0.0000035687
   5.3899999819  -0.0001308171   0.0007591561   0.0000072799
   5.3949999819  -0.0001181163   0.0007473356   0.0000089488
   5.3999999819  -0.0001029403   0.0007355077   0.0000089427
   5.4049999818  -0.0000860220   0.0007236532   0.0000077343
   5.4099999818  -0.0000682266   0.0007117506   0.0000058591
   5.4149999818  -0.0000504832   0.0006997801   0.0000038672
   5.4199999818  -0.0000337140   0.0006877276   0.0000022756
   5.4249999818  -0.0000187624   0.0006755872   0.0000015266
   5.4299999818  -0.0000063285   0.0006633621   0.0000019551
   5.4349999817   0.0000030847   0.0006510642   0.0000037671
   5.4399999817   0.0000092093   0.0006387119   0.0000070320
   5.4449999817   0.0000120314   0.0006263277   0.0000116855
   5.4499999817   0.0000117888   0.0006139358   0.0000175434
   5.4549999817   0.0000089491   0.0006015600   0.0000243229
   5.4599999817   0.0000041679   0.0005892227   0.0000316687
   5.4649999816  -0.0000017673   0.0005769459   0.0000391817
   5.4699999816  -0.0000080028   0.0005647522   0.0000464481
   5.4749999816  -0.0000136886   0.0005526668   0.0000530676
   5.4799999816  -0.0000180468   0.0005407196   0.0000586795
   5.4849999816  -0.0000204311   0.0005289458   0.0000629860
   5.4899999816  -0.0000203756   0.0005173856   0.0000657725
   5.4949999815  -0.0000176265   0.0005060816   0.0000669231
   5.4999999815  -0.0000121575   0.0004950756   0.0000664311
   5.5049999815  -0.0000041667   0.0004844038   0.0000644039
   5.5099999815   0.0000059433   0.0004740932   0.0000610585
   5.5149999815   0.0000176003   0.0004641573   0.0000567100
   5.5199999815   0.0000301092   0.0004545956   0.0000517505
   5.5249999814   0.0000427063   0.0004453932   0.0000466197
   5.5299999814   0.0000546182   0.0004365236   0.0000417705
   5.5349999814   0.0000651199   0.0004279526   0.0000376301
   5.5399999814   0.0000735885   0.0004196422   0.0000345629
   5.5449999814   0.0000795484   0.0004115552   0.0000328380
   5.5499999814   0.0000827052   0.0004036582   0.0000326055
   5.5549999813   0.0000829660   0.0003959233   0.0000338846
   5.5599999813   0.0000804445   0.0003883282   0.0000365651
   5.5649999813   0.0000754506   0.0003808556   0.0000404207
   5.5699999813   0.0000684654   0.0003734917   0.0000451347
   5.5749999813   0.0000601036   0.0003662241   0.0000503318
   5.5799999813   0.0000510655   0.0003590411   0.0000556137
   5.5849999812   0.0000420827   0.0003519308   0.0000605944
   5.5899999812   0.0000338613   0.0003448823   0.0000649303
   5.5949999812   0.0000270278   0.0003378864   0.0000683444
   5.5999999812   0.0000220811   0.0003309371   0.0000706416
   5.6049999812   0.0000193560   0.0003240334   0.0000717164
   5.6099999812   0.0000189998   0.0003171804   0.0000715531
   5.6149999811   0.0000209651   0.0003103885   0.0000702203
   5.6199999811   0.0000250189   0.0003036735   0.0000678612
   5.6249999811   0.0000307664   0.0002970539   0.0000646802
   5.6299999811   0.0000376885   0.0002905490   0.0000609282
   5.6349999811   0.0000451874   0.0002841762   0.0000568847
   5.6399999811   0.0000526379   0.0002779488   0.0000528399
   5.6449999810   0.0000594387   0.0002718750   0.0000490744
   5.6499999810   0.0000650602   0.0002659572   0.0000458391
   5.6549999810   0.0000690844   0.0002601936   0.0000433347
   5.6599999810   0.0000712346   0.0002545790   0.0000416948
   5.6649999810   0.0000713928   0.0002491078   0.0000409711
   5.6699999810   0.0000696044   0.0002437752   0.0000411267
   5.6749999809   0.0000660700   0.0002385791   0.0000420356
   5.6799999809   0.0000611264   0.0002335205   0.0000434913
   5.6849999809   0.0000552168   0.0002286037   0.0000452244
   5.6899999809   0.0000488552   0.0002238346   0.0000469271
   5.6949999809   0.0000425842   0.0002192198   0.0000482824
   5.6999999809   0.0000369334   0.0002147651   0.0000489960
   5.7049999808   0.0000323769   0.0002104734   0.0000488254
   5.7099999808   0.0000292965   0.0002063437   0.0000476047
   5.7149999808   0.0000279515   0.0002023703   0.0000452611
   5.7199999808   0.0000284582   0.0001985423   0.0000418214
   5.7249999808   0.0000307798   0.0001948438   0.0000374087
   5.7299999808   0.0000347301   0.0001912545   0.0000322299
   5.7349999807   0.0000399877   0.0001877508   0.0000265555
   5.7399999807   0.0000461228   0.0001843071   0.0000206945
   5.7449999807   0.0000526325   0.0001808973   0.0000149683
   5.7499999807   0.0000589828   0.0001774963   0.0000096845
   5.7549999807   0.0000646530   0.0001740813   0.0000051147
   5.7599999807   0.0000691790   0.0001706321   0.0000014764
   5.7649999806   0.0000721918   0.0001671314  -0.0000010793
   5.7699999806   0.0000734478   0.0001635644  -0.0000024745
   5.7749999806   0.0000728476   0.0001599184  -0.0000027065
   5.7799999806   0.0000704431   0.0001561819  -0.0000018457
   5.7849999806   0.0000664311   0.0001523455  -0.0000000291
   5.7899999806   0.0000611361   0.0001484015   0.0000025485
   5.7949999805   0.0000549814   0.0001443461   0.0000056470
   5.7999999805   0.0000484547   0.0001401803   0.0000089954
   5.8049999805   0.0000420679   0.0001359113   0.0000123099
   5.8099999805   0.0000363174   0.0001315538   0.0000153124
   5.8149999805   0.0000316457   0.0001271298   0.0000177518
   5.8199999805   0.0000284091   0.0001226676   0.0000194238
   5.8249999804   0.0000268522   0.0001182001   0.0000201893
   5.8299999804   0.0000270916   0.0001137619   0.0000199874
   5.8349999804   0.0000291086   0.0001093872   0.0000188430
   5.8399999804   0.0000327532   0.0001051070   0.0000168664
   5.8449999804   0.0000377562   0.0001009485   0.0000142434
   5.8499999804   0.0000437510   0.0000969337   0.0000112192
   5.8549999803   0.0000503024   0.0000930803   0.0000080742
   5.8599999803   0.0000569402   0.0000894028   0.0000050976
   5.8649999803   0.0000631968   0.0000859132   0.0000025595
   5.8699999803   0.0000686434   0.0000826226   0.0000006856
   5.8749999803   0.0000729245   0.0000795420  -0.0000003629
   5.8799999803   0.0000757855   0.0000766816  -0.0000005015
   5.8849999802   0.0000770932   0.0000740513   0.0000002718
   5.8899999802   0.0000768444   0.0000716587   0.0000018801
   5.8949999802   0.0000751651   0.0000695084   0.0000041772
   5.8999999802   0.0000722976   0.0000676005   0.0000069625
   5.9049999802   0.0000685785   0.0000659296   0.0000099990
   5.9099999802   0.0000644092   0.0000644845   0.0000130331
   5.9149999801   0.0000602207   0.0000632477   0.0000158139
   5.9199999801   0.0000564379   0.0000621968   0.0000181108
   5.9249999801   0.0000534441   0.0000613051   0.0000197288
   5.9299999801   0.0000515499   0.0000605430   0.0000205213
   5.9349999801   0.0000509685   0.0000598797   0.0000203985
   5.9399999801   0.0000517999   0.0000592841   0.0000193333
   5.9449999800   0.0000540233   0.0000587261   0.0000173629
   5.9499999800   0.0000575004   0.0000581774   0.0000145871
   5.9549999800   0.0000619873   0.0000576110   0.0000111621
   5.9599999800   0.0000671547   0.0000570019   0.0000072909
   5.9649999800   0.0000726158   0.0000563267   0.0000032101
   5.9699999800   0.0000779564   0.0000555638  -0.0000008270
   5.9749999799   0.0000827690   0.0000546934  -0.0000045684
   5.9799999799   0.0000866846   0.0000536985  -0.0000077830
   5.9849999799   0.0000894016   0.0000525658  -0.0000102797
   5.9899999799   0.0000907090   0.0000512870  -0.0000119227
   5.9949999799   0.0000905023   0.0000498596  -0.0000126438
