   0.0000000000   0.0000000000   0.0000000000   0.0000000000
   0.0050000000   0.0000000000   0.0000000000   0.0000000000
   0.0100000000   0.0000000000   0.0000000000   0.0000000000
   0.0149999999   0.0000000000   0.0000000000   0.0000000000
   0.0199999999   0.0000000000   0.0000000000   0.0000000000
   0.0249999999   0.0000000000   0.0000000000   0.0000000000
   0.0299999999   0.0000000000   0.0000000000   0.0000000000
   0.0349999999   0.0000000000   0.0000000000   0.0000000000
   0.0399999999   0.0000000000   0.0000000000   0.0000000000
   0.0449999998   0.0000000000   0.0000000000   0.0000000000
   0.0499999998  -0.0000000000  -0.0000000000  -0.0000000000
   0.0549999998  -0.0000000000  -0.0000000000  -0.0000000000
   0.0599999998  -0.0000000000  -0.0000000000  -0.0000000000
   0.0649999998  -0.0000000000  -0.0000000000  -0.0000000000
   0.0699999998  -0.0000000000  -0.0000000000  -0.0000000000
   0.0749999997  -0.0000000000  -0.0000000000  -0.0000000000
   0.0799999997  -0.0000000000  -0.0000000000  -0.0000000000
   0.0849999997  -0.0000000000  -0.0000000000  -0.0000000000
   0.0899999997  -0.0000000000  -0.0000000000  -0.0000000000
   0.0949999997  -0.0000000000  -0.0000000000  -0.0000000000
   0.0999999997  -0.0000000000  -0.0000000000  -0.0000000000
   0.1049999996  -0.0000000000  -0.0000000000  -0.0000000000
   0.1099999996  -0.0000000000  -0.0000000000  -0.0000000000
   0.1149999996  -0.0000000000  -0.0000000000  -0.0000000000
   0.1199999996  -0.0000000000  -0.0000000000  -0.0000000000
   0.1249999996  -0.0000000000  -0.0000000000  -0.0000000000
   0.1299999996  -0.0000000000  -0.0000000000  -0.0000000000
   0.1349999995  -0.0000000000  -0.0000000000  -0.0000000000
   0.1399999995  -0.0000000000  -0.0000000000  -0.0000000000
   0.1449999995  -0.0000000000  -0.0000000000  -0.0000000000
   0.1499999995  -0.0000000000  -0.0000000000  -0.0000000000
   0.1549999995  -0.0000000000  -0.0000000000  -0.0000000000
   0.1599999995  -0.0000000000  -0.0000000000  -0.0000000000
   0.1649999994  -0.0000000000  -0.0000000000  -0.0000000000
   0.1699999994  -0.0000000000  -0.0000000000  -0.0000000000
   0.1749999994  -0.0000000000  -0.0000000000  -0.0000000000
   0.1799999994  -0.0000000000  -0.0000000000  -0.0000000000
   0.1849999994  -0.0000000000   0.0000000000  -0.0000000000
   0.1899999994  -0.0000000000   0.0000000000  -0.0000000000
   0.1949999993   0.0000000000   0.0000000000   0.0000000000
   0.1999999993   0.0000000000   0.0000000000   0.0000000000
   0.2049999993   0.0000000000   0.0000000000   0.0000000000
   0.2099999993   0.0000000000   0.0000000000   0.0000000000
   0.2149999993   0.0000000000   0.0000000000   0.0000000000
   0.2199999993   0.0000000000   0.0000000000   0.0000000000
   0.2249999992   0.0000000000   0.0000000000   0.0000000000
   0.2299999992   0.0000000000  -0.0000000000   0.0000000000
   0.2349999992   0.0000000000  -0.0000000000   0.0000000000
   0.2399999992   0.0000000000  -0.0000000000   0.0000000000
   0.2449999992   0.0000000000  -0.0000000000   0.0000000000
   0.2499999992   0.0000000000  -0.0000000000   0.0000000000
   0.2549999991   0.0000000000  -0.0000000000   0.0000000000
   0.2599999991   0.0000000000  -0.0000000000   0.0000000000
   0.2649999991  -0.0000000000   0.0000000000  -0.0000000000
   0.2699999991  -0.0000000000   0.0000000000  -0.0000000000
   0.2749999991  -0.0000000000   0.0000000000  -0.0000000000
   0.2799999991  -0.0000000000   0.0000000000  -0.0000000000
   0.2849999990  -0.0000000000   0.0000000000  -0.0000000000
   0.2899999990  -0.0000000000   0.0000000000  -0.0000000000
   0.2949999990   0.0000000000  -0.0000000000   0.0000000000
   0.2999999990   0.0000000000  -0.0000000000   0.0000000000
   0.3049999990   0.0000000000  -0.0000000000   0.0000000000
   0.3099999990   0.0000000000  -0.0000000000   0.0000000000
   0.3149999989   0.0000000000  -0.0000000000   0.0000000000
   0.3199999989   0.0000000000  -0.0000000000   0.0000000000
   0.3249999989  -0.0000000000   0.0000000000  -0.0000000000
   0.3299999989  -0.0000000000   0.0000000000  -0.0000000000
   0.3349999989  -0.0000000000   0.0000000000  -0.0000000000
   0.3399999989  -0.0000000000   0.0000000000  -0.0000000000
   0.3449999988  -0.0000000000   0.0000000000  -0.0000000000
   0.3499999988  -0.0000000000   0.0000000000  -0.0000000000
   0.3549999988   0.0000000000  -0.0000000000   0.0000000000
   0.3599999988   0.0000000000  -0.0000000000   0.0000000000
   0.3649999988   0.0000000000  -0.0000000000   0.0000000000
   0.3699999988   0.0000000000  -0.0000000000   0.0000000000
   0.3749999987   0.0000000000  -0.0000000000   0.0000000000
   0.3799999987   0.0000000000  -0.0000000000   0.0000000000
   0.3849999987   0.0000000000  -0.0000000000   0.0000000000
   0.3899999987  -0.0000000000   0.0000000000  -0.0000000000
   0.3949999987  -0.0000000000   0.0000000000  -0.0000000000
   0.3999999987  -0.0000000000   0.0000000000  -0.0000000000
   0.4049999986  -0.0000000000   0.0000000000  -0.0000000000
   0.4099999986  -0.0000000000   0.0000000000  -0.0000000000
   0.4149999986  -0.0000000000   0.0000000000  -0.0000000000
   0.4199999986   0.0000000000  -0.0000000000   0.0000000000
   0.4249999986   0.0000000000  -0.0000000000   0.0000000000
   0.4299999986   0.0000000000  -0.0000000000   0.0000000000
   0.4349999985   0.0000000000  -0.0000000000   0.0000000000
   0.4399999985   0.0000000000  -0.0000000000   0.0000000000
   0.4449999985   0.0000000000  -0.0000000000   0.0000000000
   0.4499999985  -0.0000000000   0.0000000000  -0.0000000000
   0.4549999985  -0.0000000001   0.0000000000  -0.0000000001
   0.4599999985  -0.0000000001   0.0000000001  -0.0000000001
   0.4649999984  -0.0000000001   0.0000000001  -0.0000000001
   0.4699999984  -0.0000000001   0.0000000001  -0.0000000001
   0.4749999984  -0.0000000000   0.0000000000  -0.0000000000
   0.4799999984   0.0000000001  -0.0000000000   0.0000000001
   0.4849999984   0.0000000002  -0.0000000001   0.0000000002
   0.4899999984   0.0000000003  -0.0000000001   0.0000000003
   0.4949999983   0.0000000003  -0.0000000001   0.0000000003
   0.4999999983   0.0000000002  -0.0000000001   0.0000000002
   0.5049999983  -0.0000000000  -0.0000000000  -0.0000000000
   0.5099999983  -0.0000000003  -0.0000000000  -0.0000000003
   0.5149999983  -0.0000000006  -0.0000000001  -0.0000000006
   0.5199999983  -0.0000000008  -0.0000000002  -0.0000000008
   0.5249999982  -0.0000000009  -0.0000000003  -0.0000000009
   0.5299999982  -0.0000000006  -0.0000000003  -0.0000000006
   0.5349999982  -0.0000000000  -0.0000000001  -0.0000000000
   0.5399999982   0.0000000008   0.0000000007   0.0000000008
   0.5449999982   0.0000000017   0.0000000019   0.0000000017
   0.5499999982   0.0000000025   0.0000000034   0.0000000025
   0.5549999981   0.0000000030   0.0000000047   0.0000000030
   0.5599999981   0.0000000031   0.0000000048   0.0000000031
   0.5649999981   0.0000000026   0.0000000027   0.0000000026
   0.5699999981   0.0000000013  -0.0000000021   0.0000000013
   0.5749999981  -0.0000000013  -0.0000000100  -0.0000000014
   0.5799999981  -0.0000000059  -0.0000000198  -0.0000000060
   0.5849999980  -0.0000000130  -0.0000000293  -0.0000000132
   0.5899999980  -0.0000000224  -0.0000000351  -0.0000000226
   0.5949999980  -0.0000000322  -0.0000000328  -0.0000000324
   0.5999999980  -0.0000000374  -0.0000000180  -0.0000000375
   0.6049999980  -0.0000000294   0.0000000133  -0.0000000292
   0.6099999980   0.0000000031   0.0000000626   0.0000000035
   0.6149999979   0.0000000701   0.0000001275   0.0000000709
   0.6199999979   0.0000001730   0.0000001989   0.0000001739
   0.6249999979   0.0000002933   0.0000002572   0.0000002941
   0.6299999979   0.0000003813   0.0000002684   0.0000003819
   0.6349999979   0.0000003503   0.0000001830   0.0000003501
   0.6399999979   0.0000000840  -0.0000000587   0.0000000829
   0.6449999978  -0.0000005304  -0.0000005092  -0.0000005324
   0.6499999978  -0.0000015374  -0.0000011790  -0.0000015401
   0.6549999978  -0.0000028182  -0.0000019836  -0.0000028210
   0.6599999978  -0.0000039820  -0.0000026799  -0.0000039839
   0.6649999978  -0.0000042838  -0.0000028153  -0.0000042840
   0.6699999978  -0.0000026333  -0.0000017252  -0.0000026311
   0.6749999977   0.0000022275   0.0000013708   0.0000022322
   0.6799999977   0.0000113036   0.0000071240   0.0000113098
   0.6849999977   0.0000246482   0.0000156344   0.0000246540
   0.6899999977   0.0000404355   0.0000258718   0.0000404383
   0.6949999977   0.0000539785   0.0000350368   0.0000539761
   0.6999999976   0.0000570197   0.0000380597   0.0000570109
   0.7049999976   0.0000377619   0.0000275261   0.0000377476
   0.7099999976  -0.0000178110  -0.0000056169  -0.0000178270
   0.7149999976  -0.0001228186  -0.0000702355  -0.0001228299
   0.7199999976  -0.0002842881  -0.0001718469  -0.0002842861
   0.7249999976  -0.0004960077  -0.0003081493  -0.0004959836
   0.7299999975  -0.0007301453  -0.0004636300  -0.0007300934
   0.7349999975  -0.0009290148  -0.0006040588  -0.0009289353
   0.7399999975  -0.0009989569  -0.0006720630  -0.0009988598
   0.7449999975  -0.0008086306  -0.0005852252  -0.0008085385
   0.7499999975  -0.0001938766  -0.0002381314  -0.0001938257
   0.7549999975   0.0010293945   0.0004905663   0.0010293550
   0.7599999974   0.0030441320   0.0017257337   0.0030439433
   0.7649999974   0.0060044758   0.0035786711   0.0060040772
   0.7699999974   0.0100049349   0.0061272023   0.0100042752
   0.7749999974   0.0150514242   0.0093958192   0.0150504772
   0.7799999974   0.0210399669   0.0133394246   0.0210387518
   0.7849999974   0.0277485336   0.0178342531   0.0277471377
   0.7899999973   0.0348458463   0.0226788272   0.0348444486
   0.7949999973   0.0419181766   0.0276063541   0.0419170681
   0.7999999973   0.0485116697   0.0323079837   0.0485112653
   0.8049999973   0.0541842640   0.0364642179   0.0541851009
   0.8099999973   0.0585586764   0.0397799262   0.0585613945
   0.8149999973   0.0613669452   0.0420173639   0.0613722479
   0.8199999972   0.0624780803   0.0430216064   0.0624866769
   0.8249999972   0.0619034408   0.0427340226   0.0619159772
   0.8299999972   0.0597789750   0.0411916250   0.0597959650
   0.8349999972   0.0563284386   0.0385129076   0.0563502068
   0.8399999972   0.0518159341   0.0348735080   0.0518425860
   0.8449999972   0.0464985106   0.0304770450   0.0465299364
   0.8499999971   0.0405893939   0.0255272985   0.0406253098
   0.8549999971   0.0342396437   0.0202072648   0.0342796634
   0.8599999971   0.0275412586   0.0146686882   0.0275849775
   0.8649999971   0.0205491774   0.0090328895   0.0205962507
   0.8699999971   0.0133147203   0.0034008166   0.0133649122
   0.8749999971   0.0059201062  -0.0021320371   0.0059732944
   0.8799999970  -0.0014964033  -0.0074612440  -0.0014402721
   0.8849999970  -0.0087323972  -0.0124645274  -0.0086733908
   0.8899999970  -0.0155330127  -0.0170014543  -0.0154713148
   0.8949999970  -0.0216195941  -0.0209222325  -0.0215555922
   0.8999999970  -0.0267277433  -0.0240834076  -0.0266620740
   0.9049999970  -0.0306447412  -0.0263662821  -0.0305782722
   0.9099999969  -0.0332368423  -0.0276931930  -0.0331705861
   0.9149999969  -0.0344602663  -0.0280375763  -0.0343952412
   0.9199999969  -0.0343547882  -0.0274257321  -0.0342918591
   0.9249999969  -0.0330240668  -0.0259307443  -0.0329638065
   0.9299999969  -0.0306105864  -0.0236612803  -0.0305531966
   0.9349999969  -0.0272741139  -0.0207492578  -0.0272194296
   0.9399999968  -0.0231805417  -0.0173402093  -0.0231281210
   0.9449999968  -0.0185035450  -0.0135886440  -0.0184528224
   0.9499999968  -0.0134360973  -0.0096583325  -0.0133865560
   0.9549999968  -0.0082043926  -0.0057250298  -0.0081557068
   0.9599999968  -0.0030747398  -0.0019775943  -0.0030268437
   0.9649999968   0.0016546186   0.0013866305   0.0017015588
   0.9699999967   0.0056802868   0.0041747630   0.0057259889
   0.9749999967   0.0087362327   0.0062194642   0.0087804692
   0.9799999967   0.0106429463   0.0074047549   0.0106857128
   0.9849999967   0.0113501296   0.0076905995   0.0113917537
   0.9899999967   0.0109595397   0.0071292529   0.0110006870
   0.9949999967   0.0097184954   0.0058673792   0.0097600586
   0.9999999966   0.0079817386   0.0041308859   0.0080246330
   1.0049999966   0.0061478722   0.0021935881   0.0061927922
   1.0099999966   0.0045840049   0.0003350802   0.0046312127
   1.0149999966   0.0035562649  -0.0012036569   0.0036054791
   1.0199999966   0.0031831560  -0.0022573092   0.0032335831
   1.0249999966   0.0034233273  -0.0027577301   0.0034738388
   1.0299999965   0.0041006037  -0.0027352484   0.0041500194
   1.0349999965   0.0049594708  -0.0022999846   0.0050068740
   1.0399999965   0.0057363300  -0.0016082122   0.0057813280
   1.0449999965   0.0062279530  -0.0008223239   0.0062708072
   1.0499999965   0.0063397543  -0.0000742439   0.0063813378
   1.0549999965   0.0061023920   0.0005591710   0.0061439826
   1.0599999964   0.0056541026   0.0010636919   0.0056970642
   1.0649999964   0.0051955255   0.0014778966   0.0052409652
   1.0699999964   0.0049309575   0.0018702468   0.0049794561
   1.0749999964   0.0050130480   0.0023106120   0.0050645397
   1.0799999964   0.0055061522   0.0028448546   0.0055599901
   1.0849999964   0.0063775729   0.0034797014   0.0064327612
   1.0899999963   0.0075175758   0.0041817626   0.0075731024
   1.0949999963   0.0087808024   0.0048902137   0.0088359736
   1.0999999963   0.0100358813   0.0055386093   0.0100905576
   1.1049999963   0.0112082122   0.0060787080   0.0112628715
   1.1099999963   0.0123034631   0.0064987698   0.0123590661
   1.1149999963   0.0134053673   0.0068306111   0.0134630587
   1.1199999962   0.0146490965   0.0071431833   0.0147098223
   1.1249999962   0.0161785311   0.0075245092   0.0162426850
   1.1299999962   0.0181001634   0.0080572441   0.0181673669
   1.1349999962   0.0204469469   0.0087949318   0.0205160360
   1.1399999962   0.0231621242   0.0097456921   0.0232313610
   1.1449999962   0.0261069978   0.0108677678   0.0261744600
   1.1499999961   0.0290896098   0.0120778318   0.0291536622
   1.1549999961   0.0319054333   0.0132692828   0.0319651593
   1.1599999961   0.0343781322   0.0143350576   0.0344336085
   1.1649999961   0.0363889943   0.0151885143   0.0364413336
   1.1699999961   0.0378875146   0.0157768997   0.0379386601
   1.1749999961   0.0388815263   0.0160844340   0.0389338472
   1.1799999960   0.0394114269   0.0161252760   0.0394672175
   1.1849999960   0.0395175870   0.0159295797   0.0395785958
   1.1899999960   0.0392116713   0.0155276544   0.0392787803
   1.1949999960   0.0384609633   0.0149374295   0.0385340939
   1.1999999960   0.0371904825   0.0141590654   0.0372687440
   1.2049999960   0.0353021034   0.0131781298   0.0353841370
   1.2099999959   0.0327047548   0.0119760771   0.0327891723
   1.2149999959   0.0293465916   0.0105445975   0.0294323870
   1.2199999959   0.0252396643   0.0088993504   0.0253264870
   1.2249999959   0.0204700364   0.0070888563   0.0205582558
   1.2299999959   0.0151906635   0.0051957494   0.0152812137
   1.2349999959   0.0095992809   0.0033296999   0.0096933365
   1.2399999958   0.0039075702   0.0016135003   0.0040061493
   1.2449999958  -0.0016901160   0.0001654836  -0.0015865081
   1.2499999958  -0.0070406525  -0.0009177870  -0.0069322376
   1.2549999958  -0.0120434714  -0.0015748913  -0.0119312123
   1.2599999958  -0.0166480226  -0.0017865002  -0.0165334347
   1.2649999958  -0.0208400053  -0.0015751337  -0.0207248196
   1.2699999957  -0.0246218872  -0.0009987622  -0.0245076583
   1.2749999957  -0.0279942820  -0.0001406820  -0.0278820480
   1.2799999957  -0.0309438548   0.0009012594  -0.0308339380
   1.2849999957  -0.0334409531   0.0020232607  -0.0333329499
   1.2899999957  -0.0354469653   0.0031202119  -0.0353399204
   1.2949999957  -0.0369284373   0.0040861318  -0.0368211457
   1.2999999956  -0.0378730672   0.0048116917  -0.0377644158
   1.3049999956  -0.0383023193   0.0051812153  -0.0381915715
   1.3099999956  -0.0382765499   0.0050718579  -0.0381634983
   1.3149999956  -0.0378908089   0.0043571023  -0.0377757606
   1.3199999956  -0.0372621524   0.0029154196  -0.0371457645
   1.3249999956  -0.0365116106   0.0006433429  -0.0363946381
   1.3299999955  -0.0357452788  -0.0025292383  -0.0356283228
   1.3349999955  -0.0350390296  -0.0066245763  -0.0349223777
   1.3399999955  -0.0344301658  -0.0116063649  -0.0343137914
   1.3449999955  -0.0339173570  -0.0173750307  -0.0338011005
   1.3499999955  -0.0334680356  -0.0237698741  -0.0333519394
   1.3549999954  -0.0330306814  -0.0305774946  -0.0329154058
   1.3599999954  -0.0325485415  -0.0375448285  -0.0324357620
   1.3649999954  -0.0319714627  -0.0443946136  -0.0318641453
   1.3699999954  -0.0312635028  -0.0508412156  -0.0311659787
   1.3749999954  -0.0304054513  -0.0566053375  -0.0303232514
   1.3799999954  -0.0293928530  -0.0614268959  -0.0293323164
   1.3849999953  -0.0282311868  -0.0650760015  -0.0281989014
   1.3899999953  -0.0269302742  -0.0673623253  -0.0269324414
   1.3949999953  -0.0254997773  -0.0681431478  -0.0255416050
   1.3999999953  -0.0239469814  -0.0673301642  -0.0240321982
   1.4049999953  -0.0222772062  -0.0648948308  -0.0224077595
   1.4099999953  -0.0204964289  -0.0608718310  -0.0206723908
   1.4149999952  -0.0186151817  -0.0553601881  -0.0188348443
   1.4199999952  -0.0166525759  -0.0485216338  -0.0169126853
   1.4249999952  -0.0146393388  -0.0405759949  -0.0149354005
   1.4299999952  -0.0126189716  -0.0317935027  -0.0129455590
   1.4349999952  -0.0106464548  -0.0224840566  -0.0109974731
   1.4399999952  -0.0087843370  -0.0129836049  -0.0091532214
   1.4449999951  -0.0070965072  -0.0036380217  -0.0074763669
   1.4499999951  -0.0056404601   0.0052148027  -0.0060242054
   1.4549999951  -0.0044593230   0.0132635136  -0.0048398258
   1.4599999951  -0.0035752035   0.0202409226  -0.0039455350
   1.4649999951  -0.0029853820   0.0259389224  -0.0033391516
   1.4699999951  -0.0026624394   0.0302189794  -0.0029942230
   1.4749999950  -0.0025585952   0.0330169818  -0.0028644045
   1.4799999950  -0.0026135175   0.0343420271  -0.0028912307
   1.4849999950  -0.0027639374   0.0342696813  -0.0030135951
   1.4899999950  -0.0029528580   0.0329310781  -0.0031767340
   1.4949999950  -0.0031362147   0.0304997215  -0.0033385982
   1.4999999950  -0.0032855450   0.0271778841  -0.0034722148
   1.5049999949  -0.0033863759   0.0231840790  -0.0035638001
   1.5099999949  -0.0034332964   0.0187423892  -0.0036076410
   1.5149999949  -0.0034236288   0.0140737085  -0.0035996962
   1.5199999949  -0.0033519546   0.0093884124  -0.0035321909
   1.5249999949  -0.0032073559   0.0048797950  -0.0033910601
   1.5299999949  -0.0029742538   0.0007177778  -0.0031570974
   1.5349999948  -0.0026364812  -0.0029571765  -0.0028104091
   1.5399999948  -0.0021831453  -0.0060395322  -0.0023366832
   1.5449999948  -0.0016142571  -0.0084627653  -0.0017332101
   1.5499999948  -0.0009442091  -0.0102012216  -0.0010127025
   1.5549999948  -0.0002018909  -0.0112691153  -0.0002036799
   1.5599999948   0.0005727051  -0.0117164792   0.0006527450
   1.5649999947   0.0013345005  -0.0116224040   0.0015087976
   1.5699999947   0.0020403827  -0.0110863656   0.0023171127
   1.5749999947   0.0026555468  -0.0102187189   0.0030372023
   1.5799999947   0.0031577426  -0.0091314762   0.0036399442
   1.5849999947   0.0035387572  -0.0079303148   0.0041094252
   1.5899999947   0.0038032565  -0.0067084404   0.0044422584
   1.5949999946   0.0039657314  -0.0055425671   0.0046451105
   1.5999999946   0.0040465847  -0.0044909449   0.0047314454
   1.6049999946   0.0040683341  -0.0035931293   0.0047184187
   1.6099999946   0.0040525949  -0.0028710620   0.0046245280
   1.6149999946   0.0040181095  -0.0023310037   0.0044682160
   1.6199999946   0.0039797558  -0.0019659075   0.0042672880
   1.6249999945   0.0039482915  -0.0017579102   0.0040388301
   1.6299999945   0.0039305665  -0.0016807282   0.0037993094
   1.6349999945   0.0039300094  -0.0017018606   0.0035646327
   1.6399999945   0.0039472710  -0.0017846105   0.0033500498
   1.6449999945   0.0039809329  -0.0018900234   0.0031698495
   1.6499999945   0.0040281597  -0.0019788926   0.0030368020
   1.6549999944   0.0040851290  -0.0020139744   0.0029612852
   1.6599999944   0.0041470788  -0.0019624832   0.0029500600
   1.6649999944   0.0042079191  -0.0017987998   0.0030047715
   1.6699999944   0.0042595459  -0.0015071535   0.0031204311
   1.6749999944   0.0042912096  -0.0010838834   0.0032843293
   1.6799999944   0.0042894218  -0.0005387880   0.0034759193
   1.6849999943   0.0042388496   0.0001048971   0.0036681337
   1.6899999943   0.0041244031   0.0008121897   0.0038303109
   1.6949999943   0.0039343263   0.0015397364   0.0039324674
   1.6999999943   0.0036636739   0.0022405411   0.0039501960
   1.7049999943   0.0033172582   0.0028694043   0.0038691478
   1.7099999943   0.0029111093   0.0033882265   0.0036880078
   1.7149999942   0.0024717644   0.0037703146   0.0034191491
   1.7199999942   0.0020332314   0.0040030012   0.0030866933
   1.7249999942   0.0016321006   0.0040882274   0.0027223554
   1.7299999942   0.0013018158   0.0040411392   0.0023600212
   1.7349999942   0.0010673779   0.0038871242   0.0020302986
   1.7399999942   0.0009416574   0.0036579577   0.0017562313
   1.7449999941   0.0009240619   0.0033877917   0.0015509704
   1.7499999941   0.0010016807   0.0031096089   0.0014176202
   1.7549999941   0.0011524103   0.0028525242   0.0013508826
   1.7599999941   0.0013491348   0.0026400406   0.0013397243
   1.7649999941   0.0015639168   0.0024891398   0.0013701749
   1.7699999941   0.0017713409   0.0024099604   0.0014275440
   1.7749999940   0.0019505548   0.0024058228   0.0014977178
   1.7799999940   0.0020860097   0.0024734500   0.0015676116
   1.7849999940   0.0021672565   0.0026033713   0.0016251526
   1.7899999940   0.0021883094   0.0027806017   0.0016592657
   1.7949999940   0.0021470270   0.0029857314   0.0016602202
   1.7999999940   0.0020447547   0.0031965107   0.0016204459
   1.8049999939   0.0018862238   0.0033899056   0.0015356549
   1.8099999939   0.0016795234   0.0035444597   0.0014059221
   1.8149999939   0.0014359077   0.0036426817   0.0012363453
   1.8199999939   0.0011692714   0.0036731202   0.0010370088
   1.8249999939   0.0008952623   0.0036318029   0.0008221725
   1.8299999939   0.0006301344   0.0035227992   0.0006087948
   1.8349999938   0.0003895115   0.0033577948   0.0004146316
   1.8399999938   0.0001872190   0.0031547046   0.0002561874
   1.8449999938   0.0000342732   0.0029354838   0.0001467640
   1.8499999938  -0.0000619530   0.0027234010   0.0000947888
   1.8549999938  -0.0000983982   0.0025401058   0.0001025676
   1.8599999938  -0.0000767864   0.0024028609   0.0001655991
   1.8649999937  -0.0000038066   0.0023223049   0.0002726090
   1.8699999937   0.0001091622   0.0023010702   0.0004064498
   1.8749999937   0.0002469385   0.0023334887   0.0005459403
   1.8799999937   0.0003920891   0.0024064792   0.0006685522
   1.8849999937   0.0005270146   0.0025015340   0.0007536350
   1.8899999937   0.0006362394   0.0025975303   0.0007856536
   1.8949999936   0.0007084362   0.0026739288   0.0007567967
   1.8999999936   0.0007377119   0.0027138245   0.0006683507
   1.9049999936   0.0007238308   0.0027063243   0.0005304623
   1.9099999936   0.0006713325   0.0026478480   0.0003602632
   1.9149999936   0.0005878116   0.0025421670   0.0001787321
   1.9199999936   0.0004818756   0.0023992569   0.0000069812
   1.9249999935   0.0003613803   0.0022332819  -0.0001372119
   1.9299999935   0.0002324330   0.0020601812  -0.0002418990
   1.9349999935   0.0000993776   0.0018953558  -0.0003020431
   1.9399999935  -0.0000343667   0.0017518538  -0.0003191424
   1.9449999935  -0.0001650405   0.0016392628  -0.0002997194
   1.9499999935  -0.0002874233   0.0015633055  -0.0002532368
   1.9549999934  -0.0003943735   0.0015259631  -0.0001900448
   1.9599999934  -0.0004773069   0.0015258779  -0.0001198177
   1.9649999934  -0.0005275654   0.0015588140  -0.0000506820
   1.9699999934  -0.0005383164   0.0016180613   0.0000110332
   1.9749999934  -0.0005064394   0.0016948001   0.0000606721
   1.9799999934  -0.0004338532   0.0017785344   0.0000950497
   1.9849999933  -0.0003279017   0.0018577304   0.0001123719
   1.9899999933  -0.0002006858   0.0019207309   0.0001123186
   1.9949999933  -0.0000675048   0.0019569107   0.0000961729
   1.9999999933   0.0000552361   0.0019579216   0.0000668056
   2.0049999933   0.0001522323   0.0019188024   0.0000283560
   2.0099999933   0.0002112318   0.0018387320  -0.0000144198
   2.0149999932   0.0002245037   0.0017212670  -0.0000570152
   2.0199999932   0.0001897243   0.0015740229  -0.0000960168
   2.0249999932   0.0001102791   0.0014078609  -0.0001296750
   2.0299999932  -0.0000049945   0.0012357248  -0.0001580307
   2.0349999932  -0.0001426138   0.0010712945  -0.0001825794
   2.0399999931  -0.0002858086   0.0009276052  -0.0002056053
   2.0449999931  -0.0004163991   0.0008157455  -0.0002294149
   2.0499999931  -0.0005170662   0.0007437186  -0.0002556962
   2.0549999931  -0.0005737556   0.0007155444  -0.0002851454
   2.0599999931  -0.0005778311   0.0007306994  -0.0003173740
   2.0649999931  -0.0005275515   0.0007840031  -0.0003509992
   2.0699999930  -0.0004285150   0.0008660503  -0.0003837802
   2.0749999930  -0.0002929090   0.0009642278  -0.0004127093
   2.0799999930  -0.0001376616   0.0010642514  -0.0004340608
   2.0849999930   0.0000181491   0.0011520327  -0.0004435116
   2.0899999930   0.0001561042   0.0012155790  -0.0004364879
   2.0949999930   0.0002609228   0.0012465838  -0.0004088536
   2.0999999929   0.0003221780   0.0012414064  -0.0003579237
   2.1049999929   0.0003350465   0.0012012592  -0.0002836205
   2.1099999929   0.0003001341   0.0011316017  -0.0001894519
   2.1149999929   0.0002226206   0.0010409151  -0.0000829490
   2.1199999929   0.0001110545   0.0009391579   0.0000247159
   2.1249999929  -0.0000238992   0.0008362449   0.0001200137
   2.1299999928  -0.0001705689   0.0007408333   0.0001890808
   2.1349999928  -0.0003171939   0.0006595766   0.0002200933
   2.1399999928  -0.0004526989   0.0005968562   0.0002054858
   2.1449999928  -0.0005674051   0.0005548771   0.0001435249
   2.1499999928  -0.0006537107   0.0005339535   0.0000389005
   2.1549999928  -0.0007066908   0.0005328249  -0.0000977726
   2.1599999927  -0.0007244923   0.0005489072  -0.0002514059
   2.1649999927  -0.0007083838   0.0005784773  -0.0004045242
   2.1699999927  -0.0006623756   0.0006168503  -0.0005395902
   2.1749999927  -0.0005924376   0.0006586344  -0.0006411924
   2.1799999927  -0.0005054681   0.0006981150  -0.0006978191
   2.1849999927  -0.0004082533   0.0007297627  -0.0007030633
   2.1899999926  -0.0003066674   0.0007487934  -0.0006562097
   2.1949999926  -0.0002052896   0.0007516794  -0.0005622141
   2.1999999926  -0.0001074829   0.0007365163  -0.0004311157
   2.2049999926  -0.0000158352   0.0007031898  -0.0002769318
   2.2099999926   0.0000672371   0.0006533455  -0.0001161144
   2.2149999926   0.0001389543   0.0005902028   0.0000343038
   2.2199999925   0.0001958881   0.0005182670   0.0001586693
   2.2249999925   0.0002340118   0.0004429766   0.0002445137
   2.2299999925   0.0002490626   0.0003702881   0.0002839272
   2.2349999925   0.0002371183   0.0003061820   0.0002742770
   2.2399999925   0.0001952704   0.0002560804   0.0002181710
   2.2449999925   0.0001222917   0.0002242062   0.0001227256
   2.2499999924   0.0000192404   0.0002129716  -0.0000016543
   2.2549999924  -0.0001100388   0.0002225268  -0.0001426931
   2.2599999924  -0.0002585651   0.0002506103  -0.0002875736
   2.2649999924  -0.0004161184   0.0002927890  -0.0004239840
   2.2699999924  -0.0005695212   0.0003430906  -0.0005408320
   2.2749999924  -0.0007034528   0.0003949162  -0.0006287055
   2.2799999923  -0.0008018800   0.0004420390  -0.0006802345
   2.2849999923  -0.0008500553   0.0004794596  -0.0006904923
   2.2899999923  -0.0008368499   0.0005039330  -0.0006574858
   2.2949999923  -0.0007570249   0.0005140771  -0.0005826562
   2.2999999923  -0.0006129486   0.0005101003  -0.0004712125
   2.3049999923  -0.0004153045   0.0004932912  -0.0003320840
   2.3099999922  -0.0001824926   0.0004654686  -0.0001773426
   2.3149999922   0.0000613064   0.0004285709  -0.0000210736
   2.3199999922   0.0002891476   0.0003844896   0.0001221662
   2.3249999922   0.0004749214   0.0003351418   0.0002390369
   2.3299999922   0.0005969146   0.0002826834   0.0003189384
   2.3349999922   0.0006407313   0.0002297160   0.0003551007
   2.3399999921   0.0006011236   0.0001793474   0.0003450935
   2.3449999921   0.0004825114   0.0001350333   0.0002907568
   2.3499999921   0.0002982109   0.0001002122   0.0001976811
   2.3549999921   0.0000685947   0.0000778242   0.0000744243
   2.3599999921  -0.0001814793   0.0000698446  -0.0000683551
   2.3649999921  -0.0004255942   0.0000769515  -0.0002187382
   2.3699999920  -0.0006387032   0.0000983984  -0.0003643353
   2.3749999920  -0.0007997639   0.0001320949  -0.0004930588
   2.3799999920  -0.0008938368   0.0001748456  -0.0005939267
   2.3849999920  -0.0009134619   0.0002226725  -0.0006579052
   2.3899999920  -0.0008591792   0.0002711585  -0.0006787304
   2.3949999920  -0.0007391350   0.0003157812  -0.0006535920
   2.3999999919  -0.0005678152   0.0003522434  -0.0005835404
   2.4049999919  -0.0003640664   0.0003768164  -0.0004735108
   2.4099999919  -0.0001486898   0.0003867000  -0.0003319342
   2.4149999919   0.0000580279   0.0003803690  -0.0001699922
   2.4199999919   0.0002384675   0.0003578346  -0.0000006392
   2.4249999919   0.0003792075   0.0003207399   0.0001624607
   2.4299999918   0.0004717701   0.0002722234   0.0003059646
   2.4349999918   0.0005125985   0.0002165430   0.0004177921
   2.4399999918   0.0005024490   0.0001585195   0.0004879747
   2.4449999918   0.0004454720   0.0001029176   0.0005094412
   2.4499999918   0.0003482707   0.0000539030   0.0004787411
   2.4549999918   0.0002191393   0.0000146852   0.0003966513
   2.4599999917   0.0000675597  -0.0000126074   0.0002685391
   2.4649999917  -0.0000961018  -0.0000268573   0.0001043195
   2.4699999917  -0.0002608374  -0.0000277879  -0.0000821378
   2.4749999917  -0.0004153364  -0.0000158096  -0.0002742033
   2.4799999917  -0.0005485183   0.0000080341  -0.0004542029
   2.4849999917  -0.0006502672   0.0000420024  -0.0006054289
   2.4899999916  -0.0007122780   0.0000835333  -0.0007141278
   2.4949999916  -0.0007288764   0.0001291699  -0.0007711287
   2.4999999916  -0.0006976668   0.0001746486  -0.0007728451
   2.5049999916  -0.0006199168   0.0002152204  -0.0007215222
   2.5099999916  -0.0005006446   0.0002461934  -0.0006247569
   2.5149999916  -0.0003484329   0.0002636068  -0.0004944521
   2.5199999915  -0.0001750094   0.0002648889  -0.0003454355
   2.5249999915   0.0000053829   0.0002493413  -0.0001939677
   2.5299999915   0.0001768330   0.0002183331  -0.0000563115
   2.5349999915   0.0003228568   0.0001751591   0.0000525504
   2.5399999915   0.0004277499   0.0001245967   0.0001200205
   2.5449999915   0.0004781489   0.0000722593   0.0001368168
   2.5499999914   0.0004646581   0.0000238686   0.0000977140
   2.5549999914   0.0003833127  -0.0000154347   0.0000020485
   2.5599999914   0.0002366054  -0.0000416604  -0.0001460864
   2.5649999914   0.0000338237  -0.0000523724  -0.0003380267
   2.5699999914  -0.0002094521  -0.0000469126  -0.0005611361
   2.5749999914  -0.0004726952  -0.0000264439  -0.0007997760
   2.5799999913  -0.0007324662   0.0000061880  -0.0010365389
   2.5849999913  -0.0009648489   0.0000467750  -0.0012535894
   2.5899999913  -0.0011479424   0.0000902424  -0.0014339537
   2.5949999913  -0.0012640785   0.0001312843  -0.0015626387
   2.5999999913  -0.0013015096   0.0001650664  -0.0016275228
   2.6049999913  -0.0012554236   0.0001878864  -0.0016200234
   2.6099999912  -0.0011282473   0.0001976659  -0.0015355753
   2.6149999912  -0.0009292784   0.0001941638  -0.0013739472
   2.6199999912  -0.0006737291   0.0001788570  -0.0011393838
   2.6249999912  -0.0003812800   0.0001545105  -0.0008405139
   2.6299999912  -0.0000742541   0.0001245405  -0.0004899368
   2.6349999912   0.0002244601   0.0000923253  -0.0001034158
   2.6399999911   0.0004935689   0.0000606309   0.0003013270
   2.6449999911   0.0007154063   0.0000312754   0.0007061293
   2.6499999911   0.0008776027   0.0000050849   0.0010940376
   2.6549999911   0.0009741634  -0.0000178964   0.0014508458
   2.6599999911   0.0010057966  -0.0000380454   0.0017662810
   2.6649999911   0.0009794433  -0.0000557783   0.0020346513
   2.6699999910   0.0009070969  -0.0000712660   0.0022548795
   2.6749999910   0.0008041224  -0.0000843109   0.0024299584
   2.6799999910   0.0006873589  -0.0000943885   0.0025659590
   2.6849999910   0.0005732928  -0.0001008069   0.0026707695
   2.6899999910   0.0004765295  -0.0001029123   0.0027527424
   2.6949999909   0.0004086814  -0.0001002771   0.0028193859
   2.6999999909   0.0003776811  -0.0000928321   0.0028761912
   2.7049999909   0.0003874430  -0.0000809373   0.0029256523
   2.7099999909   0.0004377663  -0.0000654013   0.0029665252
   2.7149999909   0.0005243906  -0.0000474615   0.0029933908
   2.7199999909   0.0006391709  -0.0000287246   0.0029965990
   2.7249999908   0.0007703987  -0.0000110485   0.0029626728
   2.7299999908   0.0009033307   0.0000036528   0.0028752115
   2.7349999908   0.0010209862   0.0000136868   0.0027162644
   2.7399999908   0.0011052364   0.0000179133   0.0024680595
   2.7449999908   0.0011381476   0.0000160645   0.0021148951
   2.7499999908   0.0011034831   0.0000089656   0.0016449677
   2.7549999907   0.0009882288  -0.0000014265   0.0010519206
   2.7599999907   0.0007839955  -0.0000122150   0.0003359596
   2.7649999907   0.0004881642  -0.0000199733  -0.0004955302
   2.7699999907   0.0001046636  -0.0000212989  -0.0014278529
   2.7749999907  -0.0003557021  -0.0000133920  -0.0024392890
   2.7799999907  -0.0008754364   0.0000054710  -0.0035017254
   2.7849999906  -0.0014310842   0.0000356716  -0.0045815777
   2.7899999906  -0.0019945249   0.0000762327  -0.0056409946
   2.7949999906  -0.0025347860   0.0001250255  -0.0066393554
   2.7999999906  -0.0030202703   0.0001791177  -0.0075350675
   2.8049999906  -0.0034212114   0.0002351599  -0.0082876180
   2.8099999906  -0.0037121070   0.0002897182  -0.0088597666
   2.8149999905  -0.0038738409   0.0003395042  -0.0092196930
   2.8199999905  -0.0038952264   0.0003815062  -0.0093428788
   2.8249999905  -0.0037737726   0.0004130659  -0.0092135136
   2.8299999905  -0.0035155930   0.0004319575  -0.0088252830
   2.8349999905  -0.0031345069   0.0004365084  -0.0081814937
   2.8399999905  -0.0026505006   0.0004257648  -0.0072946002
   2.8449999904  -0.0020877890   0.0003996588  -0.0061852771
   2.8499999904  -0.0014727365   0.0003591153  -0.0048812131
   2.8549999904  -0.0008318668   0.0003060338  -0.0034157902
   2.8599999904  -0.0001901261   0.0002431173  -0.0018267578
   2.8649999904   0.0004305010   0.0001735660  -0.0001549491
   2.8699999904   0.0010119767   0.0001006969   0.0015569595
   2.8749999903   0.0015407839   0.0000275790   0.0032656640
   2.8799999903   0.0020080833  -0.0000432358   0.0049284214
   2.8849999903   0.0024094614  -0.0001098369   0.0065041785
   2.8899999903   0.0027442952  -0.0001709318   0.0079545721
   2.8949999903   0.0030147986  -0.0002257185   0.0092447228
   2.8999999903   0.0032248663  -0.0002737181   0.0103437647
   2.9049999902   0.0033788751  -0.0003146327   0.0112251036
   2.9099999902   0.0034806225  -0.0003482686   0.0118664515
   2.9149999902   0.0035325570  -0.0003745312   0.0122497414
   2.9199999902   0.0035353921  -0.0003934654   0.0123610437
   2.9249999902   0.0034881026  -0.0004053027   0.0121905981
   2.9299999902   0.0033882202  -0.0004104738   0.0117330358
   2.9349999901   0.0032322905  -0.0004095687   0.0109878079
   2.9399999901   0.0030163582  -0.0004032436   0.0099597891
   2.9449999901   0.0027363990  -0.0003920993   0.0086599826
   2.9499999901   0.0023887029  -0.0003765590   0.0071062350
   2.9549999901   0.0019702887  -0.0003567761   0.0053238654
   2.9599999901   0.0014794674  -0.0003325927   0.0033461182
   2.9649999900   0.0009166458  -0.0003035554   0.0012143513
   2.9699999900   0.0002853741  -0.0002689909  -0.0010221204
   2.9749999900  -0.0004064765  -0.0002281331  -0.0033066045
   2.9799999900  -0.0011456345  -0.0001802948  -0.0055760948
   2.9849999900  -0.0019127340  -0.0001250678  -0.0077628502
   2.9899999900  -0.0026822769  -0.0000625300  -0.0097964784
   2.9949999899  -0.0034234247   0.0000065725  -0.0116064597
   2.9999999899  -0.0041016395   0.0000807055  -0.0131249957
   3.0049999899  -0.0046810255   0.0001575271  -0.0142900321
   3.0099999899  -0.0051270871   0.0002339910  -0.0150482853
   3.0149999899  -0.0054095489   0.0003065732  -0.0153581056
   3.0199999899  -0.0055048931   0.0003715923  -0.0151920238
   3.0249999898  -0.0053983469   0.0004255692  -0.0145388438
   3.0299999898  -0.0050851683   0.0004655603  -0.0134051550
   3.0349999898  -0.0045711931   0.0004894056  -0.0118161442
   3.0399999898  -0.0038726940   0.0004958572  -0.0098155946
   3.0449999898  -0.0030156423   0.0004845913  -0.0074649770
   3.0499999898  -0.0020344678   0.0004561339  -0.0048415856
   3.0549999897  -0.0009703887   0.0004117516  -0.0020357392
   3.0599999897   0.0001306326   0.0003533518   0.0008528386
   3.0649999897   0.0012202500   0.0002834142   0.0037192545
   3.0699999897   0.0022503238   0.0002049423   0.0064580202
   3.0749999897   0.0031756022   0.0001213983   0.0089676587
   3.0799999897   0.0039563067   0.0000365780   0.0111550529
   3.0849999896   0.0045604016  -0.0000456015   0.0129393070
   3.0899999896   0.0049653345  -0.0001213914   0.0142549749
   3.0949999896   0.0051590841  -0.0001875277   0.0150545856
   3.0999999896   0.0051404284  -0.0002415000   0.0153104465
   3.1049999896   0.0049184514  -0.0002816940   0.0150157185
   3.1099999896   0.0045113939  -0.0003073682   0.0141847384
   3.1149999895   0.0039450201  -0.0003184732   0.0128525372
   3.1199999895   0.0032507071  -0.0003153816   0.0110734906
   3.1249999895   0.0024634494  -0.0002986318   0.0089190696
   3.1299999895   0.0016199367  -0.0002687872   0.0064747260
   3.1349999895   0.0007568064  -0.0002264733   0.0038360564
   3.1399999895  -0.0000908821  -0.0001725879   0.0011044895
   3.1449999894  -0.0008909481  -0.0001086082  -0.0016171815
   3.1499999894  -0.0016151827  -0.0000368714  -0.0042290847
   3.1549999894  -0.0022402520   0.0000393020  -0.0066380878
   3.1599999894  -0.0027484050   0.0001157309  -0.0087609664
   3.1649999894  -0.0031279570   0.0001877576  -0.0105268656
   3.1699999894  -0.0033734890   0.0002508244  -0.0118791108
   3.1749999893  -0.0034857003   0.0003011066  -0.0127764837
   3.1799999893  -0.0034708675   0.0003360424  -0.0131940863
   3.1849999893  -0.0033399091   0.0003546268  -0.0131238605
   3.1899999893  -0.0031071246   0.0003573995  -0.0125747591
   3.1949999893  -0.0027887475   0.0003461454  -0.0115724913
   3.1999999893  -0.0024015080   0.0003234010  -0.0101587364
   3.2049999892  -0.0019614218   0.0002919062  -0.0083897380
   3.2099999892  -0.0014829901   0.0002541404  -0.0063342559
   3.2149999892  -0.0009789180   0.0002120446  -0.0040709439
   3.2199999892  -0.0004603482   0.0001669616  -0.0016853039
   3.2249999892   0.0000625091   0.0001197649   0.0007335808
   3.2299999892   0.0005795582   0.0000710922   0.0030963274
   3.2349999891   0.0010800538   0.0000215907   0.0053163799
   3.2399999891   0.0015521084  -0.0000279089   0.0073128771
   3.2449999891   0.0019826055  -0.0000763293   0.0090132250
   3.2499999891   0.0023575413  -0.0001223899   0.0103553840
   3.2549999891   0.0026627132  -0.0001647183   0.0112898952
   3.2599999891   0.0028846036  -0.0002019781   0.0117816500
   3.2649999890   0.0030112925  -0.0002329665   0.0118113676
   3.2699999890   0.0030332708  -0.0002566616   0.0113766982
   3.2749999890   0.0029440988  -0.0002722255   0.0104928430
   3.2799999890   0.0027409272  -0.0002789864   0.0091925712
   3.2849999890   0.0024249399  -0.0002764345   0.0075255408
   3.2899999890   0.0020017780  -0.0002642519   0.0055568716
   3.2949999889   0.0014819534  -0.0002423825   0.0033649717
   3.2999999889   0.0008811838  -0.0002111308   0.0010386783
   3.3049999889   0.0002205128  -0.0001712603  -0.0013261867
   3.3099999889  -0.0004739528  -0.0001240621  -0.0036307036
   3.3149999889  -0.0011718317  -0.0000713686  -0.0057770234
   3.3199999889  -0.0018398459  -0.0000154984  -0.0076726361
   3.3249999888  -0.0024437295   0.0000408677  -0.0092345523
   3.3299999888  -0.0029504956   0.0000948670  -0.0103932032
   3.3349999888  -0.0033308048   0.0001436683  -0.0110958710
   3.3399999888  -0.0035611505   0.0001846922  -0.0113094709
   3.3449999888  -0.0036256197   0.0002158086  -0.0110225244
   3.3499999888  -0.0035170706   0.0002354866  -0.0102461949
   3.3549999887  -0.0032376766   0.0002428780  -0.0090142877
   3.3599999887  -0.0027988736   0.0002378294  -0.0073821598
   3.3649999887  -0.0022208040   0.0002208289  -0.0054245335
   3.3699999887  -0.0015313517   0.0001929103  -0.0032322607
   3.3749999887  -0.0007648415   0.0001555400  -0.0009081483
   3.3799999886   0.0000395686   0.0001105178   0.0014379754
   3.3849999886   0.0008397948   0.0000599067   0.0036947077
   3.3899999886   0.0015930218   0.0000059939   0.0057547263
   3.3949999886   0.0022581273  -0.0000487341   0.0075203124
   3.3999999886   0.0027982139  -0.0001016322   0.0089083955
   3.4049999886   0.0031830618  -0.0001499825   0.0098548069
   3.4099999885   0.0033912697  -0.0001911432   0.0103174928
   3.4149999885   0.0034118519  -0.0002227551   0.0102785228
   3.4199999885   0.0032451047  -0.0002429750   0.0097448225
   3.4249999885   0.0029026346  -0.0002506863   0.0087476415
   3.4299999885   0.0024065418  -0.0002456345   0.0073408294
   3.4349999885   0.0017878467  -0.0002284477   0.0055980348
   3.4399999884   0.0010843196  -0.0002005314   0.0036089651
   3.4449999884   0.0003379207  -0.0001638627   0.0014748668
   3.4499999884  -0.0004079379  -0.0001207335  -0.0006965900
   3.4549999884  -0.0011111026  -0.0000735102  -0.0027968018
   3.4599999884  -0.0017331869  -0.0000244627  -0.0047218305
   3.4649999884  -0.0022417348   0.0000243051  -0.0063778076
   3.4699999883  -0.0026119289   0.0000708345  -0.0076858150
   3.4749999883  -0.0028277661   0.0001132392  -0.0085859285
   3.4799999883  -0.0028826596   0.0001496422  -0.0090401580
   3.4849999883  -0.0027794571   0.0001781762  -0.0090341027
   3.4899999883  -0.0025299054   0.0001970803  -0.0085772480
   3.4949999883  -0.0021536200   0.0002048871  -0.0077019360
   3.4999999882  -0.0016766482   0.0002006607  -0.0064611390
   3.5049999882  -0.0011297265   0.0001842217  -0.0049252275
   3.5099999882  -0.0005463439   0.0001562958  -0.0031779602
   3.5149999882   0.0000392820   0.0001185390  -0.0013119338
   3.5199999882   0.0005942091   0.0000734258   0.0005762751
   3.5249999882   0.0010886540   0.0000240208   0.0023910509
   3.5299999881   0.0014976509  -0.0000263213   0.0040425385
   3.5349999881   0.0018023881  -0.0000742731   0.0054510808
   3.5399999881   0.0019911303  -0.0001168194   0.0065510725
   3.5449999881   0.0020596560  -0.0001514815   0.0072940277
   3.5499999881   0.0020111723  -0.0001764648   0.0076506913
   3.5549999881   0.0018557159  -0.0001907364   0.0076120831
   3.5599999880   0.0016090982  -0.0001940385   0.0071894345
   3.5649999880   0.0012915008  -0.0001868469   0.0064130582
   3.5699999880   0.0009258555  -0.0001702786   0.0053302574
   3.5749999880   0.0005361567  -0.0001459510   0.0040024385
   3.5799999880   0.0001458444  -0.0001158015   0.0025016174
   3.5849999880  -0.0002236284  -0.0000818853   0.0009065258
   3.5899999879  -0.0005539598  -0.0000461777  -0.0007014806
   3.5949999879  -0.0008308437  -0.0000104145  -0.0022425146
   3.5999999879  -0.0010444670   0.0000240011  -0.0036420607
   3.6049999879  -0.0011896560   0.0000560124  -0.0048345070
   3.6099999879  -0.0012656838   0.0000848505  -0.0057661384
   3.6149999879  -0.0012757754   0.0001099298  -0.0063974448
   3.6199999878  -0.0012263673   0.0001307368  -0.0067046394
   3.6249999878  -0.0011262050   0.0001467531  -0.0066803325
   3.6299999878  -0.0009853802   0.0001574361  -0.0063333635
   3.6349999878  -0.0008144155   0.0001622664  -0.0056878537
   3.6399999878  -0.0006234942   0.0001608410  -0.0047815809
   3.6449999878  -0.0004219040   0.0001529837  -0.0036638073
   3.6499999877  -0.0002177223   0.0001388340  -0.0023926935
   3.6549999877  -0.0000177276   0.0001188904  -0.0010324280
   3.6599999877   0.0001725130   0.0000939949   0.0003498151
   3.6649999877   0.0003484506   0.0000652696   0.0016869842
   3.6699999877   0.0005063224   0.0000340250   0.0029152184
   3.6749999877   0.0006429364   0.0000016666   0.0039767663
   3.6799999876   0.0007555024  -0.0000303839   0.0048226319
   3.6849999876   0.0008415197  -0.0000607441   0.0054148220
   3.6899999876   0.0008987228  -0.0000881117   0.0057280739
   3.6949999876   0.0009250809  -0.0001113022   0.0057509696
   3.6999999876   0.0009188572  -0.0001292972   0.0054863710
   3.7049999876   0.0008787371  -0.0001413067   0.0049511621
   3.7099999875   0.0008040325  -0.0001468382   0.0041753201
   3.7149999875   0.0006949581  -0.0001457562   0.0032003756
   3.7199999875   0.0005529531  -0.0001383131   0.0020773473
   3.7249999875   0.0003810003  -0.0001251363   0.0008642474
   3.7299999875   0.0001838782  -0.0001071702  -0.0003767339
   3.7349999875  -0.0000317201  -0.0000855813  -0.0015822507
   3.7399999874  -0.0002572509  -0.0000616451  -0.0026909076
   3.7449999874  -0.0004825877  -0.0000366369  -0.0036463128
   3.7499999874  -0.0006964810  -0.0000117437  -0.0043999329
   3.7549999874  -0.0008871691   0.0000119945  -0.0049136006
   3.7599999874  -0.0010430826   0.0000337135  -0.0051615314
   3.7649999874  -0.0011535857   0.0000527311  -0.0051317293
   3.7699999873  -0.0012097078   0.0000685393  -0.0048266922
   3.7749999873  -0.0012048304   0.0000807886  -0.0042633687
   3.7799999873  -0.0011353049   0.0000892698  -0.0034723619
   3.7849999873  -0.0010009708   0.0000938925  -0.0024964131
   3.7899999873  -0.0008055331   0.0000946630  -0.0013882370
   3.7949999873  -0.0005567401   0.0000916646  -0.0002078068
   3.7999999872  -0.0002662976   0.0000850470   0.0009807831
   3.8049999872   0.0000505392   0.0000750291   0.0021127254
   3.8099999872   0.0003757209   0.0000619206   0.0031260075
   3.8149999872   0.0006894880   0.0000461566   0.0039648272
   3.8199999872   0.0009717070   0.0000283362   0.0045827231
   3.8249999872   0.0012033402   0.0000092466   0.0049452298
   3.8299999871   0.0013679005  -0.0000101419   0.0050318943
   3.8349999871   0.0014527451  -0.0000287205   0.0048375246
   3.8399999871   0.0014500860  -0.0000453282   0.0043725924
   3.8449999871   0.0013576390  -0.0000588663   0.0036627603
   3.8499999871   0.0011788802  -0.0000684202   0.0027475569
   3.8549999871   0.0009229153  -0.0000733670   0.0016782663
   3.8599999870   0.0006039959  -0.0000734462   0.0005151387
   3.8649999870   0.0002407236  -0.0000687856  -0.0006759396
   3.8699999870  -0.0001450137  -0.0000598825  -0.0018271480
   3.8749999870  -0.0005293298  -0.0000475512  -0.0028726076
   3.8799999870  -0.0008878013  -0.0000328512  -0.0037522167
   3.8849999870  -0.0011970341  -0.0000170090  -0.0044152147
   3.8899999869  -0.0014362442  -0.0000013384  -0.0048232482
   3.8949999869  -0.0015887406   0.0000128389  -0.0049527335
   3.8999999869  -0.0016431879   0.0000242784  -0.0047963493
   3.9049999869  -0.0015945298   0.0000319056  -0.0043635536
   3.9099999869  -0.0014444815   0.0000349108  -0.0036800824
   3.9149999869  -0.0012015371   0.0000328355  -0.0027864617
   3.9199999868  -0.0008804870   0.0000256314  -0.0017356253
   3.9249999868  -0.0005014824   0.0000136750  -0.0005897855
   3.9299999868  -0.0000887215  -0.0000022705   0.0005832568
   3.9349999868   0.0003311461  -0.0000211434   0.0017141478
   3.9399999868   0.0007307892  -0.0000417041   0.0027361290
   3.9449999868   0.0010840260  -0.0000626627   0.0035890569
   3.9499999867   0.0013676039  -0.0000827895   0.0042230489
   3.9549999867   0.0015628127  -0.0001009906   0.0046015269
   3.9599999867   0.0016568193  -0.0001163456   0.0047034531
   3.9649999867   0.0016436166  -0.0001281183   0.0045246013
   3.9699999867   0.0015244983  -0.0001357569   0.0040777697
   3.9749999867   0.0013080025  -0.0001388993   0.0033919169
   3.9799999866   0.0010093082  -0.0001373901   0.0025102835
   3.9849999866   0.0006491272  -0.0001313050   0.0014876357
   3.9899999866   0.0002521787  -0.0001209667   0.0003868241
   3.9949999866  -0.0001546175  -0.0001069365  -0.0007251107
   3.9999999866  -0.0005440736  -0.0000899713  -0.0017810382
   4.0049999866  -0.0008906302  -0.0000709490  -0.0027177978
   4.0099999865  -0.0011720707  -0.0000507784  -0.0034799862
   4.0149999865  -0.0013709410  -0.0000303156  -0.0040232584
   4.0199999865  -0.0014755937  -0.0000103104  -0.0043169543
   4.0249999865  -0.0014808166   0.0000086085  -0.0043458936
   4.0299999865  -0.0013880310   0.0000259125  -0.0041112188
   4.0349999864  -0.0012050712   0.0000411352  -0.0036302225
   4.0399999864  -0.0009455706   0.0000538435  -0.0029351559
   4.0449999864  -0.0006279957   0.0000636374  -0.0020710923
   4.0499999864  -0.0002743819   0.0000701886  -0.0010929873
   4.0549999864   0.0000911576   0.0000733077  -0.0000621432
   4.0599999864   0.0004440609   0.0000730195   0.0009576761
   4.0649999863   0.0007609804   0.0000696155   0.0019042155
   4.0699999863   0.0010213643   0.0000636625   0.0027205307
   4.0749999863   0.0012088408   0.0000559564   0.0033583924
   4.0799999863   0.0013123005   0.0000474285   0.0037811046
   4.0849999863   0.0013265924   0.0000390278   0.0039655897
   4.0899999863   0.0012527845   0.0000316055   0.0039036363
   4.0949999862   0.0010979720   0.0000258277   0.0036022437
   4.0999999862   0.0008746587   0.0000221274   0.0030830438
   4.1049999862   0.0005997649   0.0000206956   0.0023808247
   4.1099999862   0.0002933461   0.0000214966   0.0015412387
   4.1149999862  -0.0000228802   0.0000242929   0.0006178329
   4.1199999862  -0.0003270886   0.0000286667  -0.0003314044
   4.1249999861  -0.0005988732   0.0000340366  -0.0012477432
   4.1299999861  -0.0008206417   0.0000396784  -0.0020754020
   4.1349999861  -0.0009787814   0.0000447634  -0.0027649741
   4.1399999861  -0.0010645195   0.0000484261  -0.0032763667
   4.1449999861  -0.0010744175   0.0000498610  -0.0035810774
   4.1499999861  -0.0010104671   0.0000484361  -0.0036636919
   4.1549999860  -0.0008797851   0.0000437987  -0.0035225455
   4.1599999860  -0.0006939354   0.0000359455  -0.0031695417
   4.1649999860  -0.0004679376   0.0000252359  -0.0026291685
   4.1699999860  -0.0002190482   0.0000123420  -0.0019367858
   4.1749999860   0.0000345799  -0.0000018534  -0.0011362921
   4.1799999860   0.0002752477  -0.0000163855  -0.0002773089
   4.1849999859   0.0004869623  -0.0000303297   0.0005879476
   4.1899999859   0.0006564952  -0.0000428913   0.0014079128
   4.1949999859   0.0007741801  -0.0000534490   0.0021348283
   4.1999999859   0.0008344058  -0.0000615528   0.0027275949
   4.2049999859   0.0008357933  -0.0000668953   0.0031541378
   4.2099999859   0.0007810686  -0.0000692750   0.0033931369
   4.2149999858   0.0006766631  -0.0000685736   0.0034350298
   4.2199999858   0.0005320866  -0.0000647530   0.0032822550
   4.2249999858   0.0003591261  -0.0000578698   0.0029487585
   4.2299999858   0.0001709271  -0.0000480947   0.0024588302
   4.2349999858  -0.0000189804  -0.0000357218   0.0018453726
   4.2399999858  -0.0001976484  -0.0000211591   0.0011477201
   4.2449999857  -0.0003536035  -0.0000049001   0.0004091450
   4.2499999857  -0.0004776022   0.0000125137  -0.0003258073
   4.2549999857  -0.0005631916   0.0000305248  -0.0010140023
   4.2599999857  -0.0006070318   0.0000485749  -0.0016162640
   4.2649999857  -0.0006089599   0.0000661004  -0.0020996333
   4.2699999857  -0.0005717989   0.0000825143  -0.0024391965
   4.2749999856  -0.0005009427   0.0000971924  -0.0026193732
   4.2799999856  -0.0004037692   0.0001094785  -0.0026345899
   4.2849999856  -0.0002889459   0.0001187207  -0.0024893168
   4.2899999856  -0.0001656973   0.0001243363  -0.0021974915
   4.2949999856  -0.0000430932   0.0001258913  -0.0017813986
   4.2999999856   0.0000705923   0.0001231711  -0.0012701013
   4.3049999855   0.0001684154   0.0001162204  -0.0006975410
   4.3099999855   0.0002451675   0.0001053374  -0.0001004239
   4.3149999855   0.0002976338   0.0000910241   0.0004839882
   4.3199999855   0.0003246937   0.0000739078   0.0010200673
   4.3249999855   0.0003272581   0.0000546581   0.0014758801
   4.3299999855   0.0003080446   0.0000339232   0.0018250102
   4.3349999854   0.0002712093   0.0000123007   0.0020480406
   4.3399999854   0.0002218648  -0.0000096577   0.0021336029
   4.3449999854   0.0001655369  -0.0000314209   0.0020789255
   4.3499999854   0.0001076184  -0.0000524537   0.0018898430
   4.3549999854   0.0000528845  -0.0000722114   0.0015802717
   4.3599999854   0.0000051199  -0.0000901621   0.0011711953
   4.3649999853  -0.0000331080  -0.0001058323   0.0006892451
   4.3699999853  -0.0000605232  -0.0001188587   0.0001649832
   4.3749999853  -0.0000770771  -0.0001290250  -0.0003689920
   4.3799999853  -0.0000837789  -0.0001362674  -0.0008799984
   4.3849999853  -0.0000824568  -0.0001406440  -0.0013371705
   4.3899999853  -0.0000754823  -0.0001422774  -0.0017132136
   4.3949999852  -0.0000654835  -0.0001412893  -0.0019859281
   4.3999999852  -0.0000550595  -0.0001377495  -0.0021394326
   4.4049999852  -0.0000465085  -0.0001316560  -0.0021650257
   4.4099999852  -0.0000415800  -0.0001229505  -0.0020616365
   4.4149999852  -0.0000412733  -0.0001115624  -0.0018358341
   4.4199999852  -0.0000457065  -0.0000974653  -0.0015013880
   4.4249999851  -0.0000540851  -0.0000807260  -0.0010784052
   4.4299999851  -0.0000647898  -0.0000615359  -0.0005920966
   4.4349999851  -0.0000755855  -0.0000402171  -0.0000712562
   4.4399999851  -0.0000839295  -0.0000172113   0.0004534468
   4.4449999851  -0.0000873396   0.0000069422   0.0009512544
   4.4499999851  -0.0000837624   0.0000316277   0.0013930806
   4.4549999850  -0.0000718892   0.0000561701   0.0017531528
   4.4599999850  -0.0000513739   0.0000798497   0.0020104533
   4.4649999850  -0.0000229294   0.0001019223   0.0021498958
   4.4699999850   0.0000116967   0.0001216502   0.0021631816
   4.4749999850   0.0000498526   0.0001383470   0.0020492927
   4.4799999850   0.0000881930   0.0001514315   0.0018145855
   4.4849999849   0.0001229486   0.0001604793   0.0014724699
   4.4899999849   0.0001502364   0.0001652566   0.0010426748
   4.4949999849   0.0001663998   0.0001657278   0.0005501299
   4.4999999849   0.0001683660   0.0001620300   0.0000235221
   4.5049999849   0.0001540017   0.0001544235  -0.0005063883
   4.5099999849   0.0001224325   0.0001432326  -0.0010085863
   4.5149999848   0.0000742841   0.0001287931  -0.0014536404
   4.5199999848   0.0000117964   0.0001114238  -0.0018154448
   4.5249999848  -0.0000612259   0.0000914278  -0.0020727620
   4.5299999848  -0.0001396434   0.0000691209  -0.0022104774
   4.5349999848  -0.0002173778   0.0000448748  -0.0022204995
   4.5399999848  -0.0002879309   0.0000191582  -0.0021022574
   4.5449999847  -0.0003449628  -0.0000074372  -0.0018627687
   4.5499999847  -0.0003828592  -0.0000341972  -0.0015162696
   4.5549999847  -0.0003972277  -0.0000603099  -0.0010834199
   4.5599999847  -0.0003852813  -0.0000849103  -0.0005901170
   4.5649999847  -0.0003460901  -0.0001071323  -0.0000659785
   4.5699999847  -0.0002807014  -0.0001261600   0.0004574227
   4.5749999846  -0.0001921337  -0.0001412704   0.0009484693
   4.5799999846  -0.0000852541  -0.0001518659   0.0013774337
   4.5849999846   0.0000334637  -0.0001575007   0.0017183164
   4.5899999846   0.0001563025  -0.0001579016   0.0019504654
   4.5949999846   0.0002747855  -0.0001529870   0.0020598753
   4.5999999846   0.0003802688  -0.0001428814   0.0020400832
   4.6049999845   0.0004646052  -0.0001279229   0.0018926041
   4.6099999845   0.0005208225  -0.0001086564   0.0016268796
   4.6149999845   0.0005437443  -0.0000858115   0.0012597378
   4.6199999845   0.0005304802  -0.0000602629   0.0008143947
   4.6249999845   0.0004807263  -0.0000329789   0.0003190478
   4.6299999845   0.0003968461  -0.0000049659  -0.0001948563
   4.6349999844   0.0002837294   0.0000227826  -0.0006945795
   4.6399999844   0.0001484585   0.0000493253  -0.0011481551
   4.6449999844  -0.0000001770   0.0000737958  -0.0015264236
   4.6499999844  -0.0001522701   0.0000954118  -0.0018049084
   4.6549999844  -0.0002974500   0.0001134753  -0.0019654057
   4.6599999844  -0.0004255684   0.0001273720  -0.0019971812
   4.6649999843  -0.0005273918   0.0001365797  -0.0018976953
   4.6699999843  -0.0005952711   0.0001406862  -0.0016728071
   4.6749999843  -0.0006237484   0.0001394218  -0.0013364461
   4.6799999843  -0.0006100497   0.0001326963  -0.0009097711
   4.6849999843  -0.0005544062   0.0001206352  -0.0004198678
   4.6899999843  -0.0004601495   0.0001036034   0.0001019364
   4.6949999842  -0.0003335478   0.0000822092   0.0006220394
   4.6999999842  -0.0001833812   0.0000572838   0.0011066959
   4.7049999842  -0.0000202888   0.0000298384   0.0015241815
   4.7099999842   0.0001440476   0.0000010039   0.0018468542
   4.7149999842   0.0002977997  -0.0000280376   0.0020529781
   4.7199999841   0.0004298835  -0.0000561207   0.0021281880
   4.7249999841   0.0005307702  -0.0000821560   0.0020664902
   4.7299999841   0.0005931645  -0.0001051780   0.0018707268
   4.7349999841   0.0006125161  -0.0001243790   0.0015524651
   4.7399999841   0.0005873466  -0.0001391319   0.0011313119
   4.7449999841   0.0005193820  -0.0001490044   0.0006336923
   4.7499999840   0.0004134799  -0.0001537663   0.0000911712
   4.7549999840   0.0002773440  -0.0001533913  -0.0004615763
   4.7599999840   0.0001210231  -0.0001480535  -0.0009890126
   4.7649999840  -0.0000437911  -0.0001381181  -0.0014570556
   4.7699999840  -0.0002046307  -0.0001241237  -0.0018353155
   4.7749999840  -0.0003492182  -0.0001067572  -0.0020991005
   4.7799999839  -0.0004664470  -0.0000868213  -0.0022310575
   4.7849999839  -0.0005472798  -0.0000651960  -0.0022223358
   4.7899999839  -0.0005854738  -0.0000427950  -0.0020731949
   4.7949999839  -0.0005780653  -0.0000205217  -0.0017930110
   4.7999999839  -0.0005255762   0.0000007744  -0.0013996809
   4.8049999839  -0.0004319408   0.0000203372  -0.0009184599
   4.8099999838  -0.0003041760   0.0000375359  -0.0003803107
   4.8149999838  -0.0001518394   0.0000518891   0.0001801282
   4.8199999838   0.0000136761   0.0000630760   0.0007268196
   4.8249999838   0.0001799640   0.0000709382   0.0012246973
   4.8299999838   0.0003344935   0.0000754687   0.0016419720
   4.8349999838   0.0004655215   0.0000767933   0.0019522172
   4.8399999837   0.0005629708   0.0000751457   0.0021360963
   4.8449999837   0.0006192149   0.0000708399   0.0021826143
   4.8499999837   0.0006296998   0.0000642447   0.0020898112
   4.8549999837   0.0005933383   0.0000557613   0.0018648517
   4.8599999837   0.0005126273   0.0000458066   0.0015235065
   4.8649999837   0.0003934657   0.0000348035   0.0010890646
   4.8699999836   0.0002446870   0.0000231752   0.0005907491
   4.8749999836   0.0000773514   0.0000113426   0.0000617476
   4.8799999836  -0.0000961273  -0.0000002780  -0.0004630123
   4.8849999836  -0.0002629363  -0.0000112807  -0.0009491940
   4.8899999836  -0.0004108160  -0.0000212797  -0.0013653329
   4.8949999836  -0.0005289405  -0.0000299257  -0.0016849175
   4.8999999835  -0.0006086731  -0.0000369257  -0.0018881291
   4.9049999835  -0.0006441614  -0.0000420645  -0.0019631249
   4.9099999835  -0.0006327452  -0.0000452225  -0.0019067742
   4.9149999835  -0.0005751557  -0.0000463862  -0.0017247985
   4.9199999835  -0.0004754895  -0.0000456470  -0.0014313059
   4.9249999835  -0.0003409424  -0.0000431876  -0.0010477542
   4.9299999834  -0.0001813087  -0.0000392577  -0.0006014181
   4.9349999834  -0.0000082637  -0.0000341424  -0.0001234707
   4.9399999834   0.0001655167  -0.0000281315   0.0003531826
   4.9449999834   0.0003273307  -0.0000214943   0.0007961660
   4.9499999834   0.0004654278  -0.0000144646   0.0011758346
   4.9549999834   0.0005698982  -0.0000072386   0.0014672648
   4.9599999833   0.0006333950   0.0000000180   0.0016519032
   4.9649999833   0.0006516345   0.0000071571   0.0017187647
   4.9699999833   0.0006236472   0.0000140357   0.0016651038
   4.9749999833   0.0005517802   0.0000205067   0.0014965158
   4.9799999833   0.0004414718   0.0000264173   0.0012264655
   4.9849999833   0.0003008272   0.0000316110   0.0008752757
   4.9899999832   0.0001400306   0.0000359336   0.0004686482
   4.9949999832  -0.0000293721   0.0000392373   0.0000358225
   4.9999999832  -0.0001952829   0.0000413840  -0.0003924965
   5.0049999832  -0.0003459091   0.0000422479  -0.0007862933
   5.0099999832  -0.0004706139   0.0000417195  -0.0011183250
   5.0149999832  -0.0005606979   0.0000397164  -0.0013659873
   5.0199999831  -0.0006100414   0.0000362003  -0.0015128337
   5.0249999831  -0.0006155475   0.0000311995  -0.0015496495
   5.0299999831  -0.0005773415   0.0000248308  -0.0014750122
   5.0349999831  -0.0004987094   0.0000173144  -0.0012953097
   5.0399999831  -0.0003857882   0.0000089741  -0.0010242215
   5.0449999831  -0.0002470480   0.0000002212  -0.0006817048
   5.0499999830  -0.0000926242  -0.0000084788  -0.0002925576
   5.0549999830   0.0000664374  -0.0000166480   0.0001153424
   5.0599999830   0.0002189625  -0.0000238394   0.0005130029
   5.0649999830   0.0003544056  -0.0000296714   0.0008723485
   5.0699999830   0.0004635466  -0.0000338511   0.0011681790
   5.0749999830   0.0005390925  -0.0000361833   0.0013799139
   5.0799999829   0.0005761571  -0.0000365698   0.0014930001
   5.0849999829   0.0005725885  -0.0000350060   0.0014998849
   5.0899999829   0.0005291179  -0.0000315774   0.0014004881
   5.0949999829   0.0004493058  -0.0000264601   0.0012021477
   5.0999999829   0.0003392797  -0.0000199214   0.0009190530
   5.1049999829   0.0002072724  -0.0000123165   0.0005712115
   5.1099999828   0.0000629973  -0.0000040760   0.0001830314
   5.1149999828  -0.0000830854   0.0000043195  -0.0002183819
   5.1199999828  -0.0002205469   0.0000123754  -0.0006050983
   5.1249999828  -0.0003397436   0.0000196258  -0.0009502803
   5.1299999828  -0.0004324891   0.0000256732  -0.0012300222
   5.1349999828  -0.0004926016   0.0000302187  -0.0014249858
   5.1399999827  -0.0005162994   0.0000330763  -0.0015217252
   5.1449999827  -0.0005024318   0.0000341729  -0.0015136060
   5.1499999827  -0.0004525393   0.0000335362  -0.0014012522
   5.1549999827  -0.0003707420   0.0000312790  -0.0011924867
   5.1599999827  -0.0002634549   0.0000275846  -0.0009017677
   5.1649999827  -0.0001389388   0.0000226987  -0.0005491640
   5.1699999826  -0.0000067023   0.0000169247  -0.0001589430
   5.1749999826   0.0001232107   0.0000106190   0.0002421209
   5.1799999826   0.0002409961   0.0000041793   0.0006265988
   5.1849999826   0.0003378605  -0.0000019773   0.0009682871
   5.1899999826   0.0004067151  -0.0000074480   0.0012439908
   5.1949999826   0.0004427251  -0.0000118835   0.0014350891
   5.1999999825   0.0004436632  -0.0000150243   0.0015287853
   5.2049999825   0.0004100411  -0.0000167250   0.0015189584
   5.2099999825   0.0003450169  -0.0000169602   0.0014065597
   5.2149999825   0.0002541020  -0.0000158118   0.0011995274
   5.2199999825   0.0001447011  -0.0000134432   0.0009122199
   5.2249999825   0.0000255290  -0.0000100699   0.0005644052
   5.2299999824  -0.0000940511  -0.0000059363   0.0001798744
   5.2349999824  -0.0002047288  -0.0000013040  -0.0002152210
   5.2399999824  -0.0002979435   0.0000035489  -0.0005941868
   5.2449999824  -0.0003665342   0.0000083234  -0.0009316244
   5.2499999824  -0.0004052974   0.0000127000  -0.0012051576
   5.2549999824  -0.0004114033   0.0000163512  -0.0013969250
   5.2599999823  -0.0003846293   0.0000189690  -0.0014947393
   5.2649999823  -0.0003273790   0.0000203029  -0.0014928420
   5.2699999823  -0.0002444772   0.0000201983  -0.0013922121
   5.2749999823  -0.0001427543   0.0000186226  -0.0012004196
   5.2799999823  -0.0000304608   0.0000156718  -0.0009310410
   5.2849999823   0.0000834325   0.0000115535  -0.0006026817
   5.2899999822   0.0001899773   0.0000065520  -0.0002376711
   5.2949999822   0.0002809677   0.0000009867   0.0001394796
   5.2999999822   0.0003495757  -0.0000048245   0.0005037545
   5.3049999822   0.0003908579  -0.0000105877   0.0008313274
   5.3099999822   0.0004021008  -0.0000160403   0.0011011556
   5.3149999822   0.0003829893  -0.0000209461   0.0012963589
   5.3199999821   0.0003355901  -0.0000250888   0.0014052884
   5.3249999821   0.0002641545  -0.0000282716   0.0014222147
   5.3299999821   0.0001747531  -0.0000303287   0.0013475950
   5.3349999821   0.0000747661  -0.0000311461   0.0011879155
   5.3399999821  -0.0000277343  -0.0000306850   0.0009551325
   5.3449999821  -0.0001246577  -0.0000289980   0.0006657660
   5.3499999820  -0.0002085679  -0.0000262293   0.0003397164
   5.3549999820  -0.0002732880  -0.0000225979  -0.0000011125
   5.3599999820  -0.0003143821  -0.0000183672  -0.0003342895
   5.3649999820  -0.0003294674  -0.0000138103  -0.0006383397
   5.3699999820  -0.0003183330  -0.0000091814  -0.0008941384
   5.3749999820  -0.0002828659  -0.0000047004  -0.0010861274
   5.3799999819  -0.0002268028  -0.0000005530  -0.0012032739
   5.3849999819  -0.0001553455   0.0000031010  -0.0012397086
   5.3899999819  -0.0000746837   0.0000061184  -0.0011950016
   5.3949999819   0.0000085288   0.0000083718  -0.0010740643
   5.3999999819   0.0000877023   0.0000097614  -0.0008866903
   5.4049999818   0.0001568085   0.0000102374  -0.0006467805
   5.4099999818   0.0002108141   0.0000098240  -0.0003713166
   5.4149999818   0.0002460284   0.0000086348  -0.0000791645
   5.4199999818   0.0002603395   0.0000068710   0.0002102073
   5.4249999818   0.0002533254   0.0000047979   0.0004780069
   5.4299999818   0.0002262286   0.0000027071   0.0007073180
   5.4349999817   0.0001817973   0.0000008707   0.0008841481
   5.4399999817   0.0001240077  -0.0000004956   0.0009982676
   5.4449999817   0.0000576952  -0.0000012553   0.0010437919
   5.4499999817  -0.0000118675  -0.0000013532   0.0010194750
   5.4549999817  -0.0000794012  -0.0000008016   0.0009286950
   5.4599999817  -0.0001400211   0.0000003401   0.0007791346
   5.4649999816  -0.0001895735   0.0000019839   0.0005821790
   5.4699999816  -0.0002248904   0.0000040224   0.0003520746
   5.4749999816  -0.0002439523   0.0000063273   0.0001049137
   5.4799999816  -0.0002459631   0.0000087437  -0.0001424808
   5.4849999816  -0.0002313434   0.0000110867  -0.0003736882
   5.4899999816  -0.0002016516   0.0000131473  -0.0005737615
   5.4949999815  -0.0001594398   0.0000147130  -0.0007301705
   5.4999999815  -0.0001080512   0.0000155963  -0.0008335593
   5.5049999815  -0.0000513664   0.0000156670  -0.0008782815
   5.5099999815   0.0000064889   0.0000148751  -0.0008626875
   5.5149999815   0.0000614538   0.0000132602  -0.0007891529
   5.5199999815   0.0001098361   0.0000109411  -0.0006638500
   5.5249999814   0.0001485784   0.0000080931  -0.0004962772
   5.5299999814   0.0001754614   0.0000049178  -0.0002985735
   5.5349999814   0.0001892264   0.0000016170  -0.0000846635
   5.5399999814   0.0001896083  -0.0000016242   0.0001307115
   5.5449999814   0.0001772887  -0.0000046424   0.0003330065
   5.5499999814   0.0001537835  -0.0000072936   0.0005088565
   5.5549999813   0.0001212862  -0.0000094495   0.0006469593
   5.5599999813   0.0000824867  -0.0000109998   0.0007387957
   5.5649999813   0.0000403785  -0.0000118626   0.0007791420
   5.5699999813  -0.0000019368  -0.0000120019   0.0007663475
   5.5749999813  -0.0000414454  -0.0000114447   0.0007023677
   5.5799999813  -0.0000754145  -0.0000102899   0.0005925621
   5.5849999812  -0.0001015751  -0.0000087012   0.0004452753
   5.5899999812  -0.0001182827  -0.0000068836   0.0002712324
   5.5949999812  -0.0001246407  -0.0000050471   0.0000827860
   5.5999999812  -0.0001205678  -0.0000033680  -0.0001069398
   5.6049999812  -0.0001067994  -0.0000019596  -0.0002849519
   5.6099999812  -0.0000848178  -0.0000008608  -0.0004392808
   5.6149999811  -0.0000567190  -0.0000000454  -0.0005597965
   5.6199999811  -0.0000250297   0.0000005510  -0.0006388886
   5.6249999811   0.0000075049   0.0000009979  -0.0006719571
   5.6299999811   0.0000381425   0.0000013415  -0.0006576796
   5.6349999811   0.0000643568   0.0000015905  -0.0005980368
   5.6399999811   0.0000840302   0.0000017208  -0.0004981028
   5.6449999810   0.0000956159   0.0000016937  -0.0003656243
   5.6499999810   0.0000982621   0.0000014792  -0.0002104279
   5.6549999810   0.0000918900   0.0000010751  -0.0000437040
   5.6599999810   0.0000772157   0.0000005129   0.0001227815
   5.6649999810   0.0000557081  -0.0000001508   0.0002774961
   5.6699999810   0.0000294764  -0.0000008518   0.0004099189
   5.6749999809   0.0000010916  -0.0000015367   0.0005112413
   5.6799999809  -0.0000266499  -0.0000021736   0.0005749459
   5.6849999809  -0.0000509951  -0.0000027494   0.0005972240
   5.6899999809  -0.0000695090  -0.0000032566   0.0005772022
   5.6949999809  -0.0000803235  -0.0000036757   0.0005169601
   5.6999999809  -0.0000823294  -0.0000039635   0.0004213368
   5.7049999808  -0.0000752923  -0.0000040554   0.0002975448
   5.7099999808  -0.0000598801  -0.0000038815   0.0001546216
   5.7149999808  -0.0000376008  -0.0000033941   0.0000027679
   5.7199999808  -0.0000106618  -0.0000025935  -0.0001473756
   5.7249999808   0.0000182358  -0.0000015426  -0.0002854592
   5.7299999808   0.0000461473  -0.0000003619  -0.0004021116
   5.7349999807   0.0000701581   0.0000007946  -0.0004895445
   5.7399999807   0.0000876591   0.0000017753  -0.0005420401
   5.7449999807   0.0000966027   0.0000024653  -0.0005562975
   5.7499999807   0.0000957161   0.0000028087  -0.0005316225
   5.7549999807   0.0000846510   0.0000028099  -0.0004699497
   5.7599999807   0.0000640522   0.0000025177  -0.0003756961
   5.7649999806   0.0000355305   0.0000019973  -0.0002554520
   5.7699999806   0.0000015378   0.0000013070  -0.0001175294
   5.7749999806  -0.0000348499   0.0000004849   0.0000286060
   5.7799999806  -0.0000702210  -0.0000004458   0.0001729766
   5.7849999806  -0.0001011596  -0.0000014597   0.0003057648
   5.7899999806  -0.0001245832  -0.0000025084   0.0004179659
   5.7949999805  -0.0001380508  -0.0000035093   0.0005019764
   5.7999999805  -0.0001400085  -0.0000043497   0.0005520817
   5.8049999805  -0.0001299491  -0.0000049087   0.0005648138
   5.8099999805  -0.0001084743  -0.0000050881   0.0005391641
   5.8149999805  -0.0000772553  -0.0000048419   0.0004766415
   5.8199999805  -0.0000389009  -0.0000041919   0.0003811782
   5.8249999804   0.0000032558  -0.0000032241   0.0002588875
   5.8299999804   0.0000454340  -0.0000020671   0.0001176871
   5.8349999804   0.0000837269  -0.0000008615  -0.0000331948
   5.8399999804   0.0001144436   0.0000002690  -0.0001838056
   5.8449999804   0.0001344458   0.0000012339  -0.0003241125
   5.8499999804   0.0001414492   0.0000019785  -0.0004446658
   5.8549999803   0.0001342592   0.0000024728  -0.0005372353
   5.8599999803   0.0001129111   0.0000026979  -0.0005953752
   5.8649999803   0.0000786948   0.0000026376  -0.0006148764
   5.8699999803   0.0000340561   0.0000022792  -0.0005940709
   5.8749999803  -0.0000176186   0.0000016255  -0.0005339706
   5.8799999803  -0.0000723099   0.0000007090  -0.0004382277
   5.8849999802  -0.0001257307  -0.0000003987  -0.0003129235
   5.8899999802  -0.0001737067  -0.0000015900  -0.0001661964
   5.8949999802  -0.0002125328  -0.0000027376  -0.0000077322
   5.8999999802  -0.0002392730  -0.0000037205   0.0001518543
   5.9049999802  -0.0002519810  -0.0000044500   0.0003017130
   5.9099999802  -0.0002498340  -0.0000048858   0.0004314854
   5.9149999801  -0.0002331756  -0.0000050381   0.0005320194
   5.9199999801  -0.0002034743  -0.0000049538   0.0005960220
   5.9249999801  -0.0001632018  -0.0000046938   0.0006185999
   5.9299999801  -0.0001156411  -0.0000043108   0.0005976438
   5.9349999801  -0.0000646325  -0.0000038346   0.0005340207
   5.9399999801  -0.0000142742  -0.0000032712   0.0004315563
   5.9449999800   0.0000314029  -0.0000026129   0.0002968037
   5.9499999800   0.0000687567  -0.0000018551   0.0001386165
   5.9549999800   0.0000948242  -0.0000010099  -0.0000324415
   5.9599999800   0.0001075495  -0.0000001132  -0.0002048088
   5.9649999800   0.0001059296   0.0000007803  -0.0003667080
   5.9699999800   0.0000900690   0.0000016094  -0.0005069465
   5.9749999799   0.0000611441   0.0000023221  -0.0006156838
   5.9799999799   0.0000212934   0.0000028876  -0.0006851151
   5.9849999799  -0.0000265520   0.0000032996  -0.0007100273
   5.9899999799  -0.0000788754   0.0000035720  -0.0006881867
   5.9949999799  -0.0001318072   0.0000037269  -0.0006205275
