   0.0000000000   0.0000000000   0.0000000000   0.0000000000
   0.0050000000   0.0000000000   0.0000000000   0.0000000000
   0.0100000000   0.0000000000   0.0000000000   0.0000000000
   0.0149999999   0.0000000000   0.0000000000   0.0000000000
   0.0199999999   0.0000000000   0.0000000000   0.0000000000
   0.0249999999   0.0000000000   0.0000000000   0.0000000000
   0.0299999999   0.0000000000   0.0000000000   0.0000000000
   0.0349999999   0.0000000000   0.0000000000   0.0000000000
   0.0399999999  -0.0000000000  -0.0000000000  -0.0000000000
   0.0449999998  -0.0000000000  -0.0000000000  -0.0000000000
   0.0499999998  -0.0000000000  -0.0000000000  -0.0000000000
   0.0549999998  -0.0000000000  -0.0000000000  -0.0000000000
   0.0599999998  -0.0000000000  -0.0000000000  -0.0000000000
   0.0649999998  -0.0000000000  -0.0000000000  -0.0000000000
   0.0699999998  -0.0000000000  -0.0000000000  -0.0000000000
   0.0749999997  -0.0000000000  -0.0000000000  -0.0000000000
   0.0799999997  -0.0000000000  -0.0000000000  -0.0000000000
   0.0849999997  -0.0000000000  -0.0000000000  -0.0000000000
   0.0899999997  -0.0000000000  -0.0000000000  -0.0000000000
   0.0949999997  -0.0000000000  -0.0000000000  -0.0000000000
   0.0999999997  -0.0000000000  -0.0000000000  -0.0000000000
   0.1049999996  -0.0000000000  -0.0000000000  -0.0000000000
   0.1099999996  -0.0000000000  -0.0000000000  -0.0000000000
   0.1149999996  -0.0000000000  -0.0000000000  -0.0000000000
   0.1199999996  -0.0000000000  -0.0000000000  -0.0000000000
   0.1249999996  -0.0000000000  -0.0000000000  -0.0000000000
   0.1299999996  -0.0000000000  -0.0000000000  -0.0000000000
   0.1349999995  -0.0000000000  -0.0000000000  -0.0000000000
   0.1399999995  -0.0000000000   0.0000000000  -0.0000000000
   0.1449999995   0.0000000000   0.0000000000   0.0000000000
   0.1499999995   0.0000000000   0.0000000000   0.0000000000
   0.1549999995   0.0000000000   0.0000000000   0.0000000000
   0.1599999995   0.0000000000   0.0000000000   0.0000000000
   0.1649999994  -0.0000000000   0.0000000000  -0.0000000000
   0.1699999994  -0.0000000000  -0.0000000000  -0.0000000000
   0.1749999994  -0.0000000000  -0.0000000000  -0.0000000000
   0.1799999994  -0.0000000000  -0.0000000000  -0.0000000000
   0.1849999994  -0.0000000000  -0.0000000000  -0.0000000000
   0.1899999994   0.0000000000  -0.0000000000   0.0000000000
   0.1949999993   0.0000000000  -0.0000000000   0.0000000000
   0.1999999993   0.0000000000   0.0000000000   0.0000000000
   0.2049999993   0.0000000000   0.0000000000   0.0000000000
   0.2099999993  -0.0000000000   0.0000000000  -0.0000000000
   0.2149999993  -0.0000000000   0.0000000000  -0.0000000000
   0.2199999993  -0.0000000000   0.0000000000  -0.0000000000
   0.2249999992  -0.0000000000  -0.0000000000  -0.0000000000
   0.2299999992   0.0000000000  -0.0000000000   0.0000000000
   0.2349999992   0.0000000000  -0.0000000000   0.0000000000
   0.2399999992   0.0000000000  -0.0000000000   0.0000000000
   0.2449999992   0.0000000000  -0.0000000000   0.0000000000
   0.2499999992   0.0000000000   0.0000000000   0.0000000000
   0.2549999991  -0.0000000000   0.0000000000  -0.0000000000
   0.2599999991  -0.0000000000   0.0000000000  -0.0000000000
   0.2649999991  -0.0000000000   0.0000000000  -0.0000000000
   0.2699999991  -0.0000000000  -0.0000000000  -0.0000000000
   0.2749999991  -0.0000000000  -0.0000000000  -0.0000000000
   0.2799999991   0.0000000000  -0.0000000000   0.0000000000
   0.2849999990   0.0000000000  -0.0000000000   0.0000000000
   0.2899999990   0.0000000000  -0.0000000000   0.0000000000
   0.2949999990   0.0000000000   0.0000000000   0.0000000000
   0.2999999990   0.0000000000   0.0000000000   0.0000000000
   0.3049999990  -0.0000000000   0.0000000000  -0.0000000000
   0.3099999990  -0.0000000000   0.0000000000  -0.0000000000
   0.3149999989  -0.0000000000  -0.0000000000  -0.0000000000
   0.3199999989  -0.0000000000  -0.0000000000  -0.0000000000
   0.3249999989  -0.0000000000  -0.0000000000  -0.0000000000
   0.3299999989   0.0000000000  -0.0000000000   0.0000000000
   0.3349999989   0.0000000000   0.0000000000   0.0000000000
   0.3399999989   0.0000000000   0.0000000000   0.0000000000
   0.3449999988  -0.0000000000   0.0000000001  -0.0000000000
   0.3499999988  -0.0000000001   0.0000000001  -0.0000000001
   0.3549999988  -0.0000000001   0.0000000000  -0.0000000001
   0.3599999988  -0.0000000000  -0.0000000001  -0.0000000000
   0.3649999988   0.0000000002  -0.0000000002   0.0000000002
   0.3699999988   0.0000000006  -0.0000000002   0.0000000006
   0.3749999987   0.0000000011  -0.0000000001   0.0000000011
   0.3799999987   0.0000000012   0.0000000001   0.0000000012
   0.3849999987   0.0000000001  -0.0000000001   0.0000000001
   0.3899999987  -0.0000000031  -0.0000000012  -0.0000000031
   0.3949999987  -0.0000000088  -0.0000000037  -0.0000000088
   0.3999999987  -0.0000000155  -0.0000000069  -0.0000000155
   0.4049999986  -0.0000000186  -0.0000000082  -0.0000000186
   0.4099999986  -0.0000000095  -0.0000000018  -0.0000000095
   0.4149999986   0.0000000227   0.0000000198   0.0000000227
   0.4199999986   0.0000000855   0.0000000624   0.0000000855
   0.4249999986   0.0000001725   0.0000001209   0.0000001725
   0.4299999986   0.0000002487   0.0000001683   0.0000002487
   0.4349999985   0.0000002388   0.0000001454   0.0000002388
   0.4399999985   0.0000000289  -0.0000000372   0.0000000289
   0.4449999985  -0.0000005032  -0.0000004733  -0.0000005032
   0.4499999985  -0.0000014130  -0.0000011984  -0.0000014130
   0.4549999985  -0.0000025699  -0.0000020888  -0.0000025699
   0.4599999985  -0.0000035119  -0.0000027426  -0.0000035119
   0.4649999984  -0.0000033362  -0.0000023946  -0.0000033362
   0.4699999984  -0.0000007263   0.0000000477  -0.0000007263
   0.4749999984   0.0000057558   0.0000057388   0.0000057558
   0.4799999984   0.0000169943   0.0000153062   0.0000169943
   0.4849999984   0.0000322255   0.0000279181   0.0000322255
   0.4899999984   0.0000476512   0.0000401276   0.0000476512
   0.4949999983   0.0000551337   0.0000448248   0.0000551337
   0.4999999983   0.0000416231   0.0000308508   0.0000416231
   0.5049999983  -0.0000098089  -0.0000159988  -0.0000098089
   0.5099999983  -0.0001164022  -0.0001098325  -0.0001164023
   0.5149999983  -0.0002889335  -0.0002588667  -0.0002889335
   0.5199999983  -0.0005216827  -0.0004569907  -0.0005216827
   0.5249999982  -0.0007800851  -0.0006735254  -0.0007800851
   0.5299999982  -0.0009882134  -0.0008429694  -0.0009882134
   0.5349999982  -0.0010193574  -0.0008573896  -0.0010193574
   0.5399999982  -0.0006936114  -0.0005645744  -0.0006936113
   0.5449999982   0.0002138608   0.0002251837   0.0002138609
   0.5499999982   0.0019515886   0.0017219452   0.0019515889
   0.5549999981   0.0047578146   0.0041288821   0.0047578150
   0.5599999981   0.0088172828   0.0076077331   0.0088172833
   0.5649999981   0.0142156335   0.0122422607   0.0142156340
   0.5699999981   0.0209006496   0.0180067867   0.0209006500
   0.5749999981   0.0286601598   0.0247472428   0.0286601598
   0.5799999981   0.0371244999   0.0321807161   0.0371244993
   0.5849999980   0.0457970828   0.0399162448   0.0457970813
   0.5899999980   0.0541105451   0.0474951937   0.0541105424
   0.5949999980   0.0614995576   0.0544449498   0.0614995537
   0.5999999980   0.0674764445   0.0603361492   0.0674764398
   0.6049999980   0.0716938630   0.0648322761   0.0716938582
   0.6099999980   0.0739808864   0.0677218542   0.0739808828
   0.6149999979   0.0743447442   0.0689274178   0.0743447434
   0.6199999979   0.0729388699   0.0684910681   0.0729388734
   0.6249999979   0.0700065521   0.0665421737   0.0700065614
   0.6299999979   0.0658158489   0.0632570171   0.0658158642
   0.6349999979   0.0606034732   0.0588216400   0.0606034930
   0.6399999979   0.0545422800   0.0534073237   0.0545423009
   0.6449999978   0.0477395220   0.0471635982   0.0477395382
   0.6499999978   0.0402633890   0.0402278021   0.0402633928
   0.6549999978   0.0321865193   0.0327448895   0.0321865025
   0.6599999978   0.0236300127   0.0248881041   0.0236299693
   0.6649999978   0.0147917316   0.0168712897   0.0147916606
   0.6699999978   0.0059483014   0.0089468968   0.0059482114
   0.6749999977  -0.0025706179   0.0013889991  -0.0025707053
   0.6799999977  -0.0104276453  -0.0055339689  -0.0104276921
   0.6849999977  -0.0173277371  -0.0115883967  -0.0173276891
   0.6899999977  -0.0230566952  -0.0165976165  -0.0230564859
   0.6949999977  -0.0274961511  -0.0204505619  -0.0274957117
   0.6999999976  -0.0306116556  -0.0230954450  -0.0306109334
   0.7049999976  -0.0324203384  -0.0245223469  -0.0324193241
   0.7099999976  -0.0329521296  -0.0247426114  -0.0329508942
   0.7149999976  -0.0322209962  -0.0237740703  -0.0322197347
   0.7199999976  -0.0302190550  -0.0216389554  -0.0302181358
   0.7249999976  -0.0269379523  -0.0183765906  -0.0269379649
   0.7299999975  -0.0224114643  -0.0140672215  -0.0224132577
   0.7349999975  -0.0167645404  -0.0088585975  -0.0167692442
   0.7399999975  -0.0102500849  -0.0029847970  -0.0102591019
   0.7449999975  -0.0032571165   0.0032319564  -0.0032720788
   0.7499999975   0.0037180879   0.0094014324   0.0036954037
   0.7549999975   0.0101352083   0.0151063754   0.0101030090
   0.7599999974   0.0154941865   0.0199571960   0.0154508261
   0.7649999974   0.0194204857   0.0236490067   0.0193646516
   0.7699999974   0.0217301015   0.0260083530   0.0216610040
   0.7749999974   0.0224580415   0.0270189513   0.0223755810
   0.7799999974   0.0218432951   0.0268203789   0.0217481808
   0.7849999974   0.0202742207   0.0256797268   0.0201680182
   0.7899999973   0.0182077551   0.0239422032   0.0180928446
   0.7949999973   0.0160814930   0.0219711710   0.0159609353
   0.7999999973   0.0142383471   0.0200901113   0.0141156644
   0.8049999973   0.0128793869   0.0185381606   0.0127582812
   0.8099999973   0.0120529456   0.0174474110   0.0119369884
   0.8149999973   0.0116791978   0.0168449341   0.0115715327
   0.8199999972   0.0116012793   0.0166766961   0.0115043781
   0.8249999972   0.0116484249   0.0168455457   0.0115639326
   0.8299999972   0.0116946610   0.0172524951   0.0116233505
   0.8349999972   0.0116986171   0.0178303476   0.0116404584
   0.8399999972   0.0117154694   0.0185614290   0.0116697971
   0.8449999972   0.0118796047   0.0194760744   0.0118453519
   0.8499999971   0.0123644474   0.0206342480   0.0123404012
   0.8549999971   0.0133319933   0.0220975740   0.0133170239
   0.8599999971   0.0148872267   0.0239016390   0.0148804469
   0.8649999971   0.0170508627   0.0260378545   0.0170516882
   0.8699999971   0.0197580658   0.0284505873   0.0197661661
   0.8749999971   0.0228825280   0.0310498271   0.0228976809
   0.8799999970   0.0262770513   0.0337341515   0.0262989327
   0.8849999970   0.0298162416   0.0364150538   0.0298442001
   0.8899999970   0.0334260738   0.0390331015   0.0334589413
   0.8949999970   0.0370894153   0.0415591373   0.0371254029
   0.8999999970   0.0408248402   0.0439788952   0.0408615530
   0.9049999970   0.0446455154   0.0462652158   0.0446800966
   0.9099999969   0.0485123139   0.0483464949   0.0485417047
   0.9149999969   0.0522979494   0.0500815784   0.0523192263
   0.9199999969   0.0557757618   0.0512495276   0.0557864955
   0.9249999969   0.0586387970   0.0515582053   0.0586373720
   0.9299999969   0.0605447795   0.0506700716   0.0605306168
   0.9349999969   0.0611739795   0.0482388319   0.0611476207
   0.9399999968   0.0602828808   0.0439481725   0.0602459165
   0.9449999968   0.0577383502   0.0375443715   0.0576932028
   0.9499999968   0.0535239863   0.0288576406   0.0534735823
   0.9549999968   0.0477198901   0.0178113374   0.0476672754
   0.9599999968   0.0404658015   0.0044220921   0.0404137614
   0.9649999968   0.0319223260  -0.0112039236   0.0318730694
   0.9699999967   0.0222443108  -0.0288734803   0.0221992626
   0.9749999967   0.0115748052  -0.0483045774   0.0115345311
   0.9799999967   0.0000597236  -0.0691207985   0.0000239875
   0.9849999967  -0.0121245633  -0.0908450155  -0.0121566307
   0.9899999967  -0.0247431588  -0.1128974753  -0.0247728201
   0.9949999967  -0.0374865358  -0.1346032547  -0.0375151803
   0.9999999966  -0.0499744481  -0.1552123481  -0.0500033453
   1.0049999966  -0.0617809716  -0.1739328915  -0.0618110822
   1.0099999966  -0.0724748994  -0.1899751158  -0.0725067659
   1.0149999966  -0.0816652112  -0.2026013647  -0.0816989368
   1.0199999966  -0.0890405174  -0.2111763884  -0.0890758237
   1.0249999966  -0.0943941103  -0.2152122367  -0.0944304542
   1.0299999965  -0.0976312144  -0.2144031595  -0.0976679363
   1.0349999965  -0.0987602865  -0.2086475702  -0.0987967611
   1.0399999965  -0.0978740239  -0.1980558838  -0.0979097878
   1.0449999965  -0.0951271037  -0.1829445910  -0.0951619405
   1.0499999965  -0.0907166006  -0.1638180909  -0.0907505760
   1.0549999965  -0.0848683646  -0.1413405508  -0.0849018104
   1.0599999964  -0.0778295941  -0.1163004253  -0.0778630528
   1.0649999964  -0.0698655306  -0.0895703404  -0.0698996746
   1.0699999964  -0.0612572106  -0.0620648945  -0.0612927556
   1.0749999964  -0.0522975540  -0.0346986356  -0.0523351835
   1.0799999964  -0.0432842552  -0.0083461122  -0.0433245675
   1.0849999964  -0.0345093397   0.0161944619  -0.0345528244
   1.0899999963  -0.0262463347   0.0382326782  -0.0262933774
   1.0949999963  -0.0187365492   0.0572114759  -0.0187874554
   1.0999999963  -0.0121760320   0.0727258152  -0.0122310608
   1.1049999963  -0.0067046189   0.0845336413  -0.0067640134
   1.1099999963  -0.0023982848   0.0925584912  -0.0024622917
   1.1149999963   0.0007341328   0.0968834411   0.0006652595
   1.1199999962   0.0027489857   0.0977366322   0.0026749956
   1.1249999962   0.0037602226   0.0954693036   0.0036808894
   1.1299999962   0.0039264892   0.0905280051   0.0038416344
   1.1349999962   0.0034342584   0.0834232999   0.0033437722
   1.1399999962   0.0024792986   0.0746976581   0.0023831572
   1.1449999962   0.0012493709   0.0648952678   0.0011476491
   1.1499999961  -0.0000890842   0.0545361022  -0.0001961995
   1.1549999961  -0.0013984224   0.0440958370  -0.0015106151
   1.1599999961  -0.0025711035   0.0339922290  -0.0026879046
   1.1649999961  -0.0035261528   0.0245775402  -0.0036469133
   1.1699999961  -0.0042033489   0.0161357373  -0.0043272155
   1.1749999961  -0.0045581084   0.0088826968  -0.0046840102
   1.1799999960  -0.0045594249   0.0029676187  -0.0046860808
   1.1849999960  -0.0041917864  -0.0015257082  -0.0043177371
   1.1899999960  -0.0034602390  -0.0045783461  -0.0035838990
   1.1949999960  -0.0023962904  -0.0062359889  -0.0025160110
   1.1999999960  -0.0010616988  -0.0066079188  -0.0011758214
   1.2049999960   0.0004524148  -0.0058635584   0.0003455357
   1.2099999959   0.0020323679  -0.0042251252   0.0019343919
   1.2149999959   0.0035540773  -0.0019554959   0.0034667679
   1.2199999959   0.0048983599   0.0006586582   0.0048237378
   1.2249999959   0.0059661685   0.0033273422   0.0059067175
   1.2299999959   0.0066905401   0.0057793107   0.0066494427
   1.2349999959   0.0070429496   0.0077832466   0.0070243245
   1.2399999958   0.0070332605   0.0091655544   0.0070423679
   1.2449999958   0.0067040317   0.0098227346   0.0067474213
   1.2499999958   0.0061211069   0.0097270718   0.0062066841
   1.2549999958   0.0053628652   0.0089252423   0.0054998633
   1.2599999958   0.0045102506   0.0075302498   0.0047091028
   1.2649999958   0.0036389290   0.0057077246   0.0039110399
   1.2699999957   0.0028140085   0.0036580348   0.0031714278
   1.2749999957   0.0020870321   0.0015959019   0.0025420364
   1.2799999957   0.0014946117  -0.0002706669   0.0020591974
   1.2849999957   0.0010581081  -0.0017602891   0.0017434038
   1.2899999957   0.0007840342  -0.0027351789   0.0015996404
   1.2949999957   0.0006651425  -0.0031135956   0.0016184134
   1.2999999956   0.0006822876  -0.0028765441   0.0017775768
   1.3049999956   0.0008070833  -0.0020680427   0.0020449844
   1.3099999956   0.0010051682  -0.0007889421   0.0023817878
   1.3149999956   0.0012397038   0.0008150030   0.0027460153
   1.3199999956   0.0014746765   0.0025694730   0.0030960045
   1.3249999956   0.0016776980   0.0042905222   0.0033933876
   1.3299999955   0.0018222409   0.0058040786   0.0036055622
   1.3349999955   0.0018894534   0.0069639709   0.0037077844
   1.3399999955   0.0018697486   0.0076666618   0.0036850709
   1.3449999955   0.0017642063   0.0078612366   0.0035339291
   1.3499999955   0.0015855154   0.0075536562   0.0032636278
   1.3549999954   0.0013578977   0.0068048243   0.0028964291
   1.3599999954   0.0011153695   0.0057226092   0.0024661161
   1.3649999954   0.0008979308   0.0044485884   0.0020143885
   1.3699999954   0.0007458124   0.0031409130   0.0015852397
   1.3749999954   0.0006925904   0.0019552382   0.0012181126
   1.3799999954   0.0007585500   0.0010260379   0.0009412038
   1.3849999953   0.0009458920   0.0004507074   0.0007665089
   1.3899999953   0.0012371146   0.0002785895   0.0006879332
   1.3949999953   0.0015971862   0.0005064299   0.0006830897
   1.3999999953   0.0019791825   0.0010808483   0.0007184606
   1.4049999953   0.0023321710   0.0019073667   0.0007567157
   1.4099999953   0.0026095826   0.0028645433   0.0007644465
   1.4149999952   0.0027762704   0.0038210208   0.0007185408
   1.4199999952   0.0028129125   0.0046529486   0.0006098866
   1.4249999952   0.0027171868   0.0052593172   0.0004438773
   1.4299999952   0.0025019846   0.0055732320   0.0002380275
   1.4349999952   0.0021915549   0.0055679075   0.0000176424
   1.4399999952   0.0018167515   0.0052570323  -0.0001892446
   1.4449999951   0.0014104497   0.0046899741  -0.0003565599
   1.4499999951   0.0010038396   0.0039429321  -0.0004637681
   1.4549999951   0.0006238570   0.0031075379  -0.0004980681
   1.4599999951   0.0002916591   0.0022785479  -0.0004553015
   1.4649999951   0.0000218862   0.0015421918  -0.0003398521
   1.4699999951  -0.0001775286   0.0009665034  -0.0001638141
   1.4749999950  -0.0003051164   0.0005946160   0.0000544022
   1.4799999950  -0.0003651942   0.0004415947   0.0002919600
   1.4849999950  -0.0003667211   0.0004949414   0.0005239289
   1.4899999950  -0.0003217479   0.0007184668   0.0007259164
   1.4949999950  -0.0002436591   0.0010588264   0.0008767130
   1.4999999950  -0.0001455256   0.0014537067   0.0009605561
   1.5049999949  -0.0000388934   0.0018404754   0.0009686276
   1.5099999949   0.0000667918   0.0021641174   0.0008995490
   1.5149999949   0.0001641432   0.0023834674   0.0007588844
   1.5199999949   0.0002474136   0.0024750844   0.0005579162
   1.5249999949   0.0003120599   0.0024345240   0.0003121019
   1.5299999949   0.0003546082   0.0022751614   0.0000396089
   1.5349999948   0.0003729488   0.0020250214  -0.0002398529
   1.5399999948   0.0003669231   0.0017222428  -0.0005059318
   1.5449999948   0.0003388553   0.0014098375  -0.0007385122
   1.5499999948   0.0002936182   0.0011303440  -0.0009188737
   1.5549999948   0.0002379630   0.0009208756  -0.0010313142
   1.5599999948   0.0001791299   0.0008089686  -0.0010651456
   1.5649999947   0.0001230826   0.0008095710  -0.0010166665
   1.5699999947   0.0000729362   0.0009234543  -0.0008905237
   1.5749999947   0.0000281596   0.0011372546  -0.0006998864
   1.5799999947  -0.0000150786   0.0014252094  -0.0004651120
   1.5849999947  -0.0000624349   0.0017524600  -0.0002109911
   1.5899999947  -0.0001192016   0.0020795428   0.0000369065
   1.5949999946  -0.0001880891   0.0023674724   0.0002559746
   1.5999999946  -0.0002677042   0.0025826797   0.0004295465
   1.6049999946  -0.0003522283   0.0027010653   0.0005484736
   1.6099999946  -0.0004324156   0.0027105801   0.0006110826
   1.6149999946  -0.0004976080   0.0026120124   0.0006217410
   1.6199999946  -0.0005381648   0.0024179914   0.0005886007
   1.6249999945  -0.0005476176   0.0021505168   0.0005212185
   1.6299999945  -0.0005239985   0.0018375338   0.0004286529
   1.6349999945  -0.0004700879   0.0015091564   0.0003183744
   1.6399999945  -0.0003926545   0.0011940953   0.0001960163
   1.6449999945  -0.0003010143   0.0009167150   0.0000657503
   1.6499999945  -0.0002053351   0.0006949724  -0.0000690326
   1.6549999944  -0.0001150642   0.0005393243  -0.0002050249
   1.6599999944  -0.0000377150   0.0004525678  -0.0003384585
   1.6649999944   0.0000219071   0.0004304934  -0.0004647621
   1.6699999944   0.0000620585   0.0004631833  -0.0005784005
   1.6749999944   0.0000840338   0.0005367555  -0.0006728866
   1.6799999944   0.0000917779   0.0006353296  -0.0007410097
   1.6849999943   0.0000911191   0.0007429718  -0.0007753677
   1.6899999943   0.0000886297   0.0008453813  -0.0007692713
   1.6949999943   0.0000902128   0.0009311205  -0.0007179867
   1.6999999943   0.0000996402   0.0009922695  -0.0006201273
   1.7049999943   0.0001173783   0.0010244978  -0.0004788696
   1.7099999943   0.0001400577   0.0010266641  -0.0003026079
   1.7149999942   0.0001608394   0.0010001400  -0.0001047403
   1.7199999942   0.0001707110   0.0009480850   0.0000975249
   1.7249999942   0.0001604806   0.0008748580   0.0002851901
   1.7299999942   0.0001230070   0.0007856525   0.0004399268
   1.7349999942   0.0000551062   0.0006863263   0.0005464549
   1.7399999942  -0.0000413582   0.0005833012   0.0005943583
   1.7449999941  -0.0001594700   0.0004833737   0.0005790311
   1.7499999941  -0.0002883107   0.0003933196   0.0005017088
   1.7549999941  -0.0004147540   0.0003192723   0.0003687803
   1.7599999941  -0.0005255308   0.0002659735   0.0001907232
   1.7649999941  -0.0006090816   0.0002360808  -0.0000189985
   1.7699999941  -0.0006568597   0.0002297394  -0.0002448653
   1.7749999940  -0.0006639670   0.0002445673  -0.0004700422
   1.7799999940  -0.0006292198   0.0002760894  -0.0006770792
   1.7849999940  -0.0005548677   0.0003185236  -0.0008487862
   1.7899999940  -0.0004461929   0.0003657275  -0.0009694405
   1.7949999940  -0.0003111209   0.0004120751  -0.0010263185
   1.7999999940  -0.0001598325   0.0004530803  -0.0010113563
   1.8049999939  -0.0000042632   0.0004856748  -0.0009225950
   1.8099999939   0.0001426504   0.0005081584  -0.0007650446
   1.8149999939   0.0002680360   0.0005199276  -0.0005506894
   1.8199999939   0.0003603926   0.0005211205  -0.0002975514
   1.8249999939   0.0004109291   0.0005123030  -0.0000279361
   1.8299999939   0.0004146589   0.0004942647   0.0002338531
   1.8349999938   0.0003710027   0.0004679346   0.0004639756
   1.8399999938   0.0002837719   0.0004343868   0.0006413708
   1.8449999938   0.0001605650   0.0003948897   0.0007497029
   1.8499999938   0.0000117516   0.0003509670   0.0007788175
   1.8549999938  -0.0001507134   0.0003044569   0.0007256630
   1.8599999938  -0.0003144235   0.0002575663   0.0005946505
   1.8649999937  -0.0004674666   0.0002129069   0.0003974098
   1.8699999937  -0.0005991569   0.0001734799   0.0001518891
   1.8749999937  -0.0007005984   0.0001425551  -0.0001192280
   1.8799999937  -0.0007651451   0.0001233911  -0.0003907171
   1.8849999937  -0.0007887720   0.0001187763  -0.0006374198
   1.8899999937  -0.0007703087   0.0001304321  -0.0008369322
   1.8949999936  -0.0007114416   0.0001583886  -0.0009719714
   1.8999999936  -0.0006164034   0.0002004977  -0.0010320480
   1.9049999936  -0.0004913495   0.0002522563  -0.0010142002
   1.9099999936  -0.0003435313   0.0003070665  -0.0009227452
   1.9149999936  -0.0001804738   0.0003569651  -0.0007682090
   1.9199999936  -0.0000093967   0.0003937334  -0.0005657403
   1.9249999935   0.0001629467   0.0004101943  -0.0003333557
   1.9299999935   0.0003299789   0.0004014412  -0.0000903037
   1.9349999935   0.0004846984   0.0003657465   0.0001443024
   1.9399999935   0.0006190587   0.0003049701   0.0003525792
   1.9449999935   0.0007236671   0.0002243957   0.0005187901
   1.9499999935   0.0007880831   0.0001320473   0.0006302044
   1.9549999934   0.0008018297   0.0000376321   0.0006779542
   1.9599999934   0.0007560173  -0.0000486930   0.0006578469
   1.9649999934   0.0006452777  -0.0001175385   0.0005709891
   1.9699999934   0.0004695879  -0.0001613321   0.0004240360
   1.9749999934   0.0002355546  -0.0001751073   0.0002289097
   1.9799999934  -0.0000431689  -0.0001569903   0.0000019245
   1.9849999933  -0.0003464887  -0.0001083750  -0.0002376152
   1.9899999933  -0.0006494655  -0.0000337891  -0.0004691709
   1.9949999933  -0.0009246999   0.0000595391  -0.0006728455
   1.9999999933  -0.0011452088   0.0001623941  -0.0008311491
   2.0049999933  -0.0012874471   0.0002645203  -0.0009304825
   2.0099999933  -0.0013341330   0.0003557150  -0.0009622412
   2.0149999932  -0.0012765617   0.0004269409  -0.0009235013
   2.0199999932  -0.0011161274   0.0004713095  -0.0008172834
   2.0249999932  -0.0008648239   0.0004847948  -0.0006523832
   2.0299999932  -0.0005445698   0.0004665814  -0.0004427481
   2.0349999932  -0.0001853179   0.0004190190  -0.0002063847
   2.0399999931   0.0001779318   0.0003472232   0.0000361793
   2.0449999931   0.0005089144   0.0002584151   0.0002637733
   2.0499999931   0.0007742160   0.0001611139   0.0004566124
   2.0549999931   0.0009471560   0.0000642838   0.0005982171
   2.0599999931   0.0010108779  -0.0000234909   0.0006769563
   2.0649999931   0.0009602017  -0.0000947603   0.0006870057
   2.0699999930   0.0008020031  -0.0001438623   0.0006286268
   2.0749999930   0.0005541336  -0.0001674422   0.0005078097
   2.0799999930   0.0002431230  -0.0001647859   0.0003354315
   2.0849999930  -0.0000989358  -0.0001379011   0.0001261322
   2.0899999930  -0.0004378695  -0.0000912906  -0.0001029106
   2.0949999930  -0.0007408541  -0.0000313962  -0.0003332014
   2.0999999929  -0.0009794717   0.0000342410  -0.0005461216
   2.1049999929  -0.0011321758   0.0000979920  -0.0007241369
   2.1099999929  -0.0011860351   0.0001531540  -0.0008520550
   2.1149999929  -0.0011376771   0.0001947839  -0.0009183148
   2.1199999929  -0.0009933767   0.0002201991  -0.0009161963
   2.1249999929  -0.0007682686   0.0002290656  -0.0008447611
   2.1299999928  -0.0004847135   0.0002230877  -0.0007093081
   2.1349999928  -0.0001699442   0.0002054009  -0.0005211686
   2.1399999928   0.0001467775   0.0001798240  -0.0002967774
   2.1449999928   0.0004371579   0.0001501422  -0.0000560968
   2.1499999928   0.0006766406   0.0001195544   0.0001794007
   2.1549999928   0.0008465945   0.0000903630   0.0003889051
   2.1599999927   0.0009356664   0.0000639102   0.0005543042
   2.1649999927   0.0009402069   0.0000407142   0.0006618432
   2.1699999927   0.0008638407   0.0000207272   0.0007032620
   2.1749999927   0.0007163876   0.0000036349   0.0006763629
   2.1799999927   0.0005124002  -0.0000108625   0.0005850262
   2.1849999927   0.0002695779  -0.0000228306   0.0004387316
   2.1899999926   0.0000072441  -0.0000319640   0.0002516469
   2.1949999926  -0.0002550139  -0.0000375485   0.0000413447
   2.1999999926  -0.0004985227  -0.0000385352  -0.0001727792
   2.2049999926  -0.0007065389  -0.0000337326  -0.0003712806
   2.2099999926  -0.0008651232  -0.0000221066  -0.0005364822
   2.2149999926  -0.0009638674  -0.0000031483  -0.0006541350
   2.2199999925  -0.0009964384   0.0000227627  -0.0007147188
   2.2249999925  -0.0009608921   0.0000540972  -0.0007142092
   2.2299999925  -0.0008597304   0.0000881135  -0.0006542203
   2.2349999925  -0.0006997030   0.0001210573  -0.0005415379
   2.2399999925  -0.0004913982   0.0001486294  -0.0003871626
   2.2449999925  -0.0002486781   0.0001666548  -0.0002050518
   2.2499999924   0.0000119986   0.0001718232  -0.0000107660
   2.2549999924   0.0002723593   0.0001623436   0.0001798147
   2.2599999924   0.0005132418   0.0001383618   0.0003516050
   2.2649999924   0.0007157136   0.0001020467   0.0004912364
   2.2699999924   0.0008624147   0.0000573238   0.0005878126
   2.2749999924   0.0009390883   0.0000093124   0.0006335297
   2.2799999923   0.0009361659  -0.0000364176   0.0006241697
   2.2849999923   0.0008501873  -0.0000746299   0.0005594289
   2.2899999923   0.0006847872  -0.0001011163   0.0004430113
   2.2949999923   0.0004510010  -0.0001132059   0.0002824137
   2.2999999923   0.0001667257  -0.0001100377   0.0000883634
   2.3049999923  -0.0001446880  -0.0000925877  -0.0001260729
   2.3099999922  -0.0004565867  -0.0000634704  -0.0003466232
   2.3149999922  -0.0007416546  -0.0000265559  -0.0005590585
   2.3199999922  -0.0009747126   0.0000135476  -0.0007504140
   2.3249999922  -0.0011353314   0.0000520851  -0.0009100566
   2.3299999922  -0.0012099543   0.0000847509  -0.0010305164
   2.3349999922  -0.0011933021   0.0001082134  -0.0011080350
   2.3399999921  -0.0010889181   0.0001204949  -0.0011428096
   2.3449999921  -0.0009088064   0.0001211477  -0.0011389189
   2.3499999921  -0.0006721931   0.0001112008  -0.0011039179
   2.3549999921  -0.0004035291   0.0000928911  -0.0010480900
   2.3599999921  -0.0001299280   0.0000692382  -0.0009833754
   2.3649999921   0.0001216902   0.0000435494  -0.0009220385
   2.3699999920   0.0003274196   0.0000189515  -0.0008752035
   2.3749999920   0.0004688093  -0.0000019707  -0.0008514366
   2.3799999920   0.0005346143  -0.0000173869  -0.0008555778
   2.3849999920   0.0005216433  -0.0000262843  -0.0008879983
   2.3899999920   0.0004346336  -0.0000284147  -0.0009443904
   2.3949999920   0.0002852419  -0.0000241812  -0.0010161010
   2.3999999919   0.0000903796  -0.0000145083  -0.0010909244
   2.4049999919  -0.0001297992  -0.0000007241  -0.0011542044
   2.4099999919  -0.0003539396   0.0000155471  -0.0011900793
   2.4149999919  -0.0005613041   0.0000325016  -0.0011827301
   2.4199999919  -0.0007332214   0.0000483010  -0.0011175474
   2.4249999919  -0.0008541342   0.0000612517  -0.0009821901
   2.4299999918  -0.0009123025   0.0000699960  -0.0007675374
   2.4349999918  -0.0009002533   0.0000736747  -0.0004685347
   2.4399999918  -0.0008150545   0.0000720091  -0.0000848974
   2.4449999918  -0.0006584425   0.0000652714   0.0003784108
   2.4499999918  -0.0004367757   0.0000541400   0.0009110306
   2.4549999918  -0.0001607597   0.0000394786   0.0014974933
   2.4599999917   0.0001551099   0.0000221046   0.0021179833
   2.4649999917   0.0004934024   0.0000026215   0.0027495388
   2.4699999917   0.0008348635  -0.0000186329   0.0033675614
   2.4749999917   0.0011596950  -0.0000415061   0.0039474402
   2.4799999917   0.0014488845  -0.0000658499   0.0044660757
   2.4849999917   0.0016854710  -0.0000913045   0.0049031232
   2.4899999916   0.0018556562  -0.0001171242   0.0052418428
   2.4949999916   0.0019496994  -0.0001421060   0.0054695309
   2.4999999916   0.0019625580  -0.0001646489   0.0055775781
   2.5049999916   0.0018942359  -0.0001829308   0.0055612390
   2.5099999916   0.0017497969  -0.0001951571   0.0054192084
   2.5149999916   0.0015389944  -0.0001998215   0.0051530778
   2.5199999915   0.0012754860  -0.0001959249   0.0047667276
   2.5249999915   0.0009756425  -0.0001831181   0.0042656969
   2.5299999915   0.0006570346  -0.0001617584   0.0036565785
   2.5349999915   0.0003367540  -0.0001328854   0.0029465092
   2.5399999915   0.0000297836  -0.0000981325   0.0021428350
   2.5449999915  -0.0002523523  -0.0000595828   0.0012530311
   2.5499999914  -0.0005024660  -0.0000195788   0.0002849205
   2.5549999914  -0.0007180028   0.0000195100  -0.0007528197
   2.5599999914  -0.0009007516   0.0000555482  -0.0018499440
   2.5649999914  -0.0010560634   0.0000868969  -0.0029938478
   2.5699999914  -0.0011917337   0.0001126355  -0.0041688529
   2.5749999914  -0.0013167230   0.0001326929  -0.0053557076
   2.5799999913  -0.0014398666   0.0001478448  -0.0065313874
   2.5849999913  -0.0015686799   0.0001595604  -0.0076692238
   2.5899999913  -0.0017083229   0.0001697105  -0.0087393305
   2.5949999913  -0.0018607660   0.0001801914  -0.0097092727
   2.5999999913  -0.0020242020   0.0001925375  -0.0105449223
   2.6049999913  -0.0021927638   0.0002076052  -0.0112114701
   2.6099999912  -0.0023566184   0.0002253912  -0.0116745934
   2.6149999912  -0.0025024952   0.0002450171  -0.0119017953
   2.6199999912  -0.0026146602   0.0002648698  -0.0118639238
   2.6249999912  -0.0026762721   0.0002828555  -0.0115368443
   2.6299999912  -0.0026709842   0.0002967050  -0.0109031935
   2.6349999912  -0.0025845918   0.0003042669  -0.0099540912
   2.6399999911  -0.0024065116   0.0003037431  -0.0086906606
   2.6449999911  -0.0021309128   0.0002938415  -0.0071252006
   2.6499999911  -0.0017573906   0.0002738461  -0.0052818756
   2.6549999911  -0.0012911653   0.0002436170  -0.0031968272
   2.6599999911  -0.0007428686   0.0002035423  -0.0009176585
   2.6649999911  -0.0001280236   0.0001544585   0.0014977175
   2.6699999910   0.0005336714   0.0000975580   0.0039828317
   2.6749999910   0.0012191805   0.0000342944   0.0064649497
   2.6799999910   0.0019030607  -0.0000336978   0.0088677965
   2.6849999910   0.0025584993  -0.0001046580   0.0111145734
   2.6899999910   0.0031584811  -0.0001767193   0.0131310919
   2.6949999909   0.0036770916  -0.0002478952   0.0148488226
   2.6999999909   0.0040909115  -0.0003160508   0.0162076604
   2.7049999909   0.0043804077  -0.0003788874   0.0171582357
   2.7099999909   0.0045311872  -0.0004339795   0.0176636616
   2.7149999909   0.0045349693  -0.0004788891   0.0177006829
   2.7199999909   0.0043901558  -0.0005113629   0.0172602632
   2.7249999908   0.0041019292  -0.0005295858   0.0163476901
   2.7299999908   0.0036818692  -0.0005324337   0.0149822894
   2.7349999908   0.0031471345  -0.0005196595   0.0131968125
   2.7399999908   0.0025193026  -0.0004919508   0.0110365151
   2.7449999908   0.0018229817  -0.0004508339   0.0085579075
   2.7499999908   0.0010843202  -0.0003984405   0.0058271488
   2.7549999907   0.0003295364  -0.0003371953   0.0029180807
   2.7599999907  -0.0004164167  -0.0002695083  -0.0000900376
   2.7649999907  -0.0011309523  -0.0001975485  -0.0031149691
   2.7699999907  -0.0017946425  -0.0001231492  -0.0060739385
   2.7749999907  -0.0023916605  -0.0000478466  -0.0088858981
   2.7799999907  -0.0029098759   0.0000269918  -0.0114734983
   2.7849999906  -0.0033406499   0.0001000175  -0.0137647327
   2.7899999906  -0.0036784123   0.0001698009  -0.0156943271
   2.7949999906  -0.0039201231   0.0002348220  -0.0172050135
   2.7999999906  -0.0040647148   0.0002935548  -0.0182488397
   2.8049999906  -0.0041125903   0.0003446046  -0.0187886141
   2.8099999906  -0.0040652224   0.0003868384  -0.0187994786
   2.8149999905  -0.0039248708   0.0004194525  -0.0182704890
   2.8199999905  -0.0036944245   0.0004419509  -0.0172059905
   2.8249999905  -0.0033773793   0.0004540483  -0.0156265511
   2.8299999905  -0.0029779672   0.0004555498  -0.0135692587
   2.8349999905  -0.0025014595   0.0004462706  -0.0110872855
   2.8399999905  -0.0019546451   0.0004260481  -0.0082487430
   2.8449999904  -0.0013464396   0.0003948611  -0.0051349463
   2.8499999904  -0.0006885271   0.0003530225  -0.0018382450
   2.8549999904   0.0000041231   0.0003013774   0.0015404409
   2.8599999904   0.0007130416   0.0002414236   0.0048943176
   2.8649999904   0.0014164990   0.0001752929   0.0081136629
   2.8699999904   0.0020902748   0.0001055750   0.0110890954
   2.8749999903   0.0027089151   0.0000350225   0.0137152347
   2.8799999903   0.0032473200  -0.0000337805   0.0158947494
   2.8849999903   0.0036824188  -0.0000986890   0.0175426662
   2.8899999903   0.0039946750  -0.0001581243   0.0185906805
   2.8949999903   0.0041692159  -0.0002110228   0.0189911069
   2.8999999903   0.0041964982  -0.0002566331   0.0187200724
   2.9049999902   0.0040725496  -0.0002942372   0.0177796024
   2.9099999902   0.0037989329  -0.0003229026   0.0161983683
   2.9149999902   0.0033826170  -0.0003413595   0.0140310202
   2.9199999902   0.0028358980  -0.0003480649   0.0113561864
   2.9249999902   0.0021764099  -0.0003414521   0.0082733384
   2.9299999902   0.0014271344  -0.0003203109   0.0048987804
   2.9349999901   0.0006162188  -0.0002841986   0.0013610235
   2.9399999901  -0.0002236218  -0.0002337753  -0.0022042344
   2.9449999901  -0.0010562859  -0.0001709688  -0.0056593600
   2.9499999901  -0.0018440879  -0.0000989220  -0.0088701431
   2.9549999901  -0.0025500580  -0.0000217235  -0.0117111513
   2.9599999901  -0.0031404685   0.0000560230  -0.0140709475
   2.9649999900  -0.0035872425   0.0001297058  -0.0158569832
   2.9699999900  -0.0038699113   0.0001951894  -0.0169999300
   2.9749999900  -0.0039768822   0.0002491884  -0.0174571630
   2.9799999900  -0.0039059250   0.0002894761  -0.0172151086
   2.9849999900  -0.0036639296   0.0003149136  -0.0162902045
   2.9899999900  -0.0032660923   0.0003253243  -0.0147283085
   2.9949999899  -0.0027347250   0.0003212744  -0.0126025179
   2.9999999899  -0.0020978571   0.0003038311  -0.0100095063
   3.0049999899  -0.0013877283   0.0002743660  -0.0070646306
   3.0099999899  -0.0006392060   0.0002344478  -0.0038961703
   3.0149999899   0.0001118841   0.0001858327  -0.0006391276
   3.0199999899   0.0008305205   0.0001305245   0.0025709849
   3.0249999898   0.0014842965   0.0000708489   0.0056040011
   3.0299999898   0.0020451739   0.0000094797   0.0083403348
   3.0349999898   0.0024910131  -0.0000506321   0.0106754428
   3.0399999898   0.0028067013  -0.0001064454   0.0125234705
   3.0449999898   0.0029847287  -0.0001551054   0.0138200936
   3.0499999898   0.0030251418  -0.0001942516   0.0145245776
   3.0549999897   0.0029349019  -0.0002222753   0.0146210412
   3.0599999897   0.0027267710  -0.0002384556   0.0141188540
   3.0649999897   0.0024179103  -0.0002429339   0.0130520591
   3.0699999897   0.0020283949  -0.0002365340   0.0114777136
   3.0749999897   0.0015798225  -0.0002204854   0.0094731085
   3.0799999897   0.0010941331  -0.0001961356   0.0071319425
   3.0849999896   0.0005926868  -0.0001647436   0.0045596694
   3.0899999896   0.0000955861  -0.0001274136   0.0018683606
   3.0949999896  -0.0003788171  -0.0000851793  -0.0008285097
   3.0999999896  -0.0008142967  -0.0000391923  -0.0034209615
   3.1049999896  -0.0011970685   0.0000090732  -0.0058067911
   3.1099999896  -0.0015160758   0.0000576962  -0.0078950842
   3.1149999895  -0.0017632386   0.0001043378  -0.0096089609
   3.1199999895  -0.0019336306   0.0001464405  -0.0108876616
   3.1249999895  -0.0020255327   0.0001815575  -0.0116881259
   3.1299999895  -0.0020403120   0.0002077187  -0.0119861735
   3.1349999895  -0.0019820981   0.0002237267  -0.0117773064
   3.1399999895  -0.0018572625   0.0002292947  -0.0110770389
   3.1449999894  -0.0016737581   0.0002249879  -0.0099205912
   3.1499999894  -0.0014404137   0.0002119950  -0.0083617732
   3.1549999894  -0.0011663098   0.0001918071  -0.0064709508
   3.1599999894  -0.0008603539   0.0001659063  -0.0043321099
   3.1649999894  -0.0005311439   0.0001355554  -0.0020391701
   3.1699999894  -0.0001871319   0.0001017369   0.0003081904
   3.1749999893   0.0001629737   0.0000652365   0.0026088878
   3.1799999893   0.0005097124   0.0000268139   0.0047646784
   3.1849999893   0.0008424666  -0.0000126178   0.0066840868
   3.1899999893   0.0011493289  -0.0000518815   0.0082859093
   3.1949999893   0.0014173645  -0.0000895368   0.0095022659
   3.1999999893   0.0016332969  -0.0001239930   0.0102812167
   3.2049999892   0.0017845332  -0.0001536930   0.0105889407
   3.2099999892   0.0018603607  -0.0001773070   0.0104114252
   3.2149999892   0.0018531001  -0.0001938771   0.0097555495
   3.2199999892   0.0017590194  -0.0002028767   0.0086494024
   3.2249999892   0.0015788781  -0.0002041838   0.0071416780
   3.2299999892   0.0013180637  -0.0001979954   0.0053000416
   3.2349999891   0.0009863713  -0.0001847261   0.0032084524
   3.2399999891   0.0005975310  -0.0001649320   0.0009635276
   3.2449999891   0.0001685919  -0.0001392824  -0.0013298669
   3.2499999891  -0.0002807603  -0.0001085798  -0.0035635562
   3.2549999891  -0.0007289388  -0.0000738063  -0.0056312482
   3.2599999891  -0.0011532803  -0.0000361680  -0.0074337060
   3.2649999890  -0.0015310166   0.0000028897  -0.0088836436
   3.2699999890  -0.0018404322   0.0000417116  -0.0099101140
   3.2749999890  -0.0020621887   0.0000785040  -0.0104621801
   3.2799999890  -0.0021807263   0.0001114414  -0.0105116819
   3.2849999890  -0.0021855922   0.0001387877  -0.0100549384
   3.2899999890  -0.0020725208   0.0001590234  -0.0091132653
   3.2949999889  -0.0018441074   0.0001709651  -0.0077322411
   3.2999999889  -0.0015099752   0.0001738728  -0.0059797272
   3.3049999889  -0.0010864096   0.0001675348  -0.0039427129
   3.3099999889  -0.0005955042   0.0001523196  -0.0017231293
   3.3149999889  -0.0000639140   0.0001291795   0.0005671767
   3.3199999889   0.0004786767   0.0000995943   0.0028120748
   3.3249999888   0.0010012650   0.0000654524   0.0048971282
   3.3299999888   0.0014733367   0.0000288825   0.0067156309
   3.3349999888   0.0018666956  -0.0000079378   0.0081743944
   3.3399999888   0.0021572367  -0.0000429596   0.0091989550
   3.3449999888   0.0023265695  -0.0000743950   0.0097378663
   3.3499999888   0.0023633682  -0.0001007848   0.0097657607
   3.3549999887   0.0022643180  -0.0001210057   0.0092849267
   3.3599999887   0.0020345357  -0.0001342416   0.0083252450
   3.3649999887   0.0016873877  -0.0001399510   0.0069424605
   3.3699999887   0.0012436917  -0.0001378645   0.0052149080
   3.3749999887   0.0007303630  -0.0001280234   0.0032389369
   3.3799999886   0.0001786276  -0.0001108502   0.0011233713
   3.3849999886  -0.0003780381  -0.0000872198  -0.0010166178
   3.3899999886  -0.0009060735  -0.0000584895  -0.0030658530
   3.3949999886  -0.0013739556  -0.0000264561  -0.0049153646
   3.3999999886  -0.0017541519   0.0000067729  -0.0064681836
   3.4049999886  -0.0020248064   0.0000389762  -0.0076444579
   3.4099999885  -0.0021710759   0.0000680466  -0.0083856590
   3.4149999885  -0.0021860398   0.0000921971  -0.0086576677
   3.4199999885  -0.0020711131   0.0001101057  -0.0084525431
   3.4249999885  -0.0018359092   0.0001209741  -0.0077888322
   3.4299999885  -0.0014975309   0.0001245076  -0.0067103470
   3.4349999885  -0.0010793252   0.0001208416  -0.0052834470
   3.4399999884  -0.0006091927   0.0001104530  -0.0035929839
   3.4449999884  -0.0001176013   0.0000940863  -0.0017371772
   3.4499999884   0.0003645179   0.0000727107   0.0001782227
   3.4549999884   0.0008078098   0.0000475009   0.0020460946
   3.4599999884   0.0011863168   0.0000198218   0.0037640358
   3.4649999884   0.0014789751  -0.0000088078   0.0052400328
   3.4699999883   0.0016707272  -0.0000367868   0.0063974147
   3.4749999883   0.0017532312  -0.0000625375   0.0071788512
   3.4799999883   0.0017251672  -0.0000846271   0.0075492052
   3.4849999883   0.0015921446  -0.0001018797   0.0074970998
   3.4899999883   0.0013662130  -0.0001134549   0.0070351088
   3.4949999883   0.0010649822  -0.0001188832   0.0061985500
   3.4999999882   0.0007103763  -0.0001180660   0.0050429464
   3.5049999882   0.0003270828  -0.0001112562   0.0036403214
   3.5099999882  -0.0000592026  -0.0000990403   0.0020745929
   3.5149999882  -0.0004235913  -0.0000823293   0.0004364016
   3.5199999882  -0.0007437215  -0.0000623524  -0.0011822531
   3.5249999882  -0.0010012268  -0.0000406294  -0.0026932126
   3.5299999881  -0.0011828381  -0.0000188969  -0.0040168940
   3.5349999881  -0.0012810479   0.0000010274  -0.0050863330
   3.5399999881  -0.0012943211   0.0000174365  -0.0058503893
   3.5449999881  -0.0012268764   0.0000289490  -0.0062760256
   3.5499999881  -0.0010880893   0.0000346979  -0.0063496038
   3.5549999881  -0.0008915799   0.0000344411  -0.0060771605
   3.5599999880  -0.0006540514   0.0000285601  -0.0054836354
   3.5649999880  -0.0003939530   0.0000179443  -0.0046110569
   3.5699999880  -0.0001300561   0.0000037938  -0.0035157487
   3.5749999880   0.0001199523  -0.0000126045  -0.0022647050
   3.5799999880   0.0003407388  -0.0000300639  -0.0009313711
   3.5849999880   0.0005203359  -0.0000476054   0.0004088538
   3.5899999879   0.0006508011  -0.0000644696   0.0016830468
   3.5949999879   0.0007284720  -0.0000800551   0.0028247928
   3.5999999879   0.0007538239  -0.0000938271   0.0037775598
   3.6049999879   0.0007309925  -0.0001052457   0.0044972597
   3.6099999879   0.0006670610  -0.0001137505   0.0049539379
   3.6149999879   0.0005712213  -0.0001188078   0.0051326202
   3.6199999878   0.0004539016  -0.0001200018   0.0050333879
   3.6249999878   0.0003259209  -0.0001171299   0.0046707581
   3.6299999878   0.0001976992  -0.0001102629   0.0040724354
   3.6349999878   0.0000785350  -0.0000997463   0.0032774865
   3.6399999878  -0.0000240340  -0.0000861429   0.0023339947
   3.6449999878  -0.0001047496  -0.0000701406   0.0012962828
   3.6499999877  -0.0001609741  -0.0000524595   0.0002218414
   3.6549999877  -0.0001927848  -0.0000337922  -0.0008318490
   3.6599999877  -0.0002027746  -0.0000147871  -0.0018103864
   3.6649999877  -0.0001955543   0.0000039303  -0.0026651960
   3.6699999877  -0.0001770089   0.0000217271  -0.0033557927
   3.6749999877  -0.0001534222   0.0000379530  -0.0038514600
   3.6799999876  -0.0001306081   0.0000519717  -0.0041323214
   3.6849999876  -0.0001131871   0.0000632341  -0.0041898390
   3.6899999876  -0.0001041067   0.0000713716  -0.0040267990
   3.6949999876  -0.0001044398   0.0000762744  -0.0036568436
   3.6999999876  -0.0001134396   0.0000781213  -0.0031035871
   3.7049999876  -0.0001287816   0.0000773432  -0.0023993307
   3.7099999875  -0.0001469175   0.0000745267  -0.0015833929
   3.7149999875  -0.0001634801   0.0000702854  -0.0007000868
   3.7199999875  -0.0001737137   0.0000651409   0.0002035754
   3.7249999875  -0.0001729333   0.0000594483   0.0010803283
   3.7299999875  -0.0001570229   0.0000533873   0.0018850895
   3.7349999875  -0.0001229697   0.0000470121   0.0025772214
   3.7399999874  -0.0000693914   0.0000403359   0.0031224762
   3.7449999874   0.0000030233   0.0000334114   0.0034945330
   3.7499999874   0.0000912584   0.0000263791   0.0036760894
   3.7549999874   0.0001899903   0.0000194656   0.0036595136
   3.7599999874   0.0002919258   0.0000129409   0.0034470866
   3.7649999874   0.0003884370   0.0000070556   0.0030508557
   3.7699999873   0.0004704102   0.0000019886   0.0024921075
   3.7749999873   0.0005291780  -0.0000021756   0.0018004445
   3.7799999873   0.0005574006  -0.0000054322   0.0010124525
   3.7849999873   0.0005497876  -0.0000078163   0.0001699658
   3.7899999873   0.0005036044  -0.0000093605  -0.0006820192
   3.7949999873   0.0004189571  -0.0000100728  -0.0014976818
   3.7999999872   0.0002988809  -0.0000099468  -0.0022328203
   3.8049999872   0.0001492666  -0.0000090009  -0.0028472378
   3.8099999872  -0.0000213651  -0.0000073289  -0.0033069135
   3.8149999872  -0.0002022543  -0.0000051365  -0.0035858343
   3.8199999872  -0.0003809927  -0.0000027451  -0.0036674028
   3.8249999872  -0.0005443331  -0.0000005525  -0.0035453763
   3.8299999871  -0.0006792045   0.0000010371  -0.0032243161
   3.8349999871  -0.0007738550   0.0000016940  -0.0027195340
   3.8399999871  -0.0008189967   0.0000012274  -0.0020565211
   3.8449999871  -0.0008087913  -0.0000003864  -0.0012698448
   3.8499999871  -0.0007415313  -0.0000030176  -0.0004015146
   3.8549999871  -0.0006199165  -0.0000064286   0.0005011525
   3.8599999870  -0.0004509014  -0.0000103299   0.0013880835
   3.8649999870  -0.0002451659  -0.0000144246   0.0022092854
   3.8699999870  -0.0000163077  -0.0000184240   0.0029177809
   3.8749999870   0.0002201249  -0.0000220360   0.0034724432
   3.8799999870   0.0004476655  -0.0000249357   0.0038405235
   3.8849999870   0.0006499717  -0.0000267422   0.0039997002
   3.8899999869   0.0008118594  -0.0000270192   0.0039395188
   3.8949999869   0.0009203265  -0.0000253111   0.0036621417
   3.8999999869   0.0009655483  -0.0000212095   0.0031823738
   3.9049999869   0.0009417863  -0.0000144348   0.0025269621
   3.9099999869   0.0008481104  -0.0000049084   0.0017331997
   3.9149999869   0.0006888040   0.0000072029   0.0008468884
   3.9199999868   0.0004733379   0.0000214816  -0.0000802530
   3.9249999868   0.0002158447   0.0000372909  -0.0009936094
   3.9299999868  -0.0000658914   0.0000538318  -0.0018389559
   3.9349999868  -0.0003518306   0.0000702084  -0.0025658063
   3.9399999868  -0.0006212944   0.0000854904  -0.0031305994
   3.9449999868  -0.0008546129   0.0000987658  -0.0034994983
   3.9499999867  -0.0010346288   0.0001091862  -0.0036506018
   3.9549999867  -0.0011479332   0.0001160098  -0.0035754101
   3.9599999867  -0.0011857715   0.0001186457  -0.0032794477
   3.9649999867  -0.0011446069   0.0001166983  -0.0027820053
   3.9699999867  -0.0010263555   0.0001100039  -0.0021150196
   3.9749999867  -0.0008383075   0.0000986501  -0.0013211585
   3.9799999866  -0.0005927316   0.0000829702  -0.0004512178
   3.9849999866  -0.0003061503   0.0000635113   0.0004390247
   3.9899999866   0.0000017195   0.0000409860   0.0012923205
   3.9949999866   0.0003093343   0.0000162194   0.0020536152
   3.9999999866   0.0005949173  -0.0000098920   0.0026736303
   4.0049999866   0.0008381429  -0.0000364041   0.0031121161
   4.0099999865   0.0010217392  -0.0000623308   0.0033405396
   4.0149999865   0.0011328348  -0.0000866442   0.0033440066
   4.0199999865   0.0011639102  -0.0001082855   0.0031222778
   4.0249999865   0.0011132788  -0.0001261992   0.0026898082
   4.0299999865   0.0009850919  -0.0001393974   0.0020748165
   4.0349999864   0.0007889240  -0.0001470472   0.0013174598
   4.0399999864   0.0005390218  -0.0001485650   0.0004672446
   4.0449999864   0.0002533049  -0.0001436955  -0.0004201568
   4.0499999864  -0.0000478155  -0.0001325569  -0.0012864862
   4.0549999864  -0.0003427562  -0.0001156426  -0.0020746611
   4.0599999864  -0.0006101844  -0.0000937782  -0.0027324902
   4.0649999863  -0.0008304969  -0.0000680459  -0.0032161093
   4.0699999863  -0.0009872764  -0.0000396905  -0.0034929105
   4.0749999863  -0.0010686111  -0.0000100233  -0.0035437567
   4.0799999863  -0.0010681355   0.0000196650  -0.0033643162
   4.0849999863  -0.0009856560   0.0000481793  -0.0029654103
   4.0899999863  -0.0008272616   0.0000744795  -0.0023723405
   4.0949999862  -0.0006048824   0.0000977259  -0.0016232424
   4.0999999862  -0.0003353371   0.0001173096  -0.0007665811
   4.1049999862  -0.0000389747   0.0001328632   0.0001420352
   4.1099999862   0.0002619381   0.0001442492   0.0010435087
   4.1149999862   0.0005449242   0.0001515246   0.0018791343
   4.1199999862   0.0007889540   0.0001548869   0.0025944641
   4.1249999861   0.0009759412   0.0001546121   0.0031429081
   4.1299999861   0.0010919990   0.0001510006   0.0034888360
   4.1349999861   0.0011284017   0.0001443432   0.0036099673
   4.1399999861   0.0010822058   0.0001349155   0.0034988721
   4.1449999861   0.0009564912   0.0001229952   0.0031634625
   4.1499999861   0.0007601839   0.0001088915   0.0026264236
   4.1549999860   0.0005074447   0.0000929671   0.0019236210
   4.1599999860   0.0002166395   0.0000756395   0.0011016049
   4.1649999860  -0.0000910448   0.0000573545   0.0002144055
   4.1699999860  -0.0003932246   0.0000385400  -0.0006801326
   4.1749999860  -0.0006680356   0.0000195555  -0.0015242105
   4.1799999860  -0.0008957801   0.0000006593  -0.0022638623
   4.1849999859  -0.0010603578  -0.0000179920  -0.0028524318
   4.1899999859  -0.0011503714  -0.0000363072  -0.0032535335
   4.1949999859  -0.0011598473  -0.0000541995  -0.0034433309
   4.1999999859  -0.0010885526  -0.0000715197  -0.0034120029
   4.2049999859  -0.0009419255  -0.0000880093  -0.0031643047
   4.2099999859  -0.0007306457  -0.0001032885  -0.0027191745
   4.2149999858  -0.0004698809  -0.0001168841  -0.0021083892
   4.2199999858  -0.0001782413  -0.0001282842  -0.0013743419
   4.2249999858   0.0001235140  -0.0001370015  -0.0005670847
   4.2299999858   0.0004139558  -0.0001426233   0.0002591495
   4.2349999858   0.0006725562  -0.0001448357   0.0010496827
   4.2399999858   0.0008812305  -0.0001434221   0.0017530993
   4.2449999857   0.0010257117  -0.0001382487   0.0023246500
   4.2499999857   0.0010966207  -0.0001292539   0.0027291209
   4.2549999857   0.0010901279  -0.0001164581   0.0029429932
   4.2599999857   0.0010081461  -0.0000999964   0.0029557858
   4.2649999857   0.0008580554  -0.0000801661   0.0027705305
   4.2699999857   0.0006520094  -0.0000574701   0.0024033786
   4.2749999856   0.0004059119  -0.0000326342   0.0018823739
   4.2799999856   0.0001381687  -0.0000065855   0.0012454650
   4.2849999856  -0.0001316828   0.0000196095   0.0005378674
   4.2899999856  -0.0003843714   0.0000448324  -0.0001910667
   4.2949999856  -0.0006022391   0.0000680039  -0.0008912674
   4.2999999856  -0.0007704641   0.0000881551  -0.0015154077
   4.3049999855  -0.0008780893   0.0001044668  -0.0020221446
   4.3099999855  -0.0009187882   0.0001162765  -0.0023788862
   4.3149999855  -0.0008913003   0.0001230701  -0.0025638772
   4.3199999855  -0.0007994889   0.0001244774  -0.0025674642
   4.3249999855  -0.0006519982   0.0001202892  -0.0023924834
   4.3299999855  -0.0004615284   0.0001105004  -0.0020537916
   4.3349999854  -0.0002437880   0.0000953679  -0.0015770214
   4.3399999854  -0.0000162189   0.0000754590  -0.0009966813
   4.3449999854   0.0002033886   0.0000516655  -0.0003537377
   4.3499999854   0.0003982680   0.0000251638   0.0003071713
   4.3549999854   0.0005539261  -0.0000026790   0.0009407356
   4.3599999854   0.0006591796  -0.0000304348   0.0015040145
   4.3649999853   0.0007069179  -0.0000567518   0.0019593312
   4.3699999853   0.0006945523  -0.0000804652   0.0022768179
   4.3749999853   0.0006241353  -0.0001006610   0.0024364126
   4.3799999853   0.0005021475  -0.0001166884   0.0024291384
   4.3849999853   0.0003389677  -0.0001281343   0.0022575550
   4.3899999853   0.0001480573  -0.0001347840   0.0019353518
   4.3949999852  -0.0000550888  -0.0001365934   0.0014861407
   4.3999999852  -0.0002541521  -0.0001336827   0.0009415823
   4.4049999852  -0.0004332703  -0.0001263502   0.0003390280
   4.4099999852  -0.0005782835  -0.0001150892  -0.0002811190
   4.4149999852  -0.0006778437  -0.0001005835  -0.0008781298
   4.4199999852  -0.0007242944  -0.0000836699  -0.0014135975
   4.4249999851  -0.0007142489  -0.0000652643  -0.0018538644
   4.4299999851  -0.0006488210  -0.0000462686  -0.0021721099
   4.4349999851  -0.0005334940  -0.0000274847  -0.0023499875
   4.4399999851  -0.0003776436  -0.0000095613  -0.0023787094
   4.4449999851  -0.0001937563   0.0000070123  -0.0022594872
   4.4499999851   0.0000035916   0.0000218700  -0.0020032757
   4.4549999850   0.0001989090   0.0000347120  -0.0016298171
   4.4599999850   0.0003770245   0.0000452562  -0.0011660552
   4.4649999850   0.0005242796   0.0000532248  -0.0006440596
   4.4699999850   0.0006295820   0.0000583737  -0.0000986533
   4.4749999850   0.0006852392   0.0000605580   0.0004350399
   4.4799999850   0.0006875065   0.0000598033   0.0009239241
   4.4849999849   0.0006368168   0.0000563532   0.0013389751
   4.4899999849   0.0005376831   0.0000506666   0.0016568926
   4.4949999849   0.0003982916   0.0000433597   0.0018613102
   4.4999999849   0.0002298258   0.0000351067   0.0019435447
   4.5049999849   0.0000455748   0.0000265314   0.0019028855
   4.5099999849  -0.0001401051   0.0000181237   0.0017464225
   4.5149999848  -0.0003129024   0.0000102060   0.0014884156
   4.5199999848  -0.0004596547   0.0000029551   0.0011492125
   4.5249999848  -0.0005693617  -0.0000035381   0.0007537611
   4.5299999848  -0.0006340269  -0.0000091992   0.0003297983
   4.5349999848  -0.0006492566  -0.0000139246  -0.0000941447
   4.5399999848  -0.0006145640  -0.0000175782  -0.0004907503
   4.5449999847  -0.0005333518  -0.0000200304  -0.0008357530
   4.5499999847  -0.0004125786  -0.0000212191  -0.0011094495
   4.5549999847  -0.0002621443  -0.0000212018  -0.0012977728
   4.5599999847  -0.0000940562  -0.0000201715  -0.0013928884
   4.5649999847   0.0000785478  -0.0000184236  -0.0013933293
   4.5699999847   0.0002424346  -0.0000162825  -0.0013037266
   4.5749999846   0.0003852900  -0.0000140128  -0.0011342088
   4.5799999846   0.0004966428  -0.0000117520  -0.0008995355
   4.5849999846   0.0005686355  -0.0000094889  -0.0006180154
   4.5899999846   0.0005965946  -0.0000070976  -0.0003102503
   4.5949999846   0.0005793586  -0.0000044141   0.0000022490
   4.5999999846   0.0005193350  -0.0000013253   0.0002985073
   4.6049999845   0.0004222727   0.0000021643   0.0005594937
   4.6099999845   0.0002967574   0.0000059121   0.0007693783
   4.6149999845   0.0001534666   0.0000096698   0.0009165181
   4.6199999845   0.0000042473   0.0000131522   0.0009940785
   4.6249999845  -0.0001388959   0.0000161127   0.0010002474
   4.6299999845  -0.0002648012   0.0000183956   0.0009380544
   4.6349999844  -0.0003640430   0.0000199469   0.0008148580
   4.6399999844  -0.0004296374   0.0000207823   0.0006415954
   4.6449999844  -0.0004575110   0.0000209337   0.0004318895
   4.6499999844  -0.0004467122   0.0000204007   0.0002010889
   4.6549999844  -0.0003993748   0.0000191333  -0.0000347117
   4.6599999844  -0.0003204579   0.0000170552  -0.0002596461
   4.6649999843  -0.0002172957   0.0000141187  -0.0004590290
   4.6699999843  -0.0000989917   0.0000103679  -0.0006202546
   4.6749999843   0.0000243084   0.0000059798  -0.0007335896
   4.6799999843   0.0001422258   0.0000012614  -0.0007927867
   4.6849999843   0.0002449881  -0.0000033984  -0.0007954461
   4.6899999843   0.0003242364  -0.0000076092  -0.0007430698
   4.6949999842   0.0003737243  -0.0000110609  -0.0006408001
   4.6999999842   0.0003898345  -0.0000135781  -0.0004968794
   4.7049999842   0.0003718531  -0.0000151267  -0.0003219127
   4.7099999842   0.0003219694  -0.0000157749  -0.0001280352
   4.7149999842   0.0002450090  -0.0000156261   0.0000719240
   4.7199999841   0.0001479401  -0.0000147552   0.0002652146
   4.7249999841   0.0000392228  -0.0000131744   0.0004398502
   4.7299999841  -0.0000719229  -0.0000108443   0.0005852077
   4.7349999841  -0.0001762585  -0.0000077226   0.0006925575
   4.7399999841  -0.0002652249  -0.0000038289   0.0007555289
   4.7449999841  -0.0003315610   0.0000007046   0.0007704923
   4.7499999840  -0.0003698244   0.0000056210   0.0007368132
   4.7549999840  -0.0003767932   0.0000105730   0.0006569235
   4.7599999840  -0.0003517299   0.0000151905   0.0005361682
   4.7649999840  -0.0002964771   0.0000191565   0.0003824150
   4.7699999840  -0.0002153569   0.0000222608   0.0002054617
   4.7749999840  -0.0001148581   0.0000244130   0.0000163138
   4.7799999839  -0.0000031186   0.0000256120  -0.0001735781
   4.7849999839   0.0001107571   0.0000258913  -0.0003530334
   4.7899999839   0.0002174748   0.0000252669  -0.0005117515
   4.7949999839   0.0003083358   0.0000237158  -0.0006407983
   4.7999999839   0.0003759431   0.0000211966  -0.0007329803
   4.8049999839   0.0004147611   0.0000177056  -0.0007831371
   4.8099999838   0.0004214935   0.0000133430  -0.0007883738
   4.8149999838   0.0003952725   0.0000083565  -0.0007482330
   4.8199999838   0.0003376796   0.0000031393  -0.0006647807
   4.8249999838   0.0002526219  -0.0000018277  -0.0005425621
   4.8299999838   0.0001460853  -0.0000060713  -0.0003883913
   4.8349999838   0.0000257706  -0.0000092303  -0.0002109587
   4.8399999837  -0.0000993882  -0.0000111311  -0.0000202821
   4.8449999837  -0.0002198254  -0.0000118105   0.0001729398
   4.8499999837  -0.0003260454  -0.0000114789   0.0003579940
   4.8549999837  -0.0004093841  -0.0000104409   0.0005247618
   4.8599999837  -0.0004627566  -0.0000090033   0.0006642207
   4.8649999837  -0.0004813061  -0.0000074046   0.0007688238
   4.8699999836  -0.0004628706  -0.0000057858   0.0008327747
   4.8749999836  -0.0004082076  -0.0000042071   0.0008522340
   4.8799999836  -0.0003209539  -0.0000026919   0.0008254862
   4.8849999836  -0.0002073381  -0.0000012730   0.0007530780
   4.8899999836  -0.0000756934  -0.0000000153   0.0006379064
   4.8949999836   0.0000641704   0.0000009951   0.0004852168
   4.8999999835   0.0002016770   0.0000016907   0.0003024659
   4.9049999835   0.0003262342   0.0000020696   0.0000990214
   4.9099999835   0.0004279936   0.0000022235  -0.0001142991
   4.9149999835   0.0004985936   0.0000023289  -0.0003258165
   4.9199999835   0.0005318503   0.0000025978  -0.0005236466
   4.9249999835   0.0005243431   0.0000032054  -0.0006963628
   4.9299999834   0.0004758262   0.0000042198  -0.0008336179
   4.9349999834   0.0003893942   0.0000055632  -0.0009266967
   4.9399999834   0.0002713466   0.0000070218  -0.0009689993
   4.9449999834   0.0001307326   0.0000083016  -0.0009564585
   4.9499999834  -0.0000213903   0.0000091119  -0.0008878928
   4.9549999834  -0.0001729075   0.0000092455  -0.0007652730
   4.9599999833  -0.0003116940   0.0000086299  -0.0005938581
   4.9649999833  -0.0004266391   0.0000073316  -0.0003821443
   4.9699999833  -0.0005085451   0.0000055196  -0.0001415732
   4.9749999833  -0.0005508295   0.0000034046   0.0001140247
   4.9799999833  -0.0005499997   0.0000011827   0.0003692365
   4.9849999833  -0.0005058927  -0.0000009964   0.0006080623
   4.9899999832  -0.0004216931  -0.0000030264   0.0008150074
   4.9949999832  -0.0003037338  -0.0000048154   0.0009761638
   4.9999999832  -0.0001610841  -0.0000062513   0.0010801869
   5.0049999832  -0.0000049244  -0.0000071828   0.0011190935
   5.0099999832   0.0001522829  -0.0000074337   0.0010888443
   5.0149999832   0.0002977859  -0.0000068467   0.0009896905
   5.0199999831   0.0004196256  -0.0000053450   0.0008262818
   5.0249999831   0.0005077022  -0.0000029836   0.0006075293
   5.0299999831   0.0005546987   0.0000000299   0.0003462106
   5.0349999831   0.0005567493   0.0000033594   0.0000583061
   5.0399999831   0.0005137683   0.0000066038  -0.0002379317
   5.0449999831   0.0004294124   0.0000093802  -0.0005231458
   5.0499999830   0.0003106992   0.0000114013  -0.0007782097
   5.0549999830   0.0001673514   0.0000125227  -0.0009856224
   5.0599999830   0.0000109555   0.0000127483  -0.0011308327
   5.0649999830  -0.0001459762   0.0000121985  -0.0012033611
   5.0699999830  -0.0002909682   0.0000110565  -0.0011976101
   5.0749999830  -0.0004125154   0.0000095162  -0.0011132952
   5.0799999829  -0.0005009491   0.0000077482  -0.0009554756
   5.0849999829  -0.0005491942   0.0000058907  -0.0007342081
   5.0899999829  -0.0005533652   0.0000040614  -0.0004638707
   5.0949999829  -0.0005131413   0.0000023726  -0.0001622180
   5.0999999829  -0.0004318569   0.0000009386   0.0001507700
   5.1049999829  -0.0003162650  -0.0000001368   0.0004541873
   5.1099999828  -0.0001759706  -0.0000007876   0.0007275860
   5.1149999828  -0.0000225803  -0.0000010168   0.0009523715
   5.1199999828   0.0001313373  -0.0000009123   0.0011131192
   5.1249999828   0.0002733569  -0.0000006370   0.0011987069
   5.1299999828   0.0003922373  -0.0000003887   0.0012031600
   5.1349999828   0.0004787959  -0.0000003402   0.0011261190
   5.1399999827   0.0005265497  -0.0000005807   0.0009728784
   5.1449999827   0.0005321056  -0.0000010787   0.0007539916
   5.1499999827   0.0004953118  -0.0000016832   0.0004844873
   5.1549999827   0.0004191989  -0.0000021643   0.0001827799
   5.1599999827   0.0003097345  -0.0000022814  -0.0001306222
   5.1649999827   0.0001754059  -0.0000018574  -0.0004345048
   5.1699999826   0.0000266316  -0.0000008334  -0.0007083417
   5.1749999826  -0.0001249872   0.0000007113  -0.0009336188
   5.1799999826  -0.0002675484   0.0000025784  -0.0010950296
   5.1849999826  -0.0003898023   0.0000045005  -0.0011814873
   5.1899999826  -0.0004820859   0.0000062010  -0.0011868958
   5.1949999826  -0.0005371330   0.0000074449  -0.0011106227
   5.1999999825  -0.0005506619   0.0000080676  -0.0009576167
   5.2049999825  -0.0005216757   0.0000079770  -0.0007381347
   5.2099999825  -0.0004524558   0.0000071383  -0.0004670731
   5.2149999825  -0.0003482795   0.0000055542  -0.0001629416
   5.2199999825  -0.0002169244   0.0000032541   0.0001534405
   5.2249999825  -0.0000680360   0.0000002983   0.0004604158
   5.2299999824   0.0000875752  -0.0000032054   0.0007370025
   5.2349999824   0.0002386612  -0.0000070838   0.0009643344
   5.2399999824   0.0003742676  -0.0000110916   0.0011269274
   5.2449999824   0.0004844542  -0.0000149254   0.0012137035
   5.2499999824   0.0005609883  -0.0000182588   0.0012187227
   5.2549999824   0.0005979716  -0.0000207927   0.0011415945
   5.2599999823   0.0005923430  -0.0000223027   0.0009875453
   5.2649999823   0.0005441883  -0.0000226737   0.0007671291
   5.2699999823   0.0004567960  -0.0000219081   0.0004955772
   5.2749999823   0.0003364308  -0.0000201105   0.0001918050
   5.2799999823   0.0001918376  -0.0000174554  -0.0001228768
   5.2849999823   0.0000335335  -0.0000141529  -0.0004262643
   5.2899999822  -0.0001270244  -0.0000104238  -0.0006968612
   5.2949999822  -0.0002783014  -0.0000064907  -0.0009154494
   5.2999999822  -0.0004094973  -0.0000025830  -0.0010664945
   5.3049999822  -0.0005112573   0.0000010539  -0.0011392741
   5.3099999822  -0.0005762606   0.0000041597  -0.0011286476
   5.3149999822  -0.0005996844   0.0000064759  -0.0010354212
   5.3199999821  -0.0005795437   0.0000077831  -0.0008662989
   5.3249999821  -0.0005168945   0.0000079474  -0.0006334347
   5.3299999821  -0.0004158712   0.0000069609  -0.0003536199
   5.3349999821  -0.0002835196   0.0000049622  -0.0000471514
   5.3399999821  -0.0001293930   0.0000022239   0.0002635588
   5.3449999821   0.0000350920  -0.0000008903   0.0005555576
   5.3499999820   0.0001975078  -0.0000039883   0.0008070113
   5.3549999820   0.0003453992  -0.0000067150   0.0009988375
   5.3599999820   0.0004672941  -0.0000088010   0.0011161770
   5.3649999820   0.0005536328  -0.0000100839   0.0011495782
   5.3699999820   0.0005975210  -0.0000105012   0.0010957817
   5.3749999820   0.0005952457  -0.0000100643   0.0009580288
   5.3799999819   0.0005465321  -0.0000088272   0.0007458646
   5.3849999819   0.0004545495  -0.0000068662   0.0004744526
   5.3899999819   0.0003256909  -0.0000042747   0.0001634647
   5.3949999819   0.0001691529  -0.0000011738  -0.0001643605
   5.3999999819  -0.0000036647   0.0000022739  -0.0004848774
   5.4049999818  -0.0001799217   0.0000058567  -0.0007742920
   5.4099999818  -0.0003462436   0.0000093232  -0.0010109006
   5.4149999818  -0.0004897263   0.0000124086  -0.0011766924
   5.4199999818  -0.0005989729   0.0000148721  -0.0012587092
   5.4249999818  -0.0006650665   0.0000165320  -0.0012500596
   5.4299999818  -0.0006823702   0.0000172877  -0.0011505057
   5.4349999817  -0.0006490554   0.0000171227  -0.0009665603
   5.4399999817  -0.0005672907   0.0000160901  -0.0007110698
   5.4449999817  -0.0004430662   0.0000142884  -0.0004023014
   5.4499999817  -0.0002856847   0.0000118403  -0.0000625988
   5.4549999817  -0.0001069864   0.0000088804   0.0002832854
   5.4599999817   0.0000796033   0.0000055560   0.0006100455
   5.4649999816   0.0002601078   0.0000020349   0.0008937123
   5.4699999816   0.0004210391  -0.0000014891   0.0011134301
   5.4749999816   0.0005503804  -0.0000048009   0.0012529874
   5.4799999816   0.0006384644  -0.0000076834   0.0013019961
   5.4849999816   0.0006787037  -0.0000099480   0.0012566436
   5.4899999816   0.0006681260  -0.0000114664   0.0011199735
   5.4949999815   0.0006076587  -0.0000121934   0.0009016771
   5.4999999815   0.0005021169  -0.0000121701   0.0006174101
   5.5049999815   0.0003598606  -0.0000115068   0.0002876763
   5.5099999815   0.0001921298  -0.0000103512  -0.0000636515
   5.5149999815   0.0000121059  -0.0000088514  -0.0004110689
   5.5199999815  -0.0001662062  -0.0000071274  -0.0007293122
   5.5249999814  -0.0003291530  -0.0000052591  -0.0009952196
   5.5299999814  -0.0004645373  -0.0000032922  -0.0011894361
   5.5349999814  -0.0005625462  -0.0000012581  -0.0012978289
   5.5399999814  -0.0006164288   0.0000008037  -0.0013125020
   5.5449999814  -0.0006228966   0.0000028276  -0.0012323426
   5.5499999814  -0.0005822506   0.0000047171  -0.0010630652
   5.5549999813  -0.0004982624   0.0000063536  -0.0008167662
   5.5599999813  -0.0003778380   0.0000076126  -0.0005110319
   5.5649999813  -0.0002304915   0.0000083839  -0.0001676723
   5.5699999813  -0.0000676491   0.0000085866   0.0001888287
   5.5749999813   0.0000981916   0.0000081782   0.0005330408
   5.5799999813   0.0002544050   0.0000071571   0.0008403798
   5.5849999812   0.0003892182   0.0000055627   0.0010888430
   5.5899999812   0.0004926433   0.0000034747   0.0012605702
   5.5949999812   0.0005572627   0.0000010148   0.0013431162
   5.5999999812   0.0005787823  -0.0000016526   0.0013303408
   5.6049999812   0.0005562939  -0.0000043244   0.0012228472
   5.6099999812   0.0004922349  -0.0000067702   0.0010279369
   5.6149999811   0.0003920738  -0.0000087540   0.0007590863
   5.6199999811   0.0002637818  -0.0000100639   0.0004349898
   5.6249999811   0.0001171668  -0.0000105437   0.0000782436
   5.6299999811  -0.0000368647  -0.0000101203  -0.0002862308
   5.6349999811  -0.0001870657  -0.0000088189  -0.0006329148
   5.6399999811  -0.0003225983  -0.0000067634  -0.0009374584
   5.6449999810  -0.0004337524  -0.0000041611  -0.0011783701
   5.6499999810  -0.0005126121  -0.0000012762  -0.0013385240
   5.6549999810  -0.0005536337   0.0000016035  -0.0014063823
   5.6599999810  -0.0005540851   0.0000041991  -0.0013768472
   5.6649999810  -0.0005142906   0.0000062691  -0.0012516698
   5.6699999810  -0.0004376350   0.0000076294  -0.0010393759
   5.6749999809  -0.0003303061   0.0000081663  -0.0007547013
   5.6799999809  -0.0002007929   0.0000078419  -0.0004175671
   5.6849999809  -0.0000591913   0.0000066937  -0.0000516708
   5.6899999809   0.0000836043   0.0000048303   0.0003172041
   5.6949999809   0.0002167389   0.0000024224   0.0006630289
   5.6999999809   0.0003301876  -0.0000003097   0.0009613849
   5.7049999808   0.0004154482  -0.0000031126   0.0011911985
   5.7099999808   0.0004661034  -0.0000057216   0.0013362350
   5.7149999808   0.0004782403  -0.0000078859   0.0013862508
   5.7199999808   0.0004507201  -0.0000093949   0.0013377271
   5.7249999808   0.0003852846  -0.0000101035   0.0011941345
   5.7299999808   0.0002864840  -0.0000099501   0.0009657046
   5.7349999807   0.0001614066  -0.0000089651   0.0006687195
   5.7399999807   0.0000192027  -0.0000072663   0.0003243596
   5.7449999807  -0.0001295823  -0.0000050413  -0.0000428120
   5.7499999807  -0.0002738217  -0.0000025205  -0.0004066220
   5.7549999807  -0.0004026970   0.0000000536  -0.0007411824
   5.7599999807  -0.0005065756   0.0000024564  -0.0010227669
   5.7649999806  -0.0005777854   0.0000045028  -0.0012315231
   5.7699999806  -0.0006112140   0.0000060611  -0.0013528928
   5.7749999806  -0.0006046820   0.0000070573  -0.0013786359
   5.7799999806  -0.0005590744   0.0000074732  -0.0013073887
   5.7849999806  -0.0004782339   0.0000073420  -0.0011447204
   5.7899999806  -0.0003686438   0.0000067415  -0.0009026911
   5.7949999805  -0.0002389276   0.0000057854  -0.0005989473
   5.7999999805  -0.0000992037   0.0000046118  -0.0002554211
   5.8049999805   0.0000396721   0.0000033669   0.0001032706
   5.8099999805   0.0001669324   0.0000021850   0.0004516112
   5.8149999805   0.0002727405   0.0000011675   0.0007650250
   5.8199999805   0.0003489850   0.0000003677   0.0010216352
   5.8249999804   0.0003899550  -0.0000002154   0.0012038114
   5.8299999804   0.0003928234  -0.0000006295   0.0012993917
   5.8349999804   0.0003578841  -0.0000009496   0.0013024941
   5.8399999804   0.0002885126  -0.0000012517   0.0012138615
   5.8449999804   0.0001908534  -0.0000015876   0.0010407265
   5.8499999804   0.0000732741  -0.0000019679   0.0007962138
   5.8549999803  -0.0000543521  -0.0000023575   0.0004983331
   5.8599999803  -0.0001814564  -0.0000026852   0.0001686432
   5.8649999803  -0.0002976029  -0.0000028613  -0.0001693141
   5.8699999803  -0.0003932702  -0.0000027995  -0.0004916974
   5.8749999803  -0.0004605366  -0.0000024363  -0.0007760472
   5.8799999803  -0.0004936364  -0.0000017446  -0.0010028479
   5.8849999802  -0.0004893613  -0.0000007404  -0.0011568630
   5.8899999802  -0.0004472886   0.0000005155  -0.0012281497
   5.8949999802  -0.0003698173   0.0000019202  -0.0012126868
   5.8999999802  -0.0002619989   0.0000033353  -0.0011125756
   5.9049999802  -0.0001311630   0.0000045984  -0.0009358067
   5.9099999802   0.0000136465   0.0000055401  -0.0006956186
   5.9149999801   0.0001623841   0.0000060073  -0.0004095019
   5.9199999801   0.0003048005   0.0000058891  -0.0000979250
   5.9249999801   0.0004312502   0.0000051410   0.0002171253
   5.9299999801   0.0005334284   0.0000038000   0.0005136860
   5.9349999801   0.0006049717   0.0000019857   0.0007713394
   5.9399999801   0.0006418773  -0.0000001146   0.0009726136
   5.9449999800   0.0006427222  -0.0000022746   0.0011041677
   5.9499999800   0.0006086884  -0.0000042639   0.0011576847
   5.9549999800   0.0005434110  -0.0000058817   0.0011304090
   5.9599999800   0.0004526763  -0.0000069809   0.0010252920
   5.9649999800   0.0003439914  -0.0000074794   0.0008507324
   5.9699999800   0.0002260466  -0.0000073602   0.0006199310
   5.9749999799   0.0001080913  -0.0000066630   0.0003499071
   5.9799999799  -0.0000007460  -0.0000054741   0.0000602479
   5.9849999799  -0.0000921522  -0.0000039177  -0.0002283133
   5.9899999799  -0.0001592818  -0.0000021497  -0.0004953865
   5.9949999799  -0.0001973053  -0.0000003503  -0.0007223721
